[Header]
Application Name	LabSolutions
Version	5.110
Data File Name	C:\Users\User\Desktop\GC Analyses\Jack\UIC Prairie Sampling\7.22.22\220722_077.gcd
Output Date	10/5/2022
Output Time	2:13:42 PM

[File Information]
Type	Data File
Generated	9/29/2022 3:01:27 PM
Generated by	System Administrator
Modified	9/29/2022 3:05:50 PM
Modified by	System Administrator

[Sample Information]
Operator Name	System Administrator
Acquired	9/29/2022 3:01:50 PM
Sample Type	1:Standard
Level	1
Sample Name	220722_UICPrairie
Sample ID	220722_UICPrairie
ISTD Amount1	1
ISTD Amount2	1
ISTD Amount3	1
ISTD Amount4	1
ISTD Amount5	1
ISTD Amount6	1
ISTD Amount7	1
ISTD Amount8	1
ISTD Amount9	1
ISTD Amount10	1
ISTD Amount11	1
ISTD Amount12	1
ISTD Amount13	1
ISTD Amount14	1
ISTD Amount15	1
ISTD Amount16	1
ISTD Amount17	1
ISTD Amount18	1
ISTD Amount19	1
ISTD Amount20	1
ISTD Amount21	1
ISTD Amount22	1
ISTD Amount23	1
ISTD Amount24	1
ISTD Amount25	1
ISTD Amount26	1
ISTD Amount27	1
ISTD Amount28	1
ISTD Amount29	1
ISTD Amount30	1
ISTD Amount31	1
ISTD Amount32	1
Sample Amount	1
Dilution Factor	1
Vial#	1
Injection Volume	1
Injection Count	1
Bar Code	

[Original Files]
Data File	C:\Users\User\Desktop\GC Analyses\Jack\UIC Prairie Sampling\7.22.22\220722_077.gcd
Method File	C:\LabSolutions\Data\GHG_4min_2022\ghg3_togas_w_acet_4 min_new_int.gcm
Batch File	
Report Format File	c:\LabSolutions\System\DEFAULT.lsr

[File Description]


[Configuration]
Instrument Name	C0B7VH3-Instrument1
Instrument #	1
Line #	1
# of Detectors	3
Detector ID	DET#1	DET#2	DET#3
Detector Name	FID	PTCD	ECD
# of Channels	1	1	1

[Peak Table(Ch1)]
# of Peaks	3
Peak#	R.Time	I.Time	F.Time	Area	Height	A/H	Conc.	Mark	ID#	Name	k'	Plate #	Plate Ht.	Tailing	Resolution	Sep.Factor	Area Ratio	Height Ratio	Conc. %	Norm Conc.
1	1.476	1.439	1.538	15618	7027	2.223	100.000	   	1	CO	0.000	8511	17.625	1.250	0.000	0.000	0	0	16.667	16.667
2	1.571	1.538	1.630	4703	2404	1.956	100.000	 V 	2	CH4	0.065	11625	12.904	1.104	1.559	0.000	0	0	16.667	16.667
3	2.000	1.949	2.315	2081622	1007500	2.066	400.000	   	3	CO2	0.355	17728	8.461	1.156	7.249	5.500	0	0	66.667	66.667

[Peak Table(Ch2)]
# of Peaks	0

[Peak Table(Ch3)]
# of Peaks	2
Peak#	R.Time	I.Time	F.Time	Area	Height	A/H	Conc.	Mark	ID#	Name	k'	Plate #	Plate Ht.	Tailing	Resolution	Sep.Factor	Area Ratio	Height Ratio	Conc. %	Norm Conc.
1	2.455	1.190	2.645	21754	527	41.265	0.000	   			0.000	98	1532.614	0.578	0.000	0.000	0	0	0.000	0.000
2	2.880	2.656	3.727	31554	5334	5.916	1.000	   	1	N2O	0.173	12184	12.311	2.990	0.776	0.000	0	0	100.000	100.000

[Compound Results(Ch1)]
# of IDs	6
ID#	Name	R.Time	Area	Height	Conc.	Curve	3rd	2nd	1st	Constant	Area Ratio	Height Ratio	Conc. %	Norm Conc.
1	CO	1.476	15618	7027	100.000	Linear	0.000000e+00	0.000000e+00	1.561770e+002	0.000000e+00	0	0	16.667	16.667
2	CH4	1.571	4703	2404	100.000	Linear	0.000000e+00	0.000000e+00	4.702844e+001	0.000000e+00	0	0	16.667	16.667
3	CO2	2.000	2081622	1007500	400.000	Linear	0.000000e+00	0.000000e+00	5.204054e+003	0.000000e+00	0	0	66.667	66.667
4	Ethylene	0.000	0	0	0.000	Linear	0.000000e+00	0.000000e+00	0.000000e+00	0.000000e+00	0	0	0.000	0.000
5	Acetylene	0.000	0	0	0.000	Linear	0.000000e+00	0.000000e+00	0.000000e+00	0.000000e+00	0	0	0.000	0.000
6	Ethane	0.000	0	0	0.000	Linear	0.000000e+00	0.000000e+00	0.000000e+00	0.000000e+00	0	0	0.000	0.000

[Compound Results(Ch2)]
# of IDs	5
ID#	Name	R.Time	Area	Height	Conc.	Curve	3rd	2nd	1st	Constant	Area Ratio	Height Ratio	Conc. %	Norm Conc.
1	Hydrogen	0.000	0	0	0.000	Linear	0.000000e+00	0.000000e+00	0.000000e+00	0.000000e+00	0	0	0.000	0.000
2	Oxygen	0.000	0	0	0.000	Linear	0.000000e+00	0.000000e+00	0.000000e+00	0.000000e+00	0	0	0.000	0.000
3	Nitrogen	0.000	0	0	0.000	Linear	0.000000e+00	0.000000e+00	0.000000e+00	0.000000e+00	0	0	0.000	0.000
4	Methane	0.000	0	0	0.000	Linear	0.000000e+00	0.000000e+00	0.000000e+00	0.000000e+00	0	0	0.000	0.000
5	Carbon Monoxide	0.000	0	0	0.000	Linear	0.000000e+00	0.000000e+00	0.000000e+00	0.000000e+00	0	0	0.000	0.000

[Compound Results(Ch3)]
# of IDs	2
ID#	Name	R.Time	Area	Height	Conc.	Curve	3rd	2nd	1st	Constant	Area Ratio	Height Ratio	Conc. %	Norm Conc.
1	N2O	2.880	31554	5334	1.000	Linear	0.000000e+00	0.000000e+00	3.155380e+004	0.000000e+00	0	0	100.000	100.000
2	SF6	0.000	0	0	0.000	Linear	0.000000e+00	0.000000e+00	0.000000e+00	0.000000e+00	0	0	0.000	0.000

[Group Results(Ch1)]
# of Groups	0

[Group Results(Ch2)]
# of Groups	0

[Group Results(Ch3)]
# of Groups	0

[Chromatogram (Ch1)]
Interval(msec)	220
# of Points	1091
Start Time(min)	0.002
End Time(min)	3.998
R.Time (min)	Intensity
0.00167	3
0.00533	-2
0.00900	-6
0.01267	-2
0.01633	3
0.02000	2
0.02367	-1
0.02733	-1
0.03100	-6
0.03467	-15
0.03833	-26
0.04200	-32
0.04567	-33
0.04933	-30
0.05300	-20
0.05667	-15
0.06033	-20
0.06400	-29
0.06767	-35
0.07133	-37
0.07500	-37
0.07867	-35
0.08233	-33
0.08600	-34
0.08967	-36
0.09333	-39
0.09700	-39
0.10067	-35
0.10433	-29
0.10800	-24
0.11167	-21
0.11533	-22
0.11900	-25
0.12267	-25
0.12633	-20
0.13000	-16
0.13367	-16
0.13733	-18
0.14100	-19
0.14467	-15
0.14833	-11
0.15200	-10
0.15567	-11
0.15933	-12
0.16300	-14
0.16667	-18
0.17033	-24
0.17400	-26
0.17767	-24
0.18133	-18
0.18500	-12
0.18867	-10
0.19233	-9
0.19600	-9
0.19967	-13
0.20333	-15
0.20700	-15
0.21067	-15
0.21433	-18
0.21800	-21
0.22167	-24
0.22533	-26
0.22900	-27
0.23267	-32
0.23633	-29
0.24000	-26
0.24367	-25
0.24733	-23
0.25100	-25
0.25467	-22
0.25833	-16
0.26200	-16
0.26567	-15
0.26933	-14
0.27300	-14
0.27667	-18
0.28033	-21
0.28400	-23
0.28767	-25
0.29133	-28
0.29500	-32
0.29867	-35
0.30233	-39
0.30600	-41
0.30967	-41
0.31333	-41
0.31700	-42
0.32067	-45
0.32433	-47
0.32800	-44
0.33167	-37
0.33533	-30
0.33900	-29
0.34267	-37
0.34633	-45
0.35000	-45
0.35367	-50
0.35733	-54
0.36100	-48
0.36467	-44
0.36833	-52
0.37200	-57
0.37567	-58
0.37933	-55
0.38300	-54
0.38667	-55
0.39033	-57
0.39400	-59
0.39767	-58
0.40133	-54
0.40500	-53
0.40867	-53
0.41233	-52
0.41600	-51
0.41967	-48
0.42333	-47
0.42700	-48
0.43067	-51
0.43433	-51
0.43800	-46
0.44167	-43
0.44533	-43
0.44900	-47
0.45267	-51
0.45633	-49
0.46000	-42
0.46367	-38
0.46733	-44
0.47100	-56
0.47467	-67
0.47833	-75
0.48200	-78
0.48567	-80
0.48933	-81
0.49300	-80
0.49667	-76
0.50033	-72
0.50400	-68
0.50767	-67
0.51133	-65
0.51500	-61
0.51867	-57
0.52233	-56
0.52600	-56
0.52967	-58
0.53333	-59
0.53700	-59
0.54067	-57
0.54433	-55
0.54800	-54
0.55167	-55
0.55533	-57
0.55900	-61
0.56267	-66
0.56633	-69
0.57000	-73
0.57367	-72
0.57733	-71
0.58100	-68
0.58467	-65
0.58833	-66
0.59200	-66
0.59567	-67
0.59933	-67
0.60300	-66
0.60667	-63
0.61033	-60
0.61400	-55
0.61767	-51
0.62133	-52
0.62500	-57
0.62867	-65
0.63233	-72
0.63600	-77
0.63967	-82
0.64333	-85
0.64700	-84
0.65067	-81
0.65433	-78
0.65800	-73
0.66167	-64
0.66533	-55
0.66900	-48
0.67267	-40
0.67633	-38
0.68000	-45
0.68367	-57
0.68733	-68
0.69100	-74
0.69467	-76
0.69833	-72
0.70200	-65
0.70567	-63
0.70933	-68
0.71300	-72
0.71667	-74
0.72033	-74
0.72400	-75
0.72767	-76
0.73133	-75
0.73500	-74
0.73867	-71
0.74233	-66
0.74600	-60
0.74967	-56
0.75333	-57
0.75700	-60
0.76067	-64
0.76433	-64
0.76800	-63
0.77167	-64
0.77533	-66
0.77900	-67
0.78267	-63
0.78633	-59
0.79000	-61
0.79367	-65
0.79733	-73
0.80100	-77
0.80467	-82
0.80833	-87
0.81200	-91
0.81567	-89
0.81933	-86
0.82300	-85
0.82667	-86
0.83033	-89
0.83400	-88
0.83767	-87
0.84133	-89
0.84500	-93
0.84867	-90
0.85233	-88
0.85600	-82
0.85967	-76
0.86333	-70
0.86700	-70
0.87067	-74
0.87433	-79
0.87800	-84
0.88167	-86
0.88533	-84
0.88900	-80
0.89267	-81
0.89633	-83
0.90000	-79
0.90367	-69
0.90733	-63
0.91100	-65
0.91467	-72
0.91833	-79
0.92200	-87
0.92567	-99
0.92933	-108
0.93300	-113
0.93667	-116
0.94033	-117
0.94400	-117
0.94767	-115
0.95133	-113
0.95500	-108
0.95867	-99
0.96233	-91
0.96600	-89
0.96967	-92
0.97333	-96
0.97700	-99
0.98067	-103
0.98433	-105
0.98800	-105
0.99167	-105
0.99533	-102
0.99900	-97
1.00267	-92
1.00633	-91
1.01000	-93
1.01367	-98
1.01733	-101
1.02100	-102
1.02467	-105
1.02833	-106
1.03200	-100
1.03567	-90
1.03933	-81
1.04300	-80
1.04667	-86
1.05033	-93
1.05400	-98
1.05767	-100
1.06133	-100
1.06500	-99
1.06867	-97
1.07233	-95
1.07600	-94
1.07967	-95
1.08333	-93
1.08700	-90
1.09067	-88
1.09433	-88
1.09800	-88
1.10167	-87
1.10533	-89
1.10900	-92
1.11267	-96
1.11633	-101
1.12000	-104
1.12367	-106
1.12733	-108
1.13100	-111
1.13467	-116
1.13833	-118
1.14200	-121
1.14567	-126
1.14933	-130
1.15300	-130
1.15667	-128
1.16033	-125
1.16400	-124
1.16767	-121
1.17133	-117
1.17500	-113
1.17867	-109
1.18233	-105
1.18600	-101
1.18967	-98
1.19333	-97
1.19700	-98
1.20067	-102
1.20433	-105
1.20800	-106
1.21167	-106
1.21533	-106
1.21900	-107
1.22267	-106
1.22633	-108
1.23000	-115
1.23367	-122
1.23733	-126
1.24100	-128
1.24467	-126
1.24833	-118
1.25200	-109
1.25567	-105
1.25933	-105
1.26300	-105
1.26667	-106
1.27033	-108
1.27400	-109
1.27767	-111
1.28133	-118
1.28500	-125
1.28867	-128
1.29233	-129
1.29600	-129
1.29967	-129
1.30333	-125
1.30700	-119
1.31067	-117
1.31433	-116
1.31800	-117
1.32167	-117
1.32533	-117
1.32900	-119
1.33267	-122
1.33633	-123
1.34000	-123
1.34367	-124
1.34733	-124
1.35100	-124
1.35467	-126
1.35833	-126
1.36200	-126
1.36567	-126
1.36933	-126
1.37300	-128
1.37667	-132
1.38033	-134
1.38400	-131
1.38767	-124
1.39133	-120
1.39500	-118
1.39867	-117
1.40233	-118
1.40600	-120
1.40967	-123
1.41333	-125
1.41700	-125
1.42067	-125
1.42433	-128
1.42800	-131
1.43167	-135
1.43533	-138
1.43900	-122
1.44267	-31
1.44633	231
1.45000	714
1.45367	1491
1.45733	2593
1.46100	3860
1.46467	5050
1.46833	5998
1.47200	6626
1.47567	6897
1.47933	6782
1.48300	6273
1.48667	5442
1.49033	4439
1.49400	3432
1.49767	2547
1.50133	1831
1.50500	1282
1.50867	874
1.51233	577
1.51600	365
1.51967	214
1.52333	104
1.52700	25
1.53067	-31
1.53433	-69
1.53800	-85
1.54167	-49
1.54533	91
1.54900	385
1.55267	811
1.55633	1275
1.56000	1689
1.56367	2011
1.56733	2212
1.57100	2255
1.57467	2116
1.57833	1817
1.58200	1428
1.58567	1029
1.58933	681
1.59300	409
1.59667	212
1.60033	77
1.60400	-12
1.60767	-67
1.61133	-101
1.61500	-124
1.61867	-139
1.62233	-149
1.62600	-156
1.62967	-161
1.63333	-163
1.63700	-164
1.64067	-163
1.64433	-159
1.64800	-156
1.65167	-154
1.65533	-154
1.65900	-157
1.66267	-161
1.66633	-167
1.67000	-174
1.67367	-177
1.67733	-177
1.68100	-176
1.68467	-177
1.68833	-182
1.69200	-184
1.69567	-180
1.69933	-171
1.70300	-158
1.70667	-145
1.71033	-139
1.71400	-140
1.71767	-146
1.72133	-150
1.72500	-154
1.72867	-155
1.73233	-154
1.73600	-153
1.73967	-151
1.74333	-148
1.74700	-147
1.75067	-148
1.75433	-150
1.75800	-155
1.76167	-158
1.76533	-159
1.76900	-157
1.77267	-152
1.77633	-149
1.78000	-150
1.78367	-153
1.78733	-156
1.79100	-161
1.79467	-167
1.79833	-172
1.80200	-176
1.80567	-179
1.80933	-176
1.81300	-171
1.81667	-166
1.82033	-165
1.82400	-164
1.82767	-165
1.83133	-165
1.83500	-163
1.83867	-161
1.84233	-157
1.84600	-150
1.84967	-143
1.85333	-137
1.85700	-137
1.86067	-141
1.86433	-143
1.86800	-141
1.87167	-137
1.87533	-135
1.87900	-139
1.88267	-145
1.88633	-146
1.89000	-146
1.89367	-147
1.89733	-148
1.90100	-150
1.90467	-152
1.90833	-152
1.91200	-150
1.91567	-147
1.91933	-144
1.92300	-142
1.92667	-138
1.93033	-134
1.93400	-133
1.93767	-139
1.94133	-146
1.94500	-151
1.94867	-150
1.95233	-133
1.95600	-25
1.95967	613
1.96333	3716
1.96700	15295
1.97067	48447
1.97433	122033
1.97800	249335
1.98167	423897
1.98533	618534
1.98900	798736
1.99267	934912
1.99633	1007348
2.00000	1007386
2.00367	938736
2.00733	817630
2.01100	668579
2.01467	516892
2.01833	381419
2.02200	271481
2.02567	188330
2.02933	128556
2.03300	87083
2.03667	58980
2.04033	40214
2.04400	27772
2.04767	19531
2.05133	14045
2.05500	10356
2.05867	7836
2.06233	6082
2.06600	4837
2.06967	3937
2.07333	3270
2.07700	2762
2.08067	2367
2.08433	2054
2.08800	1806
2.09167	1607
2.09533	1443
2.09900	1305
2.10267	1188
2.10633	1091
2.11000	1010
2.11367	937
2.11733	872
2.12100	815
2.12467	761
2.12833	708
2.13200	654
2.13567	603
2.13933	556
2.14300	517
2.14667	491
2.15033	472
2.15400	453
2.15767	431
2.16133	411
2.16500	396
2.16867	384
2.17233	371
2.17600	356
2.17967	338
2.18333	320
2.18700	309
2.19067	304
2.19433	299
2.19800	295
2.20167	287
2.20533	278
2.20900	267
2.21267	252
2.21633	236
2.22000	220
2.22367	207
2.22733	198
2.23100	191
2.23467	183
2.23833	176
2.24200	173
2.24567	175
2.24933	180
2.25300	183
2.25667	179
2.26033	173
2.26400	165
2.26767	157
2.27133	148
2.27500	142
2.27867	138
2.28233	137
2.28600	133
2.28967	124
2.29333	115
2.29700	108
2.30067	105
2.30433	107
2.30800	108
2.31167	107
2.31533	105
2.31900	103
2.32267	105
2.32633	106
2.33000	105
2.33367	103
2.33733	99
2.34100	91
2.34467	85
2.34833	85
2.35200	89
2.35567	88
2.35933	83
2.36300	76
2.36667	70
2.37033	64
2.37400	57
2.37767	51
2.38133	48
2.38500	48
2.38867	52
2.39233	57
2.39600	60
2.39967	62
2.40333	66
2.40700	66
2.41067	62
2.41433	54
2.41800	51
2.42167	51
2.42533	51
2.42900	50
2.43267	53
2.43633	58
2.44000	60
2.44367	59
2.44733	56
2.45100	49
2.45467	42
2.45833	44
2.46200	53
2.46567	60
2.46933	64
2.47300	65
2.47667	58
2.48033	46
2.48400	34
2.48767	22
2.49133	13
2.49500	7
2.49867	5
2.50233	4
2.50600	6
2.50967	13
2.51333	22
2.51700	31
2.52067	35
2.52433	36
2.52800	33
2.53167	29
2.53533	26
2.53900	25
2.54267	28
2.54633	31
2.55000	32
2.55367	27
2.55733	18
2.56100	10
2.56467	9
2.56833	9
2.57200	7
2.57567	5
2.57933	4
2.58300	2
2.58667	-1
2.59033	-4
2.59400	-8
2.59767	-11
2.60133	-10
2.60500	-8
2.60867	-7
2.61233	-10
2.61600	-14
2.61967	-16
2.62333	-20
2.62700	-24
2.63067	-24
2.63433	-20
2.63800	-15
2.64167	-12
2.64533	-12
2.64900	-13
2.65267	-16
2.65633	-20
2.66000	-24
2.66367	-25
2.66733	-26
2.67100	-25
2.67467	-22
2.67833	-19
2.68200	-17
2.68567	-17
2.68933	-19
2.69300	-19
2.69667	-19
2.70033	-17
2.70400	-14
2.70767	-14
2.71133	-18
2.71500	-21
2.71867	-24
2.72233	-24
2.72600	-23
2.72967	-22
2.73333	-25
2.73700	-30
2.74067	-34
2.74433	-32
2.74800	-28
2.75167	-26
2.75533	-28
2.75900	-32
2.76267	-37
2.76633	-40
2.77000	-39
2.77367	-35
2.77733	-28
2.78100	-20
2.78467	-16
2.78833	-17
2.79200	-19
2.79567	-18
2.79933	-15
2.80300	-17
2.80667	-22
2.81033	-29
2.81400	-34
2.81767	-35
2.82133	-37
2.82500	-42
2.82867	-44
2.83233	-47
2.83600	-46
2.83967	-42
2.84333	-37
2.84700	-34
2.85067	-32
2.85433	-29
2.85800	-29
2.86167	-31
2.86533	-34
2.86900	-39
2.87267	-44
2.87633	-49
2.88000	-52
2.88367	-52
2.88733	-49
2.89100	-44
2.89467	-41
2.89833	-41
2.90200	-40
2.90567	-39
2.90933	-41
2.91300	-43
2.91667	-46
2.92033	-50
2.92400	-52
2.92767	-50
2.93133	-48
2.93500	-48
2.93867	-49
2.94233	-50
2.94600	-50
2.94967	-46
2.95333	-43
2.95700	-44
2.96067	-48
2.96433	-49
2.96800	-48
2.97167	-48
2.97533	-46
2.97900	-43
2.98267	-42
2.98633	-44
2.99000	-47
2.99367	-50
2.99733	-51
3.00100	-47
3.00467	-39
3.00833	-29
3.01200	-21
3.01567	-16
3.01933	-14
3.02300	-18
3.02667	-27
3.03033	-36
3.03400	-46
3.03767	-52
3.04133	-55
3.04500	-57
3.04867	-57
3.05233	-52
3.05600	-46
3.05967	-43
3.06333	-42
3.06700	-42
3.07067	-43
3.07433	-42
3.07800	-41
3.08167	-39
3.08533	-36
3.08900	-41
3.09267	-53
3.09633	-65
3.10000	-71
3.10367	-70
3.10733	-65
3.11100	-61
3.11467	-59
3.11833	-61
3.12200	-67
3.12567	-73
3.12933	-76
3.13300	-77
3.13667	-77
3.14033	-77
3.14400	-81
3.14767	-82
3.15133	-81
3.15500	-79
3.15867	-77
3.16233	-75
3.16600	-71
3.16967	-69
3.17333	-68
3.17700	-71
3.18067	-74
3.18433	-71
3.18800	-65
3.19167	-62
3.19533	-64
3.19900	-69
3.20267	-74
3.20633	-76
3.21000	-74
3.21367	-72
3.21733	-72
3.22100	-70
3.22467	-67
3.22833	-63
3.23200	-61
3.23567	-61
3.23933	-62
3.24300	-64
3.24667	-69
3.25033	-74
3.25400	-78
3.25767	-81
3.26133	-83
3.26500	-84
3.26867	-81
3.27233	-77
3.27600	-71
3.27967	-67
3.28333	-69
3.28700	-72
3.29067	-75
3.29433	-78
3.29800	-84
3.30167	-91
3.30533	-94
3.30900	-93
3.31267	-91
3.31633	-88
3.32000	-87
3.32367	-85
3.32733	-82
3.33100	-79
3.33467	-77
3.33833	-74
3.34200	-71
3.34567	-68
3.34933	-68
3.35300	-72
3.35667	-77
3.36033	-81
3.36400	-84
3.36767	-85
3.37133	-88
3.37500	-91
3.37867	-92
3.38233	-94
3.38600	-97
3.38967	-99
3.39333	-97
3.39700	-97
3.40067	-99
3.40433	-99
3.40800	-97
3.41167	-99
3.41533	-102
3.41900	-103
3.42267	-105
3.42633	-106
3.43000	-102
3.43367	-96
3.43733	-90
3.44100	-87
3.44467	-84
3.44833	-81
3.45200	-81
3.45567	-86
3.45933	-95
3.46300	-102
3.46667	-101
3.47033	-95
3.47400	-89
3.47767	-88
3.48133	-91
3.48500	-96
3.48867	-99
3.49233	-99
3.49600	-97
3.49967	-97
3.50333	-97
3.50700	-97
3.51067	-96
3.51433	-93
3.51800	-88
3.52167	-85
3.52533	-85
3.52900	-88
3.53267	-93
3.53633	-98
3.54000	-102
3.54367	-105
3.54733	-105
3.55100	-103
3.55467	-104
3.55833	-106
3.56200	-105
3.56567	-98
3.56933	-96
3.57300	-101
3.57667	-108
3.58033	-113
3.58400	-114
3.58767	-108
3.59133	-101
3.59500	-95
3.59867	-89
3.60233	-84
3.60600	-83
3.60967	-88
3.61333	-92
3.61700	-89
3.62067	-87
3.62433	-86
3.62800	-87
3.63167	-87
3.63533	-86
3.63900	-86
3.64267	-88
3.64633	-91
3.65000	-94
3.65367	-98
3.65733	-101
3.66100	-102
3.66467	-98
3.66833	-96
3.67200	-97
3.67567	-95
3.67933	-96
3.68300	-97
3.68667	-96
3.69033	-94
3.69400	-93
3.69767	-92
3.70133	-92
3.70500	-90
3.70867	-86
3.71233	-80
3.71600	-74
3.71967	-69
3.72333	-68
3.72700	-70
3.73067	-74
3.73433	-79
3.73800	-84
3.74167	-85
3.74533	-83
3.74900	-81
3.75267	-79
3.75633	-75
3.76000	-71
3.76367	-69
3.76733	-71
3.77100	-77
3.77467	-83
3.77833	-84
3.78200	-84
3.78567	-87
3.78933	-93
3.79300	-98
3.79667	-100
3.80033	-100
3.80400	-95
3.80767	-90
3.81133	-86
3.81500	-85
3.81867	-87
3.82233	-89
3.82600	-89
3.82967	-88
3.83333	-88
3.83700	-85
3.84067	-82
3.84433	-77
3.84800	-72
3.85167	-71
3.85533	-73
3.85900	-76
3.86267	-79
3.86633	-80
3.87000	-80
3.87367	-79
3.87733	-80
3.88100	-78
3.88467	-72
3.88833	-66
3.89200	-66
3.89567	-73
3.89933	-86
3.90300	-97
3.90667	-106
3.91033	-111
3.91400	-112
3.91767	-108
3.92133	-105
3.92500	-106
3.92867	-106
3.93233	-104
3.93600	-105
3.93967	-106
3.94333	-105
3.94700	-102
3.95067	-97
3.95433	-90
3.95800	-81
3.96167	-75
3.96533	-72
3.96900	-74
3.97267	-79
3.97633	-87
3.98000	-95
3.98367	-99
3.98733	-101
3.99100	-101
3.99467	-99
3.99833	-91

[Chromatogram (Ch2)]
Interval(msec)	220
# of Points	1091
Start Time(min)	0.002
End Time(min)	3.998
R.Time (min)	Intensity
0.00167	0
0.00533	0
0.00900	1
0.01267	1
0.01633	1
0.02000	1
0.02367	1
0.02733	1
0.03100	2
0.03467	2
0.03833	2
0.04200	3
0.04567	3
0.04933	3
0.05300	3
0.05667	3
0.06033	3
0.06400	3
0.06767	3
0.07133	3
0.07500	3
0.07867	3
0.08233	3
0.08600	3
0.08967	3
0.09333	3
0.09700	3
0.10067	3
0.10433	3
0.10800	3
0.11167	3
0.11533	3
0.11900	2
0.12267	2
0.12633	1
0.13000	1
0.13367	0
0.13733	-0
0.14100	-0
0.14467	-1
0.14833	-1
0.15200	-1
0.15567	-1
0.15933	-1
0.16300	-1
0.16667	-2
0.17033	-2
0.17400	-2
0.17767	-2
0.18133	-2
0.18500	-2
0.18867	-3
0.19233	-3
0.19600	-3
0.19967	-4
0.20333	-4
0.20700	-4
0.21067	-4
0.21433	-4
0.21800	-4
0.22167	-3
0.22533	-3
0.22900	-3
0.23267	-3
0.23633	-3
0.24000	-3
0.24367	-2
0.24733	-2
0.25100	-3
0.25467	-3
0.25833	-3
0.26200	-3
0.26567	-3
0.26933	-3
0.27300	-3
0.27667	-3
0.28033	-3
0.28400	-3
0.28767	-3
0.29133	-3
0.29500	-3
0.29867	-3
0.30233	-3
0.30600	-3
0.30967	-3
0.31333	-3
0.31700	-3
0.32067	-3
0.32433	-3
0.32800	-3
0.33167	-4
0.33533	-4
0.33900	-4
0.34267	-4
0.34633	-3
0.35000	-3
0.35367	-3
0.35733	-3
0.36100	-3
0.36467	-3
0.36833	-2
0.37200	-2
0.37567	-2
0.37933	-2
0.38300	-2
0.38667	-2
0.39033	-2
0.39400	-2
0.39767	-2
0.40133	-2
0.40500	-2
0.40867	-2
0.41233	-2
0.41600	-2
0.41967	-3
0.42333	-3
0.42700	-3
0.43067	-2
0.43433	-2
0.43800	-2
0.44167	-2
0.44533	-2
0.44900	-2
0.45267	-2
0.45633	-2
0.46000	-2
0.46367	-2
0.46733	-2
0.47100	-3
0.47467	-3
0.47833	-3
0.48200	-3
0.48567	-3
0.48933	-3
0.49300	-4
0.49667	-4
0.50033	-4
0.50400	-4
0.50767	-4
0.51133	-4
0.51500	-4
0.51867	-4
0.52233	-4
0.52600	-4
0.52967	-4
0.53333	-4
0.53700	-4
0.54067	-4
0.54433	-4
0.54800	-4
0.55167	-4
0.55533	-4
0.55900	-5
0.56267	-5
0.56633	-6
0.57000	-6
0.57367	-6
0.57733	-6
0.58100	-6
0.58467	-6
0.58833	-6
0.59200	-6
0.59567	-6
0.59933	-6
0.60300	-6
0.60667	-6
0.61033	-5
0.61400	-5
0.61767	-5
0.62133	-5
0.62500	-5
0.62867	-4
0.63233	-4
0.63600	-4
0.63967	-4
0.64333	-3
0.64700	-3
0.65067	-3
0.65433	-3
0.65800	-3
0.66167	-3
0.66533	-3
0.66900	-3
0.67267	-3
0.67633	-4
0.68000	-4
0.68367	-4
0.68733	-5
0.69100	-5
0.69467	-5
0.69833	-6
0.70200	-6
0.70567	-6
0.70933	-6
0.71300	-7
0.71667	-7
0.72033	-7
0.72400	-7
0.72767	-8
0.73133	-8
0.73500	-8
0.73867	-8
0.74233	-9
0.74600	-9
0.74967	-9
0.75333	-9
0.75700	-9
0.76067	-9
0.76433	-9
0.76800	-8
0.77167	-8
0.77533	-8
0.77900	-7
0.78267	-7
0.78633	-6
0.79000	-6
0.79367	-5
0.79733	-5
0.80100	-4
0.80467	-4
0.80833	-4
0.81200	-3
0.81567	-3
0.81933	-3
0.82300	-3
0.82667	-3
0.83033	-3
0.83400	-3
0.83767	-3
0.84133	-3
0.84500	-3
0.84867	-3
0.85233	-3
0.85600	-3
0.85967	-4
0.86333	-4
0.86700	-4
0.87067	-5
0.87433	-5
0.87800	-6
0.88167	-6
0.88533	-7
0.88900	-7
0.89267	-7
0.89633	-7
0.90000	-7
0.90367	-7
0.90733	-7
0.91100	-7
0.91467	-7
0.91833	-7
0.92200	-7
0.92567	-7
0.92933	-7
0.93300	-6
0.93667	-6
0.94033	-6
0.94400	-6
0.94767	-5
0.95133	-5
0.95500	-5
0.95867	-4
0.96233	-4
0.96600	-3
0.96967	-3
0.97333	-3
0.97700	-2
0.98067	-2
0.98433	-2
0.98800	-1
0.99167	-1
0.99533	-1
0.99900	-0
1.00267	-0
1.00633	-0
1.01000	0
1.01367	0
1.01733	0
1.02100	0
1.02467	0
1.02833	1
1.03200	1
1.03567	1
1.03933	1
1.04300	1
1.04667	0
1.05033	0
1.05400	-0
1.05767	-1
1.06133	-1
1.06500	-2
1.06867	-2
1.07233	-3
1.07600	-3
1.07967	-3
1.08333	-4
1.08700	-4
1.09067	-5
1.09433	-5
1.09800	-5
1.10167	-6
1.10533	-6
1.10900	-6
1.11267	-5
1.11633	-5
1.12000	-5
1.12367	-5
1.12733	-5
1.13100	-5
1.13467	-5
1.13833	-5
1.14200	-5
1.14567	-5
1.14933	-5
1.15300	-5
1.15667	-5
1.16033	-5
1.16400	-5
1.16767	-5
1.17133	-4
1.17500	-4
1.17867	-4
1.18233	-4
1.18600	-4
1.18967	-4
1.19333	-4
1.19700	-4
1.20067	-4
1.20433	-4
1.20800	-4
1.21167	-4
1.21533	-4
1.21900	-4
1.22267	-4
1.22633	-4
1.23000	-4
1.23367	-4
1.23733	-4
1.24100	-4
1.24467	-4
1.24833	-4
1.25200	-5
1.25567	-5
1.25933	-5
1.26300	-5
1.26667	-5
1.27033	-6
1.27400	-6
1.27767	-6
1.28133	-6
1.28500	-7
1.28867	-7
1.29233	-7
1.29600	-8
1.29967	-8
1.30333	-9
1.30700	-9
1.31067	-9
1.31433	-9
1.31800	-9
1.32167	-9
1.32533	-8
1.32900	-8
1.33267	-8
1.33633	-7
1.34000	-7
1.34367	-7
1.34733	-6
1.35100	-6
1.35467	-6
1.35833	-6
1.36200	-6
1.36567	-6
1.36933	-6
1.37300	-6
1.37667	-6
1.38033	-5
1.38400	-5
1.38767	-5
1.39133	-5
1.39500	-5
1.39867	-5
1.40233	-4
1.40600	-4
1.40967	-4
1.41333	-4
1.41700	-4
1.42067	-4
1.42433	-4
1.42800	-4
1.43167	-4
1.43533	-4
1.43900	-4
1.44267	-4
1.44633	-4
1.45000	-4
1.45367	-4
1.45733	-4
1.46100	-4
1.46467	-4
1.46833	-4
1.47200	-5
1.47567	-5
1.47933	-5
1.48300	-5
1.48667	-6
1.49033	-6
1.49400	-6
1.49767	-6
1.50133	-6
1.50500	-6
1.50867	-6
1.51233	-6
1.51600	-6
1.51967	-7
1.52333	-7
1.52700	-7
1.53067	-6
1.53433	-6
1.53800	-6
1.54167	-6
1.54533	-6
1.54900	-5
1.55267	-5
1.55633	-5
1.56000	-5
1.56367	-5
1.56733	-5
1.57100	-5
1.57467	-5
1.57833	-5
1.58200	-5
1.58567	-5
1.58933	-6
1.59300	-6
1.59667	-7
1.60033	-8
1.60400	-9
1.60767	-10
1.61133	-12
1.61500	-14
1.61867	-17
1.62233	-20
1.62600	-23
1.62967	-26
1.63333	-29
1.63700	-32
1.64067	-36
1.64433	-40
1.64800	-44
1.65167	-47
1.65533	-51
1.65900	-55
1.66267	-59
1.66633	-63
1.67000	-68
1.67367	-73
1.67733	-78
1.68100	-83
1.68467	-88
1.68833	-92
1.69200	-96
1.69567	-100
1.69933	-103
1.70300	-106
1.70667	-108
1.71033	-110
1.71400	-111
1.71767	-112
1.72133	-114
1.72500	-115
1.72867	-116
1.73233	-118
1.73600	-119
1.73967	-121
1.74333	-122
1.74700	-123
1.75067	-124
1.75433	-125
1.75800	-125
1.76167	-125
1.76533	-125
1.76900	-124
1.77267	-123
1.77633	-122
1.78000	-121
1.78367	-121
1.78733	-121
1.79100	-121
1.79467	-121
1.79833	-122
1.80200	-123
1.80567	-124
1.80933	-125
1.81300	-125
1.81667	-126
1.82033	-126
1.82400	-126
1.82767	-127
1.83133	-127
1.83500	-127
1.83867	-128
1.84233	-128
1.84600	-128
1.84967	-128
1.85333	-128
1.85700	-128
1.86067	-128
1.86433	-128
1.86800	-128
1.87167	-128
1.87533	-128
1.87900	-129
1.88267	-129
1.88633	-129
1.89000	-128
1.89367	-128
1.89733	-128
1.90100	-127
1.90467	-127
1.90833	-127
1.91200	-127
1.91567	-127
1.91933	-127
1.92300	-126
1.92667	-126
1.93033	-125
1.93400	-125
1.93767	-125
1.94133	-124
1.94500	-124
1.94867	-124
1.95233	-123
1.95600	-123
1.95967	-123
1.96333	-122
1.96700	-122
1.97067	-122
1.97433	-121
1.97800	-121
1.98167	-121
1.98533	-120
1.98900	-120
1.99267	-120
1.99633	-120
2.00000	-120
2.00367	-120
2.00733	-120
2.01100	-120
2.01467	-120
2.01833	-120
2.02200	-120
2.02567	-120
2.02933	-119
2.03300	-119
2.03667	-118
2.04033	-118
2.04400	-118
2.04767	-117
2.05133	-117
2.05500	-117
2.05867	-117
2.06233	-117
2.06600	-116
2.06967	-116
2.07333	-115
2.07700	-115
2.08067	-114
2.08433	-114
2.08800	-113
2.09167	-112
2.09533	-112
2.09900	-112
2.10267	-112
2.10633	-112
2.11000	-111
2.11367	-111
2.11733	-111
2.12100	-111
2.12467	-111
2.12833	-111
2.13200	-111
2.13567	-110
2.13933	-110
2.14300	-109
2.14667	-108
2.15033	-108
2.15400	-108
2.15767	-107
2.16133	-107
2.16500	-107
2.16867	-106
2.17233	-106
2.17600	-105
2.17967	-104
2.18333	-103
2.18700	-103
2.19067	-103
2.19433	-102
2.19800	-102
2.20167	-102
2.20533	-102
2.20900	-102
2.21267	-101
2.21633	-101
2.22000	-102
2.22367	-102
2.22733	-102
2.23100	-102
2.23467	-102
2.23833	-101
2.24200	-100
2.24567	-100
2.24933	-100
2.25300	-100
2.25667	-99
2.26033	-99
2.26400	-98
2.26767	-98
2.27133	-97
2.27500	-97
2.27867	-97
2.28233	-97
2.28600	-97
2.28967	-97
2.29333	-97
2.29700	-97
2.30067	-97
2.30433	-96
2.30800	-96
2.31167	-96
2.31533	-95
2.31900	-95
2.32267	-95
2.32633	-94
2.33000	-94
2.33367	-93
2.33733	-93
2.34100	-92
2.34467	-91
2.34833	-90
2.35200	-89
2.35567	-88
2.35933	-87
2.36300	-86
2.36667	-85
2.37033	-84
2.37400	-82
2.37767	-79
2.38133	-76
2.38500	-72
2.38867	-69
2.39233	-64
2.39600	-60
2.39967	-56
2.40333	-51
2.40700	-47
2.41067	-42
2.41433	-38
2.41800	-35
2.42167	-32
2.42533	-29
2.42900	-26
2.43267	-23
2.43633	-21
2.44000	-18
2.44367	-16
2.44733	-14
2.45100	-13
2.45467	-11
2.45833	-10
2.46200	-9
2.46567	-7
2.46933	-6
2.47300	-4
2.47667	-3
2.48033	-2
2.48400	-1
2.48767	-1
2.49133	0
2.49500	1
2.49867	1
2.50233	2
2.50600	3
2.50967	4
2.51333	4
2.51700	5
2.52067	6
2.52433	7
2.52800	7
2.53167	8
2.53533	8
2.53900	8
2.54267	8
2.54633	9
2.55000	9
2.55367	9
2.55733	9
2.56100	9
2.56467	9
2.56833	9
2.57200	9
2.57567	8
2.57933	8
2.58300	8
2.58667	8
2.59033	8
2.59400	8
2.59767	8
2.60133	9
2.60500	10
2.60867	10
2.61233	10
2.61600	11
2.61967	11
2.62333	11
2.62700	11
2.63067	11
2.63433	12
2.63800	12
2.64167	13
2.64533	14
2.64900	15
2.65267	15
2.65633	16
2.66000	17
2.66367	17
2.66733	17
2.67100	17
2.67467	17
2.67833	17
2.68200	17
2.68567	17
2.68933	17
2.69300	17
2.69667	17
2.70033	17
2.70400	18
2.70767	18
2.71133	18
2.71500	19
2.71867	19
2.72233	20
2.72600	20
2.72967	20
2.73333	20
2.73700	20
2.74067	19
2.74433	19
2.74800	19
2.75167	19
2.75533	19
2.75900	19
2.76267	20
2.76633	20
2.77000	20
2.77367	20
2.77733	20
2.78100	21
2.78467	21
2.78833	21
2.79200	21
2.79567	21
2.79933	22
2.80300	22
2.80667	22
2.81033	22
2.81400	22
2.81767	22
2.82133	22
2.82500	22
2.82867	22
2.83233	22
2.83600	22
2.83967	22
2.84333	21
2.84700	20
2.85067	17
2.85433	12
2.85800	4
2.86167	-6
2.86533	-20
2.86900	-38
2.87267	-59
2.87633	-85
2.88000	-115
2.88367	-149
2.88733	-186
2.89100	-226
2.89467	-269
2.89833	-315
2.90200	-362
2.90567	-411
2.90933	-461
2.91300	-512
2.91667	-562
2.92033	-613
2.92400	-663
2.92767	-713
2.93133	-762
2.93500	-810
2.93867	-861
2.94233	-917
2.94600	-979
2.94967	-1040
2.95333	-1089
2.95700	-1115
2.96067	-1115
2.96433	-1089
2.96800	-1041
2.97167	-976
2.97533	-901
2.97900	-821
2.98267	-740
2.98633	-660
2.99000	-584
2.99367	-513
2.99733	-448
3.00100	-390
3.00467	-337
3.00833	-290
3.01200	-249
3.01567	-213
3.01933	-181
3.02300	-154
3.02667	-131
3.03033	-111
3.03400	-93
3.03767	-78
3.04133	-65
3.04500	-54
3.04867	-44
3.05233	-36
3.05600	-29
3.05967	-24
3.06333	-19
3.06700	-15
3.07067	-11
3.07433	-8
3.07800	-5
3.08167	-3
3.08533	-1
3.08900	0
3.09267	1
3.09633	3
3.10000	4
3.10367	4
3.10733	5
3.11100	6
3.11467	7
3.11833	8
3.12200	9
3.12567	9
3.12933	10
3.13300	10
3.13667	10
3.14033	10
3.14400	10
3.14767	10
3.15133	10
3.15500	11
3.15867	11
3.16233	11
3.16600	11
3.16967	11
3.17333	11
3.17700	11
3.18067	11
3.18433	12
3.18800	12
3.19167	13
3.19533	13
3.19900	14
3.20267	14
3.20633	14
3.21000	15
3.21367	15
3.21733	16
3.22100	16
3.22467	16
3.22833	17
3.23200	17
3.23567	17
3.23933	18
3.24300	18
3.24667	19
3.25033	19
3.25400	19
3.25767	20
3.26133	20
3.26500	20
3.26867	20
3.27233	20
3.27600	20
3.27967	20
3.28333	20
3.28700	20
3.29067	20
3.29433	20
3.29800	20
3.30167	21
3.30533	21
3.30900	21
3.31267	21
3.31633	21
3.32000	21
3.32367	21
3.32733	21
3.33100	21
3.33467	21
3.33833	21
3.34200	21
3.34567	21
3.34933	21
3.35300	21
3.35667	21
3.36033	21
3.36400	21
3.36767	21
3.37133	21
3.37500	21
3.37867	22
3.38233	22
3.38600	22
3.38967	22
3.39333	23
3.39700	23
3.40067	23
3.40433	23
3.40800	23
3.41167	23
3.41533	23
3.41900	23
3.42267	23
3.42633	23
3.43000	23
3.43367	23
3.43733	23
3.44100	23
3.44467	23
3.44833	23
3.45200	23
3.45567	23
3.45933	23
3.46300	23
3.46667	23
3.47033	23
3.47400	23
3.47767	23
3.48133	23
3.48500	23
3.48867	23
3.49233	23
3.49600	23
3.49967	23
3.50333	23
3.50700	23
3.51067	23
3.51433	23
3.51800	23
3.52167	23
3.52533	23
3.52900	24
3.53267	24
3.53633	24
3.54000	23
3.54367	23
3.54733	23
3.55100	23
3.55467	23
3.55833	23
3.56200	23
3.56567	23
3.56933	23
3.57300	23
3.57667	23
3.58033	23
3.58400	23
3.58767	23
3.59133	24
3.59500	24
3.59867	24
3.60233	24
3.60600	24
3.60967	24
3.61333	23
3.61700	23
3.62067	23
3.62433	23
3.62800	23
3.63167	22
3.63533	22
3.63900	22
3.64267	22
3.64633	22
3.65000	22
3.65367	22
3.65733	22
3.66100	21
3.66467	21
3.66833	21
3.67200	21
3.67567	21
3.67933	22
3.68300	22
3.68667	22
3.69033	22
3.69400	22
3.69767	22
3.70133	22
3.70500	22
3.70867	22
3.71233	22
3.71600	23
3.71967	23
3.72333	23
3.72700	23
3.73067	23
3.73433	23
3.73800	23
3.74167	23
3.74533	23
3.74900	23
3.75267	23
3.75633	23
3.76000	23
3.76367	23
3.76733	23
3.77100	23
3.77467	24
3.77833	24
3.78200	23
3.78567	23
3.78933	23
3.79300	22
3.79667	22
3.80033	22
3.80400	22
3.80767	22
3.81133	22
3.81500	22
3.81867	21
3.82233	21
3.82600	21
3.82967	21
3.83333	21
3.83700	21
3.84067	21
3.84433	20
3.84800	20
3.85167	20
3.85533	20
3.85900	21
3.86267	21
3.86633	21
3.87000	21
3.87367	22
3.87733	22
3.88100	22
3.88467	23
3.88833	23
3.89200	24
3.89567	24
3.89933	25
3.90300	25
3.90667	25
3.91033	26
3.91400	26
3.91767	26
3.92133	26
3.92500	27
3.92867	26
3.93233	26
3.93600	26
3.93967	26
3.94333	26
3.94700	25
3.95067	25
3.95433	25
3.95800	25
3.96167	25
3.96533	25
3.96900	25
3.97267	25
3.97633	25
3.98000	25
3.98367	25
3.98733	25
3.99100	25
3.99467	24
3.99833	24

[Chromatogram (Ch3)]
Interval(msec)	220
# of Points	1091
Start Time(min)	0.002
End Time(min)	3.998
R.Time (min)	Intensity
0.00167	1
0.00533	4
0.00900	4
0.01267	3
0.01633	3
0.02000	2
0.02367	3
0.02733	4
0.03100	4
0.03467	4
0.03833	4
0.04200	-0
0.04567	-2
0.04933	-1
0.05300	2
0.05667	3
0.06033	2
0.06400	3
0.06767	4
0.07133	4
0.07500	3
0.07867	3
0.08233	5
0.08600	5
0.08967	4
0.09333	3
0.09700	6
0.10067	9
0.10433	9
0.10800	5
0.11167	5
0.11533	7
0.11900	10
0.12267	9
0.12633	7
0.13000	7
0.13367	8
0.13733	9
0.14100	9
0.14467	8
0.14833	5
0.15200	5
0.15567	4
0.15933	3
0.16300	5
0.16667	7
0.17033	9
0.17400	11
0.17767	12
0.18133	12
0.18500	13
0.18867	13
0.19233	11
0.19600	12
0.19967	13
0.20333	12
0.20700	9
0.21067	7
0.21433	7
0.21800	7
0.22167	7
0.22533	6
0.22900	7
0.23267	7
0.23633	8
0.24000	11
0.24367	13
0.24733	12
0.25100	11
0.25467	11
0.25833	9
0.26200	8
0.26567	9
0.26933	10
0.27300	10
0.27667	11
0.28033	12
0.28400	14
0.28767	16
0.29133	19
0.29500	20
0.29867	19
0.30233	17
0.30600	16
0.30967	17
0.31333	17
0.31700	17
0.32067	17
0.32433	16
0.32800	15
0.33167	16
0.33533	16
0.33900	17
0.34267	17
0.34633	17
0.35000	17
0.35367	19
0.35733	22
0.36100	23
0.36467	25
0.36833	24
0.37200	24
0.37567	25
0.37933	24
0.38300	24
0.38667	23
0.39033	22
0.39400	23
0.39767	22
0.40133	21
0.40500	19
0.40867	19
0.41233	19
0.41600	22
0.41967	24
0.42333	24
0.42700	24
0.43067	23
0.43433	23
0.43800	23
0.44167	23
0.44533	21
0.44900	21
0.45267	21
0.45633	21
0.46000	22
0.46367	23
0.46733	23
0.47100	23
0.47467	24
0.47833	24
0.48200	25
0.48567	25
0.48933	25
0.49300	25
0.49667	25
0.50033	25
0.50400	25
0.50767	25
0.51133	26
0.51500	28
0.51867	29
0.52233	30
0.52600	31
0.52967	31
0.53333	32
0.53700	32
0.54067	32
0.54433	32
0.54800	32
0.55167	32
0.55533	32
0.55900	32
0.56267	33
0.56633	34
0.57000	32
0.57367	32
0.57733	33
0.58100	35
0.58467	34
0.58833	34
0.59200	33
0.59567	34
0.59933	36
0.60300	36
0.60667	36
0.61033	36
0.61400	37
0.61767	37
0.62133	34
0.62500	33
0.62867	34
0.63233	35
0.63600	37
0.63967	36
0.64333	33
0.64700	32
0.65067	33
0.65433	36
0.65800	37
0.66167	38
0.66533	38
0.66900	37
0.67267	36
0.67633	37
0.68000	36
0.68367	37
0.68733	36
0.69100	34
0.69467	33
0.69833	35
0.70200	38
0.70567	41
0.70933	42
0.71300	42
0.71667	40
0.72033	37
0.72400	37
0.72767	38
0.73133	40
0.73500	41
0.73867	41
0.74233	41
0.74600	42
0.74967	42
0.75333	41
0.75700	40
0.76067	40
0.76433	40
0.76800	38
0.77167	36
0.77533	35
0.77900	36
0.78267	37
0.78633	37
0.79000	39
0.79367	40
0.79733	40
0.80100	41
0.80467	42
0.80833	44
0.81200	45
0.81567	45
0.81933	43
0.82300	42
0.82667	43
0.83033	45
0.83400	44
0.83767	43
0.84133	42
0.84500	41
0.84867	41
0.85233	42
0.85600	42
0.85967	43
0.86333	43
0.86700	41
0.87067	41
0.87433	42
0.87800	45
0.88167	45
0.88533	45
0.88900	43
0.89267	42
0.89633	42
0.90000	44
0.90367	47
0.90733	50
0.91100	51
0.91467	47
0.91833	44
0.92200	43
0.92567	42
0.92933	43
0.93300	44
0.93667	44
0.94033	44
0.94400	46
0.94767	48
0.95133	49
0.95500	48
0.95867	45
0.96233	43
0.96600	43
0.96967	44
0.97333	45
0.97700	47
0.98067	47
0.98433	48
0.98800	47
0.99167	45
0.99533	43
0.99900	43
1.00267	44
1.00633	48
1.01000	50
1.01367	51
1.01733	52
1.02100	52
1.02467	50
1.02833	49
1.03200	50
1.03567	50
1.03933	49
1.04300	49
1.04667	50
1.05033	53
1.05400	54
1.05767	53
1.06133	51
1.06500	53
1.06867	53
1.07233	52
1.07600	51
1.07967	51
1.08333	52
1.08700	52
1.09067	48
1.09433	48
1.09800	50
1.10167	50
1.10533	50
1.10900	50
1.11267	51
1.11633	53
1.12000	53
1.12367	52
1.12733	52
1.13100	52
1.13467	52
1.13833	55
1.14200	56
1.14567	57
1.14933	57
1.15300	57
1.15667	57
1.16033	57
1.16400	59
1.16767	57
1.17133	54
1.17500	53
1.17867	52
1.18233	49
1.18600	49
1.18967	51
1.19333	51
1.19700	52
1.20067	51
1.20433	50
1.20800	51
1.21167	51
1.21533	53
1.21900	53
1.22267	51
1.22633	49
1.23000	48
1.23367	50
1.23733	51
1.24100	52
1.24467	54
1.24833	56
1.25200	57
1.25567	57
1.25933	56
1.26300	57
1.26667	57
1.27033	56
1.27400	57
1.27767	56
1.28133	54
1.28500	52
1.28867	51
1.29233	51
1.29600	52
1.29967	55
1.30333	55
1.30700	53
1.31067	53
1.31433	56
1.31800	57
1.32167	56
1.32533	56
1.32900	57
1.33267	58
1.33633	57
1.34000	54
1.34367	55
1.34733	54
1.35100	54
1.35467	53
1.35833	54
1.36200	56
1.36567	58
1.36933	57
1.37300	57
1.37667	57
1.38033	58
1.38400	57
1.38767	54
1.39133	52
1.39500	50
1.39867	51
1.40233	54
1.40600	56
1.40967	55
1.41333	56
1.41700	56
1.42067	55
1.42433	58
1.42800	60
1.43167	62
1.43533	62
1.43900	63
1.44267	64
1.44633	65
1.45000	65
1.45367	63
1.45733	60
1.46100	59
1.46467	59
1.46833	59
1.47200	59
1.47567	57
1.47933	57
1.48300	57
1.48667	59
1.49033	59
1.49400	57
1.49767	56
1.50133	59
1.50500	60
1.50867	60
1.51233	61
1.51600	60
1.51967	59
1.52333	60
1.52700	59
1.53067	59
1.53433	59
1.53800	58
1.54167	58
1.54533	57
1.54900	58
1.55267	58
1.55633	59
1.56000	59
1.56367	59
1.56733	60
1.57100	62
1.57467	63
1.57833	62
1.58200	60
1.58567	60
1.58933	60
1.59300	60
1.59667	60
1.60033	60
1.60400	62
1.60767	64
1.61133	66
1.61500	66
1.61867	66
1.62233	67
1.62600	70
1.62967	73
1.63333	73
1.63700	71
1.64067	71
1.64433	73
1.64800	74
1.65167	74
1.65533	73
1.65900	72
1.66267	72
1.66633	76
1.67000	78
1.67367	79
1.67733	80
1.68100	82
1.68467	84
1.68833	86
1.69200	86
1.69567	85
1.69933	86
1.70300	85
1.70667	84
1.71033	83
1.71400	85
1.71767	87
1.72133	89
1.72500	91
1.72867	91
1.73233	88
1.73600	88
1.73967	89
1.74333	92
1.74700	94
1.75067	97
1.75433	100
1.75800	101
1.76167	102
1.76533	100
1.76900	98
1.77267	95
1.77633	95
1.78000	95
1.78367	96
1.78733	98
1.79100	101
1.79467	103
1.79833	105
1.80200	107
1.80567	107
1.80933	108
1.81300	110
1.81667	110
1.82033	108
1.82400	108
1.82767	110
1.83133	113
1.83500	112
1.83867	110
1.84233	109
1.84600	109
1.84967	112
1.85333	113
1.85700	113
1.86067	115
1.86433	118
1.86800	118
1.87167	117
1.87533	116
1.87900	116
1.88267	116
1.88633	115
1.89000	113
1.89367	109
1.89733	106
1.90100	106
1.90467	109
1.90833	110
1.91200	113
1.91567	115
1.91933	116
1.92300	115
1.92667	115
1.93033	115
1.93400	115
1.93767	114
1.94133	111
1.94500	111
1.94867	113
1.95233	115
1.95600	116
1.95967	119
1.96333	121
1.96700	120
1.97067	121
1.97433	123
1.97800	124
1.98167	124
1.98533	126
1.98900	127
1.99267	126
1.99633	125
2.00000	124
2.00367	124
2.00733	125
2.01100	127
2.01467	130
2.01833	132
2.02200	134
2.02567	136
2.02933	138
2.03300	139
2.03667	141
2.04033	141
2.04400	142
2.04767	144
2.05133	148
2.05500	149
2.05867	149
2.06233	150
2.06600	153
2.06967	156
2.07333	157
2.07700	159
2.08067	160
2.08433	163
2.08800	162
2.09167	163
2.09533	164
2.09900	165
2.10267	166
2.10633	168
2.11000	170
2.11367	170
2.11733	171
2.12100	172
2.12467	173
2.12833	173
2.13200	174
2.13567	174
2.13933	175
2.14300	178
2.14667	181
2.15033	184
2.15400	187
2.15767	188
2.16133	188
2.16500	188
2.16867	189
2.17233	192
2.17600	193
2.17967	194
2.18333	196
2.18700	196
2.19067	196
2.19433	196
2.19800	197
2.20167	199
2.20533	200
2.20900	202
2.21267	203
2.21633	203
2.22000	204
2.22367	202
2.22733	201
2.23100	204
2.23467	206
2.23833	206
2.24200	208
2.24567	209
2.24933	211
2.25300	211
2.25667	212
2.26033	212
2.26400	214
2.26767	214
2.27133	213
2.27500	213
2.27867	213
2.28233	215
2.28600	217
2.28967	219
2.29333	221
2.29700	223
2.30067	225
2.30433	224
2.30800	226
2.31167	227
2.31533	226
2.31900	227
2.32267	228
2.32633	231
2.33000	234
2.33367	232
2.33733	229
2.34100	227
2.34467	227
2.34833	227
2.35200	227
2.35567	227
2.35933	228
2.36300	229
2.36667	230
2.37033	231
2.37400	233
2.37767	234
2.38133	235
2.38500	236
2.38867	237
2.39233	238
2.39600	238
2.39967	238
2.40333	240
2.40700	238
2.41067	237
2.41433	240
2.41800	243
2.42167	245
2.42533	245
2.42900	246
2.43267	246
2.43633	248
2.44000	251
2.44367	253
2.44733	258
2.45100	261
2.45467	260
2.45833	254
2.46200	245
2.46567	234
2.46933	223
2.47300	214
2.47667	209
2.48033	206
2.48400	204
2.48767	201
2.49133	197
2.49500	194
2.49867	189
2.50233	184
2.50600	180
2.50967	176
2.51333	172
2.51700	168
2.52067	164
2.52433	162
2.52800	160
2.53167	159
2.53533	157
2.53900	154
2.54267	152
2.54633	148
2.55000	142
2.55367	139
2.55733	136
2.56100	133
2.56467	127
2.56833	121
2.57200	117
2.57567	114
2.57933	111
2.58300	108
2.58667	105
2.59033	99
2.59400	93
2.59767	84
2.60133	68
2.60500	43
2.60867	10
2.61233	-31
2.61600	-77
2.61967	-125
2.62333	-170
2.62700	-209
2.63067	-242
2.63433	-270
2.63800	-292
2.64167	-307
2.64533	-315
2.64900	-319
2.65267	-320
2.65633	-317
2.66000	-311
2.66367	-303
2.66733	-296
2.67100	-287
2.67467	-277
2.67833	-267
2.68200	-258
2.68567	-250
2.68933	-240
2.69300	-229
2.69667	-219
2.70033	-209
2.70400	-199
2.70767	-192
2.71133	-184
2.71500	-177
2.71867	-169
2.72233	-162
2.72600	-156
2.72967	-150
2.73333	-145
2.73700	-139
2.74067	-131
2.74433	-125
2.74800	-119
2.75167	-113
2.75533	-108
2.75900	-105
2.76267	-100
2.76633	-95
2.77000	-90
2.77367	-84
2.77733	-78
2.78100	-74
2.78467	-72
2.78833	-68
2.79200	-63
2.79567	-61
2.79933	-60
2.80300	-59
2.80667	-58
2.81033	-57
2.81400	-51
2.81767	-42
2.82133	-32
2.82500	-17
2.82867	18
2.83233	87
2.83600	209
2.83967	407
2.84333	702
2.84700	1102
2.85067	1602
2.85433	2181
2.85800	2803
2.86167	3422
2.86533	3992
2.86900	4466
2.87267	4810
2.87633	5008
2.88000	5059
2.88367	4974
2.88733	4778
2.89100	4500
2.89467	4168
2.89833	3806
2.90200	3438
2.90567	3078
2.90933	2734
2.91300	2413
2.91667	2120
2.92033	1855
2.92400	1618
2.92767	1409
2.93133	1225
2.93500	1062
2.93867	919
2.94233	795
2.94600	687
2.94967	595
2.95333	515
2.95700	446
2.96067	390
2.96433	341
2.96800	300
2.97167	260
2.97533	226
2.97900	198
2.98267	175
2.98633	155
2.99000	139
2.99367	124
2.99733	112
3.00100	101
3.00467	93
3.00833	84
3.01200	77
3.01567	71
3.01933	66
3.02300	61
3.02667	57
3.03033	54
3.03400	52
3.03767	48
3.04133	47
3.04500	46
3.04867	45
3.05233	44
3.05600	44
3.05967	44
3.06333	44
3.06700	45
3.07067	44
3.07433	43
3.07800	44
3.08167	44
3.08533	45
3.08900	46
3.09267	46
3.09633	44
3.10000	43
3.10367	42
3.10733	41
3.11100	39
3.11467	39
3.11833	39
3.12200	40
3.12567	40
3.12933	41
3.13300	42
3.13667	43
3.14033	46
3.14400	47
3.14767	47
3.15133	45
3.15500	44
3.15867	44
3.16233	44
3.16600	47
3.16967	50
3.17333	51
3.17700	50
3.18067	48
3.18433	47
3.18800	47
3.19167	47
3.19533	47
3.19900	48
3.20267	48
3.20633	47
3.21000	48
3.21367	50
3.21733	50
3.22100	52
3.22467	53
3.22833	52
3.23200	53
3.23567	54
3.23933	53
3.24300	53
3.24667	53
3.25033	50
3.25400	48
3.25767	47
3.26133	48
3.26500	50
3.26867	51
3.27233	51
3.27600	50
3.27967	48
3.28333	46
3.28700	45
3.29067	46
3.29433	45
3.29800	44
3.30167	42
3.30533	43
3.30900	42
3.31267	39
3.31633	37
3.32000	35
3.32367	34
3.32733	33
3.33100	33
3.33467	31
3.33833	30
3.34200	30
3.34567	30
3.34933	30
3.35300	30
3.35667	31
3.36033	29
3.36400	25
3.36767	23
3.37133	20
3.37500	18
3.37867	18
3.38233	19
3.38600	17
3.38967	16
3.39333	13
3.39700	11
3.40067	9
3.40433	10
3.40800	11
3.41167	11
3.41533	10
3.41900	9
3.42267	7
3.42633	5
3.43000	7
3.43367	6
3.43733	4
3.44100	1
3.44467	0
3.44833	-0
3.45200	-3
3.45567	-6
3.45933	-8
3.46300	-10
3.46667	-14
3.47033	-16
3.47400	-17
3.47767	-18
3.48133	-18
3.48500	-19
3.48867	-21
3.49233	-23
3.49600	-21
3.49967	-20
3.50333	-20
3.50700	-23
3.51067	-25
3.51433	-25
3.51800	-24
3.52167	-27
3.52533	-28
3.52900	-30
3.53267	-32
3.53633	-32
3.54000	-30
3.54367	-31
3.54733	-32
3.55100	-33
3.55467	-33
3.55833	-34
3.56200	-36
3.56567	-38
3.56933	-38
3.57300	-39
3.57667	-40
3.58033	-40
3.58400	-42
3.58767	-44
3.59133	-44
3.59500	-44
3.59867	-44
3.60233	-45
3.60600	-47
3.60967	-49
3.61333	-49
3.61700	-49
3.62067	-51
3.62433	-54
3.62800	-55
3.63167	-54
3.63533	-52
3.63900	-56
3.64267	-58
3.64633	-59
3.65000	-58
3.65367	-56
3.65733	-55
3.66100	-55
3.66467	-58
3.66833	-60
3.67200	-62
3.67567	-63
3.67933	-64
3.68300	-62
3.68667	-61
3.69033	-62
3.69400	-62
3.69767	-63
3.70133	-66
3.70500	-68
3.70867	-67
3.71233	-67
3.71600	-74
3.71967	-88
3.72333	-104
3.72700	-115
3.73067	-119
3.73433	-118
3.73800	-116
3.74167	-112
3.74533	-105
3.74900	-98
3.75267	-91
3.75633	-85
3.76000	-80
3.76367	-78
3.76733	-77
3.77100	-75
3.77467	-73
3.77833	-70
3.78200	-68
3.78567	-67
3.78933	-67
3.79300	-65
3.79667	-62
3.80033	-59
3.80400	-55
3.80767	-51
3.81133	-50
3.81500	-50
3.81867	-48
3.82233	-46
3.82600	-40
3.82967	-36
3.83333	-33
3.83700	-30
3.84067	-28
3.84433	-27
3.84800	-25
3.85167	-23
3.85533	-21
3.85900	-20
3.86267	-20
3.86633	-23
3.87000	-26
3.87367	-24
3.87733	-21
3.88100	-20
3.88467	-18
3.88833	-17
3.89200	-16
3.89567	-14
3.89933	-11
3.90300	-10
3.90667	-10
3.91033	-9
3.91400	-8
3.91767	-7
3.92133	-7
3.92500	-7
3.92867	-7
3.93233	-9
3.93600	-10
3.93967	-9
3.94333	-8
3.94700	-9
3.95067	-8
3.95433	-7
3.95800	-5
3.96167	-4
3.96533	-2
3.96900	0
3.97267	-0
3.97633	-2
3.98000	-3
3.98367	-1
3.98733	0
3.99100	1
3.99467	1
3.99833	2

[Status Trace (Column Oven Temperature)]
Interval(msec)	1000
# of Points	240
Start Time(min)	0.003
End Time(min)	3.987
Intensity Units	
Intensity Multiplier	1
R.Time (min)	Intensity
0.00335	35.04
0.02002	35.03
0.03668	35.00
0.05335	34.98
0.07002	34.97
0.08668	34.96
0.10335	34.96
0.12002	34.96
0.13668	34.97
0.15335	34.97
0.17002	34.97
0.18668	34.98
0.20335	34.98
0.22002	34.98
0.23668	34.98
0.25335	34.98
0.27002	34.97
0.28668	34.98
0.30335	34.98
0.32002	34.99
0.33668	34.98
0.35335	34.99
0.37002	34.98
0.38668	34.97
0.40335	34.97
0.42002	34.96
0.43668	34.96
0.45335	34.96
0.47002	34.97
0.48668	34.96
0.50335	34.97
0.52002	34.98
0.53668	34.99
0.55335	34.99
0.57002	35.00
0.58668	35.01
0.60335	35.01
0.62002	35.01
0.63668	35.00
0.65335	34.99
0.67002	34.99
0.68668	35.00
0.70335	35.01
0.72002	35.03
0.73668	35.04
0.75335	35.06
0.77002	35.07
0.78668	35.06
0.80335	35.05
0.82002	35.04
0.83668	35.04
0.85335	35.04
0.87002	35.05
0.88668	35.06
0.90335	35.07
0.92002	35.08
0.93668	35.07
0.95335	35.06
0.97002	35.05
0.98668	35.03
1.00335	35.01
1.02002	35.00
1.03668	34.99
1.05335	34.98
1.07002	34.99
1.08668	34.99
1.10335	34.99
1.12002	34.99
1.13668	34.99
1.15335	34.98
1.17002	34.98
1.18668	34.98
1.20335	34.98
1.22002	34.97
1.23668	34.97
1.25335	34.97
1.27002	34.98
1.28668	34.99
1.30335	35.01
1.32002	35.02
1.33668	35.01
1.35335	35.00
1.37002	35.01
1.38668	35.00
1.40335	35.00
1.42002	34.99
1.43668	34.98
1.45335	34.97
1.47002	34.98
1.48668	34.98
1.50335	34.99
1.52002	34.99
1.53668	34.99
1.55335	34.98
1.57002	34.97
1.58668	34.98
1.60335	35.03
1.62002	35.15
1.63668	35.32
1.65335	35.55
1.67002	35.87
1.68668	36.22
1.70335	36.57
1.72002	36.91
1.73668	37.27
1.75335	37.61
1.77002	37.90
1.78668	38.22
1.80335	38.56
1.82002	38.89
1.83668	39.22
1.85335	39.56
1.87002	39.90
1.88668	40.22
1.90335	40.54
1.92002	40.88
1.93668	41.20
1.95335	41.54
1.97002	41.86
1.98668	42.19
2.00335	42.52
2.02002	42.86
2.03668	43.18
2.05335	43.51
2.07002	43.82
2.08668	44.13
2.10335	44.46
2.12002	44.79
2.13668	45.11
2.15335	45.45
2.17002	45.77
2.18668	46.11
2.20335	46.43
2.22002	46.76
2.23668	47.09
2.25335	47.44
2.27002	47.76
2.28668	48.09
2.30335	48.43
2.32002	48.76
2.33668	49.08
2.35335	49.35
2.37002	49.56
2.38668	49.64
2.40335	49.64
2.42002	49.65
2.43668	49.64
2.45335	49.67
2.47002	49.66
2.48668	49.68
2.50335	49.69
2.52002	49.71
2.53668	49.72
2.55335	49.73
2.57002	49.75
2.58668	49.79
2.60335	49.80
2.62002	49.83
2.63668	49.83
2.65335	49.83
2.67002	49.83
2.68668	49.85
2.70335	49.85
2.72002	49.85
2.73668	49.87
2.75335	49.87
2.77002	49.86
2.78668	49.86
2.80335	49.86
2.82002	49.86
2.83668	49.85
2.85335	49.88
2.87002	49.89
2.88668	49.90
2.90335	49.91
2.92002	49.94
2.93668	49.95
2.95335	49.97
2.97002	49.99
2.98668	50.00
3.00335	49.99
3.02002	49.99
3.03668	49.99
3.05335	50.00
3.07002	50.01
3.08668	50.02
3.10335	50.03
3.12002	50.03
3.13668	50.05
3.15335	50.07
3.17002	50.09
3.18668	50.10
3.20335	50.10
3.22002	50.10
3.23668	50.09
3.25335	50.09
3.27002	50.08
3.28668	50.09
3.30335	50.08
3.32002	50.09
3.33668	50.10
3.35335	50.10
3.37002	50.10
3.38668	50.09
3.40335	50.09
3.42002	50.08
3.43668	50.08
3.45335	50.07
3.47002	50.07
3.48668	50.06
3.50335	50.06
3.52002	50.06
3.53668	50.06
3.55335	50.06
3.57002	50.06
3.58668	50.05
3.60335	50.06
3.62002	50.06
3.63668	50.07
3.65335	50.08
3.67002	50.09
3.68668	50.09
3.70335	50.09
3.72002	50.09
3.73668	50.08
3.75335	50.09
3.77002	50.08
3.78668	50.08
3.80335	50.08
3.82002	50.09
3.83668	50.11
3.85335	50.11
3.87002	50.10
3.88668	50.09
3.90335	50.07
3.92002	50.06
3.93668	50.04
3.95335	50.04
3.97002	50.04
3.98668	50.04

[Status Trace (Injection Unit Temperature)]
Interval(msec)	1000
# of Points	240
Start Time(min)	0.003
End Time(min)	3.987
Intensity Units	
Intensity Multiplier	1
R.Time (min)	Intensity
0.00335	99.98
0.02002	99.99
0.03668	99.99
0.05335	99.99
0.07002	99.99
0.08668	99.99
0.10335	99.99
0.12002	99.99
0.13668	99.99
0.15335	99.99
0.17002	99.98
0.18668	99.99
0.20335	99.98
0.22002	99.99
0.23668	99.99
0.25335	99.99
0.27002	99.99
0.28668	99.99
0.30335	99.99
0.32002	99.99
0.33668	99.99
0.35335	99.99
0.37002	99.99
0.38668	99.98
0.40335	99.99
0.42002	99.99
0.43668	99.99
0.45335	99.99
0.47002	99.99
0.48668	99.99
0.50335	99.99
0.52002	99.99
0.53668	99.99
0.55335	99.99
0.57002	99.99
0.58668	99.99
0.60335	99.99
0.62002	99.99
0.63668	99.98
0.65335	99.99
0.67002	99.99
0.68668	99.99
0.70335	99.98
0.72002	99.99
0.73668	99.99
0.75335	99.98
0.77002	99.99
0.78668	99.98
0.80335	99.99
0.82002	99.99
0.83668	99.99
0.85335	99.99
0.87002	99.99
0.88668	99.99
0.90335	99.99
0.92002	99.99
0.93668	99.99
0.95335	99.99
0.97002	99.99
0.98668	99.99
1.00335	99.99
1.02002	99.99
1.03668	99.99
1.05335	99.99
1.07002	99.99
1.08668	99.99
1.10335	99.99
1.12002	99.99
1.13668	99.99
1.15335	99.99
1.17002	99.99
1.18668	99.99
1.20335	99.99
1.22002	99.99
1.23668	99.99
1.25335	99.99
1.27002	99.99
1.28668	99.99
1.30335	99.99
1.32002	99.99
1.33668	99.99
1.35335	99.99
1.37002	99.99
1.38668	99.99
1.40335	99.98
1.42002	99.99
1.43668	99.99
1.45335	99.98
1.47002	99.99
1.48668	99.98
1.50335	99.99
1.52002	99.99
1.53668	99.99
1.55335	99.99
1.57002	99.99
1.58668	99.99
1.60335	99.99
1.62002	99.99
1.63668	99.99
1.65335	99.99
1.67002	99.98
1.68668	99.98
1.70335	99.99
1.72002	99.99
1.73668	99.98
1.75335	99.98
1.77002	99.98
1.78668	99.99
1.80335	99.98
1.82002	99.98
1.83668	99.99
1.85335	99.98
1.87002	99.98
1.88668	99.98
1.90335	99.98
1.92002	99.98
1.93668	99.98
1.95335	99.98
1.97002	99.98
1.98668	99.98
2.00335	99.98
2.02002	99.98
2.03668	99.98
2.05335	99.98
2.07002	99.98
2.08668	99.97
2.10335	99.98
2.12002	99.97
2.13668	99.97
2.15335	99.97
2.17002	99.97
2.18668	99.97
2.20335	99.97
2.22002	99.97
2.23668	99.97
2.25335	99.97
2.27002	99.97
2.28668	99.97
2.30335	99.97
2.32002	99.97
2.33668	99.97
2.35335	99.97
2.37002	99.97
2.38668	99.97
2.40335	99.97
2.42002	99.97
2.43668	99.98
2.45335	99.97
2.47002	99.97
2.48668	99.98
2.50335	99.98
2.52002	99.98
2.53668	99.98
2.55335	99.98
2.57002	99.98
2.58668	99.98
2.60335	99.98
2.62002	99.98
2.63668	99.98
2.65335	99.98
2.67002	99.98
2.68668	99.98
2.70335	99.99
2.72002	99.99
2.73668	99.99
2.75335	99.99
2.77002	99.99
2.78668	100.00
2.80335	99.99
2.82002	100.00
2.83668	100.00
2.85335	100.00
2.87002	99.99
2.88668	100.01
2.90335	100.00
2.92002	100.00
2.93668	100.01
2.95335	100.01
2.97002	100.01
2.98668	100.01
3.00335	100.01
3.02002	100.01
3.03668	100.01
3.05335	100.01
3.07002	100.01
3.08668	100.02
3.10335	100.02
3.12002	100.02
3.13668	100.02
3.15335	100.02
3.17002	100.02
3.18668	100.02
3.20335	100.02
3.22002	100.02
3.23668	100.02
3.25335	100.03
3.27002	100.02
3.28668	100.03
3.30335	100.03
3.32002	100.03
3.33668	100.03
3.35335	100.03
3.37002	100.03
3.38668	100.03
3.40335	100.04
3.42002	100.04
3.43668	100.04
3.45335	100.04
3.47002	100.04
3.48668	100.04
3.50335	100.04
3.52002	100.04
3.53668	100.04
3.55335	100.04
3.57002	100.04
3.58668	100.05
3.60335	100.04
3.62002	100.05
3.63668	100.05
3.65335	100.05
3.67002	100.05
3.68668	100.05
3.70335	100.05
3.72002	100.05
3.73668	100.05
3.75335	100.05
3.77002	100.05
3.78668	100.05
3.80335	100.05
3.82002	100.05
3.83668	100.05
3.85335	100.05
3.87002	100.05
3.88668	100.05
3.90335	100.05
3.92002	100.05
3.93668	100.05
3.95335	100.05
3.97002	100.05
3.98668	100.05

[Status Trace (Carrier Gas Pressure)]
Interval(msec)	1000
# of Points	240
Start Time(min)	0.003
End Time(min)	3.987
Intensity Units	
Intensity Multiplier	1
R.Time (min)	Intensity
0.00335	58.00
0.02002	56.12
0.03668	56.42
0.05335	58.53
0.07002	59.90
0.08668	58.31
0.10335	57.97
0.12002	58.00
0.13668	58.01
0.15335	58.01
0.17002	58.00
0.18668	58.00
0.20335	58.00
0.22002	58.00
0.23668	58.00
0.25335	58.00
0.27002	58.00
0.28668	58.00
0.30335	58.00
0.32002	58.00
0.33668	58.00
0.35335	58.00
0.37002	58.00
0.38668	58.00
0.40335	58.00
0.42002	58.00
0.43668	58.00
0.45335	58.00
0.47002	58.00
0.48668	58.00
0.50335	58.00
0.52002	58.00
0.53668	58.00
0.55335	58.00
0.57002	58.00
0.58668	58.00
0.60335	58.00
0.62002	58.00
0.63668	58.00
0.65335	58.00
0.67002	58.00
0.68668	58.00
0.70335	58.00
0.72002	58.00
0.73668	58.00
0.75335	58.00
0.77002	58.00
0.78668	58.00
0.80335	58.00
0.82002	58.00
0.83668	58.00
0.85335	58.00
0.87002	58.00
0.88668	58.00
0.90335	58.00
0.92002	58.00
0.93668	58.00
0.95335	58.00
0.97002	58.00
0.98668	58.00
1.00335	58.00
1.02002	58.00
1.03668	58.00
1.05335	58.00
1.07002	58.00
1.08668	58.00
1.10335	58.00
1.12002	58.00
1.13668	58.00
1.15335	58.00
1.17002	58.00
1.18668	58.00
1.20335	58.00
1.22002	58.00
1.23668	58.00
1.25335	58.00
1.27002	58.00
1.28668	58.00
1.30335	58.00
1.32002	58.00
1.33668	58.00
1.35335	58.00
1.37002	58.00
1.38668	58.00
1.40335	58.00
1.42002	58.00
1.43668	58.00
1.45335	58.00
1.47002	58.00
1.48668	58.00
1.50335	58.00
1.52002	58.00
1.53668	58.00
1.55335	58.00
1.57002	58.00
1.58668	58.00
1.60335	58.00
1.62002	58.00
1.63668	58.00
1.65335	58.00
1.67002	58.01
1.68668	58.01
1.70335	58.00
1.72002	58.00
1.73668	58.00
1.75335	58.00
1.77002	58.00
1.78668	58.00
1.80335	58.00
1.82002	58.00
1.83668	58.00
1.85335	58.00
1.87002	58.00
1.88668	58.00
1.90335	58.00
1.92002	58.00
1.93668	58.00
1.95335	58.00
1.97002	58.00
1.98668	58.00
2.00335	58.00
2.02002	58.00
2.03668	58.00
2.05335	58.00
2.07002	58.00
2.08668	58.00
2.10335	58.00
2.12002	58.00
2.13668	58.00
2.15335	58.00
2.17002	58.00
2.18668	58.00
2.20335	58.00
2.22002	58.00
2.23668	58.00
2.25335	58.00
2.27002	58.00
2.28668	58.00
2.30335	58.00
2.32002	58.00
2.33668	58.00
2.35335	58.00
2.37002	58.00
2.38668	57.99
2.40335	57.99
2.42002	58.00
2.43668	58.00
2.45335	58.00
2.47002	58.00
2.48668	58.00
2.50335	57.96
2.52002	58.00
2.53668	58.00
2.55335	58.00
2.57002	58.00
2.58668	58.00
2.60335	58.00
2.62002	58.00
2.63668	58.00
2.65335	58.00
2.67002	58.00
2.68668	58.00
2.70335	58.00
2.72002	58.00
2.73668	58.00
2.75335	58.00
2.77002	58.00
2.78668	58.00
2.80335	58.00
2.82002	58.00
2.83668	58.00
2.85335	58.00
2.87002	58.00
2.88668	58.00
2.90335	58.00
2.92002	58.00
2.93668	58.00
2.95335	58.00
2.97002	58.00
2.98668	58.00
3.00335	58.00
3.02002	58.00
3.03668	58.00
3.05335	58.00
3.07002	58.00
3.08668	58.00
3.10335	58.00
3.12002	58.00
3.13668	58.00
3.15335	58.00
3.17002	58.00
3.18668	58.00
3.20335	58.00
3.22002	58.00
3.23668	58.00
3.25335	58.00
3.27002	58.00
3.28668	58.00
3.30335	58.00
3.32002	58.00
3.33668	58.00
3.35335	58.00
3.37002	58.00
3.38668	58.00
3.40335	58.00
3.42002	58.00
3.43668	58.00
3.45335	58.00
3.47002	58.00
3.48668	58.00
3.50335	58.00
3.52002	58.00
3.53668	58.00
3.55335	58.00
3.57002	58.00
3.58668	58.00
3.60335	58.00
3.62002	58.00
3.63668	58.00
3.65335	58.00
3.67002	58.00
3.68668	58.00
3.70335	58.00
3.72002	58.00
3.73668	58.00
3.75335	58.00
3.77002	58.00
3.78668	58.00
3.80335	58.00
3.82002	58.00
3.83668	58.00
3.85335	58.00
3.87002	58.00
3.88668	58.00
3.90335	58.00
3.92002	58.00
3.93668	58.00
3.95335	58.00
3.97002	58.00
3.98668	58.00

[Status Trace (Carrier Gas Flow)]
Interval(msec)	1000
# of Points	240
Start Time(min)	0.003
End Time(min)	3.987
Intensity Units	
Intensity Multiplier	1
R.Time (min)	Intensity
0.00335	34.52
0.02002	34.61
0.03668	34.54
0.05335	34.54
0.07002	34.49
0.08668	34.51
0.10335	34.52
0.12002	34.52
0.13668	34.52
0.15335	34.52
0.17002	34.52
0.18668	34.52
0.20335	34.52
0.22002	34.52
0.23668	34.52
0.25335	34.52
0.27002	34.52
0.28668	34.52
0.30335	34.52
0.32002	34.52
0.33668	34.52
0.35335	34.52
0.37002	34.52
0.38668	34.52
0.40335	34.52
0.42002	34.52
0.43668	34.52
0.45335	34.52
0.47002	34.52
0.48668	34.52
0.50335	34.52
0.52002	34.52
0.53668	34.52
0.55335	34.52
0.57002	34.52
0.58668	34.52
0.60335	34.52
0.62002	34.52
0.63668	34.52
0.65335	34.52
0.67002	34.52
0.68668	34.52
0.70335	34.52
0.72002	34.52
0.73668	34.52
0.75335	34.52
0.77002	34.52
0.78668	34.52
0.80335	34.52
0.82002	34.52
0.83668	34.52
0.85335	34.52
0.87002	34.52
0.88668	34.52
0.90335	34.52
0.92002	34.52
0.93668	34.52
0.95335	34.52
0.97002	34.52
0.98668	34.52
1.00335	34.52
1.02002	34.52
1.03668	34.52
1.05335	34.52
1.07002	34.52
1.08668	34.52
1.10335	34.52
1.12002	34.52
1.13668	34.52
1.15335	34.52
1.17002	34.52
1.18668	34.52
1.20335	34.52
1.22002	34.52
1.23668	34.52
1.25335	34.52
1.27002	34.52
1.28668	34.52
1.30335	34.51
1.32002	34.52
1.33668	34.52
1.35335	34.52
1.37002	34.52
1.38668	34.52
1.40335	34.51
1.42002	34.52
1.43668	34.52
1.45335	34.51
1.47002	34.52
1.48668	34.52
1.50335	34.52
1.52002	34.52
1.53668	34.52
1.55335	34.52
1.57002	34.52
1.58668	34.52
1.60335	34.52
1.62002	34.52
1.63668	34.52
1.65335	34.52
1.67002	34.52
1.68668	34.52
1.70335	34.52
1.72002	34.52
1.73668	34.52
1.75335	34.52
1.77002	34.51
1.78668	34.52
1.80335	34.52
1.82002	34.52
1.83668	34.52
1.85335	34.52
1.87002	34.53
1.88668	34.52
1.90335	34.51
1.92002	34.52
1.93668	34.50
1.95335	34.52
1.97002	34.53
1.98668	34.52
2.00335	34.51
2.02002	34.53
2.03668	34.52
2.05335	34.52
2.07002	34.51
2.08668	34.51
2.10335	34.52
2.12002	34.51
2.13668	34.52
2.15335	34.50
2.17002	34.51
2.18668	34.52
2.20335	34.52
2.22002	34.51
2.23668	34.52
2.25335	34.52
2.27002	34.52
2.28668	34.52
2.30335	34.52
2.32002	34.51
2.33668	34.52
2.35335	34.52
2.37002	34.52
2.38668	34.53
2.40335	34.53
2.42002	34.50
2.43668	34.53
2.45335	34.51
2.47002	34.52
2.48668	34.50
2.50335	34.66
2.52002	34.52
2.53668	34.52
2.55335	34.52
2.57002	34.52
2.58668	34.52
2.60335	34.52
2.62002	34.52
2.63668	34.52
2.65335	34.52
2.67002	34.52
2.68668	34.52
2.70335	34.52
2.72002	34.52
2.73668	34.52
2.75335	34.52
2.77002	34.52
2.78668	34.52
2.80335	34.52
2.82002	34.52
2.83668	34.52
2.85335	34.52
2.87002	34.52
2.88668	34.52
2.90335	34.52
2.92002	34.52
2.93668	34.52
2.95335	34.52
2.97002	34.53
2.98668	34.52
3.00335	34.52
3.02002	34.51
3.03668	34.52
3.05335	34.51
3.07002	34.52
3.08668	34.52
3.10335	34.53
3.12002	34.52
3.13668	34.50
3.15335	34.53
3.17002	34.52
3.18668	34.52
3.20335	34.51
3.22002	34.52
3.23668	34.53
3.25335	34.53
3.27002	34.51
3.28668	34.51
3.30335	34.52
3.32002	34.51
3.33668	34.52
3.35335	34.52
3.37002	34.51
3.38668	34.52
3.40335	34.51
3.42002	34.52
3.43668	34.52
3.45335	34.50
3.47002	34.52
3.48668	34.52
3.50335	34.51
3.52002	34.51
3.53668	34.52
3.55335	34.52
3.57002	34.52
3.58668	34.52
3.60335	34.52
3.62002	34.52
3.63668	34.52
3.65335	34.52
3.67002	34.52
3.68668	34.51
3.70335	34.52
3.72002	34.52
3.73668	34.52
3.75335	34.52
3.77002	34.52
3.78668	34.52
3.80335	34.52
3.82002	34.52
3.83668	34.52
3.85335	34.52
3.87002	34.52
3.88668	34.52
3.90335	34.52
3.92002	34.52
3.93668	34.52
3.95335	34.52
3.97002	34.52
3.98668	34.52

[Status Trace (Column Flow)]
Interval(msec)	1000
# of Points	240
Start Time(min)	0.003
End Time(min)	3.987
Intensity Units	
Intensity Multiplier	1
R.Time (min)	Intensity
0.00335	5.57
0.02002	5.35
0.03668	5.38
0.05335	5.63
0.07002	5.79
0.08668	5.60
0.10335	5.56
0.12002	5.57
0.13668	5.57
0.15335	5.57
0.17002	5.57
0.18668	5.57
0.20335	5.57
0.22002	5.57
0.23668	5.57
0.25335	5.57
0.27002	5.57
0.28668	5.57
0.30335	5.57
0.32002	5.57
0.33668	5.57
0.35335	5.57
0.37002	5.57
0.38668	5.57
0.40335	5.57
0.42002	5.57
0.43668	5.57
0.45335	5.57
0.47002	5.57
0.48668	5.57
0.50335	5.57
0.52002	5.57
0.53668	5.57
0.55335	5.57
0.57002	5.57
0.58668	5.57
0.60335	5.57
0.62002	5.57
0.63668	5.57
0.65335	5.57
0.67002	5.57
0.68668	5.57
0.70335	5.57
0.72002	5.57
0.73668	5.57
0.75335	5.57
0.77002	5.57
0.78668	5.57
0.80335	5.57
0.82002	5.57
0.83668	5.57
0.85335	5.57
0.87002	5.57
0.88668	5.57
0.90335	5.57
0.92002	5.56
0.93668	5.57
0.95335	5.57
0.97002	5.57
0.98668	5.57
1.00335	5.57
1.02002	5.57
1.03668	5.57
1.05335	5.57
1.07002	5.57
1.08668	5.57
1.10335	5.57
1.12002	5.57
1.13668	5.57
1.15335	5.57
1.17002	5.57
1.18668	5.57
1.20335	5.57
1.22002	5.57
1.23668	5.57
1.25335	5.57
1.27002	5.57
1.28668	5.57
1.30335	5.57
1.32002	5.57
1.33668	5.57
1.35335	5.57
1.37002	5.57
1.38668	5.57
1.40335	5.57
1.42002	5.57
1.43668	5.57
1.45335	5.57
1.47002	5.57
1.48668	5.57
1.50335	5.57
1.52002	5.57
1.53668	5.57
1.55335	5.57
1.57002	5.57
1.58668	5.57
1.60335	5.57
1.62002	5.56
1.63668	5.56
1.65335	5.55
1.67002	5.54
1.68668	5.53
1.70335	5.52
1.72002	5.51
1.73668	5.50
1.75335	5.49
1.77002	5.48
1.78668	5.47
1.80335	5.46
1.82002	5.45
1.83668	5.44
1.85335	5.43
1.87002	5.41
1.88668	5.40
1.90335	5.40
1.92002	5.39
1.93668	5.38
1.95335	5.37
1.97002	5.36
1.98668	5.35
2.00335	5.34
2.02002	5.33
2.03668	5.32
2.05335	5.31
2.07002	5.30
2.08668	5.29
2.10335	5.28
2.12002	5.27
2.13668	5.26
2.15335	5.25
2.17002	5.24
2.18668	5.23
2.20335	5.22
2.22002	5.21
2.23668	5.20
2.25335	5.19
2.27002	5.18
2.28668	5.17
2.30335	5.17
2.32002	5.16
2.33668	5.15
2.35335	5.14
2.37002	5.13
2.38668	5.13
2.40335	5.13
2.42002	5.13
2.43668	5.13
2.45335	5.13
2.47002	5.13
2.48668	5.13
2.50335	5.12
2.52002	5.13
2.53668	5.13
2.55335	5.13
2.57002	5.13
2.58668	5.13
2.60335	5.13
2.62002	5.13
2.63668	5.12
2.65335	5.13
2.67002	5.13
2.68668	5.12
2.70335	5.12
2.72002	5.12
2.73668	5.12
2.75335	5.12
2.77002	5.12
2.78668	5.12
2.80335	5.12
2.82002	5.12
2.83668	5.12
2.85335	5.12
2.87002	5.12
2.88668	5.12
2.90335	5.12
2.92002	5.12
2.93668	5.12
2.95335	5.12
2.97002	5.12
2.98668	5.12
3.00335	5.12
3.02002	5.12
3.03668	5.12
3.05335	5.12
3.07002	5.12
3.08668	5.12
3.10335	5.12
3.12002	5.12
3.13668	5.12
3.15335	5.12
3.17002	5.12
3.18668	5.12
3.20335	5.12
3.22002	5.12
3.23668	5.12
3.25335	5.12
3.27002	5.12
3.28668	5.12
3.30335	5.12
3.32002	5.12
3.33668	5.12
3.35335	5.12
3.37002	5.12
3.38668	5.12
3.40335	5.12
3.42002	5.12
3.43668	5.12
3.45335	5.12
3.47002	5.12
3.48668	5.12
3.50335	5.12
3.52002	5.12
3.53668	5.12
3.55335	5.12
3.57002	5.12
3.58668	5.12
3.60335	5.12
3.62002	5.12
3.63668	5.12
3.65335	5.12
3.67002	5.12
3.68668	5.12
3.70335	5.12
3.72002	5.12
3.73668	5.12
3.75335	5.12
3.77002	5.12
3.78668	5.12
3.80335	5.12
3.82002	5.12
3.83668	5.12
3.85335	5.12
3.87002	5.12
3.88668	5.12
3.90335	5.12
3.92002	5.12
3.93668	5.12
3.95335	5.12
3.97002	5.12
3.98668	5.12

[Status Trace (Linear Velocity)]
Interval(msec)	1000
# of Points	240
Start Time(min)	0.003
End Time(min)	3.987
Intensity Units	
Intensity Multiplier	1
R.Time (min)	Intensity
0.00335	39.02
0.02002	37.79
0.03668	37.99
0.05335	39.37
0.07002	40.28
0.08668	39.23
0.10335	39.01
0.12002	39.03
0.13668	39.04
0.15335	39.03
0.17002	39.03
0.18668	39.03
0.20335	39.03
0.22002	39.03
0.23668	39.03
0.25335	39.03
0.27002	39.03
0.28668	39.03
0.30335	39.03
0.32002	39.03
0.33668	39.03
0.35335	39.03
0.37002	39.03
0.38668	39.03
0.40335	39.03
0.42002	39.03
0.43668	39.03
0.45335	39.03
0.47002	39.03
0.48668	39.03
0.50335	39.03
0.52002	39.03
0.53668	39.03
0.55335	39.03
0.57002	39.03
0.58668	39.03
0.60335	39.03
0.62002	39.03
0.63668	39.03
0.65335	39.03
0.67002	39.03
0.68668	39.03
0.70335	39.03
0.72002	39.02
0.73668	39.02
0.75335	39.02
0.77002	39.02
0.78668	39.02
0.80335	39.02
0.82002	39.02
0.83668	39.02
0.85335	39.02
0.87002	39.02
0.88668	39.02
0.90335	39.02
0.92002	39.02
0.93668	39.02
0.95335	39.02
0.97002	39.02
0.98668	39.02
1.00335	39.03
1.02002	39.03
1.03668	39.03
1.05335	39.03
1.07002	39.03
1.08668	39.03
1.10335	39.03
1.12002	39.03
1.13668	39.03
1.15335	39.03
1.17002	39.03
1.18668	39.03
1.20335	39.03
1.22002	39.03
1.23668	39.03
1.25335	39.03
1.27002	39.03
1.28668	39.03
1.30335	39.03
1.32002	39.02
1.33668	39.03
1.35335	39.03
1.37002	39.03
1.38668	39.03
1.40335	39.03
1.42002	39.03
1.43668	39.03
1.45335	39.03
1.47002	39.03
1.48668	39.03
1.50335	39.03
1.52002	39.03
1.53668	39.03
1.55335	39.03
1.57002	39.03
1.58668	39.03
1.60335	39.03
1.62002	39.02
1.63668	39.00
1.65335	38.98
1.67002	38.95
1.68668	38.91
1.70335	38.88
1.72002	38.84
1.73668	38.81
1.75335	38.78
1.77002	38.75
1.78668	38.72
1.80335	38.69
1.82002	38.66
1.83668	38.63
1.85335	38.60
1.87002	38.56
1.88668	38.53
1.90335	38.50
1.92002	38.47
1.93668	38.44
1.95335	38.41
1.97002	38.38
1.98668	38.35
2.00335	38.32
2.02002	38.29
2.03668	38.26
2.05335	38.23
2.07002	38.20
2.08668	38.17
2.10335	38.14
2.12002	38.11
2.13668	38.08
2.15335	38.05
2.17002	38.02
2.18668	37.99
2.20335	37.96
2.22002	37.93
2.23668	37.90
2.25335	37.87
2.27002	37.84
2.28668	37.81
2.30335	37.79
2.32002	37.75
2.33668	37.72
2.35335	37.70
2.37002	37.68
2.38668	37.67
2.40335	37.67
2.42002	37.67
2.43668	37.67
2.45335	37.67
2.47002	37.67
2.48668	37.67
2.50335	37.65
2.52002	37.67
2.53668	37.66
2.55335	37.67
2.57002	37.67
2.58668	37.66
2.60335	37.66
2.62002	37.66
2.63668	37.66
2.65335	37.66
2.67002	37.66
2.68668	37.66
2.70335	37.66
2.72002	37.66
2.73668	37.66
2.75335	37.65
2.77002	37.66
2.78668	37.65
2.80335	37.66
2.82002	37.66
2.83668	37.66
2.85335	37.65
2.87002	37.65
2.88668	37.65
2.90335	37.65
2.92002	37.65
2.93668	37.65
2.95335	37.65
2.97002	37.64
2.98668	37.64
3.00335	37.64
3.02002	37.64
3.03668	37.64
3.05335	37.64
3.07002	37.64
3.08668	37.64
3.10335	37.64
3.12002	37.64
3.13668	37.64
3.15335	37.64
3.17002	37.63
3.18668	37.63
3.20335	37.63
3.22002	37.63
3.23668	37.63
3.25335	37.64
3.27002	37.64
3.28668	37.64
3.30335	37.64
3.32002	37.63
3.33668	37.63
3.35335	37.63
3.37002	37.63
3.38668	37.64
3.40335	37.63
3.42002	37.64
3.43668	37.64
3.45335	37.64
3.47002	37.64
3.48668	37.64
3.50335	37.64
3.52002	37.64
3.53668	37.64
3.55335	37.64
3.57002	37.64
3.58668	37.64
3.60335	37.64
3.62002	37.64
3.63668	37.64
3.65335	37.64
3.67002	37.64
3.68668	37.64
3.70335	37.63
3.72002	37.64
3.73668	37.64
3.75335	37.64
3.77002	37.64
3.78668	37.64
3.80335	37.64
3.82002	37.63
3.83668	37.63
3.85335	37.63
3.87002	37.63
3.88668	37.63
3.90335	37.64
3.92002	37.64
3.93668	37.64
3.95335	37.64
3.97002	37.64
3.98668	37.64

