[Header]
Application Name	LabSolutions
Version	5.110
Data File Name	C:\Users\User\Desktop\GC Analyses\Jack\UIC Prairie Sampling\7.22.22\220722_089.gcd
Output Date	10/5/2022
Output Time	2:13:43 PM

[File Information]
Type	Data File
Generated	10/5/2022 11:36:36 AM
Generated by	System Administrator
Modified	10/5/2022 11:40:43 AM
Modified by	System Administrator

[Sample Information]
Operator Name	System Administrator
Acquired	10/5/2022 11:36:42 AM
Sample Type	1:Standard
Level	1
Sample Name	220722_UICPrairie
Sample ID	220722_UICPrairie
ISTD Amount1	1
ISTD Amount2	1
ISTD Amount3	1
ISTD Amount4	1
ISTD Amount5	1
ISTD Amount6	1
ISTD Amount7	1
ISTD Amount8	1
ISTD Amount9	1
ISTD Amount10	1
ISTD Amount11	1
ISTD Amount12	1
ISTD Amount13	1
ISTD Amount14	1
ISTD Amount15	1
ISTD Amount16	1
ISTD Amount17	1
ISTD Amount18	1
ISTD Amount19	1
ISTD Amount20	1
ISTD Amount21	1
ISTD Amount22	1
ISTD Amount23	1
ISTD Amount24	1
ISTD Amount25	1
ISTD Amount26	1
ISTD Amount27	1
ISTD Amount28	1
ISTD Amount29	1
ISTD Amount30	1
ISTD Amount31	1
ISTD Amount32	1
Sample Amount	1
Dilution Factor	1
Vial#	1
Injection Volume	1
Injection Count	1
Bar Code	

[Original Files]
Data File	C:\Users\User\Desktop\GC Analyses\Jack\UIC Prairie Sampling\7.22.22\220722_089.gcd
Method File	C:\LabSolutions\Data\GHG_4min_2022\ghg3_togas_w_acet_4 min_new_int.gcm
Batch File	
Report Format File	c:\LabSolutions\System\DEFAULT.lsr

[File Description]


[Configuration]
Instrument Name	C0B7VH3-Instrument1
Instrument #	1
Line #	1
# of Detectors	3
Detector ID	DET#1	DET#2	DET#3
Detector Name	FID	PTCD	ECD
# of Channels	1	1	1

[Peak Table(Ch1)]
# of Peaks	3
Peak#	R.Time	I.Time	F.Time	Area	Height	A/H	Conc.	Mark	ID#	Name	k'	Plate #	Plate Ht.	Tailing	Resolution	Sep.Factor	Area Ratio	Height Ratio	Conc. %	Norm Conc.
1	1.479	1.443	1.542	14232	6390	2.227	100.000	   	1	CO	0.000	8473	17.703	1.216	0.000	0.000	0	0	16.667	16.667
2	1.575	1.542	1.630	4597	2305	1.995	100.000	 V 	2	CH4	0.064	11365	13.198	1.085	1.546	0.000	0	0	16.667	16.667
3	2.000	1.952	2.334	2721993	1326304	2.052	400.000	   	3	CO2	0.352	17788	8.433	1.310	7.144	5.462	0	0	66.667	66.667

[Peak Table(Ch2)]
# of Peaks	0

[Peak Table(Ch3)]
# of Peaks	3
Peak#	R.Time	I.Time	F.Time	Area	Height	A/H	Conc.	Mark	ID#	Name	k'	Plate #	Plate Ht.	Tailing	Resolution	Sep.Factor	Area Ratio	Height Ratio	Conc. %	Norm Conc.
1	2.568	1.747	2.667	9506	698	13.621	0.000	   			0.000	2126	70.571	0.000	0.000	0.000	0	0	0.000	0.000
2	2.726	2.667	2.821	2757	331	8.320	0.117	 V 	1	N2O	0.061	127	1176.980	0.000	0.265	0.000	0	0	11.701	11.701
3	2.887	2.821	3.254	20807	4936	4.216	0.883	 V 	1	N2O	0.124	12634	11.872	0.000	0.302	2.023	0	0	88.299	88.299

[Compound Results(Ch1)]
# of IDs	6
ID#	Name	R.Time	Area	Height	Conc.	Curve	3rd	2nd	1st	Constant	Area Ratio	Height Ratio	Conc. %	Norm Conc.
1	CO	1.479	14232	6390	100.000	Linear	0.000000e+00	0.000000e+00	1.423228e+002	0.000000e+00	0	0	16.667	16.667
2	CH4	1.575	4597	2305	100.000	Linear	0.000000e+00	0.000000e+00	4.597496e+001	0.000000e+00	0	0	16.667	16.667
3	CO2	2.000	2721993	1326304	400.000	Linear	0.000000e+00	0.000000e+00	6.804983e+003	0.000000e+00	0	0	66.667	66.667
4	Ethylene	0.000	0	0	0.000	Linear	0.000000e+00	0.000000e+00	0.000000e+00	0.000000e+00	0	0	0.000	0.000
5	Acetylene	0.000	0	0	0.000	Linear	0.000000e+00	0.000000e+00	0.000000e+00	0.000000e+00	0	0	0.000	0.000
6	Ethane	0.000	0	0	0.000	Linear	0.000000e+00	0.000000e+00	0.000000e+00	0.000000e+00	0	0	0.000	0.000

[Compound Results(Ch2)]
# of IDs	5
ID#	Name	R.Time	Area	Height	Conc.	Curve	3rd	2nd	1st	Constant	Area Ratio	Height Ratio	Conc. %	Norm Conc.
1	Hydrogen	0.000	0	0	0.000	Linear	0.000000e+00	0.000000e+00	0.000000e+00	0.000000e+00	0	0	0.000	0.000
2	Oxygen	0.000	0	0	0.000	Linear	0.000000e+00	0.000000e+00	0.000000e+00	0.000000e+00	0	0	0.000	0.000
3	Nitrogen	0.000	0	0	0.000	Linear	0.000000e+00	0.000000e+00	0.000000e+00	0.000000e+00	0	0	0.000	0.000
4	Methane	0.000	0	0	0.000	Linear	0.000000e+00	0.000000e+00	0.000000e+00	0.000000e+00	0	0	0.000	0.000
5	Carbon Monoxide	0.000	0	0	0.000	Linear	0.000000e+00	0.000000e+00	0.000000e+00	0.000000e+00	0	0	0.000	0.000

[Compound Results(Ch3)]
# of IDs	2
ID#	Name	R.Time	Area	Height	Conc.	Curve	3rd	2nd	1st	Constant	Area Ratio	Height Ratio	Conc. %	Norm Conc.
1	N2O	2.887	23564	5267	1.000	Linear	0.000000e+00	0.000000e+00	2.356432e+004	0.000000e+00	0	0	100.000	100.000
2	SF6	0.000	0	0	0.000	Linear	0.000000e+00	0.000000e+00	0.000000e+00	0.000000e+00	0	0	0.000	0.000

[Group Results(Ch1)]
# of Groups	0

[Group Results(Ch2)]
# of Groups	0

[Group Results(Ch3)]
# of Groups	0

[Chromatogram (Ch1)]
Interval(msec)	220
# of Points	1091
Start Time(min)	0.002
End Time(min)	3.998
R.Time (min)	Intensity
0.00167	-34
0.00533	-32
0.00900	-23
0.01267	-12
0.01633	-6
0.02000	-2
0.02367	0
0.02733	1
0.03100	-4
0.03467	-10
0.03833	-17
0.04200	-22
0.04567	-25
0.04933	-26
0.05300	-28
0.05667	-27
0.06033	-22
0.06400	-16
0.06767	-7
0.07133	-0
0.07500	3
0.07867	4
0.08233	6
0.08600	7
0.08967	4
0.09333	0
0.09700	-3
0.10067	-7
0.10433	-14
0.10800	-21
0.11167	-27
0.11533	-31
0.11900	-34
0.12267	-36
0.12633	-35
0.13000	-30
0.13367	-20
0.13733	-10
0.14100	-6
0.14467	-9
0.14833	-13
0.15200	-18
0.15567	-21
0.15933	-26
0.16300	-31
0.16667	-37
0.17033	-40
0.17400	-42
0.17767	-37
0.18133	-30
0.18500	-24
0.18867	-20
0.19233	-16
0.19600	-14
0.19967	-14
0.20333	-17
0.20700	-21
0.21067	-26
0.21433	-28
0.21800	-26
0.22167	-22
0.22533	-22
0.22900	-24
0.23267	-25
0.23633	-24
0.24000	-20
0.24367	-16
0.24733	-17
0.25100	-24
0.25467	-33
0.25833	-39
0.26200	-41
0.26567	-44
0.26933	-45
0.27300	-43
0.27667	-41
0.28033	-35
0.28400	-25
0.28767	-15
0.29133	-10
0.29500	-9
0.29867	-10
0.30233	-14
0.30600	-19
0.30967	-26
0.31333	-32
0.31700	-39
0.32067	-43
0.32433	-44
0.32800	-41
0.33167	-36
0.33533	-31
0.33900	-29
0.34267	-27
0.34633	-27
0.35000	-30
0.35367	-36
0.35733	-43
0.36100	-49
0.36467	-54
0.36833	-56
0.37200	-56
0.37567	-49
0.37933	-39
0.38300	-30
0.38667	-23
0.39033	-18
0.39400	-14
0.39767	-10
0.40133	-9
0.40500	-16
0.40867	-28
0.41233	-36
0.41600	-39
0.41967	-40
0.42333	-42
0.42700	-43
0.43067	-45
0.43433	-47
0.43800	-46
0.44167	-44
0.44533	-40
0.44900	-38
0.45267	-38
0.45633	-42
0.46000	-44
0.46367	-47
0.46733	-48
0.47100	-50
0.47467	-52
0.47833	-53
0.48200	-52
0.48567	-53
0.48933	-54
0.49300	-53
0.49667	-53
0.50033	-53
0.50400	-49
0.50767	-42
0.51133	-36
0.51500	-34
0.51867	-33
0.52233	-34
0.52600	-35
0.52967	-30
0.53333	-22
0.53700	-16
0.54067	-16
0.54433	-19
0.54800	-24
0.55167	-33
0.55533	-43
0.55900	-54
0.56267	-63
0.56633	-71
0.57000	-73
0.57367	-72
0.57733	-66
0.58100	-59
0.58467	-56
0.58833	-55
0.59200	-54
0.59567	-52
0.59933	-50
0.60300	-45
0.60667	-38
0.61033	-37
0.61400	-44
0.61767	-55
0.62133	-64
0.62500	-71
0.62867	-76
0.63233	-79
0.63600	-76
0.63967	-69
0.64333	-60
0.64700	-53
0.65067	-51
0.65433	-52
0.65800	-55
0.66167	-56
0.66533	-60
0.66900	-65
0.67267	-68
0.67633	-68
0.68000	-63
0.68367	-59
0.68733	-60
0.69100	-63
0.69467	-67
0.69833	-69
0.70200	-66
0.70567	-61
0.70933	-55
0.71300	-51
0.71667	-48
0.72033	-46
0.72400	-44
0.72767	-43
0.73133	-45
0.73500	-47
0.73867	-48
0.74233	-45
0.74600	-39
0.74967	-39
0.75333	-44
0.75700	-48
0.76067	-49
0.76433	-47
0.76800	-48
0.77167	-53
0.77533	-59
0.77900	-65
0.78267	-69
0.78633	-71
0.79000	-71
0.79367	-67
0.79733	-60
0.80100	-54
0.80467	-50
0.80833	-49
0.81200	-49
0.81567	-52
0.81933	-54
0.82300	-56
0.82667	-57
0.83033	-57
0.83400	-56
0.83767	-57
0.84133	-63
0.84500	-68
0.84867	-68
0.85233	-69
0.85600	-70
0.85967	-70
0.86333	-66
0.86700	-60
0.87067	-51
0.87433	-51
0.87800	-61
0.88167	-73
0.88533	-82
0.88900	-86
0.89267	-85
0.89633	-79
0.90000	-71
0.90367	-66
0.90733	-65
0.91100	-70
0.91467	-76
0.91833	-84
0.92200	-90
0.92567	-90
0.92933	-85
0.93300	-80
0.93667	-80
0.94033	-84
0.94400	-85
0.94767	-81
0.95133	-75
0.95500	-70
0.95867	-69
0.96233	-71
0.96600	-73
0.96967	-76
0.97333	-82
0.97700	-91
0.98067	-96
0.98433	-97
0.98800	-93
0.99167	-88
0.99533	-82
0.99900	-82
1.00267	-86
1.00633	-89
1.01000	-90
1.01367	-89
1.01733	-87
1.02100	-82
1.02467	-78
1.02833	-78
1.03200	-83
1.03567	-86
1.03933	-89
1.04300	-89
1.04667	-86
1.05033	-83
1.05400	-78
1.05767	-75
1.06133	-73
1.06500	-73
1.06867	-75
1.07233	-77
1.07600	-81
1.07967	-95
1.08333	-113
1.08700	-115
1.09067	-110
1.09433	-103
1.09800	-97
1.10167	-97
1.10533	-97
1.10900	-98
1.11267	-99
1.11633	-100
1.12000	-97
1.12367	-95
1.12733	-95
1.13100	-96
1.13467	-93
1.13833	-89
1.14200	-88
1.14567	-90
1.14933	-89
1.15300	-85
1.15667	-80
1.16033	-78
1.16400	-80
1.16767	-83
1.17133	-89
1.17500	-92
1.17867	-93
1.18233	-95
1.18600	-94
1.18967	-91
1.19333	-88
1.19700	-83
1.20067	-80
1.20433	-78
1.20800	-77
1.21167	-73
1.21533	-74
1.21900	-78
1.22267	-84
1.22633	-91
1.23000	-96
1.23367	-97
1.23733	-96
1.24100	-93
1.24467	-90
1.24833	-89
1.25200	-93
1.25567	-99
1.25933	-106
1.26300	-109
1.26667	-108
1.27033	-108
1.27400	-108
1.27767	-107
1.28133	-103
1.28500	-101
1.28867	-99
1.29233	-98
1.29600	-102
1.29967	-101
1.30333	-98
1.30700	-90
1.31067	-81
1.31433	-81
1.31800	-87
1.32167	-95
1.32533	-104
1.32900	-116
1.33267	-126
1.33633	-127
1.34000	-125
1.34367	-124
1.34733	-123
1.35100	-124
1.35467	-125
1.35833	-123
1.36200	-118
1.36567	-116
1.36933	-115
1.37300	-111
1.37667	-104
1.38033	-95
1.38400	-88
1.38767	-85
1.39133	-87
1.39500	-93
1.39867	-98
1.40233	-101
1.40600	-107
1.40967	-108
1.41333	-107
1.41700	-108
1.42067	-109
1.42433	-111
1.42800	-113
1.43167	-114
1.43533	-118
1.43900	-123
1.44267	-104
1.44633	6
1.45000	305
1.45367	833
1.45733	1637
1.46100	2701
1.46467	3849
1.46833	4873
1.47200	5650
1.47567	6133
1.47933	6279
1.48300	6062
1.48667	5506
1.49033	4695
1.49400	3775
1.49767	2888
1.50133	2127
1.50500	1520
1.50867	1058
1.51233	718
1.51600	474
1.51967	303
1.52333	190
1.52700	108
1.53067	47
1.53433	3
1.53800	-23
1.54167	-31
1.54533	5
1.54900	149
1.55267	447
1.55633	867
1.56000	1313
1.56367	1702
1.56733	1995
1.57100	2163
1.57467	2178
1.57833	2022
1.58200	1722
1.58567	1349
1.58933	980
1.59300	663
1.59667	414
1.60033	235
1.60400	110
1.60767	24
1.61133	-33
1.61500	-73
1.61867	-99
1.62233	-116
1.62600	-129
1.62967	-136
1.63333	-141
1.63700	-144
1.64067	-145
1.64433	-143
1.64800	-143
1.65167	-143
1.65533	-144
1.65900	-142
1.66267	-140
1.66633	-138
1.67000	-136
1.67367	-136
1.67733	-138
1.68100	-140
1.68467	-143
1.68833	-145
1.69200	-148
1.69567	-150
1.69933	-153
1.70300	-158
1.70667	-164
1.71033	-159
1.71400	-155
1.71767	-150
1.72133	-147
1.72500	-147
1.72867	-148
1.73233	-147
1.73600	-146
1.73967	-142
1.74333	-142
1.74700	-146
1.75067	-149
1.75433	-149
1.75800	-150
1.76167	-153
1.76533	-157
1.76900	-157
1.77267	-152
1.77633	-146
1.78000	-142
1.78367	-143
1.78733	-145
1.79100	-147
1.79467	-145
1.79833	-140
1.80200	-137
1.80567	-138
1.80933	-138
1.81300	-135
1.81667	-131
1.82033	-128
1.82400	-124
1.82767	-117
1.83133	-114
1.83500	-117
1.83867	-121
1.84233	-121
1.84600	-119
1.84967	-121
1.85333	-124
1.85700	-125
1.86067	-121
1.86433	-116
1.86800	-115
1.87167	-118
1.87533	-120
1.87900	-119
1.88267	-114
1.88633	-112
1.89000	-113
1.89367	-117
1.89733	-122
1.90100	-127
1.90467	-129
1.90833	-130
1.91200	-127
1.91567	-119
1.91933	-113
1.92300	-111
1.92667	-110
1.93033	-110
1.93400	-110
1.93767	-110
1.94133	-110
1.94500	-110
1.94867	-109
1.95233	-102
1.95600	-77
1.95967	58
1.96333	879
1.96700	4995
1.97067	20639
1.97433	66010
1.97800	166951
1.98167	340601
1.98533	576354
1.98900	835600
1.99267	1070419
1.99633	1241877
2.00000	1326243
2.00367	1314577
2.00733	1215209
2.01100	1051107
2.01467	854687
2.01833	657987
2.02200	483994
2.02567	343660
2.02933	237984
2.03300	162245
2.03667	109806
2.04033	74328
2.04400	50667
2.04767	34998
2.05133	24623
2.05500	17714
2.05867	13067
2.06233	9896
2.06600	7694
2.06967	6138
2.07333	5015
2.07700	4184
2.08067	3550
2.08433	3057
2.08800	2668
2.09167	2356
2.09533	2101
2.09900	1892
2.10267	1717
2.10633	1568
2.11000	1439
2.11367	1325
2.11733	1223
2.12100	1133
2.12467	1053
2.12833	980
2.13200	921
2.13567	874
2.13933	841
2.14300	813
2.14667	784
2.15033	749
2.15400	714
2.15767	681
2.16133	652
2.16500	623
2.16867	596
2.17233	570
2.17600	548
2.17967	529
2.18333	510
2.18700	491
2.19067	475
2.19433	463
2.19800	446
2.20167	429
2.20533	413
2.20900	396
2.21267	382
2.21633	372
2.22000	366
2.22367	359
2.22733	349
2.23100	337
2.23467	324
2.23833	315
2.24200	311
2.24567	307
2.24933	302
2.25300	288
2.25667	281
2.26033	287
2.26400	295
2.26767	293
2.27133	283
2.27500	263
2.27867	260
2.28233	262
2.28600	265
2.28967	264
2.29333	258
2.29700	247
2.30067	238
2.30433	230
2.30800	224
2.31167	222
2.31533	225
2.31900	227
2.32267	227
2.32633	227
2.33000	224
2.33367	225
2.33733	222
2.34100	218
2.34467	214
2.34833	209
2.35200	201
2.35567	203
2.35933	213
2.36300	211
2.36667	209
2.37033	210
2.37400	211
2.37767	210
2.38133	209
2.38500	208
2.38867	205
2.39233	209
2.39600	210
2.39967	208
2.40333	205
2.40700	201
2.41067	207
2.41433	210
2.41800	208
2.42167	204
2.42533	202
2.42900	202
2.43267	207
2.43633	208
2.44000	204
2.44367	197
2.44733	193
2.45100	193
2.45467	196
2.45833	202
2.46200	202
2.46567	196
2.46933	192
2.47300	188
2.47667	185
2.48033	184
2.48400	183
2.48767	181
2.49133	177
2.49500	172
2.49867	168
2.50233	164
2.50600	162
2.50967	163
2.51333	167
2.51700	173
2.52067	175
2.52433	176
2.52800	176
2.53167	179
2.53533	188
2.53900	199
2.54267	203
2.54633	200
2.55000	193
2.55367	187
2.55733	186
2.56100	185
2.56467	179
2.56833	172
2.57200	166
2.57567	159
2.57933	155
2.58300	151
2.58667	150
2.59033	151
2.59400	157
2.59767	165
2.60133	169
2.60500	169
2.60867	170
2.61233	172
2.61600	176
2.61967	179
2.62333	181
2.62700	179
2.63067	175
2.63433	168
2.63800	159
2.64167	147
2.64533	134
2.64900	121
2.65267	116
2.65633	116
2.66000	117
2.66367	120
2.66733	123
2.67100	124
2.67467	127
2.67833	130
2.68200	133
2.68567	136
2.68933	139
2.69300	143
2.69667	145
2.70033	145
2.70400	145
2.70767	148
2.71133	151
2.71500	149
2.71867	148
2.72233	148
2.72600	148
2.72967	149
2.73333	150
2.73700	150
2.74067	149
2.74433	145
2.74800	143
2.75167	137
2.75533	131
2.75900	127
2.76267	126
2.76633	127
2.77000	126
2.77367	123
2.77733	119
2.78100	116
2.78467	112
2.78833	109
2.79200	107
2.79567	104
2.79933	100
2.80300	98
2.80667	103
2.81033	108
2.81400	113
2.81767	119
2.82133	126
2.82500	130
2.82867	131
2.83233	128
2.83600	122
2.83967	113
2.84333	105
2.84700	99
2.85067	99
2.85433	106
2.85800	115
2.86167	122
2.86533	123
2.86900	121
2.87267	116
2.87633	108
2.88000	103
2.88367	103
2.88733	105
2.89100	106
2.89467	104
2.89833	101
2.90200	98
2.90567	94
2.90933	94
2.91300	97
2.91667	101
2.92033	104
2.92400	107
2.92767	110
2.93133	108
2.93500	103
2.93867	98
2.94233	94
2.94600	93
2.94967	92
2.95333	94
2.95700	95
2.96067	98
2.96433	102
2.96800	102
2.97167	103
2.97533	102
2.97900	102
2.98267	103
2.98633	100
2.99000	96
2.99367	96
2.99733	98
3.00100	101
3.00467	104
3.00833	105
3.01200	104
3.01567	103
3.01933	105
3.02300	109
3.02667	112
3.03033	114
3.03400	113
3.03767	104
3.04133	96
3.04500	90
3.04867	87
3.05233	84
3.05600	84
3.05967	89
3.06333	99
3.06700	104
3.07067	102
3.07433	95
3.07800	88
3.08167	81
3.08533	76
3.08900	73
3.09267	70
3.09633	69
3.10000	72
3.10367	78
3.10733	87
3.11100	90
3.11467	86
3.11833	82
3.12200	78
3.12567	74
3.12933	73
3.13300	76
3.13667	79
3.14033	82
3.14400	86
3.14767	89
3.15133	93
3.15500	96
3.15867	89
3.16233	79
3.16600	69
3.16967	67
3.17333	68
3.17700	69
3.18067	70
3.18433	69
3.18800	71
3.19167	73
3.19533	74
3.19900	75
3.20267	73
3.20633	73
3.21000	72
3.21367	71
3.21733	69
3.22100	69
3.22467	75
3.22833	82
3.23200	84
3.23567	82
3.23933	80
3.24300	80
3.24667	82
3.25033	83
3.25400	84
3.25767	84
3.26133	83
3.26500	80
3.26867	75
3.27233	65
3.27600	52
3.27967	44
3.28333	43
3.28700	43
3.29067	46
3.29433	50
3.29800	55
3.30167	61
3.30533	70
3.30900	78
3.31267	80
3.31633	80
3.32000	81
3.32367	87
3.32733	96
3.33100	104
3.33467	104
3.33833	90
3.34200	71
3.34567	54
3.34933	44
3.35300	38
3.35667	36
3.36033	38
3.36400	40
3.36767	42
3.37133	41
3.37500	40
3.37867	40
3.38233	41
3.38600	41
3.38967	39
3.39333	38
3.39700	38
3.40067	41
3.40433	44
3.40800	47
3.41167	50
3.41533	54
3.41900	57
3.42267	58
3.42633	60
3.43000	62
3.43367	63
3.43733	61
3.44100	55
3.44467	50
3.44833	46
3.45200	44
3.45567	45
3.45933	49
3.46300	53
3.46667	58
3.47033	63
3.47400	68
3.47767	71
3.48133	69
3.48500	65
3.48867	58
3.49233	48
3.49600	40
3.49967	35
3.50333	36
3.50700	41
3.51067	47
3.51433	52
3.51800	53
3.52167	53
3.52533	52
3.52900	51
3.53267	50
3.53633	51
3.54000	55
3.54367	61
3.54733	69
3.55100	70
3.55467	60
3.55833	44
3.56200	30
3.56567	25
3.56933	21
3.57300	18
3.57667	25
3.58033	34
3.58400	39
3.58767	39
3.59133	36
3.59500	34
3.59867	36
3.60233	42
3.60600	46
3.60967	48
3.61333	47
3.61700	46
3.62067	43
3.62433	41
3.62800	43
3.63167	48
3.63533	54
3.63900	58
3.64267	57
3.64633	53
3.65000	51
3.65367	59
3.65733	62
3.66100	56
3.66467	48
3.66833	41
3.67200	36
3.67567	35
3.67933	37
3.68300	41
3.68667	46
3.69033	50
3.69400	52
3.69767	51
3.70133	47
3.70500	40
3.70867	33
3.71233	29
3.71600	27
3.71967	28
3.72333	33
3.72700	35
3.73067	35
3.73433	38
3.73800	44
3.74167	49
3.74533	54
3.74900	58
3.75267	60
3.75633	62
3.76000	58
3.76367	51
3.76733	44
3.77100	38
3.77467	33
3.77833	30
3.78200	33
3.78567	40
3.78933	47
3.79300	50
3.79667	48
3.80033	42
3.80400	35
3.80767	29
3.81133	29
3.81500	34
3.81867	38
3.82233	36
3.82600	32
3.82967	28
3.83333	24
3.83700	26
3.84067	33
3.84433	43
3.84800	49
3.85167	49
3.85533	46
3.85900	42
3.86267	36
3.86633	27
3.87000	19
3.87367	14
3.87733	13
3.88100	12
3.88467	12
3.88833	13
3.89200	14
3.89567	15
3.89933	17
3.90300	20
3.90667	24
3.91033	28
3.91400	32
3.91767	33
3.92133	31
3.92500	25
3.92867	19
3.93233	17
3.93600	16
3.93967	18
3.94333	23
3.94700	27
3.95067	28
3.95433	28
3.95800	25
3.96167	23
3.96533	24
3.96900	27
3.97267	31
3.97633	33
3.98000	33
3.98367	36
3.98733	36
3.99100	33
3.99467	31
3.99833	32

[Chromatogram (Ch2)]
Interval(msec)	220
# of Points	1091
Start Time(min)	0.002
End Time(min)	3.998
R.Time (min)	Intensity
0.00167	-1
0.00533	-1
0.00900	-1
0.01267	-1
0.01633	-1
0.02000	-1
0.02367	-1
0.02733	-2
0.03100	-2
0.03467	-2
0.03833	-2
0.04200	-2
0.04567	-1
0.04933	-1
0.05300	-1
0.05667	-1
0.06033	-1
0.06400	-2
0.06767	-2
0.07133	-2
0.07500	-2
0.07867	-2
0.08233	-2
0.08600	-1
0.08967	-1
0.09333	-1
0.09700	-1
0.10067	-2
0.10433	-2
0.10800	-2
0.11167	-2
0.11533	-2
0.11900	-1
0.12267	-1
0.12633	-1
0.13000	-1
0.13367	-0
0.13733	-0
0.14100	-0
0.14467	-0
0.14833	-1
0.15200	-1
0.15567	-1
0.15933	-1
0.16300	-1
0.16667	-1
0.17033	-1
0.17400	-1
0.17767	-1
0.18133	-1
0.18500	-1
0.18867	-1
0.19233	-1
0.19600	-1
0.19967	-1
0.20333	-2
0.20700	-2
0.21067	-2
0.21433	-2
0.21800	-2
0.22167	-2
0.22533	-3
0.22900	-3
0.23267	-3
0.23633	-3
0.24000	-3
0.24367	-3
0.24733	-3
0.25100	-3
0.25467	-3
0.25833	-3
0.26200	-3
0.26567	-3
0.26933	-3
0.27300	-3
0.27667	-3
0.28033	-3
0.28400	-3
0.28767	-3
0.29133	-3
0.29500	-3
0.29867	-3
0.30233	-3
0.30600	-3
0.30967	-3
0.31333	-2
0.31700	-2
0.32067	-3
0.32433	-3
0.32800	-3
0.33167	-3
0.33533	-3
0.33900	-3
0.34267	-4
0.34633	-4
0.35000	-4
0.35367	-4
0.35733	-4
0.36100	-5
0.36467	-5
0.36833	-5
0.37200	-5
0.37567	-5
0.37933	-6
0.38300	-6
0.38667	-6
0.39033	-6
0.39400	-6
0.39767	-6
0.40133	-6
0.40500	-6
0.40867	-6
0.41233	-6
0.41600	-6
0.41967	-6
0.42333	-6
0.42700	-7
0.43067	-7
0.43433	-7
0.43800	-7
0.44167	-7
0.44533	-6
0.44900	-6
0.45267	-6
0.45633	-5
0.46000	-5
0.46367	-5
0.46733	-4
0.47100	-4
0.47467	-4
0.47833	-4
0.48200	-4
0.48567	-4
0.48933	-3
0.49300	-3
0.49667	-2
0.50033	-2
0.50400	-1
0.50767	-1
0.51133	-1
0.51500	-1
0.51867	-1
0.52233	-1
0.52600	-1
0.52967	-1
0.53333	-1
0.53700	-1
0.54067	-2
0.54433	-2
0.54800	-2
0.55167	-2
0.55533	-2
0.55900	-2
0.56267	-3
0.56633	-3
0.57000	-3
0.57367	-3
0.57733	-4
0.58100	-4
0.58467	-4
0.58833	-4
0.59200	-4
0.59567	-4
0.59933	-4
0.60300	-5
0.60667	-5
0.61033	-5
0.61400	-6
0.61767	-6
0.62133	-6
0.62500	-6
0.62867	-6
0.63233	-6
0.63600	-5
0.63967	-5
0.64333	-4
0.64700	-4
0.65067	-4
0.65433	-4
0.65800	-4
0.66167	-4
0.66533	-4
0.66900	-4
0.67267	-4
0.67633	-4
0.68000	-4
0.68367	-4
0.68733	-4
0.69100	-4
0.69467	-5
0.69833	-5
0.70200	-5
0.70567	-5
0.70933	-5
0.71300	-5
0.71667	-5
0.72033	-5
0.72400	-5
0.72767	-5
0.73133	-5
0.73500	-4
0.73867	-4
0.74233	-4
0.74600	-4
0.74967	-4
0.75333	-4
0.75700	-4
0.76067	-3
0.76433	-3
0.76800	-3
0.77167	-4
0.77533	-4
0.77900	-3
0.78267	-3
0.78633	-3
0.79000	-3
0.79367	-3
0.79733	-3
0.80100	-3
0.80467	-3
0.80833	-3
0.81200	-3
0.81567	-3
0.81933	-3
0.82300	-3
0.82667	-4
0.83033	-4
0.83400	-4
0.83767	-4
0.84133	-4
0.84500	-4
0.84867	-4
0.85233	-4
0.85600	-4
0.85967	-4
0.86333	-4
0.86700	-3
0.87067	-3
0.87433	-3
0.87800	-3
0.88167	-2
0.88533	-2
0.88900	-2
0.89267	-2
0.89633	-2
0.90000	-2
0.90367	-2
0.90733	-2
0.91100	-2
0.91467	-2
0.91833	-2
0.92200	-2
0.92567	-2
0.92933	-1
0.93300	-1
0.93667	-2
0.94033	-2
0.94400	-2
0.94767	-2
0.95133	-2
0.95500	-3
0.95867	-3
0.96233	-3
0.96600	-4
0.96967	-4
0.97333	-4
0.97700	-5
0.98067	-5
0.98433	-5
0.98800	-6
0.99167	-6
0.99533	-6
0.99900	-7
1.00267	-7
1.00633	-7
1.01000	-8
1.01367	-8
1.01733	-9
1.02100	-9
1.02467	-10
1.02833	-10
1.03200	-10
1.03567	-11
1.03933	-11
1.04300	-11
1.04667	-10
1.05033	-10
1.05400	-10
1.05767	-9
1.06133	-8
1.06500	-8
1.06867	-7
1.07233	-7
1.07600	-6
1.07967	-5
1.08333	-5
1.08700	-4
1.09067	-4
1.09433	-4
1.09800	-4
1.10167	-3
1.10533	-3
1.10900	-3
1.11267	-3
1.11633	-3
1.12000	-3
1.12367	-3
1.12733	-3
1.13100	-4
1.13467	-4
1.13833	-4
1.14200	-4
1.14567	-4
1.14933	-4
1.15300	-4
1.15667	-3
1.16033	-3
1.16400	-3
1.16767	-3
1.17133	-3
1.17500	-3
1.17867	-3
1.18233	-2
1.18600	-2
1.18967	-2
1.19333	-2
1.19700	-2
1.20067	-2
1.20433	-2
1.20800	-2
1.21167	-2
1.21533	-2
1.21900	-2
1.22267	-2
1.22633	-2
1.23000	-2
1.23367	-2
1.23733	-2
1.24100	-2
1.24467	-2
1.24833	-3
1.25200	-3
1.25567	-3
1.25933	-3
1.26300	-3
1.26667	-3
1.27033	-3
1.27400	-3
1.27767	-3
1.28133	-3
1.28500	-3
1.28867	-3
1.29233	-4
1.29600	-4
1.29967	-4
1.30333	-4
1.30700	-4
1.31067	-4
1.31433	-5
1.31800	-5
1.32167	-5
1.32533	-5
1.32900	-5
1.33267	-4
1.33633	-4
1.34000	-4
1.34367	-4
1.34733	-4
1.35100	-4
1.35467	-4
1.35833	-4
1.36200	-4
1.36567	-5
1.36933	-5
1.37300	-5
1.37667	-6
1.38033	-6
1.38400	-7
1.38767	-8
1.39133	-8
1.39500	-8
1.39867	-9
1.40233	-9
1.40600	-9
1.40967	-9
1.41333	-9
1.41700	-9
1.42067	-8
1.42433	-8
1.42800	-8
1.43167	-8
1.43533	-7
1.43900	-7
1.44267	-6
1.44633	-6
1.45000	-5
1.45367	-5
1.45733	-4
1.46100	-4
1.46467	-3
1.46833	-3
1.47200	-3
1.47567	-3
1.47933	-3
1.48300	-3
1.48667	-3
1.49033	-4
1.49400	-4
1.49767	-4
1.50133	-4
1.50500	-4
1.50867	-4
1.51233	-4
1.51600	-4
1.51967	-4
1.52333	-4
1.52700	-4
1.53067	-4
1.53433	-4
1.53800	-4
1.54167	-4
1.54533	-4
1.54900	-4
1.55267	-4
1.55633	-4
1.56000	-4
1.56367	-4
1.56733	-4
1.57100	-4
1.57467	-4
1.57833	-4
1.58200	-4
1.58567	-4
1.58933	-4
1.59300	-4
1.59667	-5
1.60033	-6
1.60400	-7
1.60767	-8
1.61133	-10
1.61500	-12
1.61867	-15
1.62233	-17
1.62600	-20
1.62967	-23
1.63333	-26
1.63700	-29
1.64067	-33
1.64433	-36
1.64800	-40
1.65167	-43
1.65533	-47
1.65900	-51
1.66267	-56
1.66633	-61
1.67000	-66
1.67367	-72
1.67733	-78
1.68100	-83
1.68467	-88
1.68833	-92
1.69200	-96
1.69567	-100
1.69933	-103
1.70300	-105
1.70667	-108
1.71033	-109
1.71400	-111
1.71767	-113
1.72133	-114
1.72500	-114
1.72867	-115
1.73233	-116
1.73600	-116
1.73967	-117
1.74333	-117
1.74700	-118
1.75067	-119
1.75433	-120
1.75800	-121
1.76167	-122
1.76533	-122
1.76900	-123
1.77267	-123
1.77633	-123
1.78000	-123
1.78367	-122
1.78733	-122
1.79100	-121
1.79467	-120
1.79833	-120
1.80200	-120
1.80567	-121
1.80933	-122
1.81300	-122
1.81667	-123
1.82033	-124
1.82400	-125
1.82767	-126
1.83133	-126
1.83500	-127
1.83867	-127
1.84233	-127
1.84600	-127
1.84967	-126
1.85333	-126
1.85700	-126
1.86067	-125
1.86433	-125
1.86800	-125
1.87167	-125
1.87533	-125
1.87900	-126
1.88267	-126
1.88633	-127
1.89000	-128
1.89367	-128
1.89733	-129
1.90100	-128
1.90467	-128
1.90833	-128
1.91200	-127
1.91567	-127
1.91933	-126
1.92300	-126
1.92667	-125
1.93033	-125
1.93400	-124
1.93767	-123
1.94133	-123
1.94500	-122
1.94867	-121
1.95233	-121
1.95600	-120
1.95967	-120
1.96333	-121
1.96700	-121
1.97067	-121
1.97433	-121
1.97800	-122
1.98167	-122
1.98533	-122
1.98900	-121
1.99267	-120
1.99633	-120
2.00000	-120
2.00367	-119
2.00733	-118
2.01100	-118
2.01467	-117
2.01833	-116
2.02200	-116
2.02567	-116
2.02933	-115
2.03300	-115
2.03667	-114
2.04033	-114
2.04400	-114
2.04767	-113
2.05133	-112
2.05500	-112
2.05867	-112
2.06233	-112
2.06600	-111
2.06967	-111
2.07333	-111
2.07700	-110
2.08067	-110
2.08433	-110
2.08800	-110
2.09167	-110
2.09533	-109
2.09900	-109
2.10267	-109
2.10633	-109
2.11000	-109
2.11367	-109
2.11733	-109
2.12100	-109
2.12467	-109
2.12833	-110
2.13200	-110
2.13567	-109
2.13933	-109
2.14300	-109
2.14667	-108
2.15033	-107
2.15400	-107
2.15767	-106
2.16133	-106
2.16500	-105
2.16867	-105
2.17233	-104
2.17600	-104
2.17967	-103
2.18333	-103
2.18700	-102
2.19067	-102
2.19433	-102
2.19800	-102
2.20167	-101
2.20533	-101
2.20900	-101
2.21267	-100
2.21633	-100
2.22000	-99
2.22367	-99
2.22733	-99
2.23100	-99
2.23467	-99
2.23833	-99
2.24200	-99
2.24567	-99
2.24933	-99
2.25300	-99
2.25667	-99
2.26033	-99
2.26400	-98
2.26767	-98
2.27133	-98
2.27500	-98
2.27867	-98
2.28233	-98
2.28600	-97
2.28967	-97
2.29333	-96
2.29700	-95
2.30067	-95
2.30433	-94
2.30800	-94
2.31167	-94
2.31533	-94
2.31900	-94
2.32267	-93
2.32633	-93
2.33000	-92
2.33367	-92
2.33733	-92
2.34100	-92
2.34467	-91
2.34833	-90
2.35200	-90
2.35567	-90
2.35933	-89
2.36300	-89
2.36667	-89
2.37033	-88
2.37400	-87
2.37767	-85
2.38133	-83
2.38500	-80
2.38867	-76
2.39233	-72
2.39600	-67
2.39967	-62
2.40333	-57
2.40700	-52
2.41067	-46
2.41433	-41
2.41800	-36
2.42167	-31
2.42533	-27
2.42900	-24
2.43267	-21
2.43633	-19
2.44000	-18
2.44367	-16
2.44733	-15
2.45100	-14
2.45467	-13
2.45833	-11
2.46200	-10
2.46567	-8
2.46933	-6
2.47300	-5
2.47667	-3
2.48033	-2
2.48400	-1
2.48767	-0
2.49133	0
2.49500	1
2.49867	2
2.50233	2
2.50600	3
2.50967	3
2.51333	4
2.51700	4
2.52067	4
2.52433	5
2.52800	6
2.53167	7
2.53533	8
2.53900	9
2.54267	9
2.54633	10
2.55000	10
2.55367	10
2.55733	10
2.56100	10
2.56467	10
2.56833	10
2.57200	10
2.57567	10
2.57933	10
2.58300	10
2.58667	10
2.59033	10
2.59400	10
2.59767	10
2.60133	10
2.60500	10
2.60867	10
2.61233	10
2.61600	10
2.61967	11
2.62333	11
2.62700	12
2.63067	12
2.63433	12
2.63800	13
2.64167	13
2.64533	13
2.64900	13
2.65267	13
2.65633	13
2.66000	13
2.66367	14
2.66733	14
2.67100	14
2.67467	15
2.67833	15
2.68200	15
2.68567	16
2.68933	16
2.69300	17
2.69667	17
2.70033	18
2.70400	18
2.70767	18
2.71133	18
2.71500	18
2.71867	18
2.72233	17
2.72600	18
2.72967	18
2.73333	18
2.73700	18
2.74067	18
2.74433	18
2.74800	18
2.75167	18
2.75533	18
2.75900	19
2.76267	19
2.76633	19
2.77000	19
2.77367	19
2.77733	20
2.78100	19
2.78467	19
2.78833	19
2.79200	19
2.79567	18
2.79933	18
2.80300	18
2.80667	17
2.81033	17
2.81400	17
2.81767	17
2.82133	17
2.82500	17
2.82867	17
2.83233	18
2.83600	18
2.83967	18
2.84333	18
2.84700	18
2.85067	17
2.85433	14
2.85800	10
2.86167	3
2.86533	-6
2.86900	-18
2.87267	-35
2.87633	-55
2.88000	-80
2.88367	-108
2.88733	-141
2.89100	-177
2.89467	-216
2.89833	-258
2.90200	-303
2.90567	-350
2.90933	-398
2.91300	-448
2.91667	-498
2.92033	-549
2.92400	-599
2.92767	-648
2.93133	-697
2.93500	-745
2.93867	-793
2.94233	-843
2.94600	-898
2.94967	-959
2.95333	-1019
2.95700	-1068
2.96067	-1095
2.96433	-1096
2.96800	-1071
2.97167	-1024
2.97533	-961
2.97900	-888
2.98267	-809
2.98633	-728
2.99000	-649
2.99367	-574
2.99733	-504
3.00100	-440
3.00467	-382
3.00833	-331
3.01200	-285
3.01567	-244
3.01933	-209
3.02300	-178
3.02667	-152
3.03033	-129
3.03400	-109
3.03767	-92
3.04133	-77
3.04500	-64
3.04867	-53
3.05233	-44
3.05600	-37
3.05967	-30
3.06333	-24
3.06700	-20
3.07067	-15
3.07433	-12
3.07800	-9
3.08167	-6
3.08533	-4
3.08900	-3
3.09267	-1
3.09633	0
3.10000	1
3.10367	3
3.10733	4
3.11100	4
3.11467	5
3.11833	6
3.12200	6
3.12567	6
3.12933	7
3.13300	7
3.13667	8
3.14033	8
3.14400	9
3.14767	9
3.15133	9
3.15500	10
3.15867	10
3.16233	11
3.16600	11
3.16967	12
3.17333	12
3.17700	13
3.18067	13
3.18433	13
3.18800	13
3.19167	14
3.19533	14
3.19900	15
3.20267	15
3.20633	15
3.21000	16
3.21367	16
3.21733	16
3.22100	16
3.22467	17
3.22833	17
3.23200	17
3.23567	17
3.23933	17
3.24300	17
3.24667	17
3.25033	17
3.25400	17
3.25767	17
3.26133	18
3.26500	18
3.26867	18
3.27233	18
3.27600	18
3.27967	19
3.28333	19
3.28700	19
3.29067	19
3.29433	19
3.29800	19
3.30167	19
3.30533	19
3.30900	19
3.31267	19
3.31633	19
3.32000	19
3.32367	19
3.32733	19
3.33100	19
3.33467	19
3.33833	19
3.34200	20
3.34567	20
3.34933	20
3.35300	20
3.35667	20
3.36033	20
3.36400	20
3.36767	20
3.37133	19
3.37500	19
3.37867	19
3.38233	19
3.38600	19
3.38967	19
3.39333	19
3.39700	19
3.40067	20
3.40433	20
3.40800	20
3.41167	20
3.41533	20
3.41900	20
3.42267	20
3.42633	20
3.43000	20
3.43367	20
3.43733	20
3.44100	20
3.44467	20
3.44833	21
3.45200	21
3.45567	21
3.45933	21
3.46300	21
3.46667	21
3.47033	21
3.47400	21
3.47767	21
3.48133	21
3.48500	21
3.48867	21
3.49233	22
3.49600	22
3.49967	22
3.50333	22
3.50700	23
3.51067	23
3.51433	23
3.51800	22
3.52167	22
3.52533	22
3.52900	22
3.53267	22
3.53633	22
3.54000	22
3.54367	22
3.54733	22
3.55100	23
3.55467	23
3.55833	23
3.56200	23
3.56567	23
3.56933	23
3.57300	23
3.57667	23
3.58033	23
3.58400	23
3.58767	23
3.59133	23
3.59500	23
3.59867	23
3.60233	23
3.60600	23
3.60967	23
3.61333	23
3.61700	23
3.62067	23
3.62433	22
3.62800	22
3.63167	22
3.63533	22
3.63900	22
3.64267	22
3.64633	21
3.65000	21
3.65367	21
3.65733	21
3.66100	21
3.66467	21
3.66833	21
3.67200	21
3.67567	21
3.67933	21
3.68300	21
3.68667	21
3.69033	21
3.69400	21
3.69767	21
3.70133	21
3.70500	21
3.70867	21
3.71233	21
3.71600	21
3.71967	21
3.72333	21
3.72700	21
3.73067	21
3.73433	22
3.73800	21
3.74167	21
3.74533	21
3.74900	21
3.75267	21
3.75633	21
3.76000	21
3.76367	21
3.76733	21
3.77100	21
3.77467	21
3.77833	21
3.78200	21
3.78567	21
3.78933	21
3.79300	21
3.79667	21
3.80033	21
3.80400	20
3.80767	20
3.81133	20
3.81500	20
3.81867	20
3.82233	20
3.82600	20
3.82967	20
3.83333	20
3.83700	20
3.84067	20
3.84433	20
3.84800	20
3.85167	20
3.85533	20
3.85900	20
3.86267	20
3.86633	21
3.87000	21
3.87367	21
3.87733	21
3.88100	21
3.88467	21
3.88833	21
3.89200	22
3.89567	22
3.89933	22
3.90300	22
3.90667	22
3.91033	22
3.91400	21
3.91767	21
3.92133	21
3.92500	21
3.92867	21
3.93233	21
3.93600	21
3.93967	21
3.94333	21
3.94700	21
3.95067	21
3.95433	21
3.95800	21
3.96167	21
3.96533	21
3.96900	21
3.97267	21
3.97633	21
3.98000	21
3.98367	21
3.98733	21
3.99100	22
3.99467	22
3.99833	22

[Chromatogram (Ch3)]
Interval(msec)	220
# of Points	1091
Start Time(min)	0.002
End Time(min)	3.998
R.Time (min)	Intensity
0.00167	-1
0.00533	-1
0.00900	-0
0.01267	0
0.01633	-1
0.02000	-2
0.02367	-2
0.02733	-2
0.03100	-0
0.03467	2
0.03833	3
0.04200	4
0.04567	4
0.04933	3
0.05300	2
0.05667	2
0.06033	3
0.06400	2
0.06767	3
0.07133	4
0.07500	2
0.07867	-0
0.08233	-2
0.08600	-1
0.08967	1
0.09333	4
0.09700	5
0.10067	4
0.10433	4
0.10800	6
0.11167	8
0.11533	8
0.11900	8
0.12267	7
0.12633	5
0.13000	2
0.13367	1
0.13733	2
0.14100	5
0.14467	5
0.14833	5
0.15200	4
0.15567	2
0.15933	0
0.16300	2
0.16667	3
0.17033	5
0.17400	7
0.17767	8
0.18133	6
0.18500	5
0.18867	6
0.19233	7
0.19600	7
0.19967	5
0.20333	5
0.20700	7
0.21067	11
0.21433	14
0.21800	14
0.22167	13
0.22533	13
0.22900	13
0.23267	9
0.23633	9
0.24000	11
0.24367	12
0.24733	12
0.25100	12
0.25467	15
0.25833	18
0.26200	16
0.26567	14
0.26933	13
0.27300	12
0.27667	10
0.28033	7
0.28400	7
0.28767	6
0.29133	6
0.29500	6
0.29867	5
0.30233	7
0.30600	11
0.30967	17
0.31333	18
0.31700	18
0.32067	18
0.32433	15
0.32800	13
0.33167	13
0.33533	12
0.33900	10
0.34267	7
0.34633	6
0.35000	8
0.35367	10
0.35733	14
0.36100	17
0.36467	20
0.36833	21
0.37200	21
0.37567	20
0.37933	17
0.38300	14
0.38667	13
0.39033	14
0.39400	15
0.39767	17
0.40133	16
0.40500	16
0.40867	17
0.41233	17
0.41600	16
0.41967	13
0.42333	14
0.42700	18
0.43067	20
0.43433	21
0.43800	22
0.44167	21
0.44533	21
0.44900	20
0.45267	19
0.45633	15
0.46000	12
0.46367	11
0.46733	10
0.47100	11
0.47467	14
0.47833	15
0.48200	14
0.48567	12
0.48933	12
0.49300	12
0.49667	12
0.50033	15
0.50400	17
0.50767	17
0.51133	15
0.51500	14
0.51867	15
0.52233	18
0.52600	19
0.52967	19
0.53333	19
0.53700	18
0.54067	18
0.54433	19
0.54800	17
0.55167	14
0.55533	14
0.55900	14
0.56267	14
0.56633	13
0.57000	13
0.57367	15
0.57733	17
0.58100	17
0.58467	15
0.58833	16
0.59200	17
0.59567	17
0.59933	16
0.60300	15
0.60667	17
0.61033	19
0.61400	19
0.61767	19
0.62133	22
0.62500	21
0.62867	19
0.63233	22
0.63600	24
0.63967	23
0.64333	23
0.64700	23
0.65067	23
0.65433	22
0.65800	21
0.66167	20
0.66533	22
0.66900	22
0.67267	21
0.67633	20
0.68000	22
0.68367	23
0.68733	24
0.69100	23
0.69467	24
0.69833	24
0.70200	24
0.70567	23
0.70933	20
0.71300	19
0.71667	18
0.72033	18
0.72400	17
0.72767	16
0.73133	16
0.73500	17
0.73867	18
0.74233	21
0.74600	21
0.74967	20
0.75333	20
0.75700	20
0.76067	20
0.76433	21
0.76800	24
0.77167	24
0.77533	23
0.77900	23
0.78267	22
0.78633	22
0.79000	24
0.79367	26
0.79733	27
0.80100	27
0.80467	26
0.80833	25
0.81200	26
0.81567	26
0.81933	26
0.82300	26
0.82667	26
0.83033	25
0.83400	26
0.83767	26
0.84133	25
0.84500	26
0.84867	27
0.85233	28
0.85600	25
0.85967	23
0.86333	23
0.86700	24
0.87067	26
0.87433	28
0.87800	30
0.88167	31
0.88533	29
0.88900	26
0.89267	25
0.89633	23
0.90000	22
0.90367	19
0.90733	19
0.91100	20
0.91467	22
0.91833	23
0.92200	24
0.92567	23
0.92933	23
0.93300	23
0.93667	23
0.94033	22
0.94400	21
0.94767	23
0.95133	25
0.95500	28
0.95867	29
0.96233	29
0.96600	29
0.96967	29
0.97333	30
0.97700	29
0.98067	27
0.98433	27
0.98800	26
0.99167	25
0.99533	26
0.99900	27
1.00267	28
1.00633	28
1.01000	27
1.01367	28
1.01733	27
1.02100	28
1.02467	29
1.02833	27
1.03200	26
1.03567	27
1.03933	28
1.04300	30
1.04667	31
1.05033	32
1.05400	32
1.05767	33
1.06133	32
1.06500	29
1.06867	29
1.07233	29
1.07600	29
1.07967	29
1.08333	28
1.08700	26
1.09067	26
1.09433	27
1.09800	27
1.10167	27
1.10533	28
1.10900	29
1.11267	29
1.11633	29
1.12000	29
1.12367	29
1.12733	29
1.13100	30
1.13467	32
1.13833	33
1.14200	35
1.14567	35
1.14933	32
1.15300	29
1.15667	29
1.16033	29
1.16400	29
1.16767	30
1.17133	31
1.17500	31
1.17867	33
1.18233	33
1.18600	33
1.18967	34
1.19333	35
1.19700	35
1.20067	34
1.20433	30
1.20800	28
1.21167	26
1.21533	25
1.21900	26
1.22267	29
1.22633	31
1.23000	32
1.23367	31
1.23733	31
1.24100	33
1.24467	32
1.24833	33
1.25200	35
1.25567	33
1.25933	32
1.26300	32
1.26667	33
1.27033	33
1.27400	31
1.27767	29
1.28133	28
1.28500	27
1.28867	27
1.29233	27
1.29600	28
1.29967	29
1.30333	27
1.30700	24
1.31067	25
1.31433	28
1.31800	29
1.32167	28
1.32533	28
1.32900	29
1.33267	30
1.33633	31
1.34000	31
1.34367	29
1.34733	28
1.35100	27
1.35467	26
1.35833	27
1.36200	29
1.36567	28
1.36933	26
1.37300	26
1.37667	28
1.38033	28
1.38400	28
1.38767	30
1.39133	31
1.39500	30
1.39867	29
1.40233	27
1.40600	27
1.40967	27
1.41333	28
1.41700	30
1.42067	32
1.42433	35
1.42800	34
1.43167	31
1.43533	30
1.43900	27
1.44267	26
1.44633	24
1.45000	22
1.45367	23
1.45733	26
1.46100	30
1.46467	32
1.46833	34
1.47200	33
1.47567	31
1.47933	30
1.48300	30
1.48667	29
1.49033	28
1.49400	26
1.49767	24
1.50133	24
1.50500	27
1.50867	32
1.51233	34
1.51600	33
1.51967	32
1.52333	31
1.52700	30
1.53067	29
1.53433	29
1.53800	30
1.54167	32
1.54533	33
1.54900	33
1.55267	32
1.55633	32
1.56000	28
1.56367	26
1.56733	25
1.57100	26
1.57467	26
1.57833	26
1.58200	25
1.58567	24
1.58933	26
1.59300	27
1.59667	27
1.60033	28
1.60400	29
1.60767	31
1.61133	31
1.61500	31
1.61867	30
1.62233	28
1.62600	26
1.62967	27
1.63333	30
1.63700	32
1.64067	32
1.64433	33
1.64800	33
1.65167	34
1.65533	33
1.65900	35
1.66267	36
1.66633	35
1.67000	35
1.67367	35
1.67733	37
1.68100	39
1.68467	41
1.68833	42
1.69200	42
1.69567	43
1.69933	45
1.70300	48
1.70667	50
1.71033	51
1.71400	50
1.71767	49
1.72133	47
1.72500	46
1.72867	46
1.73233	45
1.73600	45
1.73967	47
1.74333	48
1.74700	48
1.75067	51
1.75433	53
1.75800	53
1.76167	53
1.76533	55
1.76900	55
1.77267	55
1.77633	56
1.78000	59
1.78367	59
1.78733	59
1.79100	60
1.79467	59
1.79833	62
1.80200	64
1.80567	64
1.80933	63
1.81300	63
1.81667	64
1.82033	65
1.82400	66
1.82767	65
1.83133	67
1.83500	71
1.83867	74
1.84233	73
1.84600	70
1.84967	69
1.85333	68
1.85700	70
1.86067	72
1.86433	74
1.86800	73
1.87167	73
1.87533	73
1.87900	74
1.88267	74
1.88633	76
1.89000	76
1.89367	75
1.89733	74
1.90100	72
1.90467	73
1.90833	75
1.91200	79
1.91567	81
1.91933	82
1.92300	83
1.92667	83
1.93033	84
1.93400	85
1.93767	88
1.94133	92
1.94500	92
1.94867	92
1.95233	91
1.95600	94
1.95967	98
1.96333	99
1.96700	99
1.97067	99
1.97433	97
1.97800	97
1.98167	100
1.98533	101
1.98900	101
1.99267	101
1.99633	102
2.00000	104
2.00367	105
2.00733	107
2.01100	108
2.01467	109
2.01833	112
2.02200	113
2.02567	112
2.02933	114
2.03300	116
2.03667	118
2.04033	119
2.04400	119
2.04767	120
2.05133	118
2.05500	118
2.05867	118
2.06233	120
2.06600	124
2.06967	128
2.07333	129
2.07700	128
2.08067	127
2.08433	129
2.08800	131
2.09167	134
2.09533	138
2.09900	140
2.10267	141
2.10633	144
2.11000	145
2.11367	146
2.11733	145
2.12100	144
2.12467	144
2.12833	147
2.13200	152
2.13567	156
2.13933	158
2.14300	159
2.14667	156
2.15033	155
2.15400	156
2.15767	158
2.16133	161
2.16500	162
2.16867	165
2.17233	169
2.17600	171
2.17967	172
2.18333	172
2.18700	174
2.19067	175
2.19433	176
2.19800	175
2.20167	177
2.20533	177
2.20900	180
2.21267	183
2.21633	188
2.22000	187
2.22367	186
2.22733	185
2.23100	187
2.23467	189
2.23833	193
2.24200	194
2.24567	196
2.24933	196
2.25300	196
2.25667	196
2.26033	197
2.26400	197
2.26767	199
2.27133	200
2.27500	201
2.27867	204
2.28233	207
2.28600	209
2.28967	211
2.29333	212
2.29700	214
2.30067	216
2.30433	219
2.30800	222
2.31167	224
2.31533	226
2.31900	227
2.32267	228
2.32633	229
2.33000	231
2.33367	230
2.33733	231
2.34100	235
2.34467	239
2.34833	241
2.35200	241
2.35567	243
2.35933	244
2.36300	246
2.36667	250
2.37033	252
2.37400	252
2.37767	254
2.38133	256
2.38500	256
2.38867	255
2.39233	256
2.39600	256
2.39967	253
2.40333	253
2.40700	252
2.41067	254
2.41433	257
2.41800	257
2.42167	257
2.42533	258
2.42900	261
2.43267	265
2.43633	267
2.44000	268
2.44367	272
2.44733	278
2.45100	274
2.45467	267
2.45833	271
2.46200	290
2.46567	317
2.46933	350
2.47300	390
2.47667	432
2.48033	474
2.48400	512
2.48767	550
2.49133	585
2.49500	618
2.49867	647
2.50233	672
2.50600	694
2.50967	711
2.51333	727
2.51700	740
2.52067	752
2.52433	763
2.52800	773
2.53167	781
2.53533	787
2.53900	791
2.54267	797
2.54633	803
2.55000	809
2.55367	812
2.55733	815
2.56100	817
2.56467	817
2.56833	819
2.57200	819
2.57567	819
2.57933	818
2.58300	819
2.58667	818
2.59033	815
2.59400	814
2.59767	812
2.60133	807
2.60500	795
2.60867	774
2.61233	747
2.61600	710
2.61967	669
2.62333	624
2.62700	580
2.63067	538
2.63433	499
2.63800	466
2.64167	440
2.64533	419
2.64900	403
2.65267	395
2.65633	390
2.66000	389
2.66367	389
2.66733	390
2.67100	393
2.67467	398
2.67833	406
2.68200	415
2.68567	422
2.68933	429
2.69300	436
2.69667	444
2.70033	450
2.70400	453
2.70767	456
2.71133	458
2.71500	461
2.71867	463
2.72233	466
2.72600	466
2.72967	466
2.73333	462
2.73700	458
2.74067	456
2.74433	453
2.74800	449
2.75167	446
2.75533	443
2.75900	443
2.76267	441
2.76633	437
2.77000	431
2.77367	426
2.77733	424
2.78100	424
2.78467	424
2.78833	422
2.79200	422
2.79567	423
2.79933	421
2.80300	418
2.80667	415
2.81033	415
2.81400	415
2.81767	416
2.82133	415
2.82500	416
2.82867	420
2.83233	432
2.83600	459
2.83967	518
2.84333	627
2.84700	807
2.85067	1078
2.85433	1453
2.85800	1924
2.86167	2467
2.86533	3052
2.86900	3633
2.87267	4159
2.87633	4592
2.88000	4898
2.88367	5061
2.88733	5085
2.89100	4984
2.89467	4785
2.89833	4512
2.90200	4192
2.90567	3849
2.90933	3500
2.91300	3161
2.91667	2839
2.92033	2541
2.92400	2268
2.92767	2022
2.93133	1803
2.93500	1609
2.93867	1439
2.94233	1290
2.94600	1161
2.94967	1047
2.95333	947
2.95700	862
2.96067	789
2.96433	724
2.96800	667
2.97167	617
2.97533	575
2.97900	537
2.98267	506
2.98633	480
2.99000	457
2.99367	436
2.99733	415
3.00100	396
3.00467	382
3.00833	370
3.01200	361
3.01567	352
3.01933	342
3.02300	333
3.02667	327
3.03033	321
3.03400	315
3.03767	310
3.04133	305
3.04500	301
3.04867	298
3.05233	296
3.05600	294
3.05967	291
3.06333	288
3.06700	284
3.07067	279
3.07433	274
3.07800	269
3.08167	264
3.08533	262
3.08900	259
3.09267	258
3.09633	256
3.10000	255
3.10367	251
3.10733	248
3.11100	244
3.11467	242
3.11833	241
3.12200	237
3.12567	233
3.12933	233
3.13300	233
3.13667	232
3.14033	230
3.14400	227
3.14767	225
3.15133	224
3.15500	224
3.15867	224
3.16233	223
3.16600	221
3.16967	217
3.17333	213
3.17700	210
3.18067	208
3.18433	207
3.18800	207
3.19167	206
3.19533	205
3.19900	204
3.20267	203
3.20633	200
3.21000	198
3.21367	198
3.21733	199
3.22100	199
3.22467	198
3.22833	199
3.23200	199
3.23567	197
3.23933	194
3.24300	191
3.24667	186
3.25033	183
3.25400	182
3.25767	181
3.26133	181
3.26500	179
3.26867	177
3.27233	176
3.27600	176
3.27967	177
3.28333	174
3.28700	171
3.29067	168
3.29433	167
3.29800	165
3.30167	160
3.30533	156
3.30900	155
3.31267	154
3.31633	151
3.32000	149
3.32367	147
3.32733	146
3.33100	145
3.33467	143
3.33833	142
3.34200	140
3.34567	136
3.34933	131
3.35300	126
3.35667	125
3.36033	123
3.36400	121
3.36767	119
3.37133	116
3.37500	115
3.37867	114
3.38233	111
3.38600	107
3.38967	105
3.39333	104
3.39700	103
3.40067	101
3.40433	100
3.40800	100
3.41167	97
3.41533	94
3.41900	91
3.42267	89
3.42633	88
3.43000	88
3.43367	88
3.43733	88
3.44100	88
3.44467	85
3.44833	80
3.45200	75
3.45567	71
3.45933	70
3.46300	71
3.46667	70
3.47033	70
3.47400	70
3.47767	69
3.48133	69
3.48500	67
3.48867	62
3.49233	58
3.49600	56
3.49967	56
3.50333	57
3.50700	56
3.51067	53
3.51433	53
3.51800	53
3.52167	51
3.52533	50
3.52900	46
3.53267	43
3.53633	41
3.54000	40
3.54367	40
3.54733	39
3.55100	36
3.55467	34
3.55833	34
3.56200	33
3.56567	34
3.56933	36
3.57300	36
3.57667	35
3.58033	33
3.58400	31
3.58767	29
3.59133	29
3.59500	26
3.59867	24
3.60233	24
3.60600	25
3.60967	23
3.61333	21
3.61700	21
3.62067	21
3.62433	19
3.62800	18
3.63167	19
3.63533	20
3.63900	19
3.64267	17
3.64633	13
3.65000	12
3.65367	11
3.65733	10
3.66100	10
3.66467	10
3.66833	11
3.67200	8
3.67567	6
3.67933	5
3.68300	4
3.68667	1
3.69033	2
3.69400	4
3.69767	4
3.70133	3
3.70500	2
3.70867	1
3.71233	-2
3.71600	-5
3.71967	-5
3.72333	-5
3.72700	-5
3.73067	-4
3.73433	-4
3.73800	-2
3.74167	-0
3.74533	-0
3.74900	0
3.75267	-1
3.75633	-3
3.76000	-6
3.76367	-10
3.76733	-9
3.77100	-10
3.77467	-12
3.77833	-11
3.78200	-11
3.78567	-12
3.78933	-12
3.79300	-13
3.79667	-13
3.80033	-14
3.80400	-15
3.80767	-17
3.81133	-17
3.81500	-18
3.81867	-18
3.82233	-19
3.82600	-20
3.82967	-19
3.83333	-21
3.83700	-22
3.84067	-22
3.84433	-21
3.84800	-20
3.85167	-20
3.85533	-19
3.85900	-19
3.86267	-19
3.86633	-19
3.87000	-18
3.87367	-18
3.87733	-18
3.88100	-18
3.88467	-19
3.88833	-21
3.89200	-23
3.89567	-24
3.89933	-25
3.90300	-26
3.90667	-26
3.91033	-26
3.91400	-28
3.91767	-29
3.92133	-32
3.92500	-34
3.92867	-34
3.93233	-33
3.93600	-32
3.93967	-31
3.94333	-28
3.94700	-28
3.95067	-28
3.95433	-28
3.95800	-32
3.96167	-34
3.96533	-35
3.96900	-35
3.97267	-34
3.97633	-34
3.98000	-36
3.98367	-38
3.98733	-41
3.99100	-44
3.99467	-45
3.99833	-44

[Status Trace (Column Oven Temperature)]
Interval(msec)	1000
# of Points	240
Start Time(min)	0.014
End Time(min)	3.997
Intensity Units	
Intensity Multiplier	1
R.Time (min)	Intensity
0.01375	34.97
0.03042	34.97
0.04708	34.97
0.06375	34.97
0.08042	34.97
0.09708	34.97
0.11375	34.98
0.13042	34.98
0.14708	34.98
0.16375	34.97
0.18042	34.97
0.19708	34.97
0.21375	34.97
0.23042	34.97
0.24708	34.98
0.26375	34.99
0.28042	34.99
0.29708	34.98
0.31375	34.97
0.33042	34.97
0.34708	34.98
0.36375	34.98
0.38042	34.99
0.39708	35.01
0.41375	35.02
0.43042	35.03
0.44708	35.02
0.46375	35.02
0.48042	35.02
0.49708	35.02
0.51375	35.00
0.53042	34.99
0.54708	34.99
0.56375	35.00
0.58042	34.99
0.59708	35.00
0.61375	35.01
0.63042	35.01
0.64708	35.00
0.66375	35.00
0.68042	35.00
0.69708	35.01
0.71375	35.01
0.73042	35.02
0.74708	35.01
0.76375	35.00
0.78042	34.99
0.79708	34.99
0.81375	34.99
0.83042	34.99
0.84708	34.99
0.86375	34.99
0.88042	34.98
0.89708	34.98
0.91375	34.97
0.93042	34.97
0.94708	34.97
0.96375	34.98
0.98042	34.99
0.99708	35.01
1.01375	35.03
1.03042	35.05
1.04708	35.05
1.06375	35.05
1.08042	35.04
1.09708	35.03
1.11375	35.01
1.13042	35.00
1.14708	34.99
1.16375	34.99
1.18042	34.99
1.19708	34.98
1.21375	34.98
1.23042	34.96
1.24708	34.96
1.26375	34.97
1.28042	34.96
1.29708	34.97
1.31375	34.97
1.33042	34.98
1.34708	34.98
1.36375	34.97
1.38042	34.99
1.39708	35.00
1.41375	35.01
1.43042	35.01
1.44708	35.00
1.46375	34.99
1.48042	34.99
1.49708	34.97
1.51375	34.98
1.53042	34.97
1.54708	34.96
1.56375	34.97
1.58042	34.96
1.59708	35.00
1.61375	35.08
1.63042	35.23
1.64708	35.42
1.66375	35.73
1.68042	36.10
1.69708	36.46
1.71375	36.81
1.73042	37.14
1.74708	37.48
1.76375	37.82
1.78042	38.13
1.79708	38.44
1.81375	38.79
1.83042	39.13
1.84708	39.46
1.86375	39.77
1.88042	40.11
1.89708	40.44
1.91375	40.78
1.93042	41.10
1.94708	41.42
1.96375	41.74
1.98042	42.07
1.99708	42.41
2.01375	42.72
2.03042	43.05
2.04708	43.36
2.06375	43.69
2.08042	44.01
2.09708	44.33
2.11375	44.67
2.13042	44.99
2.14708	45.31
2.16375	45.66
2.18042	45.98
2.19708	46.32
2.21375	46.65
2.23042	46.97
2.24708	47.30
2.26375	47.63
2.28042	47.96
2.29708	48.28
2.31375	48.63
2.33042	48.95
2.34708	49.26
2.36375	49.55
2.38042	49.71
2.39708	49.73
2.41375	49.71
2.43042	49.71
2.44708	49.73
2.46375	49.74
2.48042	49.75
2.49708	49.76
2.51375	49.78
2.53042	49.78
2.54708	49.79
2.56375	49.81
2.58042	49.80
2.59708	49.83
2.61375	49.83
2.63042	49.84
2.64708	49.86
2.66375	49.86
2.68042	49.85
2.69708	49.85
2.71375	49.87
2.73042	49.87
2.74708	49.86
2.76375	49.85
2.78042	49.87
2.79708	49.89
2.81375	49.91
2.83042	49.91
2.84708	49.93
2.86375	49.94
2.88042	49.96
2.89708	49.98
2.91375	49.99
2.93042	49.99
2.94708	49.99
2.96375	50.00
2.98042	50.00
2.99708	50.00
3.01375	50.00
3.03042	50.00
3.04708	50.01
3.06375	50.02
3.08042	50.04
3.09708	50.05
3.11375	50.07
3.13042	50.08
3.14708	50.09
3.16375	50.10
3.18042	50.10
3.19708	50.09
3.21375	50.09
3.23042	50.08
3.24708	50.08
3.26375	50.07
3.28042	50.07
3.29708	50.07
3.31375	50.07
3.33042	50.07
3.34708	50.08
3.36375	50.09
3.38042	50.10
3.39708	50.10
3.41375	50.10
3.43042	50.10
3.44708	50.09
3.46375	50.10
3.48042	50.10
3.49708	50.08
3.51375	50.07
3.53042	50.08
3.54708	50.07
3.56375	50.06
3.58042	50.05
3.59708	50.04
3.61375	50.03
3.63042	50.04
3.64708	50.05
3.66375	50.05
3.68042	50.06
3.69708	50.06
3.71375	50.06
3.73042	50.05
3.74708	50.06
3.76375	50.06
3.78042	50.07
3.79708	50.08
3.81375	50.08
3.83042	50.08
3.84708	50.10
3.86375	50.09
3.88042	50.09
3.89708	50.09
3.91375	50.10
3.93042	50.10
3.94708	50.10
3.96375	50.10
3.98042	50.10
3.99708	50.09

[Status Trace (Injection Unit Temperature)]
Interval(msec)	1000
# of Points	240
Start Time(min)	0.014
End Time(min)	3.997
Intensity Units	
Intensity Multiplier	1
R.Time (min)	Intensity
0.01375	99.98
0.03042	99.99
0.04708	99.98
0.06375	99.98
0.08042	99.98
0.09708	99.98
0.11375	99.98
0.13042	99.98
0.14708	99.98
0.16375	99.99
0.18042	99.98
0.19708	99.98
0.21375	99.98
0.23042	99.98
0.24708	99.99
0.26375	99.99
0.28042	99.98
0.29708	99.97
0.31375	99.98
0.33042	99.98
0.34708	99.98
0.36375	99.98
0.38042	99.99
0.39708	99.98
0.41375	99.98
0.43042	99.98
0.44708	99.98
0.46375	99.98
0.48042	99.99
0.49708	99.98
0.51375	99.98
0.53042	99.99
0.54708	99.99
0.56375	99.99
0.58042	99.99
0.59708	99.99
0.61375	99.98
0.63042	99.99
0.64708	99.99
0.66375	99.99
0.68042	99.99
0.69708	99.98
0.71375	99.98
0.73042	99.99
0.74708	99.99
0.76375	99.99
0.78042	99.99
0.79708	99.99
0.81375	99.99
0.83042	99.99
0.84708	99.99
0.86375	99.99
0.88042	99.99
0.89708	99.99
0.91375	99.99
0.93042	99.99
0.94708	99.99
0.96375	99.99
0.98042	99.99
0.99708	99.99
1.01375	99.99
1.03042	99.99
1.04708	99.98
1.06375	99.98
1.08042	99.98
1.09708	99.98
1.11375	99.98
1.13042	99.98
1.14708	99.98
1.16375	99.98
1.18042	99.99
1.19708	99.98
1.21375	99.98
1.23042	99.99
1.24708	99.99
1.26375	99.98
1.28042	99.99
1.29708	99.98
1.31375	99.98
1.33042	99.99
1.34708	99.99
1.36375	99.98
1.38042	99.99
1.39708	99.98
1.41375	99.98
1.43042	99.99
1.44708	99.98
1.46375	99.98
1.48042	99.99
1.49708	99.99
1.51375	99.98
1.53042	99.99
1.54708	99.98
1.56375	99.98
1.58042	99.98
1.59708	99.99
1.61375	99.99
1.63042	99.99
1.64708	99.98
1.66375	99.98
1.68042	99.98
1.69708	99.99
1.71375	99.98
1.73042	99.98
1.74708	99.98
1.76375	99.98
1.78042	99.98
1.79708	99.98
1.81375	99.98
1.83042	99.97
1.84708	99.98
1.86375	99.98
1.88042	99.98
1.89708	99.98
1.91375	99.98
1.93042	99.98
1.94708	99.98
1.96375	99.98
1.98042	99.98
1.99708	99.97
2.01375	99.97
2.03042	99.98
2.04708	99.97
2.06375	99.98
2.08042	99.97
2.09708	99.97
2.11375	99.98
2.13042	99.97
2.14708	99.97
2.16375	99.97
2.18042	99.97
2.19708	99.98
2.21375	99.98
2.23042	99.97
2.24708	99.97
2.26375	99.97
2.28042	99.97
2.29708	99.97
2.31375	99.98
2.33042	99.97
2.34708	99.98
2.36375	99.97
2.38042	99.97
2.39708	99.98
2.41375	99.97
2.43042	99.97
2.44708	99.97
2.46375	99.97
2.48042	99.97
2.49708	99.97
2.51375	99.97
2.53042	99.98
2.54708	99.97
2.56375	99.97
2.58042	99.97
2.59708	99.98
2.61375	99.98
2.63042	99.98
2.64708	99.98
2.66375	99.98
2.68042	99.98
2.69708	99.98
2.71375	99.98
2.73042	99.98
2.74708	99.99
2.76375	99.98
2.78042	99.98
2.79708	99.99
2.81375	99.99
2.83042	99.99
2.84708	99.99
2.86375	100.00
2.88042	100.00
2.89708	99.99
2.91375	99.99
2.93042	99.99
2.94708	100.00
2.96375	100.00
2.98042	100.00
2.99708	100.00
3.01375	100.01
3.03042	100.01
3.04708	100.01
3.06375	100.01
3.08042	100.01
3.09708	100.01
3.11375	100.02
3.13042	100.01
3.14708	100.02
3.16375	100.02
3.18042	100.02
3.19708	100.02
3.21375	100.02
3.23042	100.03
3.24708	100.03
3.26375	100.03
3.28042	100.03
3.29708	100.03
3.31375	100.03
3.33042	100.03
3.34708	100.03
3.36375	100.03
3.38042	100.04
3.39708	100.03
3.41375	100.03
3.43042	100.04
3.44708	100.04
3.46375	100.03
3.48042	100.04
3.49708	100.04
3.51375	100.04
3.53042	100.04
3.54708	100.04
3.56375	100.05
3.58042	100.04
3.59708	100.04
3.61375	100.04
3.63042	100.04
3.64708	100.05
3.66375	100.05
3.68042	100.05
3.69708	100.05
3.71375	100.04
3.73042	100.05
3.74708	100.05
3.76375	100.05
3.78042	100.05
3.79708	100.05
3.81375	100.05
3.83042	100.05
3.84708	100.05
3.86375	100.05
3.88042	100.05
3.89708	100.05
3.91375	100.05
3.93042	100.05
3.94708	100.05
3.96375	100.05
3.98042	100.05
3.99708	100.05

[Status Trace (Carrier Gas Pressure)]
Interval(msec)	1000
# of Points	240
Start Time(min)	0.014
End Time(min)	3.997
Intensity Units	
Intensity Multiplier	1
R.Time (min)	Intensity
0.01375	57.77
0.03042	55.37
0.04708	57.77
0.06375	59.77
0.08042	58.80
0.09708	57.99
0.11375	57.99
0.13042	58.01
0.14708	58.01
0.16375	58.00
0.18042	58.00
0.19708	58.00
0.21375	58.00
0.23042	58.00
0.24708	58.00
0.26375	58.00
0.28042	58.00
0.29708	58.00
0.31375	58.00
0.33042	58.00
0.34708	58.00
0.36375	58.00
0.38042	58.00
0.39708	58.00
0.41375	58.00
0.43042	58.00
0.44708	58.00
0.46375	58.00
0.48042	58.00
0.49708	58.00
0.51375	58.00
0.53042	58.00
0.54708	58.00
0.56375	58.00
0.58042	58.00
0.59708	58.00
0.61375	58.00
0.63042	58.00
0.64708	58.00
0.66375	58.00
0.68042	58.00
0.69708	58.00
0.71375	58.00
0.73042	58.00
0.74708	58.00
0.76375	58.00
0.78042	58.00
0.79708	58.00
0.81375	58.00
0.83042	58.00
0.84708	58.00
0.86375	58.00
0.88042	58.00
0.89708	58.00
0.91375	58.00
0.93042	58.00
0.94708	58.00
0.96375	58.00
0.98042	58.00
0.99708	58.00
1.01375	58.00
1.03042	58.00
1.04708	58.00
1.06375	58.00
1.08042	58.00
1.09708	58.00
1.11375	58.00
1.13042	58.00
1.14708	58.00
1.16375	58.00
1.18042	58.00
1.19708	58.00
1.21375	58.00
1.23042	58.00
1.24708	58.00
1.26375	58.00
1.28042	58.00
1.29708	58.00
1.31375	58.00
1.33042	58.00
1.34708	58.00
1.36375	58.00
1.38042	58.00
1.39708	58.00
1.41375	58.00
1.43042	58.00
1.44708	58.00
1.46375	58.00
1.48042	58.00
1.49708	58.00
1.51375	58.00
1.53042	58.00
1.54708	58.00
1.56375	58.00
1.58042	58.00
1.59708	58.00
1.61375	58.00
1.63042	58.00
1.64708	58.00
1.66375	58.01
1.68042	58.01
1.69708	58.00
1.71375	58.00
1.73042	58.00
1.74708	58.00
1.76375	58.00
1.78042	58.00
1.79708	58.00
1.81375	58.00
1.83042	58.00
1.84708	58.00
1.86375	58.00
1.88042	58.00
1.89708	58.00
1.91375	58.00
1.93042	58.00
1.94708	58.00
1.96375	58.00
1.98042	58.00
1.99708	58.00
2.01375	58.00
2.03042	58.00
2.04708	58.00
2.06375	58.00
2.08042	58.00
2.09708	58.00
2.11375	58.00
2.13042	58.00
2.14708	58.00
2.16375	58.00
2.18042	58.00
2.19708	58.00
2.21375	58.00
2.23042	58.00
2.24708	58.00
2.26375	58.00
2.28042	58.00
2.29708	58.00
2.31375	58.00
2.33042	58.00
2.34708	58.00
2.36375	58.00
2.38042	57.99
2.39708	57.99
2.41375	57.99
2.43042	58.00
2.44708	58.00
2.46375	58.00
2.48042	58.00
2.49708	58.00
2.51375	57.99
2.53042	57.99
2.54708	58.00
2.56375	58.00
2.58042	58.00
2.59708	58.00
2.61375	58.00
2.63042	58.00
2.64708	58.00
2.66375	58.00
2.68042	58.00
2.69708	58.00
2.71375	58.00
2.73042	58.00
2.74708	58.00
2.76375	58.00
2.78042	58.00
2.79708	58.00
2.81375	58.00
2.83042	58.00
2.84708	58.00
2.86375	58.00
2.88042	58.00
2.89708	58.00
2.91375	58.00
2.93042	58.00
2.94708	58.00
2.96375	58.00
2.98042	58.00
2.99708	58.00
3.01375	58.00
3.03042	58.00
3.04708	58.00
3.06375	58.00
3.08042	58.00
3.09708	58.00
3.11375	58.00
3.13042	58.00
3.14708	58.00
3.16375	58.00
3.18042	58.00
3.19708	58.00
3.21375	58.00
3.23042	58.00
3.24708	58.00
3.26375	58.00
3.28042	58.00
3.29708	58.00
3.31375	58.00
3.33042	58.00
3.34708	58.00
3.36375	58.00
3.38042	58.00
3.39708	58.00
3.41375	58.00
3.43042	58.00
3.44708	58.00
3.46375	58.00
3.48042	58.00
3.49708	58.00
3.51375	58.00
3.53042	58.00
3.54708	58.00
3.56375	58.00
3.58042	58.00
3.59708	58.00
3.61375	58.00
3.63042	58.00
3.64708	58.00
3.66375	58.00
3.68042	58.00
3.69708	58.00
3.71375	58.00
3.73042	58.00
3.74708	58.00
3.76375	58.00
3.78042	58.00
3.79708	58.00
3.81375	58.00
3.83042	58.00
3.84708	58.00
3.86375	58.00
3.88042	58.00
3.89708	58.00
3.91375	58.00
3.93042	58.00
3.94708	58.00
3.96375	58.00
3.98042	58.00
3.99708	58.00

[Status Trace (Carrier Gas Flow)]
Interval(msec)	1000
# of Points	240
Start Time(min)	0.014
End Time(min)	3.997
Intensity Units	
Intensity Multiplier	1
R.Time (min)	Intensity
0.01375	34.49
0.03042	34.55
0.04708	34.55
0.06375	34.53
0.08042	34.50
0.09708	34.53
0.11375	34.52
0.13042	34.52
0.14708	34.53
0.16375	34.51
0.18042	34.52
0.19708	34.52
0.21375	34.52
0.23042	34.51
0.24708	34.53
0.26375	34.50
0.28042	34.52
0.29708	34.51
0.31375	34.51
0.33042	34.52
0.34708	34.52
0.36375	34.51
0.38042	34.52
0.39708	34.52
0.41375	34.52
0.43042	34.52
0.44708	34.52
0.46375	34.52
0.48042	34.52
0.49708	34.52
0.51375	34.53
0.53042	34.52
0.54708	34.52
0.56375	34.53
0.58042	34.51
0.59708	34.51
0.61375	34.51
0.63042	34.53
0.64708	34.52
0.66375	34.52
0.68042	34.52
0.69708	34.51
0.71375	34.52
0.73042	34.52
0.74708	34.52
0.76375	34.54
0.78042	34.51
0.79708	34.52
0.81375	34.52
0.83042	34.52
0.84708	34.51
0.86375	34.52
0.88042	34.52
0.89708	34.50
0.91375	34.52
0.93042	34.52
0.94708	34.51
0.96375	34.52
0.98042	34.52
0.99708	34.53
1.01375	34.52
1.03042	34.52
1.04708	34.51
1.06375	34.51
1.08042	34.52
1.09708	34.51
1.11375	34.51
1.13042	34.52
1.14708	34.52
1.16375	34.52
1.18042	34.50
1.19708	34.52
1.21375	34.54
1.23042	34.52
1.24708	34.52
1.26375	34.52
1.28042	34.52
1.29708	34.52
1.31375	34.52
1.33042	34.52
1.34708	34.52
1.36375	34.52
1.38042	34.52
1.39708	34.52
1.41375	34.51
1.43042	34.52
1.44708	34.52
1.46375	34.51
1.48042	34.52
1.49708	34.51
1.51375	34.52
1.53042	34.51
1.54708	34.52
1.56375	34.52
1.58042	34.52
1.59708	34.52
1.61375	34.51
1.63042	34.51
1.64708	34.52
1.66375	34.52
1.68042	34.51
1.69708	34.52
1.71375	34.52
1.73042	34.52
1.74708	34.52
1.76375	34.51
1.78042	34.52
1.79708	34.52
1.81375	34.52
1.83042	34.52
1.84708	34.52
1.86375	34.52
1.88042	34.52
1.89708	34.52
1.91375	34.51
1.93042	34.52
1.94708	34.52
1.96375	34.52
1.98042	34.52
1.99708	34.51
2.01375	34.52
2.03042	34.52
2.04708	34.52
2.06375	34.52
2.08042	34.52
2.09708	34.52
2.11375	34.52
2.13042	34.52
2.14708	34.52
2.16375	34.52
2.18042	34.51
2.19708	34.52
2.21375	34.52
2.23042	34.52
2.24708	34.52
2.26375	34.52
2.28042	34.52
2.29708	34.52
2.31375	34.52
2.33042	34.52
2.34708	34.52
2.36375	34.52
2.38042	34.52
2.39708	34.53
2.41375	34.52
2.43042	34.52
2.44708	34.52
2.46375	34.52
2.48042	34.52
2.49708	34.52
2.51375	34.52
2.53042	34.52
2.54708	34.52
2.56375	34.52
2.58042	34.52
2.59708	34.52
2.61375	34.52
2.63042	34.52
2.64708	34.52
2.66375	34.52
2.68042	34.52
2.69708	34.52
2.71375	34.52
2.73042	34.52
2.74708	34.52
2.76375	34.51
2.78042	34.52
2.79708	34.52
2.81375	34.52
2.83042	34.52
2.84708	34.52
2.86375	34.52
2.88042	34.53
2.89708	34.52
2.91375	34.52
2.93042	34.52
2.94708	34.52
2.96375	34.52
2.98042	34.52
2.99708	34.52
3.01375	34.52
3.03042	34.52
3.04708	34.52
3.06375	34.52
3.08042	34.52
3.09708	34.52
3.11375	34.52
3.13042	34.52
3.14708	34.52
3.16375	34.52
3.18042	34.52
3.19708	34.54
3.21375	34.52
3.23042	34.52
3.24708	34.52
3.26375	34.50
3.28042	34.51
3.29708	34.52
3.31375	34.52
3.33042	34.53
3.34708	34.52
3.36375	34.51
3.38042	34.51
3.39708	34.52
3.41375	34.52
3.43042	34.52
3.44708	34.51
3.46375	34.52
3.48042	34.52
3.49708	34.52
3.51375	34.52
3.53042	34.52
3.54708	34.52
3.56375	34.52
3.58042	34.52
3.59708	34.51
3.61375	34.52
3.63042	34.52
3.64708	34.52
3.66375	34.52
3.68042	34.52
3.69708	34.52
3.71375	34.52
3.73042	34.52
3.74708	34.52
3.76375	34.52
3.78042	34.52
3.79708	34.52
3.81375	34.52
3.83042	34.52
3.84708	34.52
3.86375	34.52
3.88042	34.52
3.89708	34.52
3.91375	34.52
3.93042	34.52
3.94708	34.52
3.96375	34.52
3.98042	34.52
3.99708	34.51

[Status Trace (Column Flow)]
Interval(msec)	1000
# of Points	240
Start Time(min)	0.014
End Time(min)	3.997
Intensity Units	
Intensity Multiplier	1
R.Time (min)	Intensity
0.01375	5.50
0.03042	5.22
0.04708	5.50
0.06375	5.73
0.08042	5.62
0.09708	5.52
0.11375	5.52
0.13042	5.53
0.14708	5.53
0.16375	5.53
0.18042	5.53
0.19708	5.53
0.21375	5.53
0.23042	5.53
0.24708	5.53
0.26375	5.53
0.28042	5.53
0.29708	5.53
0.31375	5.53
0.33042	5.53
0.34708	5.53
0.36375	5.53
0.38042	5.53
0.39708	5.52
0.41375	5.52
0.43042	5.52
0.44708	5.52
0.46375	5.52
0.48042	5.52
0.49708	5.52
0.51375	5.52
0.53042	5.53
0.54708	5.53
0.56375	5.53
0.58042	5.53
0.59708	5.53
0.61375	5.52
0.63042	5.52
0.64708	5.52
0.66375	5.52
0.68042	5.52
0.69708	5.52
0.71375	5.52
0.73042	5.52
0.74708	5.52
0.76375	5.53
0.78042	5.53
0.79708	5.53
0.81375	5.53
0.83042	5.53
0.84708	5.53
0.86375	5.53
0.88042	5.53
0.89708	5.53
0.91375	5.53
0.93042	5.53
0.94708	5.53
0.96375	5.53
0.98042	5.53
0.99708	5.53
1.01375	5.52
1.03042	5.52
1.04708	5.52
1.06375	5.52
1.08042	5.52
1.09708	5.52
1.11375	5.52
1.13042	5.53
1.14708	5.53
1.16375	5.53
1.18042	5.53
1.19708	5.53
1.21375	5.53
1.23042	5.53
1.24708	5.53
1.26375	5.53
1.28042	5.53
1.29708	5.53
1.31375	5.53
1.33042	5.53
1.34708	5.53
1.36375	5.53
1.38042	5.53
1.39708	5.52
1.41375	5.52
1.43042	5.52
1.44708	5.53
1.46375	5.53
1.48042	5.53
1.49708	5.53
1.51375	5.53
1.53042	5.53
1.54708	5.53
1.56375	5.53
1.58042	5.53
1.59708	5.53
1.61375	5.52
1.63042	5.52
1.64708	5.51
1.66375	5.50
1.68042	5.49
1.69708	5.48
1.71375	5.47
1.73042	5.46
1.74708	5.45
1.76375	5.44
1.78042	5.43
1.79708	5.42
1.81375	5.41
1.83042	5.40
1.84708	5.39
1.86375	5.38
1.88042	5.37
1.89708	5.36
1.91375	5.35
1.93042	5.34
1.94708	5.33
1.96375	5.32
1.98042	5.31
1.99708	5.30
2.01375	5.29
2.03042	5.28
2.04708	5.27
2.06375	5.26
2.08042	5.25
2.09708	5.24
2.11375	5.23
2.13042	5.22
2.14708	5.21
2.16375	5.21
2.18042	5.20
2.19708	5.19
2.21375	5.18
2.23042	5.17
2.24708	5.16
2.26375	5.15
2.28042	5.14
2.29708	5.13
2.31375	5.12
2.33042	5.11
2.34708	5.10
2.36375	5.09
2.38042	5.09
2.39708	5.09
2.41375	5.09
2.43042	5.09
2.44708	5.09
2.46375	5.09
2.48042	5.09
2.49708	5.09
2.51375	5.09
2.53042	5.09
2.54708	5.09
2.56375	5.09
2.58042	5.09
2.59708	5.09
2.61375	5.09
2.63042	5.09
2.64708	5.09
2.66375	5.09
2.68042	5.09
2.69708	5.09
2.71375	5.09
2.73042	5.08
2.74708	5.09
2.76375	5.09
2.78042	5.09
2.79708	5.08
2.81375	5.08
2.83042	5.08
2.84708	5.08
2.86375	5.08
2.88042	5.08
2.89708	5.08
2.91375	5.08
2.93042	5.08
2.94708	5.08
2.96375	5.08
2.98042	5.08
2.99708	5.08
3.01375	5.08
3.03042	5.08
3.04708	5.08
3.06375	5.08
3.08042	5.08
3.09708	5.08
3.11375	5.08
3.13042	5.08
3.14708	5.08
3.16375	5.08
3.18042	5.08
3.19708	5.08
3.21375	5.08
3.23042	5.08
3.24708	5.08
3.26375	5.08
3.28042	5.08
3.29708	5.08
3.31375	5.08
3.33042	5.08
3.34708	5.08
3.36375	5.08
3.38042	5.08
3.39708	5.08
3.41375	5.08
3.43042	5.08
3.44708	5.08
3.46375	5.08
3.48042	5.08
3.49708	5.08
3.51375	5.08
3.53042	5.08
3.54708	5.08
3.56375	5.08
3.58042	5.08
3.59708	5.08
3.61375	5.08
3.63042	5.08
3.64708	5.08
3.66375	5.08
3.68042	5.08
3.69708	5.08
3.71375	5.08
3.73042	5.08
3.74708	5.08
3.76375	5.08
3.78042	5.08
3.79708	5.08
3.81375	5.08
3.83042	5.08
3.84708	5.08
3.86375	5.08
3.88042	5.08
3.89708	5.08
3.91375	5.08
3.93042	5.08
3.94708	5.08
3.96375	5.08
3.98042	5.08
3.99708	5.08

[Status Trace (Linear Velocity)]
Interval(msec)	1000
# of Points	240
Start Time(min)	0.014
End Time(min)	3.997
Intensity Units	
Intensity Multiplier	1
R.Time (min)	Intensity
0.01375	38.87
0.03042	37.30
0.04708	38.87
0.06375	40.18
0.08042	39.54
0.09708	39.01
0.11375	39.01
0.13042	39.03
0.14708	39.03
0.16375	39.02
0.18042	39.02
0.19708	39.02
0.21375	39.02
0.23042	39.02
0.24708	39.02
0.26375	39.02
0.28042	39.02
0.29708	39.02
0.31375	39.02
0.33042	39.02
0.34708	39.02
0.36375	39.02
0.38042	39.02
0.39708	39.02
0.41375	39.02
0.43042	39.02
0.44708	39.01
0.46375	39.02
0.48042	39.02
0.49708	39.02
0.51375	39.02
0.53042	39.02
0.54708	39.02
0.56375	39.02
0.58042	39.02
0.59708	39.02
0.61375	39.02
0.63042	39.02
0.64708	39.02
0.66375	39.02
0.68042	39.02
0.69708	39.02
0.71375	39.02
0.73042	39.02
0.74708	39.02
0.76375	39.02
0.78042	39.02
0.79708	39.02
0.81375	39.02
0.83042	39.02
0.84708	39.02
0.86375	39.02
0.88042	39.02
0.89708	39.02
0.91375	39.02
0.93042	39.02
0.94708	39.02
0.96375	39.02
0.98042	39.02
0.99708	39.02
1.01375	39.01
1.03042	39.01
1.04708	39.01
1.06375	39.01
1.08042	39.01
1.09708	39.01
1.11375	39.02
1.13042	39.02
1.14708	39.02
1.16375	39.02
1.18042	39.02
1.19708	39.02
1.21375	39.02
1.23042	39.02
1.24708	39.02
1.26375	39.02
1.28042	39.02
1.29708	39.02
1.31375	39.02
1.33042	39.02
1.34708	39.02
1.36375	39.02
1.38042	39.02
1.39708	39.02
1.41375	39.02
1.43042	39.02
1.44708	39.02
1.46375	39.02
1.48042	39.02
1.49708	39.02
1.51375	39.02
1.53042	39.02
1.54708	39.02
1.56375	39.02
1.58042	39.02
1.59708	39.02
1.61375	39.01
1.63042	39.00
1.64708	38.98
1.66375	38.95
1.68042	38.92
1.69708	38.88
1.71375	38.85
1.73042	38.82
1.74708	38.79
1.76375	38.75
1.78042	38.72
1.79708	38.69
1.81375	38.66
1.83042	38.63
1.84708	38.60
1.86375	38.57
1.88042	38.54
1.89708	38.51
1.91375	38.47
1.93042	38.44
1.94708	38.41
1.96375	38.38
1.98042	38.35
1.99708	38.32
2.01375	38.29
2.03042	38.26
2.04708	38.23
2.06375	38.20
2.08042	38.17
2.09708	38.15
2.11375	38.11
2.13042	38.09
2.14708	38.06
2.16375	38.03
2.18042	38.00
2.19708	37.96
2.21375	37.94
2.23042	37.91
2.24708	37.88
2.26375	37.85
2.28042	37.82
2.29708	37.79
2.31375	37.76
2.33042	37.73
2.34708	37.70
2.36375	37.68
2.38042	37.66
2.39708	37.65
2.41375	37.65
2.43042	37.66
2.44708	37.66
2.46375	37.65
2.48042	37.66
2.49708	37.65
2.51375	37.65
2.53042	37.64
2.54708	37.65
2.56375	37.65
2.58042	37.65
2.59708	37.65
2.61375	37.65
2.63042	37.65
2.64708	37.65
2.66375	37.65
2.68042	37.65
2.69708	37.65
2.71375	37.65
2.73042	37.64
2.74708	37.64
2.76375	37.65
2.78042	37.65
2.79708	37.64
2.81375	37.64
2.83042	37.64
2.84708	37.64
2.86375	37.64
2.88042	37.64
2.89708	37.64
2.91375	37.63
2.93042	37.63
2.94708	37.63
2.96375	37.63
2.98042	37.63
2.99708	37.63
3.01375	37.63
3.03042	37.63
3.04708	37.63
3.06375	37.63
3.08042	37.63
3.09708	37.63
3.11375	37.63
3.13042	37.63
3.14708	37.63
3.16375	37.62
3.18042	37.62
3.19708	37.62
3.21375	37.63
3.23042	37.63
3.24708	37.63
3.26375	37.63
3.28042	37.63
3.29708	37.63
3.31375	37.63
3.33042	37.63
3.34708	37.63
3.36375	37.63
3.38042	37.63
3.39708	37.62
3.41375	37.62
3.43042	37.62
3.44708	37.63
3.46375	37.62
3.48042	37.62
3.49708	37.63
3.51375	37.63
3.53042	37.63
3.54708	37.63
3.56375	37.63
3.58042	37.63
3.59708	37.63
3.61375	37.63
3.63042	37.63
3.64708	37.63
3.66375	37.63
3.68042	37.63
3.69708	37.63
3.71375	37.63
3.73042	37.63
3.74708	37.63
3.76375	37.63
3.78042	37.63
3.79708	37.63
3.81375	37.63
3.83042	37.63
3.84708	37.62
3.86375	37.62
3.88042	37.63
3.89708	37.63
3.91375	37.62
3.93042	37.62
3.94708	37.63
3.96375	37.62
3.98042	37.62
3.99708	37.63

