[Header]
Application Name	LabSolutions
Version	5.110
Data File Name	C:\Users\User\Desktop\GC Analyses\Jack\UIC Prairie Sampling\7.9.22\220909_092.gcd
Output Date	9/28/2022
Output Time	11:29:55 AM

[File Information]
Type	Data File
Generated	9/20/2022 11:37:06 AM
Generated by	System Administrator
Modified	9/20/2022 11:41:24 AM
Modified by	System Administrator

[Sample Information]
Operator Name	System Administrator
Acquired	9/20/2022 11:37:24 AM
Sample Type	1:Standard
Level	1
Sample Name	220909_Run
Sample ID	220909_Run
ISTD Amount1	1
ISTD Amount2	1
ISTD Amount3	1
ISTD Amount4	1
ISTD Amount5	1
ISTD Amount6	1
ISTD Amount7	1
ISTD Amount8	1
ISTD Amount9	1
ISTD Amount10	1
ISTD Amount11	1
ISTD Amount12	1
ISTD Amount13	1
ISTD Amount14	1
ISTD Amount15	1
ISTD Amount16	1
ISTD Amount17	1
ISTD Amount18	1
ISTD Amount19	1
ISTD Amount20	1
ISTD Amount21	1
ISTD Amount22	1
ISTD Amount23	1
ISTD Amount24	1
ISTD Amount25	1
ISTD Amount26	1
ISTD Amount27	1
ISTD Amount28	1
ISTD Amount29	1
ISTD Amount30	1
ISTD Amount31	1
ISTD Amount32	1
Sample Amount	1
Dilution Factor	1
Vial#	1
Injection Volume	1
Injection Count	1
Bar Code	

[Original Files]
Data File	C:\Users\User\Desktop\GC Analyses\Jack\220909\220909_092.gcd
Method File	C:\LabSolutions\Data\GHG_4min_2022\ghg3_togas_w_acet_4 min_new_int.gcm
Batch File	
Report Format File	c:\LabSolutions\System\DEFAULT.lsr

[File Description]


[Configuration]
Instrument Name	C0B7VH3-Instrument1
Instrument #	1
Line #	1
# of Detectors	3
Detector ID	DET#1	DET#2	DET#3
Detector Name	FID	PTCD	ECD
# of Channels	1	1	1

[Peak Table(Ch1)]
# of Peaks	3
Peak#	R.Time	I.Time	F.Time	Area	Height	A/H	Conc.	Mark	ID#	Name	k'	Plate #	Plate Ht.	Tailing	Resolution	Sep.Factor	Area Ratio	Height Ratio	Conc. %	Norm Conc.
1	1.472	1.439	1.538	8093	3309	2.445	100.000	   	1	CO	0.000	6985	21.474	1.417	0.000	0.000	0	0	16.667	16.667
2	1.571	1.538	1.641	20033	10238	1.957	100.000	 V 	2	CH4	0.067	11467	13.081	1.232	1.533	0.000	0	0	16.667	16.667
3	2.000	1.949	2.326	2114865	1037967	2.038	400.000	   	3	CO2	0.359	17738	8.456	1.211	7.225	5.333	0	0	66.667	66.667

[Peak Table(Ch2)]
# of Peaks	0

[Peak Table(Ch3)]
# of Peaks	2
Peak#	R.Time	I.Time	F.Time	Area	Height	A/H	Conc.	Mark	ID#	Name	k'	Plate #	Plate Ht.	Tailing	Resolution	Sep.Factor	Area Ratio	Height Ratio	Conc. %	Norm Conc.
1	2.444	0.636	2.653	43689	877	49.845	0.000	   			0.000	66	2266.517	0.558	0.000	0.000	0	0	0.000	0.000
2	2.884	2.664	3.995	130329	19824	6.574	1.000	   	1	N2O	0.180	10708	14.008	4.596	0.670	0.000	0	0	100.000	100.000

[Compound Results(Ch1)]
# of IDs	6
ID#	Name	R.Time	Area	Height	Conc.	Curve	3rd	2nd	1st	Constant	Area Ratio	Height Ratio	Conc. %	Norm Conc.
1	CO	1.472	8093	3309	100.000	Linear	0.000000e+00	0.000000e+00	8.092815e+001	0.000000e+00	0	0	16.667	16.667
2	CH4	1.571	20033	10238	100.000	Linear	0.000000e+00	0.000000e+00	2.003324e+002	0.000000e+00	0	0	16.667	16.667
3	CO2	2.000	2114865	1037967	400.000	Linear	0.000000e+00	0.000000e+00	5.287161e+003	0.000000e+00	0	0	66.667	66.667
4	Ethylene	0.000	0	0	0.000	Linear	0.000000e+00	0.000000e+00	0.000000e+00	0.000000e+00	0	0	0.000	0.000
5	Acetylene	0.000	0	0	0.000	Linear	0.000000e+00	0.000000e+00	0.000000e+00	0.000000e+00	0	0	0.000	0.000
6	Ethane	0.000	0	0	0.000	Linear	0.000000e+00	0.000000e+00	0.000000e+00	0.000000e+00	0	0	0.000	0.000

[Compound Results(Ch2)]
# of IDs	5
ID#	Name	R.Time	Area	Height	Conc.	Curve	3rd	2nd	1st	Constant	Area Ratio	Height Ratio	Conc. %	Norm Conc.
1	Hydrogen	0.000	0	0	0.000	Linear	0.000000e+00	0.000000e+00	0.000000e+00	0.000000e+00	0	0	0.000	0.000
2	Oxygen	0.000	0	0	0.000	Linear	0.000000e+00	0.000000e+00	0.000000e+00	0.000000e+00	0	0	0.000	0.000
3	Nitrogen	0.000	0	0	0.000	Linear	0.000000e+00	0.000000e+00	0.000000e+00	0.000000e+00	0	0	0.000	0.000
4	Methane	0.000	0	0	0.000	Linear	0.000000e+00	0.000000e+00	0.000000e+00	0.000000e+00	0	0	0.000	0.000
5	Carbon Monoxide	0.000	0	0	0.000	Linear	0.000000e+00	0.000000e+00	0.000000e+00	0.000000e+00	0	0	0.000	0.000

[Compound Results(Ch3)]
# of IDs	2
ID#	Name	R.Time	Area	Height	Conc.	Curve	3rd	2nd	1st	Constant	Area Ratio	Height Ratio	Conc. %	Norm Conc.
1	N2O	2.884	130329	19824	1.000	Linear	0.000000e+00	0.000000e+00	1.303293e+005	0.000000e+00	0	0	100.000	100.000
2	SF6	0.000	0	0	0.000	Linear	0.000000e+00	0.000000e+00	0.000000e+00	0.000000e+00	0	0	0.000	0.000

[Group Results(Ch1)]
# of Groups	0

[Group Results(Ch2)]
# of Groups	0

[Group Results(Ch3)]
# of Groups	0

[Chromatogram (Ch1)]
Interval(msec)	220
# of Points	1091
Start Time(min)	0.002
End Time(min)	3.998
R.Time (min)	Intensity
0.00167	0
0.00533	5
0.00900	8
0.01267	13
0.01633	17
0.02000	19
0.02367	16
0.02733	10
0.03100	2
0.03467	-4
0.03833	-9
0.04200	-11
0.04567	-11
0.04933	-11
0.05300	-8
0.05667	-3
0.06033	3
0.06400	7
0.06767	12
0.07133	14
0.07500	13
0.07867	12
0.08233	11
0.08600	7
0.08967	-1
0.09333	-10
0.09700	-15
0.10067	-17
0.10433	-15
0.10800	-14
0.11167	-12
0.11533	-11
0.11900	-11
0.12267	-12
0.12633	-13
0.13000	-15
0.13367	-18
0.13733	-18
0.14100	-17
0.14467	-16
0.14833	-18
0.15200	-21
0.15567	-25
0.15933	-27
0.16300	-25
0.16667	-22
0.17033	-16
0.17400	-9
0.17767	-2
0.18133	2
0.18500	5
0.18867	5
0.19233	5
0.19600	5
0.19967	6
0.20333	4
0.20700	-0
0.21067	-4
0.21433	-5
0.21800	-4
0.22167	-5
0.22533	-7
0.22900	-8
0.23267	-4
0.23633	1
0.24000	6
0.24367	9
0.24733	12
0.25100	12
0.25467	9
0.25833	4
0.26200	-1
0.26567	-8
0.26933	-14
0.27300	-17
0.27667	-18
0.28033	-18
0.28400	-16
0.28767	-13
0.29133	-9
0.29500	-3
0.29867	4
0.30233	9
0.30600	9
0.30967	8
0.31333	7
0.31700	6
0.32067	3
0.32433	-1
0.32800	-3
0.33167	2
0.33533	12
0.33900	23
0.34267	30
0.34633	33
0.35000	32
0.35367	29
0.35733	25
0.36100	20
0.36467	15
0.36833	13
0.37200	10
0.37567	5
0.37933	0
0.38300	-1
0.38667	-0
0.39033	-2
0.39400	-8
0.39767	-12
0.40133	-11
0.40500	-8
0.40867	-6
0.41233	-6
0.41600	-5
0.41967	-4
0.42333	-6
0.42700	-11
0.43067	-15
0.43433	-19
0.43800	-24
0.44167	-27
0.44533	-26
0.44900	-24
0.45267	-23
0.45633	-25
0.46000	-29
0.46367	-34
0.46733	-36
0.47100	-36
0.47467	-34
0.47833	-29
0.48200	-23
0.48567	-20
0.48933	-17
0.49300	-14
0.49667	-16
0.50033	-23
0.50400	-30
0.50767	-38
0.51133	-43
0.51500	-45
0.51867	-46
0.52233	-47
0.52600	-46
0.52967	-42
0.53333	-38
0.53700	-34
0.54067	-29
0.54433	-20
0.54800	-9
0.55167	-4
0.55533	-7
0.55900	-13
0.56267	-20
0.56633	-25
0.57000	-28
0.57367	-30
0.57733	-31
0.58100	-30
0.58467	-31
0.58833	-29
0.59200	-25
0.59567	-22
0.59933	-20
0.60300	-18
0.60667	-17
0.61033	-16
0.61400	-18
0.61767	-20
0.62133	-23
0.62500	-28
0.62867	-33
0.63233	-35
0.63600	-33
0.63967	-30
0.64333	-25
0.64700	-20
0.65067	-20
0.65433	-21
0.65800	-22
0.66167	-22
0.66533	-21
0.66900	-21
0.67267	-23
0.67633	-22
0.68000	-22
0.68367	-24
0.68733	-26
0.69100	-27
0.69467	-23
0.69833	-14
0.70200	-4
0.70567	-2
0.70933	-6
0.71300	-16
0.71667	-28
0.72033	-37
0.72400	-41
0.72767	-41
0.73133	-40
0.73500	-40
0.73867	-42
0.74233	-46
0.74600	-48
0.74967	-48
0.75333	-46
0.75700	-45
0.76067	-49
0.76433	-46
0.76800	-38
0.77167	-31
0.77533	-27
0.77900	-22
0.78267	-18
0.78633	-19
0.79000	-25
0.79367	-36
0.79733	-45
0.80100	-46
0.80467	-39
0.80833	-33
0.81200	-33
0.81567	-35
0.81933	-34
0.82300	-28
0.82667	-22
0.83033	-20
0.83400	-24
0.83767	-31
0.84133	-36
0.84500	-40
0.84867	-39
0.85233	-35
0.85600	-29
0.85967	-24
0.86333	-19
0.86700	-14
0.87067	-11
0.87433	-12
0.87800	-15
0.88167	-18
0.88533	-18
0.88900	-17
0.89267	-19
0.89633	-24
0.90000	-32
0.90367	-39
0.90733	-44
0.91100	-59
0.91467	-51
0.91833	-44
0.92200	-37
0.92567	-27
0.92933	-22
0.93300	-23
0.93667	-25
0.94033	-24
0.94400	-21
0.94767	-20
0.95133	-21
0.95500	-24
0.95867	-29
0.96233	-38
0.96600	-49
0.96967	-59
0.97333	-63
0.97700	-62
0.98067	-58
0.98433	-52
0.98800	-49
0.99167	-49
0.99533	-47
0.99900	-39
1.00267	-31
1.00633	-27
1.01000	-29
1.01367	-33
1.01733	-38
1.02100	-41
1.02467	-43
1.02833	-45
1.03200	-48
1.03567	-50
1.03933	-49
1.04300	-47
1.04667	-44
1.05033	-44
1.05400	-46
1.05767	-49
1.06133	-50
1.06500	-48
1.06867	-46
1.07233	-47
1.07600	-51
1.07967	-57
1.08333	-61
1.08700	-59
1.09067	-53
1.09433	-49
1.09800	-48
1.10167	-48
1.10533	-48
1.10900	-46
1.11267	-45
1.11633	-46
1.12000	-46
1.12367	-45
1.12733	-42
1.13100	-39
1.13467	-40
1.13833	-45
1.14200	-52
1.14567	-59
1.14933	-64
1.15300	-62
1.15667	-56
1.16033	-51
1.16400	-50
1.16767	-48
1.17133	-47
1.17500	-47
1.17867	-47
1.18233	-46
1.18600	-41
1.18967	-36
1.19333	-35
1.19700	-37
1.20067	-39
1.20433	-39
1.20800	-41
1.21167	-44
1.21533	-46
1.21900	-50
1.22267	-51
1.22633	-51
1.23000	-50
1.23367	-49
1.23733	-49
1.24100	-51
1.24467	-51
1.24833	-50
1.25200	-49
1.25567	-49
1.25933	-50
1.26300	-50
1.26667	-49
1.27033	-47
1.27400	-46
1.27767	-44
1.28133	-42
1.28500	-40
1.28867	-39
1.29233	-38
1.29600	-35
1.29967	-34
1.30333	-36
1.30700	-41
1.31067	-45
1.31433	-47
1.31800	-51
1.32167	-58
1.32533	-67
1.32900	-72
1.33267	-73
1.33633	-73
1.34000	-70
1.34367	-66
1.34733	-62
1.35100	-60
1.35467	-58
1.35833	-57
1.36200	-56
1.36567	-55
1.36933	-56
1.37300	-58
1.37667	-61
1.38033	-65
1.38400	-69
1.38767	-68
1.39133	-64
1.39500	-58
1.39867	-53
1.40233	-49
1.40600	-46
1.40967	-45
1.41333	-46
1.41700	-53
1.42067	-60
1.42433	-65
1.42800	-65
1.43167	-62
1.43533	-62
1.43900	-56
1.44267	1
1.44633	226
1.45000	707
1.45367	1357
1.45733	2011
1.46100	2551
1.46467	2935
1.46833	3167
1.47200	3251
1.47567	3184
1.47933	2985
1.48300	2685
1.48667	2324
1.49033	1941
1.49400	1574
1.49767	1244
1.50133	959
1.50500	722
1.50867	528
1.51233	372
1.51600	249
1.51967	158
1.52333	88
1.52700	34
1.53067	-7
1.53433	-34
1.53800	-39
1.54167	47
1.54533	428
1.54900	1393
1.55267	3016
1.55633	5007
1.56000	6946
1.56367	8545
1.56733	9659
1.57100	10171
1.57467	9945
1.57833	8965
1.58200	7447
1.58567	5751
1.58933	4188
1.59300	2918
1.59667	1963
1.60033	1281
1.60400	808
1.60767	488
1.61133	274
1.61500	136
1.61867	50
1.62233	-5
1.62600	-40
1.62967	-60
1.63333	-68
1.63700	-72
1.64067	-74
1.64433	-78
1.64800	-85
1.65167	-91
1.65533	-95
1.65900	-97
1.66267	-101
1.66633	-104
1.67000	-107
1.67367	-107
1.67733	-103
1.68100	-98
1.68467	-94
1.68833	-93
1.69200	-94
1.69567	-94
1.69933	-97
1.70300	-103
1.70667	-102
1.71033	-98
1.71400	-93
1.71767	-90
1.72133	-92
1.72500	-94
1.72867	-95
1.73233	-95
1.73600	-95
1.73967	-96
1.74333	-96
1.74700	-95
1.75067	-95
1.75433	-94
1.75800	-91
1.76167	-86
1.76533	-82
1.76900	-80
1.77267	-79
1.77633	-79
1.78000	-82
1.78367	-87
1.78733	-94
1.79100	-104
1.79467	-110
1.79833	-108
1.80200	-103
1.80567	-99
1.80933	-92
1.81300	-82
1.81667	-79
1.82033	-75
1.82400	-72
1.82767	-70
1.83133	-71
1.83500	-74
1.83867	-77
1.84233	-80
1.84600	-81
1.84967	-77
1.85333	-74
1.85700	-72
1.86067	-68
1.86433	-66
1.86800	-67
1.87167	-68
1.87533	-69
1.87900	-70
1.88267	-73
1.88633	-73
1.89000	-70
1.89367	-66
1.89733	-65
1.90100	-68
1.90467	-70
1.90833	-71
1.91200	-69
1.91567	-67
1.91933	-67
1.92300	-67
1.92667	-72
1.93033	-74
1.93400	-73
1.93767	-71
1.94133	-69
1.94500	-67
1.94867	-63
1.95233	-54
1.95600	-11
1.95967	263
1.96333	1767
1.96700	8224
1.97067	29398
1.97433	82822
1.97800	186987
1.98167	346093
1.98533	540969
1.98900	737135
1.99267	900285
1.99633	1005074
2.00000	1037942
2.00367	997169
2.00733	893765
2.01100	750129
2.01467	592969
2.01833	445181
2.02200	320649
2.02567	223923
2.02933	153124
2.03300	103436
2.03667	69564
2.04033	46906
2.04400	31913
2.04767	22039
2.05133	15526
2.05500	11198
2.05867	8292
2.06233	6311
2.06600	4935
2.06967	3959
2.07333	3256
2.07700	2736
2.08067	2340
2.08433	2026
2.08800	1777
2.09167	1580
2.09533	1425
2.09900	1297
2.10267	1186
2.10633	1088
2.11000	1001
2.11367	925
2.11733	862
2.12100	809
2.12467	763
2.12833	724
2.13200	690
2.13567	659
2.13933	632
2.14300	601
2.14667	572
2.15033	552
2.15400	536
2.15767	517
2.16133	496
2.16500	475
2.16867	458
2.17233	444
2.17600	428
2.17967	418
2.18333	409
2.18700	402
2.19067	391
2.19433	379
2.19800	370
2.20167	361
2.20533	354
2.20900	350
2.21267	348
2.21633	346
2.22000	344
2.22367	340
2.22733	334
2.23100	325
2.23467	316
2.23833	308
2.24200	299
2.24567	287
2.24933	277
2.25300	269
2.25667	262
2.26033	258
2.26400	256
2.26767	254
2.27133	254
2.27500	254
2.27867	253
2.28233	251
2.28600	243
2.28967	235
2.29333	232
2.29700	232
2.30067	232
2.30433	230
2.30800	231
2.31167	233
2.31533	231
2.31900	225
2.32267	218
2.32633	210
2.33000	208
2.33367	209
2.33733	208
2.34100	206
2.34467	205
2.34833	203
2.35200	204
2.35567	207
2.35933	211
2.36300	212
2.36667	212
2.37033	210
2.37400	210
2.37767	208
2.38133	206
2.38500	203
2.38867	202
2.39233	206
2.39600	211
2.39967	213
2.40333	209
2.40700	202
2.41067	199
2.41433	198
2.41800	200
2.42167	204
2.42533	205
2.42900	203
2.43267	199
2.43633	197
2.44000	197
2.44367	199
2.44733	201
2.45100	203
2.45467	207
2.45833	208
2.46200	208
2.46567	204
2.46933	202
2.47300	203
2.47667	208
2.48033	211
2.48400	209
2.48767	204
2.49133	196
2.49500	187
2.49867	180
2.50233	176
2.50600	173
2.50967	170
2.51333	167
2.51700	167
2.52067	169
2.52433	173
2.52800	174
2.53167	174
2.53533	171
2.53900	167
2.54267	162
2.54633	155
2.55000	148
2.55367	145
2.55733	147
2.56100	152
2.56467	157
2.56833	161
2.57200	161
2.57567	158
2.57933	155
2.58300	153
2.58667	149
2.59033	146
2.59400	144
2.59767	145
2.60133	150
2.60500	156
2.60867	161
2.61233	165
2.61600	166
2.61967	168
2.62333	171
2.62700	171
2.63067	168
2.63433	160
2.63800	153
2.64167	148
2.64533	145
2.64900	144
2.65267	142
2.65633	140
2.66000	136
2.66367	131
2.66733	126
2.67100	128
2.67467	133
2.67833	136
2.68200	136
2.68567	134
2.68933	136
2.69300	139
2.69667	141
2.70033	140
2.70400	136
2.70767	133
2.71133	136
2.71500	141
2.71867	146
2.72233	149
2.72600	153
2.72967	154
2.73333	153
2.73700	151
2.74067	147
2.74433	141
2.74800	136
2.75167	136
2.75533	140
2.75900	144
2.76267	148
2.76633	151
2.77000	152
2.77367	152
2.77733	152
2.78100	152
2.78467	150
2.78833	150
2.79200	147
2.79567	143
2.79933	139
2.80300	136
2.80667	133
2.81033	132
2.81400	133
2.81767	135
2.82133	139
2.82500	144
2.82867	145
2.83233	146
2.83600	155
2.83967	166
2.84333	175
2.84700	175
2.85067	172
2.85433	166
2.85800	156
2.86167	146
2.86533	135
2.86900	124
2.87267	115
2.87633	110
2.88000	109
2.88367	112
2.88733	115
2.89100	116
2.89467	120
2.89833	125
2.90200	126
2.90567	121
2.90933	118
2.91300	119
2.91667	124
2.92033	129
2.92400	135
2.92767	140
2.93133	140
2.93500	139
2.93867	139
2.94233	142
2.94600	148
2.94967	155
2.95333	161
2.95700	166
2.96067	166
2.96433	162
2.96800	157
2.97167	148
2.97533	141
2.97900	133
2.98267	127
2.98633	121
2.99000	117
2.99367	116
2.99733	121
3.00100	130
3.00467	137
3.00833	140
3.01200	143
3.01567	147
3.01933	149
3.02300	145
3.02667	137
3.03033	133
3.03400	136
3.03767	137
3.04133	138
3.04500	137
3.04867	140
3.05233	139
3.05600	136
3.05967	135
3.06333	138
3.06700	144
3.07067	149
3.07433	151
3.07800	151
3.08167	150
3.08533	148
3.08900	145
3.09267	142
3.09633	138
3.10000	133
3.10367	127
3.10733	124
3.11100	124
3.11467	127
3.11833	131
3.12200	135
3.12567	140
3.12933	141
3.13300	141
3.13667	138
3.14033	134
3.14400	130
3.14767	130
3.15133	132
3.15500	133
3.15867	133
3.16233	132
3.16600	132
3.16967	135
3.17333	141
3.17700	149
3.18067	156
3.18433	157
3.18800	155
3.19167	153
3.19533	149
3.19900	145
3.20267	137
3.20633	131
3.21000	127
3.21367	126
3.21733	125
3.22100	124
3.22467	121
3.22833	117
3.23200	114
3.23567	114
3.23933	113
3.24300	115
3.24667	120
3.25033	125
3.25400	130
3.25767	132
3.26133	130
3.26500	127
3.26867	126
3.27233	129
3.27600	134
3.27967	139
3.28333	139
3.28700	137
3.29067	136
3.29433	136
3.29800	137
3.30167	137
3.30533	138
3.30900	142
3.31267	140
3.31633	133
3.32000	124
3.32367	120
3.32733	121
3.33100	127
3.33467	133
3.33833	136
3.34200	137
3.34567	133
3.34933	127
3.35300	123
3.35667	121
3.36033	124
3.36400	128
3.36767	132
3.37133	137
3.37500	139
3.37867	140
3.38233	140
3.38600	140
3.38967	139
3.39333	138
3.39700	139
3.40067	145
3.40433	153
3.40800	158
3.41167	157
3.41533	150
3.41900	143
3.42267	139
3.42633	139
3.43000	140
3.43367	143
3.43733	149
3.44100	154
3.44467	155
3.44833	151
3.45200	145
3.45567	140
3.45933	135
3.46300	134
3.46667	133
3.47033	129
3.47400	128
3.47767	131
3.48133	134
3.48500	140
3.48867	145
3.49233	148
3.49600	150
3.49967	150
3.50333	148
3.50700	150
3.51067	152
3.51433	155
3.51800	161
3.52167	165
3.52533	165
3.52900	166
3.53267	169
3.53633	167
3.54000	162
3.54367	157
3.54733	155
3.55100	152
3.55467	148
3.55833	145
3.56200	146
3.56567	150
3.56933	152
3.57300	151
3.57667	151
3.58033	153
3.58400	152
3.58767	151
3.59133	151
3.59500	152
3.59867	158
3.60233	166
3.60600	170
3.60967	171
3.61333	169
3.61700	163
3.62067	160
3.62433	159
3.62800	163
3.63167	168
3.63533	170
3.63900	173
3.64267	178
3.64633	182
3.65000	183
3.65367	180
3.65733	175
3.66100	171
3.66467	172
3.66833	173
3.67200	168
3.67567	157
3.67933	151
3.68300	152
3.68667	157
3.69033	164
3.69400	167
3.69767	168
3.70133	169
3.70500	171
3.70867	171
3.71233	170
3.71600	170
3.71967	172
3.72333	172
3.72700	170
3.73067	168
3.73433	166
3.73800	165
3.74167	168
3.74533	168
3.74900	166
3.75267	164
3.75633	163
3.76000	165
3.76367	169
3.76733	173
3.77100	171
3.77467	167
3.77833	163
3.78200	163
3.78567	162
3.78933	163
3.79300	165
3.79667	167
3.80033	169
3.80400	172
3.80767	174
3.81133	173
3.81500	172
3.81867	172
3.82233	174
3.82600	173
3.82967	172
3.83333	171
3.83700	168
3.84067	166
3.84433	168
3.84800	167
3.85167	166
3.85533	166
3.85900	167
3.86267	167
3.86633	167
3.87000	169
3.87367	172
3.87733	172
3.88100	169
3.88467	165
3.88833	161
3.89200	157
3.89567	156
3.89933	158
3.90300	160
3.90667	160
3.91033	157
3.91400	156
3.91767	158
3.92133	163
3.92500	167
3.92867	169
3.93233	171
3.93600	175
3.93967	179
3.94333	184
3.94700	186
3.95067	189
3.95433	189
3.95800	187
3.96167	185
3.96533	184
3.96900	183
3.97267	184
3.97633	185
3.98000	180
3.98367	175
3.98733	173
3.99100	172
3.99467	170
3.99833	163

[Chromatogram (Ch2)]
Interval(msec)	220
# of Points	1091
Start Time(min)	0.002
End Time(min)	3.998
R.Time (min)	Intensity
0.00167	-1
0.00533	-1
0.00900	-2
0.01267	-2
0.01633	-2
0.02000	-2
0.02367	-2
0.02733	-2
0.03100	-2
0.03467	-2
0.03833	-2
0.04200	-2
0.04567	-2
0.04933	-2
0.05300	-2
0.05667	-2
0.06033	-2
0.06400	-2
0.06767	-2
0.07133	-2
0.07500	-2
0.07867	-2
0.08233	-2
0.08600	-2
0.08967	-1
0.09333	-1
0.09700	-1
0.10067	-1
0.10433	-1
0.10800	-1
0.11167	-0
0.11533	-0
0.11900	-0
0.12267	0
0.12633	0
0.13000	1
0.13367	1
0.13733	2
0.14100	3
0.14467	3
0.14833	4
0.15200	4
0.15567	5
0.15933	5
0.16300	5
0.16667	5
0.17033	5
0.17400	5
0.17767	5
0.18133	5
0.18500	6
0.18867	6
0.19233	6
0.19600	6
0.19967	6
0.20333	6
0.20700	6
0.21067	6
0.21433	6
0.21800	6
0.22167	6
0.22533	6
0.22900	6
0.23267	6
0.23633	5
0.24000	5
0.24367	5
0.24733	5
0.25100	4
0.25467	4
0.25833	4
0.26200	3
0.26567	3
0.26933	3
0.27300	2
0.27667	2
0.28033	1
0.28400	1
0.28767	0
0.29133	0
0.29500	-0
0.29867	-1
0.30233	-1
0.30600	-1
0.30967	-1
0.31333	-1
0.31700	-0
0.32067	0
0.32433	1
0.32800	1
0.33167	1
0.33533	2
0.33900	2
0.34267	2
0.34633	2
0.35000	2
0.35367	2
0.35733	2
0.36100	2
0.36467	2
0.36833	2
0.37200	3
0.37567	3
0.37933	3
0.38300	4
0.38667	4
0.39033	4
0.39400	4
0.39767	5
0.40133	5
0.40500	5
0.40867	5
0.41233	6
0.41600	6
0.41967	6
0.42333	6
0.42700	7
0.43067	7
0.43433	7
0.43800	7
0.44167	7
0.44533	7
0.44900	7
0.45267	6
0.45633	5
0.46000	5
0.46367	4
0.46733	4
0.47100	3
0.47467	3
0.47833	2
0.48200	2
0.48567	2
0.48933	1
0.49300	2
0.49667	2
0.50033	2
0.50400	2
0.50767	2
0.51133	2
0.51500	2
0.51867	2
0.52233	2
0.52600	2
0.52967	3
0.53333	3
0.53700	3
0.54067	3
0.54433	3
0.54800	3
0.55167	3
0.55533	3
0.55900	3
0.56267	4
0.56633	4
0.57000	5
0.57367	5
0.57733	5
0.58100	5
0.58467	5
0.58833	5
0.59200	5
0.59567	5
0.59933	5
0.60300	4
0.60667	4
0.61033	4
0.61400	3
0.61767	3
0.62133	3
0.62500	2
0.62867	2
0.63233	2
0.63600	2
0.63967	2
0.64333	2
0.64700	2
0.65067	2
0.65433	2
0.65800	2
0.66167	2
0.66533	3
0.66900	3
0.67267	3
0.67633	3
0.68000	3
0.68367	3
0.68733	3
0.69100	3
0.69467	2
0.69833	2
0.70200	2
0.70567	2
0.70933	2
0.71300	2
0.71667	2
0.72033	2
0.72400	2
0.72767	2
0.73133	2
0.73500	3
0.73867	3
0.74233	3
0.74600	4
0.74967	4
0.75333	4
0.75700	4
0.76067	4
0.76433	4
0.76800	4
0.77167	4
0.77533	4
0.77900	4
0.78267	4
0.78633	5
0.79000	5
0.79367	5
0.79733	5
0.80100	4
0.80467	4
0.80833	4
0.81200	4
0.81567	4
0.81933	4
0.82300	4
0.82667	3
0.83033	3
0.83400	3
0.83767	3
0.84133	2
0.84500	2
0.84867	2
0.85233	2
0.85600	2
0.85967	2
0.86333	2
0.86700	2
0.87067	2
0.87433	2
0.87800	2
0.88167	3
0.88533	3
0.88900	3
0.89267	3
0.89633	3
0.90000	3
0.90367	4
0.90733	4
0.91100	4
0.91467	4
0.91833	4
0.92200	4
0.92567	4
0.92933	4
0.93300	4
0.93667	3
0.94033	3
0.94400	3
0.94767	2
0.95133	2
0.95500	1
0.95867	1
0.96233	1
0.96600	1
0.96967	1
0.97333	1
0.97700	2
0.98067	2
0.98433	2
0.98800	2
0.99167	2
0.99533	2
0.99900	2
1.00267	2
1.00633	3
1.01000	3
1.01367	3
1.01733	4
1.02100	4
1.02467	4
1.02833	4
1.03200	5
1.03567	5
1.03933	5
1.04300	4
1.04667	4
1.05033	4
1.05400	4
1.05767	3
1.06133	3
1.06500	3
1.06867	3
1.07233	3
1.07600	2
1.07967	2
1.08333	2
1.08700	2
1.09067	2
1.09433	2
1.09800	2
1.10167	2
1.10533	2
1.10900	2
1.11267	2
1.11633	2
1.12000	3
1.12367	3
1.12733	3
1.13100	3
1.13467	3
1.13833	4
1.14200	4
1.14567	4
1.14933	5
1.15300	5
1.15667	5
1.16033	5
1.16400	5
1.16767	6
1.17133	5
1.17500	5
1.17867	5
1.18233	5
1.18600	5
1.18967	5
1.19333	5
1.19700	4
1.20067	4
1.20433	4
1.20800	3
1.21167	3
1.21533	3
1.21900	3
1.22267	3
1.22633	3
1.23000	3
1.23367	3
1.23733	2
1.24100	2
1.24467	2
1.24833	1
1.25200	1
1.25567	1
1.25933	2
1.26300	2
1.26667	2
1.27033	2
1.27400	1
1.27767	1
1.28133	1
1.28500	0
1.28867	1
1.29233	1
1.29600	1
1.29967	1
1.30333	2
1.30700	2
1.31067	2
1.31433	2
1.31800	2
1.32167	3
1.32533	3
1.32900	3
1.33267	3
1.33633	3
1.34000	3
1.34367	2
1.34733	2
1.35100	2
1.35467	2
1.35833	2
1.36200	2
1.36567	2
1.36933	2
1.37300	2
1.37667	2
1.38033	2
1.38400	2
1.38767	2
1.39133	2
1.39500	2
1.39867	3
1.40233	3
1.40600	3
1.40967	3
1.41333	3
1.41700	3
1.42067	3
1.42433	3
1.42800	3
1.43167	3
1.43533	2
1.43900	2
1.44267	2
1.44633	2
1.45000	2
1.45367	2
1.45733	2
1.46100	2
1.46467	2
1.46833	2
1.47200	3
1.47567	3
1.47933	3
1.48300	3
1.48667	4
1.49033	4
1.49400	4
1.49767	4
1.50133	4
1.50500	4
1.50867	4
1.51233	3
1.51600	3
1.51967	3
1.52333	3
1.52700	3
1.53067	3
1.53433	3
1.53800	3
1.54167	3
1.54533	3
1.54900	3
1.55267	3
1.55633	3
1.56000	3
1.56367	3
1.56733	2
1.57100	2
1.57467	1
1.57833	1
1.58200	1
1.58567	0
1.58933	0
1.59300	-0
1.59667	-0
1.60033	-1
1.60400	-2
1.60767	-3
1.61133	-4
1.61500	-5
1.61867	-7
1.62233	-9
1.62600	-11
1.62967	-14
1.63333	-16
1.63700	-19
1.64067	-22
1.64433	-26
1.64800	-29
1.65167	-33
1.65533	-37
1.65900	-41
1.66267	-45
1.66633	-49
1.67000	-54
1.67367	-58
1.67733	-63
1.68100	-69
1.68467	-74
1.68833	-79
1.69200	-84
1.69567	-89
1.69933	-92
1.70300	-96
1.70667	-98
1.71033	-101
1.71400	-102
1.71767	-104
1.72133	-105
1.72500	-106
1.72867	-107
1.73233	-108
1.73600	-109
1.73967	-109
1.74333	-109
1.74700	-110
1.75067	-110
1.75433	-109
1.75800	-109
1.76167	-109
1.76533	-110
1.76900	-110
1.77267	-111
1.77633	-112
1.78000	-113
1.78367	-114
1.78733	-115
1.79100	-115
1.79467	-116
1.79833	-116
1.80200	-116
1.80567	-116
1.80933	-116
1.81300	-116
1.81667	-116
1.82033	-117
1.82400	-117
1.82767	-118
1.83133	-118
1.83500	-119
1.83867	-119
1.84233	-119
1.84600	-119
1.84967	-119
1.85333	-119
1.85700	-119
1.86067	-120
1.86433	-120
1.86800	-121
1.87167	-121
1.87533	-121
1.87900	-121
1.88267	-120
1.88633	-119
1.89000	-119
1.89367	-118
1.89733	-117
1.90100	-117
1.90467	-117
1.90833	-117
1.91200	-117
1.91567	-117
1.91933	-117
1.92300	-117
1.92667	-117
1.93033	-116
1.93400	-116
1.93767	-115
1.94133	-115
1.94500	-115
1.94867	-114
1.95233	-114
1.95600	-114
1.95967	-114
1.96333	-113
1.96700	-113
1.97067	-112
1.97433	-111
1.97800	-111
1.98167	-111
1.98533	-111
1.98900	-111
1.99267	-111
1.99633	-112
2.00000	-112
2.00367	-113
2.00733	-113
2.01100	-112
2.01467	-111
2.01833	-110
2.02200	-110
2.02567	-109
2.02933	-109
2.03300	-108
2.03667	-108
2.04033	-108
2.04400	-108
2.04767	-108
2.05133	-108
2.05500	-108
2.05867	-107
2.06233	-107
2.06600	-107
2.06967	-107
2.07333	-107
2.07700	-107
2.08067	-107
2.08433	-106
2.08800	-106
2.09167	-106
2.09533	-105
2.09900	-105
2.10267	-105
2.10633	-105
2.11000	-105
2.11367	-104
2.11733	-104
2.12100	-104
2.12467	-104
2.12833	-104
2.13200	-103
2.13567	-103
2.13933	-102
2.14300	-102
2.14667	-101
2.15033	-100
2.15400	-99
2.15767	-98
2.16133	-98
2.16500	-97
2.16867	-97
2.17233	-96
2.17600	-96
2.17967	-96
2.18333	-96
2.18700	-96
2.19067	-96
2.19433	-95
2.19800	-95
2.20167	-95
2.20533	-94
2.20900	-93
2.21267	-93
2.21633	-93
2.22000	-93
2.22367	-93
2.22733	-94
2.23100	-95
2.23467	-96
2.23833	-96
2.24200	-96
2.24567	-95
2.24933	-95
2.25300	-94
2.25667	-93
2.26033	-92
2.26400	-91
2.26767	-90
2.27133	-90
2.27500	-90
2.27867	-89
2.28233	-89
2.28600	-89
2.28967	-88
2.29333	-88
2.29700	-89
2.30067	-89
2.30433	-89
2.30800	-88
2.31167	-88
2.31533	-88
2.31900	-87
2.32267	-86
2.32633	-86
2.33000	-85
2.33367	-85
2.33733	-84
2.34100	-84
2.34467	-83
2.34833	-83
2.35200	-82
2.35567	-82
2.35933	-81
2.36300	-81
2.36667	-80
2.37033	-79
2.37400	-77
2.37767	-74
2.38133	-71
2.38500	-68
2.38867	-64
2.39233	-60
2.39600	-56
2.39967	-51
2.40333	-47
2.40700	-42
2.41067	-38
2.41433	-33
2.41800	-29
2.42167	-25
2.42533	-22
2.42900	-18
2.43267	-15
2.43633	-12
2.44000	-10
2.44367	-8
2.44733	-6
2.45100	-4
2.45467	-2
2.45833	0
2.46200	2
2.46567	3
2.46933	5
2.47300	6
2.47667	7
2.48033	8
2.48400	9
2.48767	9
2.49133	10
2.49500	10
2.49867	10
2.50233	11
2.50600	12
2.50967	13
2.51333	14
2.51700	14
2.52067	15
2.52433	16
2.52800	17
2.53167	17
2.53533	17
2.53900	17
2.54267	17
2.54633	17
2.55000	17
2.55367	17
2.55733	17
2.56100	18
2.56467	19
2.56833	19
2.57200	20
2.57567	20
2.57933	21
2.58300	21
2.58667	22
2.59033	22
2.59400	22
2.59767	23
2.60133	23
2.60500	24
2.60867	24
2.61233	24
2.61600	24
2.61967	24
2.62333	24
2.62700	24
2.63067	24
2.63433	25
2.63800	25
2.64167	25
2.64533	26
2.64900	26
2.65267	26
2.65633	26
2.66000	26
2.66367	26
2.66733	26
2.67100	26
2.67467	26
2.67833	26
2.68200	26
2.68567	27
2.68933	27
2.69300	28
2.69667	28
2.70033	29
2.70400	29
2.70767	30
2.71133	30
2.71500	30
2.71867	30
2.72233	30
2.72600	30
2.72967	29
2.73333	28
2.73700	28
2.74067	27
2.74433	27
2.74800	27
2.75167	27
2.75533	27
2.75900	27
2.76267	27
2.76633	27
2.77000	27
2.77367	28
2.77733	28
2.78100	29
2.78467	29
2.78833	30
2.79200	30
2.79567	30
2.79933	30
2.80300	30
2.80667	30
2.81033	30
2.81400	30
2.81767	31
2.82133	31
2.82500	31
2.82867	31
2.83233	31
2.83600	31
2.83967	30
2.84333	30
2.84700	28
2.85067	26
2.85433	21
2.85800	14
2.86167	3
2.86533	-12
2.86900	-32
2.87267	-57
2.87633	-86
2.88000	-121
2.88367	-162
2.88733	-207
2.89100	-257
2.89467	-312
2.89833	-372
2.90200	-435
2.90567	-501
2.90933	-570
2.91300	-643
2.91667	-718
2.92033	-795
2.92400	-874
2.92767	-956
2.93133	-1039
2.93500	-1124
2.93867	-1211
2.94233	-1299
2.94600	-1385
2.94967	-1458
2.95333	-1505
2.95700	-1519
2.96067	-1498
2.96433	-1444
2.96800	-1365
2.97167	-1269
2.97533	-1162
2.97900	-1052
2.98267	-942
2.98633	-837
2.99000	-737
2.99367	-646
2.99733	-562
3.00100	-487
3.00467	-420
3.00833	-361
3.01200	-310
3.01567	-264
3.01933	-225
3.02300	-191
3.02667	-162
3.03033	-136
3.03400	-114
3.03767	-96
3.04133	-80
3.04500	-66
3.04867	-55
3.05233	-45
3.05600	-36
3.05967	-29
3.06333	-23
3.06700	-18
3.07067	-14
3.07433	-10
3.07800	-7
3.08167	-4
3.08533	-1
3.08900	1
3.09267	3
3.09633	5
3.10000	6
3.10367	8
3.10733	9
3.11100	10
3.11467	11
3.11833	12
3.12200	12
3.12567	13
3.12933	14
3.13300	15
3.13667	15
3.14033	16
3.14400	16
3.14767	17
3.15133	17
3.15500	18
3.15867	18
3.16233	19
3.16600	19
3.16967	19
3.17333	20
3.17700	20
3.18067	21
3.18433	21
3.18800	22
3.19167	23
3.19533	23
3.19900	24
3.20267	25
3.20633	25
3.21000	26
3.21367	26
3.21733	27
3.22100	28
3.22467	28
3.22833	28
3.23200	28
3.23567	28
3.23933	28
3.24300	29
3.24667	29
3.25033	29
3.25400	29
3.25767	29
3.26133	29
3.26500	29
3.26867	30
3.27233	30
3.27600	30
3.27967	30
3.28333	30
3.28700	30
3.29067	30
3.29433	30
3.29800	30
3.30167	30
3.30533	30
3.30900	30
3.31267	30
3.31633	30
3.32000	30
3.32367	30
3.32733	30
3.33100	30
3.33467	30
3.33833	30
3.34200	30
3.34567	30
3.34933	30
3.35300	30
3.35667	31
3.36033	31
3.36400	31
3.36767	31
3.37133	31
3.37500	31
3.37867	31
3.38233	31
3.38600	31
3.38967	31
3.39333	31
3.39700	31
3.40067	31
3.40433	31
3.40800	31
3.41167	30
3.41533	30
3.41900	30
3.42267	30
3.42633	30
3.43000	30
3.43367	30
3.43733	30
3.44100	30
3.44467	30
3.44833	30
3.45200	30
3.45567	30
3.45933	30
3.46300	30
3.46667	30
3.47033	30
3.47400	30
3.47767	30
3.48133	30
3.48500	30
3.48867	30
3.49233	30
3.49600	30
3.49967	30
3.50333	29
3.50700	29
3.51067	29
3.51433	30
3.51800	30
3.52167	30
3.52533	30
3.52900	30
3.53267	29
3.53633	29
3.54000	29
3.54367	29
3.54733	29
3.55100	29
3.55467	29
3.55833	29
3.56200	30
3.56567	30
3.56933	30
3.57300	31
3.57667	31
3.58033	31
3.58400	31
3.58767	31
3.59133	31
3.59500	31
3.59867	31
3.60233	31
3.60600	31
3.60967	31
3.61333	31
3.61700	31
3.62067	31
3.62433	31
3.62800	31
3.63167	31
3.63533	32
3.63900	32
3.64267	32
3.64633	32
3.65000	32
3.65367	32
3.65733	32
3.66100	32
3.66467	32
3.66833	32
3.67200	32
3.67567	32
3.67933	32
3.68300	32
3.68667	32
3.69033	32
3.69400	32
3.69767	33
3.70133	33
3.70500	33
3.70867	33
3.71233	33
3.71600	33
3.71967	32
3.72333	32
3.72700	32
3.73067	32
3.73433	32
3.73800	32
3.74167	32
3.74533	32
3.74900	32
3.75267	32
3.75633	32
3.76000	33
3.76367	33
3.76733	33
3.77100	33
3.77467	32
3.77833	32
3.78200	32
3.78567	32
3.78933	31
3.79300	31
3.79667	31
3.80033	31
3.80400	31
3.80767	31
3.81133	31
3.81500	31
3.81867	31
3.82233	30
3.82600	30
3.82967	30
3.83333	30
3.83700	30
3.84067	30
3.84433	30
3.84800	30
3.85167	30
3.85533	30
3.85900	29
3.86267	29
3.86633	29
3.87000	29
3.87367	29
3.87733	29
3.88100	29
3.88467	29
3.88833	29
3.89200	29
3.89567	29
3.89933	30
3.90300	30
3.90667	30
3.91033	30
3.91400	30
3.91767	29
3.92133	29
3.92500	30
3.92867	30
3.93233	30
3.93600	30
3.93967	31
3.94333	31
3.94700	31
3.95067	31
3.95433	31
3.95800	31
3.96167	31
3.96533	31
3.96900	31
3.97267	31
3.97633	32
3.98000	32
3.98367	32
3.98733	32
3.99100	32
3.99467	32
3.99833	32

[Chromatogram (Ch3)]
Interval(msec)	220
# of Points	1091
Start Time(min)	0.002
End Time(min)	3.998
R.Time (min)	Intensity
0.00167	-0
0.00533	-1
0.00900	-2
0.01267	-1
0.01633	-1
0.02000	-1
0.02367	-1
0.02733	-1
0.03100	-1
0.03467	0
0.03833	3
0.04200	4
0.04567	5
0.04933	4
0.05300	3
0.05667	0
0.06033	1
0.06400	1
0.06767	1
0.07133	1
0.07500	2
0.07867	1
0.08233	0
0.08600	2
0.08967	3
0.09333	2
0.09700	3
0.10067	4
0.10433	5
0.10800	5
0.11167	5
0.11533	6
0.11900	7
0.12267	8
0.12633	9
0.13000	9
0.13367	10
0.13733	9
0.14100	7
0.14467	6
0.14833	4
0.15200	2
0.15567	3
0.15933	4
0.16300	3
0.16667	3
0.17033	4
0.17400	6
0.17767	6
0.18133	6
0.18500	7
0.18867	10
0.19233	12
0.19600	12
0.19967	9
0.20333	8
0.20700	7
0.21067	7
0.21433	9
0.21800	9
0.22167	8
0.22533	7
0.22900	8
0.23267	7
0.23633	8
0.24000	11
0.24367	12
0.24733	10
0.25100	8
0.25467	8
0.25833	8
0.26200	8
0.26567	9
0.26933	11
0.27300	12
0.27667	12
0.28033	12
0.28400	12
0.28767	12
0.29133	11
0.29500	11
0.29867	13
0.30233	13
0.30600	11
0.30967	12
0.31333	12
0.31700	12
0.32067	11
0.32433	9
0.32800	9
0.33167	10
0.33533	11
0.33900	13
0.34267	12
0.34633	12
0.35000	14
0.35367	15
0.35733	14
0.36100	12
0.36467	13
0.36833	15
0.37200	15
0.37567	14
0.37933	13
0.38300	13
0.38667	15
0.39033	15
0.39400	14
0.39767	10
0.40133	10
0.40500	9
0.40867	10
0.41233	12
0.41600	14
0.41967	15
0.42333	15
0.42700	14
0.43067	14
0.43433	16
0.43800	16
0.44167	15
0.44533	14
0.44900	13
0.45267	14
0.45633	16
0.46000	18
0.46367	21
0.46733	23
0.47100	23
0.47467	21
0.47833	19
0.48200	18
0.48567	19
0.48933	19
0.49300	20
0.49667	17
0.50033	14
0.50400	15
0.50767	16
0.51133	18
0.51500	18
0.51867	17
0.52233	15
0.52600	14
0.52967	12
0.53333	10
0.53700	10
0.54067	12
0.54433	15
0.54800	14
0.55167	13
0.55533	13
0.55900	15
0.56267	15
0.56633	16
0.57000	15
0.57367	14
0.57733	13
0.58100	12
0.58467	12
0.58833	14
0.59200	16
0.59567	17
0.59933	16
0.60300	15
0.60667	14
0.61033	12
0.61400	11
0.61767	10
0.62133	11
0.62500	12
0.62867	11
0.63233	12
0.63600	12
0.63967	12
0.64333	12
0.64700	14
0.65067	14
0.65433	13
0.65800	12
0.66167	12
0.66533	11
0.66900	10
0.67267	9
0.67633	9
0.68000	9
0.68367	11
0.68733	13
0.69100	15
0.69467	16
0.69833	17
0.70200	19
0.70567	18
0.70933	18
0.71300	18
0.71667	17
0.72033	16
0.72400	15
0.72767	12
0.73133	12
0.73500	13
0.73867	13
0.74233	12
0.74600	11
0.74967	10
0.75333	10
0.75700	9
0.76067	9
0.76433	11
0.76800	13
0.77167	14
0.77533	15
0.77900	13
0.78267	13
0.78633	14
0.79000	14
0.79367	14
0.79733	13
0.80100	10
0.80467	8
0.80833	9
0.81200	10
0.81567	12
0.81933	13
0.82300	15
0.82667	16
0.83033	15
0.83400	15
0.83767	14
0.84133	15
0.84500	16
0.84867	15
0.85233	14
0.85600	14
0.85967	13
0.86333	14
0.86700	15
0.87067	17
0.87433	19
0.87800	19
0.88167	19
0.88533	18
0.88900	18
0.89267	17
0.89633	15
0.90000	16
0.90367	16
0.90733	15
0.91100	14
0.91467	13
0.91833	11
0.92200	10
0.92567	9
0.92933	7
0.93300	7
0.93667	8
0.94033	9
0.94400	10
0.94767	12
0.95133	14
0.95500	15
0.95867	16
0.96233	16
0.96600	15
0.96967	13
0.97333	14
0.97700	17
0.98067	18
0.98433	19
0.98800	19
0.99167	18
0.99533	18
0.99900	18
1.00267	17
1.00633	18
1.01000	19
1.01367	19
1.01733	19
1.02100	19
1.02467	19
1.02833	18
1.03200	17
1.03567	15
1.03933	16
1.04300	17
1.04667	18
1.05033	18
1.05400	18
1.05767	19
1.06133	20
1.06500	21
1.06867	21
1.07233	19
1.07600	20
1.07967	20
1.08333	20
1.08700	20
1.09067	20
1.09433	21
1.09800	23
1.10167	24
1.10533	24
1.10900	24
1.11267	23
1.11633	22
1.12000	22
1.12367	22
1.12733	21
1.13100	20
1.13467	21
1.13833	22
1.14200	22
1.14567	22
1.14933	22
1.15300	22
1.15667	20
1.16033	20
1.16400	21
1.16767	22
1.17133	21
1.17500	20
1.17867	20
1.18233	22
1.18600	23
1.18967	22
1.19333	19
1.19700	20
1.20067	21
1.20433	20
1.20800	20
1.21167	21
1.21533	22
1.21900	23
1.22267	23
1.22633	23
1.23000	20
1.23367	18
1.23733	17
1.24100	20
1.24467	20
1.24833	19
1.25200	20
1.25567	19
1.25933	19
1.26300	19
1.26667	20
1.27033	21
1.27400	22
1.27767	22
1.28133	22
1.28500	21
1.28867	22
1.29233	22
1.29600	19
1.29967	17
1.30333	18
1.30700	22
1.31067	25
1.31433	23
1.31800	22
1.32167	22
1.32533	23
1.32900	25
1.33267	26
1.33633	25
1.34000	26
1.34367	26
1.34733	25
1.35100	26
1.35467	29
1.35833	29
1.36200	27
1.36567	26
1.36933	23
1.37300	23
1.37667	23
1.38033	25
1.38400	28
1.38767	30
1.39133	28
1.39500	25
1.39867	22
1.40233	22
1.40600	22
1.40967	22
1.41333	22
1.41700	23
1.42067	25
1.42433	28
1.42800	28
1.43167	28
1.43533	28
1.43900	28
1.44267	29
1.44633	30
1.45000	30
1.45367	28
1.45733	26
1.46100	25
1.46467	23
1.46833	24
1.47200	27
1.47567	28
1.47933	28
1.48300	27
1.48667	26
1.49033	27
1.49400	27
1.49767	27
1.50133	26
1.50500	26
1.50867	26
1.51233	26
1.51600	27
1.51967	28
1.52333	29
1.52700	28
1.53067	26
1.53433	26
1.53800	27
1.54167	28
1.54533	27
1.54900	26
1.55267	27
1.55633	29
1.56000	30
1.56367	29
1.56733	28
1.57100	28
1.57467	28
1.57833	28
1.58200	28
1.58567	28
1.58933	27
1.59300	29
1.59667	31
1.60033	32
1.60400	28
1.60767	27
1.61133	24
1.61500	24
1.61867	27
1.62233	30
1.62600	32
1.62967	31
1.63333	28
1.63700	28
1.64067	29
1.64433	31
1.64800	34
1.65167	34
1.65533	32
1.65900	30
1.66267	29
1.66633	31
1.67000	32
1.67367	33
1.67733	35
1.68100	38
1.68467	43
1.68833	45
1.69200	45
1.69567	45
1.69933	43
1.70300	42
1.70667	44
1.71033	44
1.71400	45
1.71767	47
1.72133	49
1.72500	50
1.72867	49
1.73233	47
1.73600	45
1.73967	44
1.74333	43
1.74700	42
1.75067	44
1.75433	47
1.75800	52
1.76167	56
1.76533	59
1.76900	60
1.77267	62
1.77633	61
1.78000	59
1.78367	58
1.78733	59
1.79100	61
1.79467	61
1.79833	61
1.80200	62
1.80567	63
1.80933	63
1.81300	63
1.81667	63
1.82033	65
1.82400	67
1.82767	68
1.83133	71
1.83500	73
1.83867	73
1.84233	73
1.84600	75
1.84967	76
1.85333	77
1.85700	78
1.86067	80
1.86433	83
1.86800	83
1.87167	84
1.87533	83
1.87900	83
1.88267	83
1.88633	84
1.89000	86
1.89367	86
1.89733	87
1.90100	90
1.90467	91
1.90833	93
1.91200	96
1.91567	98
1.91933	98
1.92300	98
1.92667	98
1.93033	99
1.93400	100
1.93767	101
1.94133	102
1.94500	103
1.94867	105
1.95233	107
1.95600	109
1.95967	110
1.96333	112
1.96700	116
1.97067	116
1.97433	113
1.97800	114
1.98167	114
1.98533	116
1.98900	120
1.99267	122
1.99633	124
2.00000	125
2.00367	125
2.00733	125
2.01100	127
2.01467	128
2.01833	131
2.02200	132
2.02567	136
2.02933	137
2.03300	136
2.03667	133
2.04033	133
2.04400	134
2.04767	136
2.05133	137
2.05500	139
2.05867	142
2.06233	143
2.06600	146
2.06967	150
2.07333	155
2.07700	159
2.08067	160
2.08433	158
2.08800	159
2.09167	161
2.09533	162
2.09900	165
2.10267	166
2.10633	168
2.11000	167
2.11367	167
2.11733	167
2.12100	167
2.12467	166
2.12833	169
2.13200	172
2.13567	173
2.13933	176
2.14300	177
2.14667	178
2.15033	179
2.15400	183
2.15767	186
2.16133	188
2.16500	189
2.16867	190
2.17233	189
2.17600	187
2.17967	187
2.18333	190
2.18700	190
2.19067	191
2.19433	191
2.19800	191
2.20167	191
2.20533	192
2.20900	194
2.21267	198
2.21633	200
2.22000	201
2.22367	202
2.22733	202
2.23100	206
2.23467	209
2.23833	210
2.24200	211
2.24567	213
2.24933	214
2.25300	215
2.25667	216
2.26033	220
2.26400	222
2.26767	223
2.27133	226
2.27500	231
2.27867	231
2.28233	229
2.28600	228
2.28967	230
2.29333	233
2.29700	237
2.30067	239
2.30433	242
2.30800	242
2.31167	241
2.31533	241
2.31900	240
2.32267	240
2.32633	239
2.33000	242
2.33367	245
2.33733	248
2.34100	253
2.34467	257
2.34833	260
2.35200	262
2.35567	261
2.35933	262
2.36300	263
2.36667	266
2.37033	268
2.37400	269
2.37767	270
2.38133	271
2.38500	273
2.38867	272
2.39233	272
2.39600	275
2.39967	279
2.40333	280
2.40700	281
2.41067	281
2.41433	283
2.41800	284
2.42167	287
2.42533	290
2.42900	293
2.43267	296
2.43633	298
2.44000	300
2.44367	299
2.44733	282
2.45100	237
2.45467	181
2.45833	128
2.46200	81
2.46567	42
2.46933	9
2.47300	-19
2.47667	-42
2.48033	-61
2.48400	-78
2.48767	-94
2.49133	-106
2.49500	-117
2.49867	-131
2.50233	-145
2.50600	-159
2.50967	-169
2.51333	-180
2.51700	-192
2.52067	-201
2.52433	-210
2.52800	-220
2.53167	-226
2.53533	-234
2.53900	-239
2.54267	-241
2.54633	-242
2.55000	-246
2.55367	-250
2.55733	-254
2.56100	-260
2.56467	-267
2.56833	-270
2.57200	-272
2.57567	-274
2.57933	-277
2.58300	-279
2.58667	-283
2.59033	-287
2.59400	-291
2.59767	-297
2.60133	-303
2.60500	-315
2.60867	-336
2.61233	-362
2.61600	-395
2.61967	-430
2.62333	-468
2.62700	-508
2.63067	-544
2.63433	-572
2.63800	-593
2.64167	-612
2.64533	-626
2.64900	-638
2.65267	-645
2.65633	-648
2.66000	-647
2.66367	-640
2.66733	-633
2.67100	-624
2.67467	-616
2.67833	-609
2.68200	-602
2.68567	-594
2.68933	-585
2.69300	-577
2.69667	-570
2.70033	-562
2.70400	-553
2.70767	-545
2.71133	-537
2.71500	-530
2.71867	-524
2.72233	-518
2.72600	-513
2.72967	-509
2.73333	-501
2.73700	-495
2.74067	-492
2.74433	-490
2.74800	-486
2.75167	-482
2.75533	-477
2.75900	-472
2.76267	-467
2.76633	-463
2.77000	-459
2.77367	-454
2.77733	-448
2.78100	-445
2.78467	-442
2.78833	-440
2.79200	-437
2.79567	-436
2.79933	-435
2.80300	-442
2.80667	-475
2.81033	-486
2.81400	-427
2.81767	-307
2.82133	-149
2.82500	34
2.82867	240
2.83233	495
2.83600	847
2.83967	1364
2.84333	2122
2.84700	3189
2.85067	4600
2.85433	6347
2.85800	8371
2.86167	10560
2.86533	12772
2.86900	14852
2.87267	16650
2.87633	18039
2.88000	18945
2.88367	19349
2.88733	19274
2.89100	18785
2.89467	17974
2.89833	16937
2.90200	15762
2.90567	14523
2.90933	13273
2.91300	12056
2.91667	10900
2.92033	9823
2.92400	8832
2.92767	7929
2.93133	7119
2.93500	6395
2.93867	5750
2.94233	5177
2.94600	4668
2.94967	4219
2.95333	3824
2.95700	3478
2.96067	3175
2.96433	2911
2.96800	2679
2.97167	2478
2.97533	2303
2.97900	2149
2.98267	2016
2.98633	1901
2.99000	1800
2.99367	1711
2.99733	1631
3.00100	1562
3.00467	1503
3.00833	1453
3.01200	1409
3.01567	1369
3.01933	1334
3.02300	1305
3.02667	1278
3.03033	1253
3.03400	1231
3.03767	1209
3.04133	1191
3.04500	1177
3.04867	1163
3.05233	1148
3.05600	1136
3.05967	1127
3.06333	1120
3.06700	1111
3.07067	1103
3.07433	1097
3.07800	1093
3.08167	1088
3.08533	1082
3.08900	1077
3.09267	1070
3.09633	1062
3.10000	1054
3.10367	1050
3.10733	1046
3.11100	1043
3.11467	1041
3.11833	1040
3.12200	1039
3.12567	1037
3.12933	1034
3.13300	1031
3.13667	1027
3.14033	1022
3.14400	1016
3.14767	1011
3.15133	1005
3.15500	1001
3.15867	997
3.16233	991
3.16600	986
3.16967	980
3.17333	977
3.17700	976
3.18067	976
3.18433	974
3.18800	971
3.19167	966
3.19533	959
3.19900	954
3.20267	948
3.20633	942
3.21000	937
3.21367	933
3.21733	927
3.22100	918
3.22467	914
3.22833	910
3.23200	906
3.23567	903
3.23933	901
3.24300	898
3.24667	897
3.25033	895
3.25400	891
3.25767	886
3.26133	881
3.26500	876
3.26867	871
3.27233	866
3.27600	861
3.27967	859
3.28333	856
3.28700	854
3.29067	851
3.29433	847
3.29800	842
3.30167	839
3.30533	836
3.30900	833
3.31267	828
3.31633	824
3.32000	820
3.32367	819
3.32733	816
3.33100	812
3.33467	812
3.33833	811
3.34200	807
3.34567	804
3.34933	801
3.35300	799
3.35667	796
3.36033	790
3.36400	787
3.36767	784
3.37133	781
3.37500	778
3.37867	775
3.38233	771
3.38600	768
3.38967	766
3.39333	762
3.39700	761
3.40067	761
3.40433	758
3.40800	754
3.41167	751
3.41533	748
3.41900	743
3.42267	737
3.42633	732
3.43000	727
3.43367	722
3.43733	717
3.44100	714
3.44467	713
3.44833	709
3.45200	705
3.45567	702
3.45933	699
3.46300	696
3.46667	692
3.47033	688
3.47400	683
3.47767	678
3.48133	672
3.48500	666
3.48867	663
3.49233	660
3.49600	657
3.49967	657
3.50333	655
3.50700	652
3.51067	649
3.51433	648
3.51800	647
3.52167	644
3.52533	640
3.52900	635
3.53267	631
3.53633	627
3.54000	624
3.54367	623
3.54733	622
3.55100	622
3.55467	620
3.55833	616
3.56200	613
3.56567	612
3.56933	610
3.57300	609
3.57667	609
3.58033	607
3.58400	603
3.58767	598
3.59133	594
3.59500	591
3.59867	589
3.60233	587
3.60600	585
3.60967	581
3.61333	579
3.61700	576
3.62067	575
3.62433	574
3.62800	572
3.63167	568
3.63533	565
3.63900	563
3.64267	560
3.64633	558
3.65000	556
3.65367	555
3.65733	553
3.66100	549
3.66467	546
3.66833	543
3.67200	540
3.67567	535
3.67933	530
3.68300	526
3.68667	524
3.69033	525
3.69400	525
3.69767	524
3.70133	522
3.70500	520
3.70867	517
3.71233	512
3.71600	508
3.71967	504
3.72333	500
3.72700	499
3.73067	501
3.73433	500
3.73800	499
3.74167	499
3.74533	498
3.74900	497
3.75267	495
3.75633	493
3.76000	490
3.76367	487
3.76733	484
3.77100	481
3.77467	478
3.77833	475
3.78200	473
3.78567	471
3.78933	470
3.79300	470
3.79667	470
3.80033	466
3.80400	462
3.80767	459
3.81133	457
3.81500	454
3.81867	450
3.82233	448
3.82600	447
3.82967	446
3.83333	444
3.83700	443
3.84067	439
3.84433	434
3.84800	431
3.85167	430
3.85533	427
3.85900	426
3.86267	424
3.86633	424
3.87000	423
3.87367	422
3.87733	421
3.88100	422
3.88467	422
3.88833	419
3.89200	416
3.89567	413
3.89933	411
3.90300	408
3.90667	406
3.91033	403
3.91400	399
3.91767	397
3.92133	395
3.92500	393
3.92867	390
3.93233	388
3.93600	385
3.93967	383
3.94333	382
3.94700	383
3.95067	383
3.95433	379
3.95800	377
3.96167	376
3.96533	376
3.96900	376
3.97267	375
3.97633	374
3.98000	371
3.98367	369
3.98733	367
3.99100	365
3.99467	363
3.99833	360

[Status Trace (Column Oven Temperature)]
Interval(msec)	1000
# of Points	240
Start Time(min)	0.004
End Time(min)	3.987
Intensity Units	
Intensity Multiplier	1
R.Time (min)	Intensity
0.00363	35.02
0.02030	35.03
0.03697	35.04
0.05363	35.05
0.07030	35.07
0.08697	35.07
0.10363	35.07
0.12030	35.06
0.13697	35.06
0.15363	35.04
0.17030	35.02
0.18697	35.01
0.20363	34.99
0.22030	34.99
0.23697	34.99
0.25363	34.99
0.27030	35.00
0.28697	35.02
0.30363	35.03
0.32030	35.03
0.33697	35.04
0.35363	35.03
0.37030	35.03
0.38697	35.01
0.40363	35.00
0.42030	34.98
0.43697	34.97
0.45363	34.97
0.47030	34.98
0.48697	35.00
0.50363	34.99
0.52030	34.99
0.53697	34.98
0.55363	34.98
0.57030	34.96
0.58697	34.96
0.60363	34.98
0.62030	34.98
0.63697	34.98
0.65363	34.99
0.67030	34.98
0.68697	34.98
0.70363	34.99
0.72030	34.99
0.73697	34.98
0.75363	34.97
0.77030	34.97
0.78697	34.96
0.80363	34.97
0.82030	34.98
0.83697	34.97
0.85363	34.97
0.87030	34.98
0.88697	34.97
0.90363	34.96
0.92030	34.97
0.93697	34.98
0.95363	34.98
0.97030	34.98
0.98697	34.99
1.00363	34.98
1.02030	34.97
1.03697	34.97
1.05363	34.98
1.07030	34.99
1.08697	35.00
1.10363	34.99
1.12030	34.99
1.13697	34.98
1.15363	34.97
1.17030	34.97
1.18697	34.96
1.20363	34.96
1.22030	34.97
1.23697	34.98
1.25363	34.97
1.27030	34.98
1.28697	34.99
1.30363	34.99
1.32030	34.98
1.33697	34.98
1.35363	34.99
1.37030	34.99
1.38697	34.99
1.40363	34.98
1.42030	34.99
1.43697	35.00
1.45363	35.00
1.47030	35.00
1.48697	34.99
1.50363	35.00
1.52030	35.00
1.53697	35.00
1.55363	35.00
1.57030	35.01
1.58697	35.02
1.60363	35.06
1.62030	35.16
1.63697	35.32
1.65363	35.53
1.67030	35.83
1.68697	36.20
1.70363	36.57
1.72030	36.92
1.73697	37.25
1.75363	37.56
1.77030	37.89
1.78697	38.23
1.80363	38.56
1.82030	38.89
1.83697	39.22
1.85363	39.55
1.87030	39.89
1.88697	40.21
1.90363	40.54
1.92030	40.87
1.93697	41.20
1.95363	41.53
1.97030	41.83
1.98697	42.16
2.00363	42.49
2.02030	42.80
2.03697	43.14
2.05363	43.46
2.07030	43.80
2.08697	44.12
2.10363	44.44
2.12030	44.77
2.13697	45.12
2.15363	45.42
2.17030	45.75
2.18697	46.08
2.20363	46.38
2.22030	46.73
2.23697	47.08
2.25363	47.40
2.27030	47.73
2.28697	48.06
2.30363	48.41
2.32030	48.75
2.33697	49.08
2.35363	49.36
2.37030	49.59
2.38697	49.68
2.40363	49.68
2.42030	49.69
2.43697	49.68
2.45363	49.69
2.47030	49.70
2.48697	49.72
2.50363	49.73
2.52030	49.74
2.53697	49.77
2.55363	49.79
2.57030	49.80
2.58697	49.81
2.60363	49.81
2.62030	49.83
2.63697	49.84
2.65363	49.86
2.67030	49.87
2.68697	49.85
2.70363	49.84
2.72030	49.85
2.73697	49.87
2.75363	49.88
2.77030	49.89
2.78697	49.89
2.80363	49.89
2.82030	49.89
2.83697	49.90
2.85363	49.90
2.87030	49.91
2.88697	49.92
2.90363	49.93
2.92030	49.95
2.93697	49.97
2.95363	49.99
2.97030	50.00
2.98697	50.01
3.00363	50.02
3.02030	50.03
3.03697	50.04
3.05363	50.04
3.07030	50.05
3.08697	50.06
3.10363	50.08
3.12030	50.09
3.13697	50.10
3.15363	50.11
3.17030	50.11
3.18697	50.10
3.20363	50.09
3.22030	50.07
3.23697	50.06
3.25363	50.04
3.27030	50.03
3.28697	50.03
3.30363	50.03
3.32030	50.03
3.33697	50.04
3.35363	50.03
3.37030	50.02
3.38697	50.03
3.40363	50.04
3.42030	50.05
3.43697	50.05
3.45363	50.05
3.47030	50.07
3.48697	50.08
3.50363	50.09
3.52030	50.10
3.53697	50.10
3.55363	50.10
3.57030	50.09
3.58697	50.09
3.60363	50.10
3.62030	50.09
3.63697	50.07
3.65363	50.06
3.67030	50.05
3.68697	50.04
3.70363	50.04
3.72030	50.04
3.73697	50.03
3.75363	50.03
3.77030	50.02
3.78697	50.01
3.80363	50.02
3.82030	50.03
3.83697	50.03
3.85363	50.04
3.87030	50.05
3.88697	50.05
3.90363	50.06
3.92030	50.06
3.93697	50.05
3.95363	50.04
3.97030	50.03
3.98697	50.03

[Status Trace (Injection Unit Temperature)]
Interval(msec)	1000
# of Points	240
Start Time(min)	0.004
End Time(min)	3.987
Intensity Units	
Intensity Multiplier	1
R.Time (min)	Intensity
0.00363	99.98
0.02030	99.98
0.03697	99.98
0.05363	99.98
0.07030	99.98
0.08697	99.98
0.10363	99.98
0.12030	99.98
0.13697	99.98
0.15363	99.98
0.17030	99.98
0.18697	99.97
0.20363	99.98
0.22030	99.98
0.23697	99.98
0.25363	99.98
0.27030	99.98
0.28697	99.99
0.30363	99.98
0.32030	99.99
0.33697	99.98
0.35363	99.98
0.37030	99.98
0.38697	99.98
0.40363	99.98
0.42030	99.98
0.43697	99.98
0.45363	99.98
0.47030	99.98
0.48697	99.98
0.50363	99.98
0.52030	99.98
0.53697	99.98
0.55363	99.98
0.57030	99.98
0.58697	99.98
0.60363	99.98
0.62030	99.98
0.63697	99.98
0.65363	99.98
0.67030	99.98
0.68697	99.98
0.70363	99.98
0.72030	99.98
0.73697	99.98
0.75363	99.98
0.77030	99.98
0.78697	99.98
0.80363	99.98
0.82030	99.98
0.83697	99.98
0.85363	99.98
0.87030	99.98
0.88697	99.98
0.90363	99.97
0.92030	99.98
0.93697	99.98
0.95363	99.98
0.97030	99.98
0.98697	99.98
1.00363	99.98
1.02030	99.98
1.03697	99.98
1.05363	99.98
1.07030	99.98
1.08697	99.98
1.10363	99.98
1.12030	99.98
1.13697	99.98
1.15363	99.98
1.17030	99.98
1.18697	99.98
1.20363	99.98
1.22030	99.98
1.23697	99.98
1.25363	99.98
1.27030	99.98
1.28697	99.98
1.30363	99.98
1.32030	99.98
1.33697	99.98
1.35363	99.98
1.37030	99.98
1.38697	99.98
1.40363	99.98
1.42030	99.99
1.43697	99.99
1.45363	99.98
1.47030	99.98
1.48697	99.98
1.50363	99.98
1.52030	99.98
1.53697	99.98
1.55363	99.98
1.57030	99.98
1.58697	99.98
1.60363	99.98
1.62030	99.98
1.63697	99.98
1.65363	99.99
1.67030	99.98
1.68697	99.98
1.70363	99.98
1.72030	99.98
1.73697	99.98
1.75363	99.98
1.77030	99.98
1.78697	99.98
1.80363	99.98
1.82030	99.98
1.83697	99.98
1.85363	99.98
1.87030	99.98
1.88697	99.98
1.90363	99.98
1.92030	99.98
1.93697	99.98
1.95363	99.98
1.97030	99.97
1.98697	99.98
2.00363	99.97
2.02030	99.97
2.03697	99.97
2.05363	99.97
2.07030	99.97
2.08697	99.97
2.10363	99.97
2.12030	99.97
2.13697	99.97
2.15363	99.97
2.17030	99.96
2.18697	99.97
2.20363	99.97
2.22030	99.97
2.23697	99.96
2.25363	99.97
2.27030	99.97
2.28697	99.96
2.30363	99.96
2.32030	99.97
2.33697	99.96
2.35363	99.96
2.37030	99.96
2.38697	99.96
2.40363	99.97
2.42030	99.97
2.43697	99.97
2.45363	99.96
2.47030	99.97
2.48697	99.96
2.50363	99.97
2.52030	99.96
2.53697	99.96
2.55363	99.97
2.57030	99.96
2.58697	99.97
2.60363	99.97
2.62030	99.97
2.63697	99.97
2.65363	99.98
2.67030	99.98
2.68697	99.98
2.70363	99.98
2.72030	99.98
2.73697	99.98
2.75363	99.98
2.77030	99.98
2.78697	99.98
2.80363	99.99
2.82030	99.99
2.83697	99.99
2.85363	99.99
2.87030	100.00
2.88697	100.00
2.90363	100.00
2.92030	100.00
2.93697	100.00
2.95363	100.00
2.97030	100.00
2.98697	100.01
3.00363	100.00
3.02030	100.01
3.03697	100.01
3.05363	100.00
3.07030	100.01
3.08697	100.01
3.10363	100.01
3.12030	100.02
3.13697	100.01
3.15363	100.02
3.17030	100.02
3.18697	100.02
3.20363	100.02
3.22030	100.02
3.23697	100.02
3.25363	100.02
3.27030	100.03
3.28697	100.03
3.30363	100.03
3.32030	100.03
3.33697	100.03
3.35363	100.03
3.37030	100.04
3.38697	100.04
3.40363	100.04
3.42030	100.04
3.43697	100.04
3.45363	100.04
3.47030	100.04
3.48697	100.05
3.50363	100.05
3.52030	100.05
3.53697	100.05
3.55363	100.05
3.57030	100.05
3.58697	100.06
3.60363	100.05
3.62030	100.05
3.63697	100.05
3.65363	100.06
3.67030	100.06
3.68697	100.06
3.70363	100.06
3.72030	100.06
3.73697	100.06
3.75363	100.06
3.77030	100.06
3.78697	100.06
3.80363	100.06
3.82030	100.07
3.83697	100.07
3.85363	100.07
3.87030	100.06
3.88697	100.06
3.90363	100.07
3.92030	100.07
3.93697	100.07
3.95363	100.07
3.97030	100.07
3.98697	100.07

[Status Trace (Carrier Gas Pressure)]
Interval(msec)	1000
# of Points	240
Start Time(min)	0.004
End Time(min)	3.987
Intensity Units	
Intensity Multiplier	1
R.Time (min)	Intensity
0.00363	58.00
0.02030	56.15
0.03697	56.44
0.05363	58.70
0.07030	59.86
0.08697	58.26
0.10363	57.97
0.12030	58.01
0.13697	58.01
0.15363	58.01
0.17030	58.00
0.18697	58.00
0.20363	58.00
0.22030	58.00
0.23697	58.00
0.25363	58.00
0.27030	58.00
0.28697	58.00
0.30363	58.00
0.32030	58.00
0.33697	58.00
0.35363	58.00
0.37030	58.00
0.38697	58.00
0.40363	58.00
0.42030	58.00
0.43697	58.00
0.45363	58.00
0.47030	58.00
0.48697	58.00
0.50363	58.00
0.52030	58.00
0.53697	58.00
0.55363	58.00
0.57030	58.00
0.58697	58.00
0.60363	58.00
0.62030	58.00
0.63697	58.00
0.65363	58.00
0.67030	58.00
0.68697	58.00
0.70363	58.00
0.72030	58.00
0.73697	58.00
0.75363	58.00
0.77030	58.00
0.78697	58.00
0.80363	58.00
0.82030	58.00
0.83697	58.00
0.85363	58.00
0.87030	58.00
0.88697	58.00
0.90363	58.00
0.92030	58.00
0.93697	58.00
0.95363	58.00
0.97030	58.00
0.98697	58.00
1.00363	58.00
1.02030	58.00
1.03697	58.00
1.05363	58.00
1.07030	58.00
1.08697	58.00
1.10363	58.00
1.12030	58.00
1.13697	58.00
1.15363	58.00
1.17030	58.00
1.18697	58.00
1.20363	58.00
1.22030	58.00
1.23697	58.00
1.25363	58.00
1.27030	58.00
1.28697	58.00
1.30363	58.00
1.32030	58.00
1.33697	58.00
1.35363	58.00
1.37030	58.00
1.38697	58.00
1.40363	58.00
1.42030	58.00
1.43697	58.00
1.45363	58.00
1.47030	58.00
1.48697	58.00
1.50363	58.00
1.52030	58.00
1.53697	58.00
1.55363	58.00
1.57030	58.00
1.58697	58.00
1.60363	58.00
1.62030	58.00
1.63697	58.00
1.65363	58.00
1.67030	58.01
1.68697	58.01
1.70363	58.00
1.72030	58.00
1.73697	58.00
1.75363	58.00
1.77030	58.00
1.78697	58.00
1.80363	58.00
1.82030	58.00
1.83697	58.00
1.85363	58.00
1.87030	58.00
1.88697	58.00
1.90363	58.00
1.92030	58.00
1.93697	58.00
1.95363	58.00
1.97030	58.00
1.98697	58.00
2.00363	58.00
2.02030	58.00
2.03697	58.00
2.05363	58.00
2.07030	58.00
2.08697	58.00
2.10363	58.00
2.12030	58.00
2.13697	58.00
2.15363	58.00
2.17030	58.00
2.18697	58.00
2.20363	58.00
2.22030	58.00
2.23697	58.00
2.25363	58.00
2.27030	58.00
2.28697	58.00
2.30363	58.00
2.32030	58.00
2.33697	58.00
2.35363	58.00
2.37030	58.00
2.38697	57.99
2.40363	57.99
2.42030	58.00
2.43697	58.00
2.45363	58.00
2.47030	58.00
2.48697	58.00
2.50363	57.98
2.52030	58.00
2.53697	58.00
2.55363	58.00
2.57030	58.00
2.58697	58.00
2.60363	58.00
2.62030	58.00
2.63697	58.00
2.65363	58.00
2.67030	58.00
2.68697	58.00
2.70363	58.00
2.72030	58.00
2.73697	58.00
2.75363	58.00
2.77030	58.00
2.78697	58.00
2.80363	58.00
2.82030	58.00
2.83697	58.00
2.85363	58.00
2.87030	58.00
2.88697	58.00
2.90363	58.00
2.92030	58.00
2.93697	58.00
2.95363	58.00
2.97030	58.00
2.98697	58.00
3.00363	58.00
3.02030	58.00
3.03697	58.00
3.05363	58.00
3.07030	58.00
3.08697	58.00
3.10363	58.00
3.12030	58.00
3.13697	58.00
3.15363	58.00
3.17030	58.00
3.18697	58.00
3.20363	58.00
3.22030	58.00
3.23697	58.00
3.25363	58.00
3.27030	58.00
3.28697	58.00
3.30363	58.00
3.32030	58.00
3.33697	58.00
3.35363	58.00
3.37030	58.00
3.38697	58.00
3.40363	58.00
3.42030	58.00
3.43697	58.00
3.45363	58.00
3.47030	58.00
3.48697	58.00
3.50363	58.00
3.52030	58.00
3.53697	58.00
3.55363	58.00
3.57030	58.00
3.58697	58.00
3.60363	58.00
3.62030	58.00
3.63697	58.00
3.65363	58.00
3.67030	58.00
3.68697	58.00
3.70363	58.00
3.72030	58.00
3.73697	58.00
3.75363	58.00
3.77030	58.00
3.78697	58.00
3.80363	58.00
3.82030	58.00
3.83697	58.00
3.85363	58.00
3.87030	58.00
3.88697	58.00
3.90363	58.00
3.92030	58.00
3.93697	58.00
3.95363	58.00
3.97030	58.00
3.98697	58.00

[Status Trace (Carrier Gas Flow)]
Interval(msec)	1000
# of Points	240
Start Time(min)	0.004
End Time(min)	3.987
Intensity Units	
Intensity Multiplier	1
R.Time (min)	Intensity
0.00363	34.52
0.02030	34.62
0.03697	34.54
0.05363	34.55
0.07030	34.49
0.08697	34.52
0.10363	34.52
0.12030	34.52
0.13697	34.52
0.15363	34.52
0.17030	34.52
0.18697	34.52
0.20363	34.52
0.22030	34.52
0.23697	34.52
0.25363	34.52
0.27030	34.52
0.28697	34.52
0.30363	34.52
0.32030	34.52
0.33697	34.52
0.35363	34.52
0.37030	34.52
0.38697	34.52
0.40363	34.52
0.42030	34.52
0.43697	34.52
0.45363	34.52
0.47030	34.52
0.48697	34.52
0.50363	34.52
0.52030	34.52
0.53697	34.52
0.55363	34.52
0.57030	34.52
0.58697	34.52
0.60363	34.52
0.62030	34.52
0.63697	34.52
0.65363	34.52
0.67030	34.52
0.68697	34.52
0.70363	34.52
0.72030	34.52
0.73697	34.52
0.75363	34.52
0.77030	34.52
0.78697	34.52
0.80363	34.52
0.82030	34.52
0.83697	34.52
0.85363	34.52
0.87030	34.52
0.88697	34.52
0.90363	34.52
0.92030	34.52
0.93697	34.52
0.95363	34.52
0.97030	34.52
0.98697	34.52
1.00363	34.52
1.02030	34.52
1.03697	34.52
1.05363	34.52
1.07030	34.52
1.08697	34.52
1.10363	34.52
1.12030	34.52
1.13697	34.52
1.15363	34.52
1.17030	34.52
1.18697	34.52
1.20363	34.52
1.22030	34.52
1.23697	34.52
1.25363	34.51
1.27030	34.52
1.28697	34.52
1.30363	34.52
1.32030	34.52
1.33697	34.51
1.35363	34.51
1.37030	34.53
1.38697	34.53
1.40363	34.51
1.42030	34.52
1.43697	34.52
1.45363	34.52
1.47030	34.53
1.48697	34.52
1.50363	34.52
1.52030	34.52
1.53697	34.52
1.55363	34.52
1.57030	34.52
1.58697	34.52
1.60363	34.52
1.62030	34.52
1.63697	34.52
1.65363	34.52
1.67030	34.52
1.68697	34.52
1.70363	34.52
1.72030	34.52
1.73697	34.52
1.75363	34.52
1.77030	34.50
1.78697	34.52
1.80363	34.52
1.82030	34.52
1.83697	34.52
1.85363	34.52
1.87030	34.52
1.88697	34.52
1.90363	34.52
1.92030	34.52
1.93697	34.52
1.95363	34.52
1.97030	34.52
1.98697	34.52
2.00363	34.52
2.02030	34.52
2.03697	34.52
2.05363	34.52
2.07030	34.52
2.08697	34.52
2.10363	34.52
2.12030	34.52
2.13697	34.52
2.15363	34.52
2.17030	34.52
2.18697	34.52
2.20363	34.52
2.22030	34.52
2.23697	34.52
2.25363	34.52
2.27030	34.52
2.28697	34.52
2.30363	34.52
2.32030	34.52
2.33697	34.52
2.35363	34.52
2.37030	34.52
2.38697	34.52
2.40363	34.54
2.42030	34.52
2.43697	34.52
2.45363	34.52
2.47030	34.52
2.48697	34.52
2.50363	34.66
2.52030	34.52
2.53697	34.52
2.55363	34.52
2.57030	34.52
2.58697	34.52
2.60363	34.52
2.62030	34.52
2.63697	34.52
2.65363	34.52
2.67030	34.52
2.68697	34.52
2.70363	34.52
2.72030	34.52
2.73697	34.52
2.75363	34.52
2.77030	34.52
2.78697	34.52
2.80363	34.52
2.82030	34.52
2.83697	34.52
2.85363	34.52
2.87030	34.52
2.88697	34.52
2.90363	34.52
2.92030	34.52
2.93697	34.52
2.95363	34.52
2.97030	34.52
2.98697	34.52
3.00363	34.52
3.02030	34.52
3.03697	34.52
3.05363	34.52
3.07030	34.52
3.08697	34.52
3.10363	34.52
3.12030	34.52
3.13697	34.52
3.15363	34.52
3.17030	34.51
3.18697	34.52
3.20363	34.52
3.22030	34.52
3.23697	34.52
3.25363	34.52
3.27030	34.52
3.28697	34.52
3.30363	34.52
3.32030	34.52
3.33697	34.52
3.35363	34.52
3.37030	34.52
3.38697	34.52
3.40363	34.52
3.42030	34.52
3.43697	34.52
3.45363	34.52
3.47030	34.52
3.48697	34.51
3.50363	34.52
3.52030	34.52
3.53697	34.52
3.55363	34.52
3.57030	34.52
3.58697	34.52
3.60363	34.52
3.62030	34.52
3.63697	34.52
3.65363	34.52
3.67030	34.52
3.68697	34.52
3.70363	34.52
3.72030	34.52
3.73697	34.52
3.75363	34.52
3.77030	34.52
3.78697	34.52
3.80363	34.52
3.82030	34.52
3.83697	34.52
3.85363	34.52
3.87030	34.52
3.88697	34.52
3.90363	34.52
3.92030	34.52
3.93697	34.52
3.95363	34.52
3.97030	34.52
3.98697	34.52

[Status Trace (Column Flow)]
Interval(msec)	1000
# of Points	240
Start Time(min)	0.004
End Time(min)	3.987
Intensity Units	
Intensity Multiplier	1
R.Time (min)	Intensity
0.00363	5.50
0.02030	5.28
0.03697	5.32
0.05363	5.58
0.07030	5.71
0.08697	5.53
0.10363	5.49
0.12030	5.50
0.13697	5.50
0.15363	5.50
0.17030	5.50
0.18697	5.50
0.20363	5.50
0.22030	5.50
0.23697	5.50
0.25363	5.50
0.27030	5.50
0.28697	5.50
0.30363	5.50
0.32030	5.50
0.33697	5.50
0.35363	5.50
0.37030	5.50
0.38697	5.50
0.40363	5.50
0.42030	5.50
0.43697	5.50
0.45363	5.50
0.47030	5.50
0.48697	5.50
0.50363	5.50
0.52030	5.50
0.53697	5.50
0.55363	5.50
0.57030	5.50
0.58697	5.50
0.60363	5.50
0.62030	5.50
0.63697	5.50
0.65363	5.50
0.67030	5.50
0.68697	5.50
0.70363	5.50
0.72030	5.50
0.73697	5.50
0.75363	5.50
0.77030	5.50
0.78697	5.50
0.80363	5.50
0.82030	5.50
0.83697	5.50
0.85363	5.50
0.87030	5.50
0.88697	5.50
0.90363	5.50
0.92030	5.50
0.93697	5.50
0.95363	5.50
0.97030	5.50
0.98697	5.50
1.00363	5.50
1.02030	5.50
1.03697	5.50
1.05363	5.50
1.07030	5.50
1.08697	5.50
1.10363	5.50
1.12030	5.50
1.13697	5.50
1.15363	5.50
1.17030	5.50
1.18697	5.50
1.20363	5.50
1.22030	5.50
1.23697	5.50
1.25363	5.50
1.27030	5.50
1.28697	5.50
1.30363	5.50
1.32030	5.50
1.33697	5.50
1.35363	5.50
1.37030	5.50
1.38697	5.50
1.40363	5.50
1.42030	5.50
1.43697	5.50
1.45363	5.50
1.47030	5.50
1.48697	5.50
1.50363	5.50
1.52030	5.50
1.53697	5.50
1.55363	5.50
1.57030	5.50
1.58697	5.50
1.60363	5.50
1.62030	5.49
1.63697	5.49
1.65363	5.48
1.67030	5.47
1.68697	5.46
1.70363	5.45
1.72030	5.44
1.73697	5.43
1.75363	5.42
1.77030	5.41
1.78697	5.40
1.80363	5.39
1.82030	5.38
1.83697	5.37
1.85363	5.36
1.87030	5.35
1.88697	5.34
1.90363	5.33
1.92030	5.32
1.93697	5.31
1.95363	5.30
1.97030	5.29
1.98697	5.28
2.00363	5.27
2.02030	5.26
2.03697	5.25
2.05363	5.24
2.07030	5.23
2.08697	5.22
2.10363	5.21
2.12030	5.20
2.13697	5.19
2.15363	5.19
2.17030	5.18
2.18697	5.17
2.20363	5.16
2.22030	5.15
2.23697	5.14
2.25363	5.13
2.27030	5.12
2.28697	5.11
2.30363	5.10
2.32030	5.09
2.33697	5.08
2.35363	5.07
2.37030	5.07
2.38697	5.06
2.40363	5.06
2.42030	5.06
2.43697	5.06
2.45363	5.06
2.47030	5.06
2.48697	5.06
2.50363	5.06
2.52030	5.06
2.53697	5.06
2.55363	5.06
2.57030	5.06
2.58697	5.06
2.60363	5.06
2.62030	5.06
2.63697	5.06
2.65363	5.06
2.67030	5.06
2.68697	5.06
2.70363	5.06
2.72030	5.06
2.73697	5.06
2.75363	5.06
2.77030	5.06
2.78697	5.06
2.80363	5.06
2.82030	5.06
2.83697	5.06
2.85363	5.06
2.87030	5.06
2.88697	5.06
2.90363	5.06
2.92030	5.06
2.93697	5.06
2.95363	5.06
2.97030	5.06
2.98697	5.06
3.00363	5.06
3.02030	5.06
3.03697	5.06
3.05363	5.06
3.07030	5.05
3.08697	5.05
3.10363	5.05
3.12030	5.05
3.13697	5.05
3.15363	5.05
3.17030	5.05
3.18697	5.05
3.20363	5.05
3.22030	5.05
3.23697	5.05
3.25363	5.06
3.27030	5.06
3.28697	5.06
3.30363	5.06
3.32030	5.06
3.33697	5.06
3.35363	5.06
3.37030	5.06
3.38697	5.06
3.40363	5.06
3.42030	5.05
3.43697	5.05
3.45363	5.05
3.47030	5.05
3.48697	5.05
3.50363	5.05
3.52030	5.05
3.53697	5.05
3.55363	5.05
3.57030	5.05
3.58697	5.05
3.60363	5.05
3.62030	5.05
3.63697	5.05
3.65363	5.05
3.67030	5.06
3.68697	5.06
3.70363	5.06
3.72030	5.06
3.73697	5.06
3.75363	5.06
3.77030	5.06
3.78697	5.06
3.80363	5.06
3.82030	5.06
3.83697	5.06
3.85363	5.06
3.87030	5.06
3.88697	5.05
3.90363	5.05
3.92030	5.05
3.93697	5.05
3.95363	5.06
3.97030	5.06
3.98697	5.06

[Status Trace (Linear Velocity)]
Interval(msec)	1000
# of Points	240
Start Time(min)	0.004
End Time(min)	3.987
Intensity Units	
Intensity Multiplier	1
R.Time (min)	Intensity
0.00363	39.01
0.02030	37.80
0.03697	37.99
0.05363	39.46
0.07030	40.22
0.08697	39.17
0.10363	38.99
0.12030	39.01
0.13697	39.01
0.15363	39.01
0.17030	39.01
0.18697	39.01
0.20363	39.01
0.22030	39.01
0.23697	39.01
0.25363	39.01
0.27030	39.01
0.28697	39.01
0.30363	39.01
0.32030	39.01
0.33697	39.01
0.35363	39.01
0.37030	39.01
0.38697	39.01
0.40363	39.01
0.42030	39.01
0.43697	39.01
0.45363	39.01
0.47030	39.01
0.48697	39.01
0.50363	39.01
0.52030	39.01
0.53697	39.01
0.55363	39.01
0.57030	39.01
0.58697	39.01
0.60363	39.01
0.62030	39.01
0.63697	39.01
0.65363	39.01
0.67030	39.01
0.68697	39.01
0.70363	39.01
0.72030	39.01
0.73697	39.01
0.75363	39.01
0.77030	39.01
0.78697	39.01
0.80363	39.01
0.82030	39.01
0.83697	39.01
0.85363	39.01
0.87030	39.01
0.88697	39.01
0.90363	39.01
0.92030	39.01
0.93697	39.01
0.95363	39.01
0.97030	39.01
0.98697	39.01
1.00363	39.01
1.02030	39.01
1.03697	39.01
1.05363	39.01
1.07030	39.01
1.08697	39.01
1.10363	39.01
1.12030	39.01
1.13697	39.01
1.15363	39.01
1.17030	39.01
1.18697	39.02
1.20363	39.01
1.22030	39.01
1.23697	39.01
1.25363	39.01
1.27030	39.01
1.28697	39.01
1.30363	39.01
1.32030	39.01
1.33697	39.01
1.35363	39.01
1.37030	39.01
1.38697	39.01
1.40363	39.01
1.42030	39.01
1.43697	39.01
1.45363	39.01
1.47030	39.01
1.48697	39.01
1.50363	39.01
1.52030	39.01
1.53697	39.01
1.55363	39.01
1.57030	39.01
1.58697	39.01
1.60363	39.01
1.62030	39.00
1.63697	38.98
1.65363	38.96
1.67030	38.94
1.68697	38.90
1.70363	38.86
1.72030	38.83
1.73697	38.80
1.75363	38.77
1.77030	38.74
1.78697	38.70
1.80363	38.67
1.82030	38.64
1.83697	38.61
1.85363	38.58
1.87030	38.55
1.88697	38.52
1.90363	38.49
1.92030	38.46
1.93697	38.42
1.95363	38.39
1.97030	38.37
1.98697	38.34
2.00363	38.31
2.02030	38.27
2.03697	38.25
2.05363	38.22
2.07030	38.18
2.08697	38.16
2.10363	38.13
2.12030	38.10
2.13697	38.06
2.15363	38.04
2.17030	38.01
2.18697	37.98
2.20363	37.95
2.22030	37.92
2.23697	37.89
2.25363	37.86
2.27030	37.83
2.28697	37.80
2.30363	37.77
2.32030	37.74
2.33697	37.71
2.35363	37.68
2.37030	37.66
2.38697	37.65
2.40363	37.65
2.42030	37.65
2.43697	37.65
2.45363	37.65
2.47030	37.65
2.48697	37.65
2.50363	37.64
2.52030	37.65
2.53697	37.64
2.55363	37.65
2.57030	37.64
2.58697	37.64
2.60363	37.64
2.62030	37.64
2.63697	37.64
2.65363	37.64
2.67030	37.64
2.68697	37.64
2.70363	37.64
2.72030	37.64
2.73697	37.64
2.75363	37.64
2.77030	37.64
2.78697	37.64
2.80363	37.64
2.82030	37.64
2.83697	37.64
2.85363	37.64
2.87030	37.64
2.88697	37.63
2.90363	37.63
2.92030	37.63
2.93697	37.63
2.95363	37.63
2.97030	37.63
2.98697	37.63
3.00363	37.63
3.02030	37.62
3.03697	37.62
3.05363	37.62
3.07030	37.62
3.08697	37.62
3.10363	37.62
3.12030	37.62
3.13697	37.62
3.15363	37.62
3.17030	37.62
3.18697	37.62
3.20363	37.62
3.22030	37.62
3.23697	37.62
3.25363	37.62
3.27030	37.62
3.28697	37.62
3.30363	37.62
3.32030	37.62
3.33697	37.62
3.35363	37.62
3.37030	37.63
3.38697	37.63
3.40363	37.62
3.42030	37.62
3.43697	37.62
3.45363	37.62
3.47030	37.62
3.48697	37.62
3.50363	37.62
3.52030	37.62
3.53697	37.62
3.55363	37.62
3.57030	37.62
3.58697	37.62
3.60363	37.62
3.62030	37.62
3.63697	37.62
3.65363	37.62
3.67030	37.62
3.68697	37.62
3.70363	37.62
3.72030	37.62
3.73697	37.62
3.75363	37.62
3.77030	37.63
3.78697	37.63
3.80363	37.63
3.82030	37.62
3.83697	37.62
3.85363	37.62
3.87030	37.62
3.88697	37.62
3.90363	37.62
3.92030	37.62
3.93697	37.62
3.95363	37.62
3.97030	37.62
3.98697	37.62

