[Header]
Application Name	LabSolutions
Version	5.110
Data File Name	C:\Users\User\Desktop\GC Analyses\Jack\UIC Prairie Sampling\7.9.22\220909_020.gcd
Output Date	9/28/2022
Output Time	11:29:50 AM

[File Information]
Type	Data File
Generated	9/9/2022 3:59:00 PM
Generated by	System Administrator
Modified	9/9/2022 4:04:03 PM
Modified by	System Administrator

[Sample Information]
Operator Name	System Administrator
Acquired	9/9/2022 4:00:02 PM
Sample Type	1:Standard
Level	1
Sample Name	220909_Run
Sample ID	220909_Run
ISTD Amount1	1
ISTD Amount2	1
ISTD Amount3	1
ISTD Amount4	1
ISTD Amount5	1
ISTD Amount6	1
ISTD Amount7	1
ISTD Amount8	1
ISTD Amount9	1
ISTD Amount10	1
ISTD Amount11	1
ISTD Amount12	1
ISTD Amount13	1
ISTD Amount14	1
ISTD Amount15	1
ISTD Amount16	1
ISTD Amount17	1
ISTD Amount18	1
ISTD Amount19	1
ISTD Amount20	1
ISTD Amount21	1
ISTD Amount22	1
ISTD Amount23	1
ISTD Amount24	1
ISTD Amount25	1
ISTD Amount26	1
ISTD Amount27	1
ISTD Amount28	1
ISTD Amount29	1
ISTD Amount30	1
ISTD Amount31	1
ISTD Amount32	1
Sample Amount	1
Dilution Factor	1
Vial#	1
Injection Volume	1
Injection Count	1
Bar Code	

[Original Files]
Data File	C:\Users\User\Desktop\GC Analyses\Jack\220909\220909_020.gcd
Method File	C:\LabSolutions\Data\GHG_4min_2022\ghg3_togas_w_acet_4 min_new_int.gcm
Batch File	
Report Format File	c:\LabSolutions\System\DEFAULT.lsr

[File Description]


[Configuration]
Instrument Name	C0B7VH3-Instrument1
Instrument #	1
Line #	1
# of Detectors	3
Detector ID	DET#1	DET#2	DET#3
Detector Name	FID	PTCD	ECD
# of Channels	1	1	1

[Peak Table(Ch1)]
# of Peaks	3
Peak#	R.Time	I.Time	F.Time	Area	Height	A/H	Conc.	Mark	ID#	Name	k'	Plate #	Plate Ht.	Tailing	Resolution	Sep.Factor	Area Ratio	Height Ratio	Conc. %	Norm Conc.
1	1.472	1.435	1.538	14917	6733	2.215	100.000	   	1	CO	0.000	8446	17.759	1.283	0.000	0.000	0	0	16.667	16.667
2	1.567	1.538	1.619	4313	2259	1.909	100.000	 V 	2	CH4	0.065	11557	12.979	1.211	1.558	0.000	0	0	16.667	16.667
3	1.996	1.945	2.275	1746261	863855	2.021	400.000	   	3	CO2	0.356	18022	8.323	1.195	7.284	5.500	0	0	66.667	66.667

[Peak Table(Ch2)]
# of Peaks	0

[Peak Table(Ch3)]
# of Peaks	2
Peak#	R.Time	I.Time	F.Time	Area	Height	A/H	Conc.	Mark	ID#	Name	k'	Plate #	Plate Ht.	Tailing	Resolution	Sep.Factor	Area Ratio	Height Ratio	Conc. %	Norm Conc.
1	2.590	2.466	2.649	2819	391	7.213	0.000	   			0.000	3090	48.546	0.000	0.000	0.000	0	0	0.000	0.000
2	2.876	2.649	3.877	46972	6042	7.775	1.000	 V 	1	N2O	0.110	11366	13.197	2.631	1.943	0.000	0	0	100.000	100.000

[Compound Results(Ch1)]
# of IDs	6
ID#	Name	R.Time	Area	Height	Conc.	Curve	3rd	2nd	1st	Constant	Area Ratio	Height Ratio	Conc. %	Norm Conc.
1	CO	1.472	14917	6733	100.000	Linear	0.000000e+00	0.000000e+00	1.491695e+002	0.000000e+00	0	0	16.667	16.667
2	CH4	1.567	4313	2259	100.000	Linear	0.000000e+00	0.000000e+00	4.313254e+001	0.000000e+00	0	0	16.667	16.667
3	CO2	1.996	1746261	863855	400.000	Linear	0.000000e+00	0.000000e+00	4.365653e+003	0.000000e+00	0	0	66.667	66.667
4	Ethylene	0.000	0	0	0.000	Linear	0.000000e+00	0.000000e+00	0.000000e+00	0.000000e+00	0	0	0.000	0.000
5	Acetylene	0.000	0	0	0.000	Linear	0.000000e+00	0.000000e+00	0.000000e+00	0.000000e+00	0	0	0.000	0.000
6	Ethane	0.000	0	0	0.000	Linear	0.000000e+00	0.000000e+00	0.000000e+00	0.000000e+00	0	0	0.000	0.000

[Compound Results(Ch2)]
# of IDs	5
ID#	Name	R.Time	Area	Height	Conc.	Curve	3rd	2nd	1st	Constant	Area Ratio	Height Ratio	Conc. %	Norm Conc.
1	Hydrogen	0.000	0	0	0.000	Linear	0.000000e+00	0.000000e+00	0.000000e+00	0.000000e+00	0	0	0.000	0.000
2	Oxygen	0.000	0	0	0.000	Linear	0.000000e+00	0.000000e+00	0.000000e+00	0.000000e+00	0	0	0.000	0.000
3	Nitrogen	0.000	0	0	0.000	Linear	0.000000e+00	0.000000e+00	0.000000e+00	0.000000e+00	0	0	0.000	0.000
4	Methane	0.000	0	0	0.000	Linear	0.000000e+00	0.000000e+00	0.000000e+00	0.000000e+00	0	0	0.000	0.000
5	Carbon Monoxide	0.000	0	0	0.000	Linear	0.000000e+00	0.000000e+00	0.000000e+00	0.000000e+00	0	0	0.000	0.000

[Compound Results(Ch3)]
# of IDs	2
ID#	Name	R.Time	Area	Height	Conc.	Curve	3rd	2nd	1st	Constant	Area Ratio	Height Ratio	Conc. %	Norm Conc.
1	N2O	2.876	46972	6042	1.000	Linear	0.000000e+00	0.000000e+00	4.697214e+004	0.000000e+00	0	0	100.000	100.000
2	SF6	0.000	0	0	0.000	Linear	0.000000e+00	0.000000e+00	0.000000e+00	0.000000e+00	0	0	0.000	0.000

[Group Results(Ch1)]
# of Groups	0

[Group Results(Ch2)]
# of Groups	0

[Group Results(Ch3)]
# of Groups	0

[Chromatogram (Ch1)]
Interval(msec)	220
# of Points	1091
Start Time(min)	0.002
End Time(min)	3.998
R.Time (min)	Intensity
0.00167	12
0.00533	9
0.00900	2
0.01267	-2
0.01633	-3
0.02000	-2
0.02367	-3
0.02733	-5
0.03100	-8
0.03467	-11
0.03833	-13
0.04200	-15
0.04567	-17
0.04933	-14
0.05300	-10
0.05667	-8
0.06033	-4
0.06400	-6
0.06767	-2
0.07133	2
0.07500	5
0.07867	2
0.08233	-1
0.08600	-3
0.08967	-3
0.09333	-4
0.09700	-10
0.10067	-17
0.10433	-21
0.10800	-21
0.11167	-20
0.11533	-18
0.11900	-17
0.12267	-17
0.12633	-16
0.13000	-18
0.13367	-21
0.13733	-24
0.14100	-27
0.14467	-28
0.14833	-26
0.15200	-20
0.15567	-14
0.15933	-13
0.16300	-17
0.16667	-20
0.17033	-21
0.17400	-23
0.17767	-29
0.18133	-31
0.18500	-27
0.18867	-22
0.19233	-19
0.19600	-25
0.19967	-28
0.20333	-27
0.20700	-23
0.21067	-21
0.21433	-18
0.21800	-18
0.22167	-20
0.22533	-20
0.22900	-21
0.23267	-24
0.23633	-35
0.24000	-38
0.24367	-39
0.24733	-36
0.25100	-34
0.25467	-20
0.25833	-15
0.26200	-10
0.26567	-10
0.26933	-9
0.27300	-8
0.27667	-12
0.28033	-12
0.28400	-13
0.28767	-19
0.29133	-26
0.29500	-29
0.29867	-33
0.30233	-34
0.30600	-58
0.30967	-72
0.31333	-68
0.31700	-58
0.32067	-39
0.32433	-28
0.32800	-33
0.33167	-46
0.33533	-45
0.33900	-44
0.34267	-40
0.34633	-37
0.35000	-32
0.35367	-23
0.35733	-19
0.36100	-18
0.36467	-22
0.36833	-28
0.37200	-32
0.37567	-35
0.37933	-34
0.38300	-32
0.38667	-29
0.39033	-22
0.39400	-19
0.39767	-22
0.40133	-24
0.40500	-28
0.40867	-28
0.41233	-26
0.41600	-26
0.41967	-25
0.42333	-22
0.42700	-19
0.43067	-17
0.43433	-17
0.43800	-20
0.44167	-24
0.44533	-32
0.44900	-39
0.45267	-44
0.45633	-47
0.46000	-47
0.46367	-43
0.46733	-38
0.47100	-32
0.47467	-26
0.47833	-21
0.48200	-21
0.48567	-23
0.48933	-27
0.49300	-33
0.49667	-39
0.50033	-45
0.50400	-51
0.50767	-46
0.51133	-35
0.51500	-25
0.51867	-18
0.52233	-15
0.52600	-18
0.52967	-21
0.53333	-27
0.53700	-32
0.54067	-37
0.54433	-38
0.54800	-38
0.55167	-52
0.55533	-54
0.55900	-53
0.56267	-51
0.56633	-51
0.57000	-52
0.57367	-49
0.57733	-43
0.58100	-39
0.58467	-33
0.58833	-30
0.59200	-28
0.59567	-27
0.59933	-32
0.60300	-38
0.60667	-42
0.61033	-40
0.61400	-37
0.61767	-39
0.62133	-46
0.62500	-51
0.62867	-68
0.63233	-73
0.63600	-66
0.63967	-58
0.64333	-54
0.64700	-57
0.65067	-57
0.65433	-45
0.65800	-23
0.66167	-12
0.66533	-7
0.66900	-8
0.67267	-11
0.67633	-18
0.68000	-29
0.68367	-38
0.68733	-41
0.69100	-42
0.69467	-42
0.69833	-43
0.70200	-46
0.70567	-51
0.70933	-58
0.71300	-57
0.71667	-49
0.72033	-41
0.72400	-35
0.72767	-33
0.73133	-37
0.73500	-40
0.73867	-45
0.74233	-49
0.74600	-54
0.74967	-61
0.75333	-59
0.75700	-55
0.76067	-52
0.76433	-46
0.76800	-41
0.77167	-36
0.77533	-31
0.77900	-26
0.78267	-26
0.78633	-25
0.79000	-27
0.79367	-32
0.79733	-38
0.80100	-36
0.80467	-48
0.80833	-53
0.81200	-49
0.81567	-49
0.81933	-52
0.82300	-54
0.82667	-55
0.83033	-60
0.83400	-62
0.83767	-62
0.84133	-52
0.84500	-49
0.84867	-50
0.85233	-49
0.85600	-48
0.85967	-47
0.86333	-50
0.86700	-54
0.87067	-55
0.87433	-52
0.87800	-48
0.88167	-45
0.88533	-43
0.88900	-40
0.89267	-40
0.89633	-46
0.90000	-51
0.90367	-55
0.90733	-58
0.91100	-67
0.91467	-73
0.91833	-72
0.92200	-70
0.92567	-57
0.92933	-46
0.93300	-45
0.93667	-48
0.94033	-54
0.94400	-79
0.94767	-84
0.95133	-69
0.95500	-49
0.95867	-48
0.96233	-56
0.96600	-60
0.96967	-63
0.97333	-61
0.97700	-54
0.98067	-50
0.98433	-46
0.98800	-43
0.99167	-41
0.99533	-39
0.99900	-39
1.00267	-43
1.00633	-48
1.01000	-50
1.01367	-50
1.01733	-51
1.02100	-52
1.02467	-56
1.02833	-62
1.03200	-69
1.03567	-74
1.03933	-77
1.04300	-76
1.04667	-71
1.05033	-65
1.05400	-63
1.05767	-66
1.06133	-71
1.06500	-81
1.06867	-94
1.07233	-105
1.07600	-99
1.07967	-88
1.08333	-77
1.08700	-68
1.09067	-64
1.09433	-59
1.09800	-59
1.10167	-61
1.10533	-70
1.10900	-65
1.11267	-59
1.11633	-60
1.12000	-64
1.12367	-65
1.12733	-61
1.13100	-53
1.13467	-43
1.13833	-42
1.14200	-37
1.14567	-42
1.14933	-52
1.15300	-55
1.15667	-54
1.16033	-50
1.16400	-48
1.16767	-47
1.17133	-45
1.17500	-45
1.17867	-45
1.18233	-48
1.18600	-46
1.18967	-53
1.19333	-59
1.19700	-68
1.20067	-68
1.20433	-66
1.20800	-65
1.21167	-63
1.21533	-59
1.21900	-59
1.22267	-62
1.22633	-67
1.23000	-71
1.23367	-77
1.23733	-81
1.24100	-79
1.24467	-73
1.24833	-66
1.25200	-58
1.25567	-56
1.25933	-56
1.26300	-58
1.26667	-63
1.27033	-72
1.27400	-70
1.27767	-69
1.28133	-67
1.28500	-68
1.28867	-69
1.29233	-71
1.29600	-75
1.29967	-72
1.30333	-72
1.30700	-73
1.31067	-71
1.31433	-64
1.31800	-55
1.32167	-50
1.32533	-47
1.32900	-52
1.33267	-46
1.33633	-46
1.34000	-44
1.34367	-46
1.34733	-58
1.35100	-66
1.35467	-71
1.35833	-75
1.36200	-76
1.36567	-74
1.36933	-75
1.37300	-70
1.37667	-65
1.38033	-64
1.38400	-67
1.38767	-68
1.39133	-72
1.39500	-81
1.39867	-92
1.40233	-94
1.40600	-91
1.40967	-93
1.41333	-85
1.41700	-69
1.42067	-63
1.42433	-64
1.42800	-69
1.43167	-71
1.43533	-62
1.43900	-6
1.44267	202
1.44633	682
1.45000	1462
1.45367	2532
1.45733	3773
1.46100	4964
1.46467	5913
1.46833	6495
1.47200	6661
1.47567	6437
1.47933	5883
1.48300	5092
1.48667	4184
1.49033	3285
1.49400	2486
1.49767	1826
1.50133	1307
1.50500	927
1.50867	646
1.51233	442
1.51600	286
1.51967	172
1.52333	87
1.52700	30
1.53067	-10
1.53433	-39
1.53800	-46
1.54167	18
1.54533	218
1.54900	562
1.55267	997
1.55633	1433
1.56000	1790
1.56367	2044
1.56733	2160
1.57100	2090
1.57467	1850
1.57833	1507
1.58200	1126
1.58567	772
1.58933	518
1.59300	322
1.59667	175
1.60033	70
1.60400	-1
1.60767	-48
1.61133	-79
1.61500	-98
1.61867	-114
1.62233	-130
1.62600	-124
1.62967	-112
1.63333	-109
1.63700	-104
1.64067	-103
1.64433	-107
1.64800	-117
1.65167	-118
1.65533	-117
1.65900	-115
1.66267	-114
1.66633	-116
1.67000	-118
1.67367	-124
1.67733	-128
1.68100	-127
1.68467	-120
1.68833	-117
1.69200	-113
1.69567	-106
1.69933	-99
1.70300	-93
1.70667	-98
1.71033	-107
1.71400	-117
1.71767	-126
1.72133	-119
1.72500	-105
1.72867	-97
1.73233	-95
1.73600	-86
1.73967	-81
1.74333	-83
1.74700	-88
1.75067	-104
1.75433	-109
1.75800	-111
1.76167	-102
1.76533	-89
1.76900	-88
1.77267	-92
1.77633	-95
1.78000	-98
1.78367	-98
1.78733	-100
1.79100	-103
1.79467	-108
1.79833	-106
1.80200	-103
1.80567	-97
1.80933	-90
1.81300	-86
1.81667	-86
1.82033	-88
1.82400	-93
1.82767	-92
1.83133	-87
1.83500	-88
1.83867	-91
1.84233	-100
1.84600	-96
1.84967	-96
1.85333	-98
1.85700	-95
1.86067	-89
1.86433	-83
1.86800	-79
1.87167	-74
1.87533	-73
1.87900	-76
1.88267	-83
1.88633	-90
1.89000	-94
1.89367	-92
1.89733	-87
1.90100	-95
1.90467	-104
1.90833	-110
1.91200	-111
1.91567	-105
1.91933	-97
1.92300	-92
1.92667	-89
1.93033	-92
1.93400	-91
1.93767	-92
1.94133	-99
1.94500	-93
1.94867	-84
1.95233	-52
1.95600	218
1.95967	1659
1.96333	7673
1.96700	26861
1.97067	73930
1.97433	163651
1.97800	298590
1.98167	462068
1.98533	625069
1.98900	759021
1.99267	842583
1.99633	863798
2.00000	822176
2.00367	729122
2.00733	605194
2.01100	473461
2.01467	352382
2.01833	252164
2.02200	175337
2.02567	119611
2.02933	80751
2.03300	54363
2.03667	36755
2.04033	25099
2.04400	17424
2.04767	12353
2.05133	8970
2.05500	6681
2.05867	5109
2.06233	4009
2.06600	3236
2.06967	2673
2.07333	2250
2.07700	1926
2.08067	1672
2.08433	1466
2.08800	1293
2.09167	1155
2.09533	1053
2.09900	969
2.10267	898
2.10633	825
2.11000	756
2.11367	697
2.11733	646
2.12100	609
2.12467	580
2.12833	552
2.13200	531
2.13567	513
2.13933	491
2.14300	467
2.14667	441
2.15033	416
2.15400	395
2.15767	373
2.16133	359
2.16500	343
2.16867	323
2.17233	305
2.17600	297
2.17967	289
2.18333	279
2.18700	271
2.19067	255
2.19433	254
2.19800	251
2.20167	245
2.20533	244
2.20900	239
2.21267	228
2.21633	216
2.22000	204
2.22367	194
2.22733	185
2.23100	176
2.23467	159
2.23833	156
2.24200	164
2.24567	164
2.24933	165
2.25300	162
2.25667	156
2.26033	142
2.26400	151
2.26767	158
2.27133	145
2.27500	142
2.27867	130
2.28233	135
2.28600	136
2.28967	128
2.29333	128
2.29700	127
2.30067	123
2.30433	115
2.30800	102
2.31167	95
2.31533	101
2.31900	106
2.32267	112
2.32633	108
2.33000	101
2.33367	99
2.33733	104
2.34100	115
2.34467	127
2.34833	121
2.35200	106
2.35567	98
2.35933	92
2.36300	86
2.36667	81
2.37033	74
2.37400	69
2.37767	62
2.38133	62
2.38500	64
2.38867	66
2.39233	65
2.39600	66
2.39967	56
2.40333	43
2.40700	49
2.41067	50
2.41433	49
2.41800	35
2.42167	23
2.42533	40
2.42900	56
2.43267	59
2.43633	59
2.44000	63
2.44367	61
2.44733	54
2.45100	48
2.45467	54
2.45833	65
2.46200	70
2.46567	68
2.46933	59
2.47300	45
2.47667	45
2.48033	40
2.48400	36
2.48767	35
2.49133	27
2.49500	19
2.49867	32
2.50233	28
2.50600	18
2.50967	39
2.51333	49
2.51700	38
2.52067	32
2.52433	29
2.52800	41
2.53167	50
2.53533	53
2.53900	49
2.54267	41
2.54633	31
2.55000	19
2.55367	15
2.55733	21
2.56100	25
2.56467	24
2.56833	22
2.57200	13
2.57567	0
2.57933	10
2.58300	25
2.58667	29
2.59033	30
2.59400	19
2.59767	18
2.60133	28
2.60500	31
2.60867	27
2.61233	19
2.61600	14
2.61967	6
2.62333	-2
2.62700	-13
2.63067	-6
2.63433	-1
2.63800	-1
2.64167	-3
2.64533	-2
2.64900	-3
2.65267	-2
2.65633	-1
2.66000	-4
2.66367	-1
2.66733	8
2.67100	13
2.67467	5
2.67833	1
2.68200	3
2.68567	6
2.68933	5
2.69300	3
2.69667	-6
2.70033	-11
2.70400	-1
2.70767	1
2.71133	-2
2.71500	-10
2.71867	-10
2.72233	-4
2.72600	1
2.72967	-4
2.73333	-0
2.73700	-0
2.74067	-4
2.74433	-9
2.74800	-22
2.75167	-20
2.75533	-22
2.75900	-23
2.76267	-19
2.76633	-10
2.77000	-8
2.77367	-2
2.77733	11
2.78100	16
2.78467	12
2.78833	7
2.79200	2
2.79567	0
2.79933	-4
2.80300	-13
2.80667	-14
2.81033	-19
2.81400	-26
2.81767	-18
2.82133	-11
2.82500	-13
2.82867	-3
2.83233	8
2.83600	13
2.83967	14
2.84333	8
2.84700	13
2.85067	7
2.85433	-5
2.85800	-19
2.86167	-16
2.86533	-14
2.86900	-20
2.87267	-32
2.87633	-25
2.88000	-31
2.88367	-17
2.88733	-8
2.89100	-11
2.89467	-2
2.89833	13
2.90200	23
2.90567	25
2.90933	17
2.91300	22
2.91667	27
2.92033	23
2.92400	15
2.92767	-5
2.93133	-11
2.93500	-15
2.93867	-27
2.94233	-40
2.94600	-33
2.94967	-30
2.95333	-34
2.95700	-31
2.96067	-38
2.96433	-10
2.96800	7
2.97167	13
2.97533	17
2.97900	19
2.98267	18
2.98633	20
2.99000	16
2.99367	5
2.99733	-3
3.00100	-3
3.00467	1
3.00833	2
3.01200	7
3.01567	11
3.01933	28
3.02300	26
3.02667	21
3.03033	9
3.03400	-6
3.03767	-9
3.04133	4
3.04500	11
3.04867	4
3.05233	-3
3.05600	3
3.05967	-4
3.06333	-10
3.06700	-8
3.07067	-9
3.07433	-9
3.07800	-14
3.08167	-8
3.08533	-10
3.08900	1
3.09267	7
3.09633	9
3.10000	5
3.10367	10
3.10733	1
3.11100	-2
3.11467	2
3.11833	3
3.12200	0
3.12567	11
3.12933	10
3.13300	14
3.13667	17
3.14033	15
3.14400	9
3.14767	7
3.15133	7
3.15500	5
3.15867	9
3.16233	14
3.16600	14
3.16967	11
3.17333	12
3.17700	10
3.18067	5
3.18433	11
3.18800	16
3.19167	21
3.19533	27
3.19900	18
3.20267	8
3.20633	-3
3.21000	6
3.21367	15
3.21733	16
3.22100	16
3.22467	12
3.22833	-0
3.23200	-1
3.23567	4
3.23933	12
3.24300	17
3.24667	22
3.25033	24
3.25400	24
3.25767	21
3.26133	16
3.26500	11
3.26867	11
3.27233	9
3.27600	7
3.27967	2
3.28333	6
3.28700	9
3.29067	9
3.29433	4
3.29800	-4
3.30167	-14
3.30533	-26
3.30900	-25
3.31267	-20
3.31633	-12
3.32000	1
3.32367	10
3.32733	14
3.33100	14
3.33467	10
3.33833	10
3.34200	9
3.34567	5
3.34933	3
3.35300	2
3.35667	8
3.36033	13
3.36400	15
3.36767	18
3.37133	23
3.37500	23
3.37867	18
3.38233	15
3.38600	5
3.38967	-26
3.39333	-33
3.39700	-6
3.40067	15
3.40433	16
3.40800	6
3.41167	3
3.41533	-5
3.41900	-3
3.42267	14
3.42633	25
3.43000	32
3.43367	29
3.43733	31
3.44100	20
3.44467	9
3.44833	2
3.45200	1
3.45567	8
3.45933	17
3.46300	18
3.46667	18
3.47033	17
3.47400	17
3.47767	14
3.48133	10
3.48500	7
3.48867	1
3.49233	-4
3.49600	-2
3.49967	1
3.50333	9
3.50700	20
3.51067	22
3.51433	-18
3.51800	-33
3.52167	-25
3.52533	-11
3.52900	-3
3.53267	9
3.53633	13
3.54000	12
3.54367	15
3.54733	22
3.55100	25
3.55467	25
3.55833	36
3.56200	35
3.56567	26
3.56933	15
3.57300	17
3.57667	15
3.58033	15
3.58400	13
3.58767	11
3.59133	15
3.59500	20
3.59867	22
3.60233	21
3.60600	26
3.60967	28
3.61333	24
3.61700	21
3.62067	19
3.62433	18
3.62800	17
3.63167	16
3.63533	17
3.63900	18
3.64267	12
3.64633	-3
3.65000	1
3.65367	-2
3.65733	2
3.66100	11
3.66467	32
3.66833	38
3.67200	27
3.67567	19
3.67933	18
3.68300	18
3.68667	14
3.69033	10
3.69400	8
3.69767	8
3.70133	12
3.70500	0
3.70867	0
3.71233	11
3.71600	11
3.71967	11
3.72333	15
3.72700	16
3.73067	15
3.73433	20
3.73800	17
3.74167	-5
3.74533	-4
3.74900	8
3.75267	10
3.75633	6
3.76000	3
3.76367	3
3.76733	-0
3.77100	-2
3.77467	-2
3.77833	-6
3.78200	-4
3.78567	3
3.78933	5
3.79300	4
3.79667	-4
3.80033	-1
3.80400	6
3.80767	-1
3.81133	7
3.81500	13
3.81867	8
3.82233	5
3.82600	7
3.82967	3
3.83333	4
3.83700	4
3.84067	6
3.84433	7
3.84800	15
3.85167	18
3.85533	20
3.85900	23
3.86267	8
3.86633	1
3.87000	4
3.87367	5
3.87733	6
3.88100	2
3.88467	-17
3.88833	-13
3.89200	-10
3.89567	-15
3.89933	-20
3.90300	-24
3.90667	-26
3.91033	-28
3.91400	-8
3.91767	17
3.92133	12
3.92500	4
3.92867	-1
3.93233	8
3.93600	12
3.93967	11
3.94333	11
3.94700	14
3.95067	11
3.95433	9
3.95800	8
3.96167	9
3.96533	18
3.96900	27
3.97267	32
3.97633	31
3.98000	25
3.98367	16
3.98733	10
3.99100	12
3.99467	19
3.99833	30

[Chromatogram (Ch2)]
Interval(msec)	220
# of Points	1091
Start Time(min)	0.002
End Time(min)	3.998
R.Time (min)	Intensity
0.00167	-0
0.00533	-0
0.00900	0
0.01267	0
0.01633	0
0.02000	0
0.02367	0
0.02733	0
0.03100	-0
0.03467	0
0.03833	0
0.04200	0
0.04567	0
0.04933	0
0.05300	0
0.05667	0
0.06033	0
0.06400	0
0.06767	-0
0.07133	-0
0.07500	-1
0.07867	-1
0.08233	-2
0.08600	-2
0.08967	-2
0.09333	-2
0.09700	-3
0.10067	-2
0.10433	-2
0.10800	-2
0.11167	-2
0.11533	-1
0.11900	-1
0.12267	-1
0.12633	-0
0.13000	0
0.13367	0
0.13733	1
0.14100	1
0.14467	1
0.14833	1
0.15200	1
0.15567	1
0.15933	2
0.16300	2
0.16667	3
0.17033	3
0.17400	3
0.17767	3
0.18133	3
0.18500	3
0.18867	3
0.19233	2
0.19600	2
0.19967	2
0.20333	2
0.20700	2
0.21067	2
0.21433	2
0.21800	2
0.22167	2
0.22533	2
0.22900	2
0.23267	2
0.23633	2
0.24000	2
0.24367	2
0.24733	2
0.25100	2
0.25467	2
0.25833	2
0.26200	2
0.26567	2
0.26933	2
0.27300	2
0.27667	2
0.28033	2
0.28400	2
0.28767	3
0.29133	3
0.29500	3
0.29867	3
0.30233	2
0.30600	2
0.30967	2
0.31333	2
0.31700	2
0.32067	2
0.32433	2
0.32800	2
0.33167	2
0.33533	1
0.33900	1
0.34267	1
0.34633	1
0.35000	1
0.35367	0
0.35733	0
0.36100	0
0.36467	0
0.36833	0
0.37200	0
0.37567	0
0.37933	-0
0.38300	-0
0.38667	-1
0.39033	-1
0.39400	-2
0.39767	-2
0.40133	-2
0.40500	-2
0.40867	-2
0.41233	-2
0.41600	-2
0.41967	-1
0.42333	-1
0.42700	-0
0.43067	0
0.43433	1
0.43800	1
0.44167	1
0.44533	1
0.44900	2
0.45267	2
0.45633	2
0.46000	2
0.46367	3
0.46733	3
0.47100	3
0.47467	3
0.47833	2
0.48200	2
0.48567	2
0.48933	2
0.49300	2
0.49667	2
0.50033	2
0.50400	2
0.50767	2
0.51133	2
0.51500	1
0.51867	1
0.52233	1
0.52600	1
0.52967	1
0.53333	1
0.53700	0
0.54067	0
0.54433	0
0.54800	1
0.55167	1
0.55533	1
0.55900	1
0.56267	1
0.56633	1
0.57000	1
0.57367	1
0.57733	1
0.58100	1
0.58467	0
0.58833	-0
0.59200	-1
0.59567	-1
0.59933	-1
0.60300	-1
0.60667	-1
0.61033	-1
0.61400	-1
0.61767	-1
0.62133	-1
0.62500	-1
0.62867	-1
0.63233	-1
0.63600	-1
0.63967	-1
0.64333	-1
0.64700	-1
0.65067	-1
0.65433	-1
0.65800	-1
0.66167	-0
0.66533	-0
0.66900	0
0.67267	0
0.67633	0
0.68000	0
0.68367	0
0.68733	0
0.69100	-0
0.69467	-0
0.69833	-0
0.70200	-0
0.70567	-0
0.70933	-1
0.71300	-1
0.71667	-1
0.72033	-1
0.72400	-1
0.72767	-1
0.73133	-2
0.73500	-2
0.73867	-2
0.74233	-2
0.74600	-2
0.74967	-2
0.75333	-2
0.75700	-1
0.76067	-1
0.76433	-1
0.76800	-1
0.77167	-1
0.77533	-1
0.77900	-1
0.78267	-1
0.78633	-1
0.79000	-1
0.79367	-0
0.79733	-0
0.80100	-0
0.80467	-0
0.80833	-0
0.81200	-0
0.81567	-0
0.81933	-0
0.82300	-0
0.82667	-1
0.83033	-1
0.83400	-1
0.83767	-1
0.84133	-1
0.84500	-1
0.84867	-1
0.85233	-1
0.85600	-2
0.85967	-2
0.86333	-2
0.86700	-2
0.87067	-2
0.87433	-1
0.87800	-1
0.88167	-1
0.88533	-1
0.88900	-1
0.89267	-0
0.89633	-0
0.90000	-0
0.90367	-0
0.90733	-0
0.91100	-0
0.91467	-0
0.91833	-1
0.92200	-1
0.92567	-1
0.92933	-1
0.93300	-1
0.93667	-1
0.94033	-1
0.94400	-1
0.94767	-1
0.95133	-0
0.95500	-0
0.95867	0
0.96233	0
0.96600	0
0.96967	-0
0.97333	-0
0.97700	-0
0.98067	-0
0.98433	-0
0.98800	-0
0.99167	-0
0.99533	-1
0.99900	-1
1.00267	-1
1.00633	-2
1.01000	-2
1.01367	-2
1.01733	-2
1.02100	-2
1.02467	-2
1.02833	-2
1.03200	-2
1.03567	-2
1.03933	-2
1.04300	-2
1.04667	-2
1.05033	-2
1.05400	-2
1.05767	-2
1.06133	-2
1.06500	-2
1.06867	-2
1.07233	-2
1.07600	-2
1.07967	-3
1.08333	-3
1.08700	-3
1.09067	-3
1.09433	-3
1.09800	-3
1.10167	-2
1.10533	-2
1.10900	-3
1.11267	-3
1.11633	-3
1.12000	-3
1.12367	-3
1.12733	-3
1.13100	-2
1.13467	-2
1.13833	-2
1.14200	-2
1.14567	-2
1.14933	-2
1.15300	-2
1.15667	-2
1.16033	-2
1.16400	-2
1.16767	-2
1.17133	-2
1.17500	-2
1.17867	-1
1.18233	-1
1.18600	-1
1.18967	-1
1.19333	-1
1.19700	-1
1.20067	-1
1.20433	-1
1.20800	-2
1.21167	-2
1.21533	-2
1.21900	-2
1.22267	-2
1.22633	-2
1.23000	-2
1.23367	-2
1.23733	-2
1.24100	-2
1.24467	-2
1.24833	-2
1.25200	-2
1.25567	-1
1.25933	-2
1.26300	-2
1.26667	-2
1.27033	-2
1.27400	-2
1.27767	-2
1.28133	-2
1.28500	-2
1.28867	-2
1.29233	-2
1.29600	-2
1.29967	-2
1.30333	-2
1.30700	-2
1.31067	-2
1.31433	-2
1.31800	-2
1.32167	-2
1.32533	-2
1.32900	-2
1.33267	-2
1.33633	-2
1.34000	-2
1.34367	-2
1.34733	-2
1.35100	-2
1.35467	-2
1.35833	-2
1.36200	-3
1.36567	-3
1.36933	-3
1.37300	-3
1.37667	-4
1.38033	-4
1.38400	-4
1.38767	-4
1.39133	-3
1.39500	-3
1.39867	-3
1.40233	-3
1.40600	-2
1.40967	-2
1.41333	-2
1.41700	-2
1.42067	-2
1.42433	-1
1.42800	-1
1.43167	-1
1.43533	-1
1.43900	-1
1.44267	-1
1.44633	-1
1.45000	-1
1.45367	-2
1.45733	-2
1.46100	-2
1.46467	-2
1.46833	-2
1.47200	-2
1.47567	-2
1.47933	-2
1.48300	-2
1.48667	-2
1.49033	-2
1.49400	-2
1.49767	-2
1.50133	-2
1.50500	-2
1.50867	-2
1.51233	-2
1.51600	-2
1.51967	-3
1.52333	-3
1.52700	-3
1.53067	-3
1.53433	-3
1.53800	-3
1.54167	-3
1.54533	-3
1.54900	-3
1.55267	-3
1.55633	-2
1.56000	-2
1.56367	-2
1.56733	-2
1.57100	-1
1.57467	-1
1.57833	-1
1.58200	-2
1.58567	-2
1.58933	-2
1.59300	-3
1.59667	-3
1.60033	-4
1.60400	-5
1.60767	-6
1.61133	-8
1.61500	-10
1.61867	-12
1.62233	-15
1.62600	-17
1.62967	-21
1.63333	-24
1.63700	-27
1.64067	-31
1.64433	-34
1.64800	-38
1.65167	-42
1.65533	-45
1.65900	-49
1.66267	-53
1.66633	-58
1.67000	-62
1.67367	-67
1.67733	-72
1.68100	-77
1.68467	-82
1.68833	-87
1.69200	-91
1.69567	-95
1.69933	-99
1.70300	-102
1.70667	-105
1.71033	-107
1.71400	-108
1.71767	-109
1.72133	-110
1.72500	-111
1.72867	-112
1.73233	-112
1.73600	-112
1.73967	-112
1.74333	-112
1.74700	-112
1.75067	-112
1.75433	-112
1.75800	-113
1.76167	-114
1.76533	-115
1.76900	-116
1.77267	-117
1.77633	-118
1.78000	-119
1.78367	-119
1.78733	-119
1.79100	-120
1.79467	-120
1.79833	-120
1.80200	-120
1.80567	-121
1.80933	-121
1.81300	-121
1.81667	-121
1.82033	-121
1.82400	-121
1.82767	-121
1.83133	-122
1.83500	-122
1.83867	-122
1.84233	-121
1.84600	-121
1.84967	-121
1.85333	-120
1.85700	-120
1.86067	-120
1.86433	-120
1.86800	-120
1.87167	-119
1.87533	-119
1.87900	-119
1.88267	-118
1.88633	-118
1.89000	-118
1.89367	-118
1.89733	-118
1.90100	-117
1.90467	-117
1.90833	-117
1.91200	-116
1.91567	-117
1.91933	-117
1.92300	-117
1.92667	-117
1.93033	-117
1.93400	-118
1.93767	-118
1.94133	-118
1.94500	-118
1.94867	-119
1.95233	-119
1.95600	-119
1.95967	-118
1.96333	-118
1.96700	-118
1.97067	-118
1.97433	-117
1.97800	-117
1.98167	-116
1.98533	-116
1.98900	-115
1.99267	-115
1.99633	-114
2.00000	-114
2.00367	-113
2.00733	-113
2.01100	-113
2.01467	-113
2.01833	-113
2.02200	-113
2.02567	-112
2.02933	-112
2.03300	-112
2.03667	-112
2.04033	-112
2.04400	-111
2.04767	-111
2.05133	-110
2.05500	-110
2.05867	-110
2.06233	-109
2.06600	-109
2.06967	-109
2.07333	-109
2.07700	-108
2.08067	-108
2.08433	-108
2.08800	-107
2.09167	-107
2.09533	-107
2.09900	-107
2.10267	-107
2.10633	-107
2.11000	-106
2.11367	-106
2.11733	-106
2.12100	-106
2.12467	-106
2.12833	-105
2.13200	-105
2.13567	-104
2.13933	-103
2.14300	-103
2.14667	-102
2.15033	-102
2.15400	-101
2.15767	-101
2.16133	-101
2.16500	-100
2.16867	-100
2.17233	-99
2.17600	-98
2.17967	-97
2.18333	-97
2.18700	-96
2.19067	-96
2.19433	-96
2.19800	-96
2.20167	-96
2.20533	-97
2.20900	-98
2.21267	-98
2.21633	-98
2.22000	-98
2.22367	-98
2.22733	-97
2.23100	-97
2.23467	-96
2.23833	-96
2.24200	-96
2.24567	-95
2.24933	-95
2.25300	-94
2.25667	-94
2.26033	-94
2.26400	-95
2.26767	-95
2.27133	-95
2.27500	-95
2.27867	-95
2.28233	-94
2.28600	-94
2.28967	-93
2.29333	-93
2.29700	-92
2.30067	-91
2.30433	-90
2.30800	-90
2.31167	-89
2.31533	-89
2.31900	-89
2.32267	-88
2.32633	-88
2.33000	-88
2.33367	-88
2.33733	-88
2.34100	-88
2.34467	-88
2.34833	-89
2.35200	-89
2.35567	-89
2.35933	-89
2.36300	-89
2.36667	-88
2.37033	-87
2.37400	-86
2.37767	-83
2.38133	-80
2.38500	-77
2.38867	-73
2.39233	-68
2.39600	-64
2.39967	-59
2.40333	-54
2.40700	-49
2.41067	-44
2.41433	-40
2.41800	-36
2.42167	-32
2.42533	-29
2.42900	-26
2.43267	-23
2.43633	-20
2.44000	-18
2.44367	-16
2.44733	-14
2.45100	-12
2.45467	-10
2.45833	-9
2.46200	-8
2.46567	-6
2.46933	-5
2.47300	-3
2.47667	-2
2.48033	-0
2.48400	1
2.48767	2
2.49133	3
2.49500	3
2.49867	4
2.50233	5
2.50600	6
2.50967	7
2.51333	7
2.51700	8
2.52067	8
2.52433	9
2.52800	10
2.53167	11
2.53533	11
2.53900	12
2.54267	13
2.54633	14
2.55000	14
2.55367	15
2.55733	15
2.56100	16
2.56467	16
2.56833	16
2.57200	16
2.57567	16
2.57933	16
2.58300	16
2.58667	16
2.59033	17
2.59400	17
2.59767	17
2.60133	18
2.60500	18
2.60867	18
2.61233	18
2.61600	17
2.61967	17
2.62333	18
2.62700	18
2.63067	18
2.63433	19
2.63800	19
2.64167	19
2.64533	20
2.64900	20
2.65267	19
2.65633	19
2.66000	19
2.66367	19
2.66733	19
2.67100	19
2.67467	18
2.67833	19
2.68200	19
2.68567	19
2.68933	20
2.69300	20
2.69667	21
2.70033	22
2.70400	22
2.70767	23
2.71133	23
2.71500	23
2.71867	23
2.72233	23
2.72600	23
2.72967	23
2.73333	23
2.73700	24
2.74067	24
2.74433	24
2.74800	25
2.75167	25
2.75533	25
2.75900	26
2.76267	26
2.76633	26
2.77000	26
2.77367	26
2.77733	26
2.78100	26
2.78467	26
2.78833	25
2.79200	25
2.79567	25
2.79933	25
2.80300	25
2.80667	24
2.81033	24
2.81400	24
2.81767	24
2.82133	24
2.82500	24
2.82867	24
2.83233	24
2.83600	24
2.83967	23
2.84333	21
2.84700	17
2.85067	11
2.85433	2
2.85800	-10
2.86167	-26
2.86533	-45
2.86900	-69
2.87267	-97
2.87633	-129
2.88000	-165
2.88367	-204
2.88733	-247
2.89100	-292
2.89467	-339
2.89833	-387
2.90200	-437
2.90567	-487
2.90933	-537
2.91300	-587
2.91667	-637
2.92033	-686
2.92400	-734
2.92767	-781
2.93133	-830
2.93500	-884
2.93867	-945
2.94233	-1007
2.94600	-1059
2.94967	-1090
2.95333	-1095
2.95700	-1073
2.96067	-1029
2.96433	-967
2.96800	-894
2.97167	-815
2.97533	-735
2.97900	-655
2.98267	-580
2.98633	-509
2.99000	-444
2.99367	-385
2.99733	-332
3.00100	-286
3.00467	-244
3.00833	-208
3.01200	-177
3.01567	-149
3.01933	-126
3.02300	-105
3.02667	-88
3.03033	-73
3.03400	-61
3.03767	-50
3.04133	-40
3.04500	-32
3.04867	-26
3.05233	-20
3.05600	-15
3.05967	-11
3.06333	-7
3.06700	-4
3.07067	-1
3.07433	1
3.07800	3
3.08167	5
3.08533	7
3.08900	8
3.09267	9
3.09633	11
3.10000	12
3.10367	13
3.10733	14
3.11100	15
3.11467	16
3.11833	17
3.12200	17
3.12567	18
3.12933	18
3.13300	19
3.13667	19
3.14033	19
3.14400	20
3.14767	20
3.15133	21
3.15500	21
3.15867	21
3.16233	21
3.16600	22
3.16967	22
3.17333	22
3.17700	22
3.18067	23
3.18433	23
3.18800	23
3.19167	23
3.19533	23
3.19900	23
3.20267	23
3.20633	24
3.21000	24
3.21367	24
3.21733	24
3.22100	24
3.22467	24
3.22833	24
3.23200	24
3.23567	24
3.23933	24
3.24300	24
3.24667	24
3.25033	25
3.25400	25
3.25767	25
3.26133	25
3.26500	26
3.26867	26
3.27233	26
3.27600	26
3.27967	26
3.28333	26
3.28700	26
3.29067	26
3.29433	26
3.29800	26
3.30167	26
3.30533	26
3.30900	26
3.31267	26
3.31633	26
3.32000	26
3.32367	25
3.32733	25
3.33100	25
3.33467	25
3.33833	25
3.34200	25
3.34567	25
3.34933	25
3.35300	25
3.35667	26
3.36033	26
3.36400	26
3.36767	26
3.37133	27
3.37500	27
3.37867	27
3.38233	27
3.38600	27
3.38967	27
3.39333	27
3.39700	27
3.40067	27
3.40433	27
3.40800	27
3.41167	27
3.41533	27
3.41900	27
3.42267	27
3.42633	27
3.43000	27
3.43367	27
3.43733	27
3.44100	27
3.44467	27
3.44833	28
3.45200	28
3.45567	28
3.45933	28
3.46300	28
3.46667	28
3.47033	28
3.47400	29
3.47767	29
3.48133	29
3.48500	29
3.48867	30
3.49233	30
3.49600	30
3.49967	30
3.50333	30
3.50700	30
3.51067	30
3.51433	30
3.51800	29
3.52167	29
3.52533	29
3.52900	29
3.53267	29
3.53633	29
3.54000	28
3.54367	28
3.54733	28
3.55100	28
3.55467	28
3.55833	28
3.56200	28
3.56567	28
3.56933	28
3.57300	28
3.57667	28
3.58033	28
3.58400	28
3.58767	28
3.59133	28
3.59500	29
3.59867	29
3.60233	29
3.60600	29
3.60967	29
3.61333	29
3.61700	29
3.62067	29
3.62433	29
3.62800	29
3.63167	29
3.63533	29
3.63900	30
3.64267	30
3.64633	30
3.65000	30
3.65367	31
3.65733	31
3.66100	31
3.66467	31
3.66833	30
3.67200	30
3.67567	30
3.67933	30
3.68300	30
3.68667	30
3.69033	30
3.69400	30
3.69767	30
3.70133	29
3.70500	29
3.70867	29
3.71233	29
3.71600	29
3.71967	29
3.72333	29
3.72700	29
3.73067	29
3.73433	29
3.73800	29
3.74167	29
3.74533	28
3.74900	28
3.75267	28
3.75633	28
3.76000	28
3.76367	28
3.76733	28
3.77100	28
3.77467	28
3.77833	28
3.78200	29
3.78567	29
3.78933	29
3.79300	29
3.79667	29
3.80033	29
3.80400	29
3.80767	28
3.81133	28
3.81500	28
3.81867	28
3.82233	28
3.82600	28
3.82967	28
3.83333	28
3.83700	28
3.84067	28
3.84433	28
3.84800	28
3.85167	28
3.85533	28
3.85900	28
3.86267	28
3.86633	28
3.87000	27
3.87367	27
3.87733	27
3.88100	28
3.88467	28
3.88833	28
3.89200	28
3.89567	28
3.89933	28
3.90300	28
3.90667	28
3.91033	28
3.91400	28
3.91767	28
3.92133	28
3.92500	28
3.92867	28
3.93233	28
3.93600	28
3.93967	28
3.94333	28
3.94700	28
3.95067	28
3.95433	28
3.95800	28
3.96167	29
3.96533	29
3.96900	29
3.97267	29
3.97633	29
3.98000	29
3.98367	29
3.98733	29
3.99100	29
3.99467	29
3.99833	29

[Chromatogram (Ch3)]
Interval(msec)	220
# of Points	1091
Start Time(min)	0.002
End Time(min)	3.998
R.Time (min)	Intensity
0.00167	0
0.00533	1
0.00900	0
0.01267	0
0.01633	-1
0.02000	-2
0.02367	-4
0.02733	-3
0.03100	-0
0.03467	2
0.03833	3
0.04200	3
0.04567	3
0.04933	2
0.05300	-1
0.05667	-1
0.06033	-0
0.06400	0
0.06767	-0
0.07133	-1
0.07500	-2
0.07867	-4
0.08233	-6
0.08600	-6
0.08967	-6
0.09333	-4
0.09700	-2
0.10067	-1
0.10433	0
0.10800	0
0.11167	2
0.11533	2
0.11900	3
0.12267	5
0.12633	4
0.13000	3
0.13367	2
0.13733	0
0.14100	-2
0.14467	-0
0.14833	3
0.15200	2
0.15567	1
0.15933	3
0.16300	4
0.16667	3
0.17033	1
0.17400	1
0.17767	4
0.18133	5
0.18500	5
0.18867	5
0.19233	0
0.19600	-2
0.19967	-1
0.20333	0
0.20700	1
0.21067	3
0.21433	3
0.21800	3
0.22167	5
0.22533	5
0.22900	4
0.23267	1
0.23633	-1
0.24000	-1
0.24367	-1
0.24733	-1
0.25100	-2
0.25467	-2
0.25833	-1
0.26200	1
0.26567	3
0.26933	4
0.27300	4
0.27667	2
0.28033	0
0.28400	-0
0.28767	0
0.29133	2
0.29500	3
0.29867	1
0.30233	0
0.30600	-0
0.30967	-0
0.31333	0
0.31700	1
0.32067	2
0.32433	1
0.32800	1
0.33167	2
0.33533	3
0.33900	5
0.34267	6
0.34633	5
0.35000	5
0.35367	4
0.35733	3
0.36100	3
0.36467	3
0.36833	5
0.37200	7
0.37567	8
0.37933	7
0.38300	3
0.38667	2
0.39033	1
0.39400	1
0.39767	1
0.40133	1
0.40500	3
0.40867	6
0.41233	7
0.41600	7
0.41967	7
0.42333	6
0.42700	5
0.43067	8
0.43433	9
0.43800	6
0.44167	3
0.44533	2
0.44900	1
0.45267	2
0.45633	2
0.46000	4
0.46367	4
0.46733	5
0.47100	4
0.47467	5
0.47833	6
0.48200	7
0.48567	9
0.48933	10
0.49300	11
0.49667	11
0.50033	11
0.50400	10
0.50767	10
0.51133	11
0.51500	12
0.51867	12
0.52233	8
0.52600	5
0.52967	6
0.53333	7
0.53700	9
0.54067	10
0.54433	10
0.54800	9
0.55167	9
0.55533	10
0.55900	9
0.56267	7
0.56633	5
0.57000	4
0.57367	3
0.57733	2
0.58100	1
0.58467	1
0.58833	2
0.59200	4
0.59567	5
0.59933	7
0.60300	9
0.60667	10
0.61033	10
0.61400	10
0.61767	7
0.62133	6
0.62500	6
0.62867	6
0.63233	4
0.63600	3
0.63967	3
0.64333	3
0.64700	4
0.65067	4
0.65433	5
0.65800	5
0.66167	6
0.66533	7
0.66900	8
0.67267	7
0.67633	6
0.68000	5
0.68367	5
0.68733	6
0.69100	6
0.69467	6
0.69833	7
0.70200	6
0.70567	6
0.70933	7
0.71300	9
0.71667	15
0.72033	18
0.72400	19
0.72767	18
0.73133	17
0.73500	13
0.73867	9
0.74233	7
0.74600	8
0.74967	8
0.75333	10
0.75700	13
0.76067	16
0.76433	16
0.76800	17
0.77167	17
0.77533	16
0.77900	14
0.78267	11
0.78633	8
0.79000	6
0.79367	5
0.79733	7
0.80100	6
0.80467	6
0.80833	7
0.81200	9
0.81567	10
0.81933	12
0.82300	12
0.82667	14
0.83033	14
0.83400	14
0.83767	13
0.84133	12
0.84500	11
0.84867	10
0.85233	9
0.85600	9
0.85967	10
0.86333	10
0.86700	9
0.87067	12
0.87433	13
0.87800	11
0.88167	12
0.88533	11
0.88900	11
0.89267	12
0.89633	12
0.90000	11
0.90367	11
0.90733	11
0.91100	14
0.91467	14
0.91833	14
0.92200	15
0.92567	14
0.92933	14
0.93300	12
0.93667	11
0.94033	10
0.94400	11
0.94767	13
0.95133	13
0.95500	13
0.95867	14
0.96233	14
0.96600	15
0.96967	16
0.97333	17
0.97700	17
0.98067	16
0.98433	15
0.98800	16
0.99167	14
0.99533	13
0.99900	14
1.00267	15
1.00633	16
1.01000	18
1.01367	17
1.01733	15
1.02100	15
1.02467	16
1.02833	17
1.03200	17
1.03567	18
1.03933	20
1.04300	19
1.04667	17
1.05033	13
1.05400	11
1.05767	8
1.06133	7
1.06500	8
1.06867	9
1.07233	9
1.07600	10
1.07967	13
1.08333	14
1.08700	12
1.09067	8
1.09433	7
1.09800	8
1.10167	13
1.10533	16
1.10900	17
1.11267	17
1.11633	18
1.12000	16
1.12367	14
1.12733	13
1.13100	12
1.13467	13
1.13833	13
1.14200	15
1.14567	15
1.14933	16
1.15300	19
1.15667	22
1.16033	24
1.16400	24
1.16767	22
1.17133	21
1.17500	20
1.17867	20
1.18233	20
1.18600	21
1.18967	19
1.19333	19
1.19700	19
1.20067	18
1.20433	18
1.20800	19
1.21167	18
1.21533	17
1.21900	19
1.22267	22
1.22633	22
1.23000	21
1.23367	22
1.23733	21
1.24100	20
1.24467	21
1.24833	21
1.25200	19
1.25567	17
1.25933	18
1.26300	21
1.26667	23
1.27033	22
1.27400	20
1.27767	18
1.28133	18
1.28500	18
1.28867	18
1.29233	18
1.29600	20
1.29967	19
1.30333	17
1.30700	16
1.31067	18
1.31433	20
1.31800	21
1.32167	22
1.32533	23
1.32900	23
1.33267	21
1.33633	21
1.34000	21
1.34367	21
1.34733	22
1.35100	22
1.35467	21
1.35833	23
1.36200	24
1.36567	23
1.36933	20
1.37300	17
1.37667	18
1.38033	19
1.38400	20
1.38767	21
1.39133	21
1.39500	20
1.39867	18
1.40233	18
1.40600	18
1.40967	19
1.41333	21
1.41700	22
1.42067	21
1.42433	20
1.42800	19
1.43167	20
1.43533	21
1.43900	22
1.44267	22
1.44633	23
1.45000	23
1.45367	24
1.45733	25
1.46100	26
1.46467	27
1.46833	26
1.47200	24
1.47567	24
1.47933	24
1.48300	24
1.48667	24
1.49033	24
1.49400	23
1.49767	22
1.50133	20
1.50500	20
1.50867	23
1.51233	25
1.51600	25
1.51967	23
1.52333	23
1.52700	23
1.53067	23
1.53433	23
1.53800	21
1.54167	22
1.54533	24
1.54900	24
1.55267	25
1.55633	27
1.56000	26
1.56367	27
1.56733	26
1.57100	27
1.57467	26
1.57833	24
1.58200	24
1.58567	25
1.58933	27
1.59300	29
1.59667	29
1.60033	26
1.60400	24
1.60767	20
1.61133	19
1.61500	19
1.61867	21
1.62233	22
1.62600	24
1.62967	26
1.63333	28
1.63700	28
1.64067	28
1.64433	30
1.64800	31
1.65167	32
1.65533	33
1.65900	34
1.66267	34
1.66633	35
1.67000	36
1.67367	37
1.67733	38
1.68100	39
1.68467	40
1.68833	42
1.69200	40
1.69567	39
1.69933	39
1.70300	39
1.70667	40
1.71033	42
1.71400	43
1.71767	42
1.72133	41
1.72500	41
1.72867	42
1.73233	43
1.73600	46
1.73967	47
1.74333	48
1.74700	47
1.75067	45
1.75433	44
1.75800	44
1.76167	45
1.76533	45
1.76900	46
1.77267	46
1.77633	48
1.78000	49
1.78367	49
1.78733	52
1.79100	54
1.79467	54
1.79833	53
1.80200	53
1.80567	54
1.80933	55
1.81300	56
1.81667	57
1.82033	57
1.82400	57
1.82767	56
1.83133	56
1.83500	55
1.83867	54
1.84233	53
1.84600	53
1.84967	56
1.85333	58
1.85700	60
1.86067	61
1.86433	62
1.86800	63
1.87167	65
1.87533	65
1.87900	65
1.88267	66
1.88633	66
1.89000	65
1.89367	64
1.89733	64
1.90100	64
1.90467	64
1.90833	66
1.91200	67
1.91567	71
1.91933	73
1.92300	77
1.92667	79
1.93033	78
1.93400	79
1.93767	79
1.94133	78
1.94500	77
1.94867	79
1.95233	79
1.95600	79
1.95967	80
1.96333	83
1.96700	86
1.97067	88
1.97433	89
1.97800	88
1.98167	89
1.98533	92
1.98900	96
1.99267	99
1.99633	99
2.00000	98
2.00367	98
2.00733	98
2.01100	99
2.01467	98
2.01833	100
2.02200	103
2.02567	106
2.02933	107
2.03300	106
2.03667	107
2.04033	108
2.04400	109
2.04767	111
2.05133	112
2.05500	116
2.05867	119
2.06233	119
2.06600	117
2.06967	116
2.07333	116
2.07700	117
2.08067	118
2.08433	121
2.08800	125
2.09167	127
2.09533	129
2.09900	130
2.10267	132
2.10633	133
2.11000	134
2.11367	135
2.11733	135
2.12100	137
2.12467	140
2.12833	141
2.13200	143
2.13567	144
2.13933	145
2.14300	146
2.14667	146
2.15033	148
2.15400	150
2.15767	153
2.16133	154
2.16500	154
2.16867	155
2.17233	158
2.17600	161
2.17967	165
2.18333	169
2.18700	171
2.19067	172
2.19433	174
2.19800	176
2.20167	179
2.20533	179
2.20900	179
2.21267	180
2.21633	182
2.22000	185
2.22367	188
2.22733	190
2.23100	190
2.23467	192
2.23833	194
2.24200	196
2.24567	197
2.24933	198
2.25300	200
2.25667	201
2.26033	203
2.26400	204
2.26767	207
2.27133	210
2.27500	212
2.27867	213
2.28233	213
2.28600	213
2.28967	214
2.29333	216
2.29700	219
2.30067	222
2.30433	223
2.30800	225
2.31167	226
2.31533	227
2.31900	227
2.32267	231
2.32633	234
2.33000	236
2.33367	238
2.33733	238
2.34100	242
2.34467	244
2.34833	247
2.35200	247
2.35567	250
2.35933	254
2.36300	255
2.36667	256
2.37033	258
2.37400	260
2.37767	258
2.38133	256
2.38500	256
2.38867	255
2.39233	258
2.39600	262
2.39967	266
2.40333	272
2.40700	279
2.41067	287
2.41433	293
2.41800	300
2.42167	305
2.42533	310
2.42900	315
2.43267	319
2.43633	323
2.44000	328
2.44367	330
2.44733	331
2.45100	325
2.45467	315
2.45833	308
2.46200	310
2.46567	318
2.46933	331
2.47300	349
2.47667	371
2.48033	394
2.48400	420
2.48767	443
2.49133	465
2.49500	486
2.49867	503
2.50233	517
2.50600	531
2.50967	547
2.51333	561
2.51700	573
2.52067	585
2.52433	596
2.52800	607
2.53167	619
2.53533	629
2.53900	637
2.54267	645
2.54633	653
2.55000	663
2.55367	670
2.55733	676
2.56100	683
2.56467	691
2.56833	698
2.57200	703
2.57567	707
2.57933	709
2.58300	711
2.58667	713
2.59033	716
2.59400	716
2.59767	713
2.60133	706
2.60500	691
2.60867	668
2.61233	640
2.61600	609
2.61967	578
2.62333	550
2.62700	525
2.63067	504
2.63433	487
2.63800	474
2.64167	464
2.64533	458
2.64900	456
2.65267	457
2.65633	462
2.66000	468
2.66367	473
2.66733	477
2.67100	484
2.67467	494
2.67833	503
2.68200	513
2.68567	524
2.68933	531
2.69300	538
2.69667	545
2.70033	554
2.70400	562
2.70767	571
2.71133	581
2.71500	590
2.71867	598
2.72233	607
2.72600	616
2.72967	623
2.73333	629
2.73700	635
2.74067	642
2.74433	650
2.74800	659
2.75167	666
2.75533	675
2.75900	685
2.76267	693
2.76633	700
2.77000	706
2.77367	713
2.77733	719
2.78100	726
2.78467	732
2.78833	739
2.79200	747
2.79567	756
2.79933	764
2.80300	773
2.80667	782
2.81033	791
2.81400	800
2.81767	811
2.82133	834
2.82500	881
2.82867	971
2.83233	1125
2.83600	1368
2.83967	1720
2.84333	2189
2.84700	2767
2.85067	3425
2.85433	4116
2.85800	4790
2.86167	5393
2.86533	5877
2.86900	6207
2.87267	6372
2.87633	6382
2.88000	6253
2.88367	6010
2.88733	5686
2.89100	5311
2.89467	4914
2.89833	4513
2.90200	4124
2.90567	3759
2.90933	3422
2.91300	3114
2.91667	2838
2.92033	2591
2.92400	2373
2.92767	2184
2.93133	2017
2.93500	1874
2.93867	1749
2.94233	1639
2.94600	1544
2.94967	1464
2.95333	1395
2.95700	1336
2.96067	1283
2.96433	1237
2.96800	1198
2.97167	1164
2.97533	1136
2.97900	1109
2.98267	1087
2.98633	1071
2.99000	1059
2.99367	1048
2.99733	1036
3.00100	1028
3.00467	1024
3.00833	1020
3.01200	1014
3.01567	1009
3.01933	1001
3.02300	994
3.02667	988
3.03033	984
3.03400	978
3.03767	972
3.04133	970
3.04500	972
3.04867	972
3.05233	971
3.05600	971
3.05967	971
3.06333	969
3.06700	964
3.07067	961
3.07433	958
3.07800	958
3.08167	960
3.08533	959
3.08900	954
3.09267	952
3.09633	950
3.10000	948
3.10367	947
3.10733	945
3.11100	939
3.11467	937
3.11833	935
3.12200	931
3.12567	929
3.12933	926
3.13300	924
3.13667	923
3.14033	922
3.14400	919
3.14767	918
3.15133	916
3.15500	911
3.15867	907
3.16233	904
3.16600	901
3.16967	901
3.17333	899
3.17700	895
3.18067	893
3.18433	892
3.18800	889
3.19167	887
3.19533	885
3.19900	885
3.20267	883
3.20633	881
3.21000	879
3.21367	876
3.21733	872
3.22100	869
3.22467	869
3.22833	869
3.23200	869
3.23567	866
3.23933	865
3.24300	864
3.24667	861
3.25033	855
3.25400	850
3.25767	847
3.26133	846
3.26500	847
3.26867	845
3.27233	842
3.27600	840
3.27967	836
3.28333	834
3.28700	831
3.29067	827
3.29433	825
3.29800	825
3.30167	823
3.30533	819
3.30900	815
3.31267	812
3.31633	806
3.32000	802
3.32367	800
3.32733	798
3.33100	796
3.33467	791
3.33833	784
3.34200	780
3.34567	778
3.34933	775
3.35300	774
3.35667	772
3.36033	770
3.36400	767
3.36767	764
3.37133	760
3.37500	756
3.37867	753
3.38233	750
3.38600	746
3.38967	741
3.39333	737
3.39700	733
3.40067	729
3.40433	727
3.40800	724
3.41167	720
3.41533	718
3.41900	718
3.42267	719
3.42633	717
3.43000	711
3.43367	705
3.43733	702
3.44100	701
3.44467	698
3.44833	695
3.45200	690
3.45567	687
3.45933	685
3.46300	682
3.46667	678
3.47033	674
3.47400	673
3.47767	671
3.48133	669
3.48500	666
3.48867	664
3.49233	665
3.49600	663
3.49967	659
3.50333	654
3.50700	650
3.51067	647
3.51433	642
3.51800	637
3.52167	634
3.52533	631
3.52900	627
3.53267	621
3.53633	618
3.54000	615
3.54367	614
3.54733	614
3.55100	611
3.55467	607
3.55833	603
3.56200	602
3.56567	602
3.56933	601
3.57300	599
3.57667	597
3.58033	594
3.58400	590
3.58767	586
3.59133	582
3.59500	580
3.59867	577
3.60233	573
3.60600	569
3.60967	564
3.61333	561
3.61700	559
3.62067	558
3.62433	557
3.62800	555
3.63167	549
3.63533	546
3.63900	546
3.64267	543
3.64633	539
3.65000	538
3.65367	537
3.65733	534
3.66100	532
3.66467	528
3.66833	526
3.67200	523
3.67567	521
3.67933	518
3.68300	516
3.68667	515
3.69033	512
3.69400	508
3.69767	505
3.70133	502
3.70500	498
3.70867	494
3.71233	492
3.71600	488
3.71967	484
3.72333	481
3.72700	481
3.73067	481
3.73433	480
3.73800	477
3.74167	474
3.74533	470
3.74900	468
3.75267	467
3.75633	464
3.76000	461
3.76367	458
3.76733	457
3.77100	455
3.77467	454
3.77833	454
3.78200	453
3.78567	450
3.78933	445
3.79300	441
3.79667	440
3.80033	439
3.80400	437
3.80767	435
3.81133	430
3.81500	425
3.81867	422
3.82233	419
3.82600	418
3.82967	417
3.83333	416
3.83700	415
3.84067	414
3.84433	412
3.84800	410
3.85167	410
3.85533	410
3.85900	406
3.86267	401
3.86633	396
3.87000	393
3.87367	394
3.87733	393
3.88100	389
3.88467	385
3.88833	383
3.89200	380
3.89567	378
3.89933	375
3.90300	372
3.90667	370
3.91033	370
3.91400	370
3.91767	367
3.92133	363
3.92500	359
3.92867	355
3.93233	353
3.93600	353
3.93967	353
3.94333	352
3.94700	350
3.95067	347
3.95433	346
3.95800	344
3.96167	343
3.96533	341
3.96900	337
3.97267	335
3.97633	333
3.98000	331
3.98367	329
3.98733	329
3.99100	329
3.99467	325
3.99833	320

[Status Trace (Column Oven Temperature)]
Interval(msec)	1000
# of Points	240
Start Time(min)	0.004
End Time(min)	3.988
Intensity Units	
Intensity Multiplier	1
R.Time (min)	Intensity
0.00433	35.02
0.02100	35.02
0.03767	35.02
0.05433	35.03
0.07100	35.03
0.08767	35.05
0.10433	35.06
0.12100	35.06
0.13767	35.06
0.15433	35.04
0.17100	35.03
0.18767	35.02
0.20433	35.01
0.22100	35.00
0.23767	35.00
0.25433	35.00
0.27100	34.99
0.28767	34.99
0.30433	34.98
0.32100	34.97
0.33767	34.97
0.35433	34.97
0.37100	34.98
0.38767	34.99
0.40433	35.01
0.42100	35.01
0.43767	34.98
0.45433	34.97
0.47100	34.97
0.48767	34.98
0.50433	34.98
0.52100	34.98
0.53767	34.98
0.55433	34.97
0.57100	34.97
0.58767	34.97
0.60433	34.97
0.62100	34.97
0.63767	34.97
0.65433	34.97
0.67100	34.97
0.68767	34.98
0.70433	34.98
0.72100	34.98
0.73767	34.98
0.75433	34.98
0.77100	34.98
0.78767	34.97
0.80433	34.97
0.82100	34.98
0.83767	34.98
0.85433	34.98
0.87100	34.99
0.88767	34.99
0.90433	34.99
0.92100	34.98
0.93767	34.98
0.95433	34.97
0.97100	34.97
0.98767	34.97
1.00433	34.97
1.02100	34.98
1.03767	34.99
1.05433	34.99
1.07100	34.99
1.08767	34.98
1.10433	34.98
1.12100	34.99
1.13767	34.99
1.15433	34.99
1.17100	34.99
1.18767	34.99
1.20433	34.99
1.22100	34.99
1.23767	34.99
1.25433	34.98
1.27100	34.98
1.28767	34.98
1.30433	34.98
1.32100	34.98
1.33767	34.99
1.35433	34.99
1.37100	35.00
1.38767	35.00
1.40433	34.99
1.42100	34.99
1.43767	35.00
1.45433	34.99
1.47100	34.98
1.48767	34.98
1.50433	34.98
1.52100	34.98
1.53767	34.99
1.55433	34.99
1.57100	34.98
1.58767	35.00
1.60433	35.04
1.62100	35.15
1.63767	35.32
1.65433	35.55
1.67100	35.87
1.68767	36.26
1.70433	36.62
1.72100	36.95
1.73767	37.26
1.75433	37.59
1.77100	37.94
1.78767	38.27
1.80433	38.60
1.82100	38.93
1.83767	39.26
1.85433	39.59
1.87100	39.91
1.88767	40.24
1.90433	40.55
1.92100	40.90
1.93767	41.22
1.95433	41.55
1.97100	41.87
1.98767	42.19
2.00433	42.51
2.02100	42.84
2.03767	43.18
2.05433	43.49
2.07100	43.83
2.08767	44.14
2.10433	44.47
2.12100	44.81
2.13767	45.12
2.15433	45.45
2.17100	45.78
2.18767	46.08
2.20433	46.43
2.22100	46.75
2.23767	47.08
2.25433	47.42
2.27100	47.77
2.28767	48.10
2.30433	48.42
2.32100	48.74
2.33767	49.08
2.35433	49.38
2.37100	49.62
2.38767	49.72
2.40433	49.72
2.42100	49.72
2.43767	49.74
2.45433	49.75
2.47100	49.76
2.48767	49.79
2.50433	49.80
2.52100	49.81
2.53767	49.81
2.55433	49.81
2.57100	49.81
2.58767	49.81
2.60433	49.82
2.62100	49.84
2.63767	49.84
2.65433	49.86
2.67100	49.87
2.68767	49.87
2.70433	49.87
2.72100	49.87
2.73767	49.87
2.75433	49.86
2.77100	49.86
2.78767	49.87
2.80433	49.89
2.82100	49.90
2.83767	49.91
2.85433	49.93
2.87100	49.96
2.88767	49.97
2.90433	49.99
2.92100	50.00
2.93767	50.01
2.95433	50.02
2.97100	50.04
2.98767	50.05
3.00433	50.07
3.02100	50.08
3.03767	50.08
3.05433	50.09
3.07100	50.10
3.08767	50.10
3.10433	50.10
3.12100	50.09
3.13767	50.08
3.15433	50.07
3.17100	50.07
3.18767	50.06
3.20433	50.06
3.22100	50.06
3.23767	50.06
3.25433	50.06
3.27100	50.06
3.28767	50.06
3.30433	50.07
3.32100	50.09
3.33767	50.09
3.35433	50.09
3.37100	50.09
3.38767	50.09
3.40433	50.10
3.42100	50.10
3.43767	50.10
3.45433	50.09
3.47100	50.08
3.48767	50.08
3.50433	50.07
3.52100	50.07
3.53767	50.08
3.55433	50.08
3.57100	50.08
3.58767	50.08
3.60433	50.08
3.62100	50.08
3.63767	50.08
3.65433	50.07
3.67100	50.07
3.68767	50.06
3.70433	50.07
3.72100	50.07
3.73767	50.06
3.75433	50.06
3.77100	50.06
3.78767	50.07
3.80433	50.07
3.82100	50.07
3.83767	50.08
3.85433	50.08
3.87100	50.09
3.88767	50.09
3.90433	50.09
3.92100	50.08
3.93767	50.08
3.95433	50.08
3.97100	50.07
3.98767	50.07

[Status Trace (Injection Unit Temperature)]
Interval(msec)	1000
# of Points	240
Start Time(min)	0.004
End Time(min)	3.988
Intensity Units	
Intensity Multiplier	1
R.Time (min)	Intensity
0.00433	99.99
0.02100	99.99
0.03767	99.98
0.05433	99.99
0.07100	99.99
0.08767	99.99
0.10433	99.98
0.12100	99.99
0.13767	99.98
0.15433	99.99
0.17100	99.98
0.18767	99.99
0.20433	99.99
0.22100	99.98
0.23767	99.99
0.25433	99.99
0.27100	99.99
0.28767	99.99
0.30433	99.99
0.32100	99.99
0.33767	99.99
0.35433	99.99
0.37100	99.99
0.38767	99.99
0.40433	99.99
0.42100	99.99
0.43767	99.99
0.45433	99.99
0.47100	99.99
0.48767	99.99
0.50433	99.99
0.52100	99.99
0.53767	99.99
0.55433	99.99
0.57100	99.99
0.58767	99.99
0.60433	99.99
0.62100	99.99
0.63767	99.99
0.65433	99.99
0.67100	99.99
0.68767	99.99
0.70433	99.99
0.72100	99.99
0.73767	99.99
0.75433	99.99
0.77100	99.99
0.78767	99.99
0.80433	99.99
0.82100	99.99
0.83767	99.99
0.85433	99.99
0.87100	99.99
0.88767	99.99
0.90433	99.99
0.92100	99.99
0.93767	99.99
0.95433	99.99
0.97100	99.99
0.98767	99.99
1.00433	99.99
1.02100	99.99
1.03767	99.99
1.05433	99.99
1.07100	99.99
1.08767	99.99
1.10433	100.00
1.12100	99.99
1.13767	99.99
1.15433	99.99
1.17100	100.00
1.18767	99.99
1.20433	99.99
1.22100	99.99
1.23767	99.99
1.25433	99.99
1.27100	99.99
1.28767	99.99
1.30433	99.99
1.32100	99.99
1.33767	99.99
1.35433	99.99
1.37100	99.99
1.38767	99.99
1.40433	100.00
1.42100	99.99
1.43767	99.99
1.45433	99.99
1.47100	99.99
1.48767	99.99
1.50433	99.99
1.52100	99.99
1.53767	99.99
1.55433	99.99
1.57100	100.00
1.58767	99.99
1.60433	99.99
1.62100	99.99
1.63767	99.99
1.65433	99.99
1.67100	99.99
1.68767	99.99
1.70433	99.99
1.72100	99.99
1.73767	99.99
1.75433	99.99
1.77100	99.99
1.78767	99.99
1.80433	99.99
1.82100	100.00
1.83767	99.99
1.85433	99.99
1.87100	99.99
1.88767	99.99
1.90433	99.99
1.92100	99.99
1.93767	99.99
1.95433	99.99
1.97100	99.99
1.98767	99.99
2.00433	99.99
2.02100	99.99
2.03767	99.99
2.05433	99.99
2.07100	99.99
2.08767	99.99
2.10433	99.98
2.12100	99.98
2.13767	99.98
2.15433	99.98
2.17100	99.98
2.18767	99.98
2.20433	99.98
2.22100	99.98
2.23767	99.98
2.25433	99.98
2.27100	99.97
2.28767	99.98
2.30433	99.98
2.32100	99.98
2.33767	99.98
2.35433	99.97
2.37100	99.98
2.38767	99.98
2.40433	99.98
2.42100	99.98
2.43767	99.98
2.45433	99.98
2.47100	99.98
2.48767	99.98
2.50433	99.98
2.52100	99.98
2.53767	99.98
2.55433	99.98
2.57100	99.98
2.58767	99.98
2.60433	99.98
2.62100	99.99
2.63767	99.99
2.65433	99.98
2.67100	99.98
2.68767	99.99
2.70433	99.99
2.72100	99.99
2.73767	99.99
2.75433	99.99
2.77100	99.99
2.78767	100.00
2.80433	100.00
2.82100	100.00
2.83767	100.00
2.85433	100.00
2.87100	100.00
2.88767	100.00
2.90433	100.01
2.92100	100.01
2.93767	100.01
2.95433	100.01
2.97100	100.01
2.98767	100.01
3.00433	100.01
3.02100	100.01
3.03767	100.02
3.05433	100.02
3.07100	100.02
3.08767	100.02
3.10433	100.02
3.12100	100.02
3.13767	100.02
3.15433	100.02
3.17100	100.02
3.18767	100.02
3.20433	100.02
3.22100	100.03
3.23767	100.03
3.25433	100.03
3.27100	100.03
3.28767	100.03
3.30433	100.03
3.32100	100.03
3.33767	100.03
3.35433	100.03
3.37100	100.04
3.38767	100.03
3.40433	100.04
3.42100	100.04
3.43767	100.04
3.45433	100.04
3.47100	100.04
3.48767	100.04
3.50433	100.04
3.52100	100.04
3.53767	100.04
3.55433	100.04
3.57100	100.04
3.58767	100.05
3.60433	100.04
3.62100	100.05
3.63767	100.04
3.65433	100.05
3.67100	100.05
3.68767	100.05
3.70433	100.05
3.72100	100.05
3.73767	100.05
3.75433	100.05
3.77100	100.05
3.78767	100.05
3.80433	100.05
3.82100	100.05
3.83767	100.05
3.85433	100.05
3.87100	100.05
3.88767	100.05
3.90433	100.05
3.92100	100.05
3.93767	100.05
3.95433	100.05
3.97100	100.06
3.98767	100.05

[Status Trace (Carrier Gas Pressure)]
Interval(msec)	1000
# of Points	240
Start Time(min)	0.004
End Time(min)	3.988
Intensity Units	
Intensity Multiplier	1
R.Time (min)	Intensity
0.00433	58.00
0.02100	55.92
0.03767	56.59
0.05433	58.68
0.07100	59.85
0.08767	58.23
0.10433	57.97
0.12100	58.01
0.13767	58.01
0.15433	58.01
0.17100	58.00
0.18767	58.00
0.20433	58.00
0.22100	58.00
0.23767	58.00
0.25433	58.00
0.27100	58.00
0.28767	58.00
0.30433	58.00
0.32100	58.00
0.33767	58.00
0.35433	58.00
0.37100	58.00
0.38767	58.00
0.40433	58.00
0.42100	58.00
0.43767	58.00
0.45433	58.00
0.47100	58.00
0.48767	58.00
0.50433	58.00
0.52100	58.00
0.53767	58.00
0.55433	58.00
0.57100	58.00
0.58767	58.00
0.60433	58.00
0.62100	58.00
0.63767	58.00
0.65433	58.00
0.67100	58.00
0.68767	58.00
0.70433	58.00
0.72100	58.00
0.73767	58.00
0.75433	58.00
0.77100	58.00
0.78767	58.00
0.80433	58.00
0.82100	58.00
0.83767	58.00
0.85433	58.00
0.87100	58.00
0.88767	58.00
0.90433	58.00
0.92100	58.00
0.93767	58.00
0.95433	58.00
0.97100	58.00
0.98767	58.00
1.00433	58.00
1.02100	58.00
1.03767	58.00
1.05433	58.00
1.07100	58.00
1.08767	58.00
1.10433	58.00
1.12100	58.00
1.13767	58.00
1.15433	58.00
1.17100	58.00
1.18767	58.00
1.20433	58.00
1.22100	58.00
1.23767	58.00
1.25433	58.00
1.27100	58.00
1.28767	58.00
1.30433	58.00
1.32100	58.00
1.33767	58.00
1.35433	58.00
1.37100	58.00
1.38767	58.00
1.40433	58.00
1.42100	58.00
1.43767	58.00
1.45433	58.00
1.47100	58.00
1.48767	58.00
1.50433	58.00
1.52100	58.00
1.53767	58.00
1.55433	58.00
1.57100	58.00
1.58767	58.00
1.60433	58.00
1.62100	58.00
1.63767	58.00
1.65433	58.00
1.67100	58.01
1.68767	58.01
1.70433	58.00
1.72100	58.00
1.73767	58.00
1.75433	58.00
1.77100	58.00
1.78767	58.00
1.80433	58.00
1.82100	58.00
1.83767	58.00
1.85433	58.00
1.87100	58.00
1.88767	58.00
1.90433	58.00
1.92100	58.00
1.93767	58.00
1.95433	58.00
1.97100	58.00
1.98767	58.00
2.00433	58.00
2.02100	58.00
2.03767	58.00
2.05433	58.00
2.07100	58.00
2.08767	58.00
2.10433	58.00
2.12100	58.00
2.13767	58.00
2.15433	58.00
2.17100	58.00
2.18767	58.00
2.20433	58.00
2.22100	58.00
2.23767	58.00
2.25433	58.00
2.27100	58.00
2.28767	58.00
2.30433	58.00
2.32100	58.00
2.33767	58.00
2.35433	58.00
2.37100	58.00
2.38767	57.99
2.40433	57.99
2.42100	58.00
2.43767	58.00
2.45433	58.00
2.47100	58.00
2.48767	58.00
2.50433	57.98
2.52100	57.99
2.53767	57.99
2.55433	58.00
2.57100	58.00
2.58767	58.00
2.60433	58.00
2.62100	58.00
2.63767	58.00
2.65433	58.00
2.67100	58.00
2.68767	58.00
2.70433	58.00
2.72100	58.00
2.73767	58.00
2.75433	58.00
2.77100	58.00
2.78767	58.00
2.80433	58.00
2.82100	58.00
2.83767	58.00
2.85433	58.00
2.87100	58.00
2.88767	58.00
2.90433	58.00
2.92100	58.00
2.93767	58.00
2.95433	58.00
2.97100	58.00
2.98767	58.00
3.00433	58.00
3.02100	58.00
3.03767	58.00
3.05433	58.00
3.07100	58.00
3.08767	58.00
3.10433	58.00
3.12100	58.00
3.13767	58.00
3.15433	58.00
3.17100	58.00
3.18767	58.00
3.20433	58.00
3.22100	58.00
3.23767	58.00
3.25433	58.00
3.27100	58.00
3.28767	58.00
3.30433	58.00
3.32100	58.00
3.33767	58.00
3.35433	58.00
3.37100	58.00
3.38767	58.00
3.40433	58.00
3.42100	58.00
3.43767	58.00
3.45433	58.00
3.47100	58.00
3.48767	58.00
3.50433	58.00
3.52100	58.00
3.53767	58.00
3.55433	58.00
3.57100	58.00
3.58767	58.00
3.60433	58.00
3.62100	58.00
3.63767	58.00
3.65433	58.00
3.67100	58.00
3.68767	58.00
3.70433	58.00
3.72100	58.00
3.73767	58.00
3.75433	58.00
3.77100	58.00
3.78767	58.00
3.80433	58.00
3.82100	58.00
3.83767	58.00
3.85433	58.00
3.87100	58.00
3.88767	58.00
3.90433	58.00
3.92100	58.00
3.93767	58.00
3.95433	58.00
3.97100	58.00
3.98767	58.00

[Status Trace (Carrier Gas Flow)]
Interval(msec)	1000
# of Points	240
Start Time(min)	0.004
End Time(min)	3.988
Intensity Units	
Intensity Multiplier	1
R.Time (min)	Intensity
0.00433	34.51
0.02100	34.58
0.03767	34.55
0.05433	34.55
0.07100	34.48
0.08767	34.52
0.10433	34.52
0.12100	34.52
0.13767	34.52
0.15433	34.52
0.17100	34.52
0.18767	34.52
0.20433	34.52
0.22100	34.52
0.23767	34.52
0.25433	34.52
0.27100	34.52
0.28767	34.52
0.30433	34.52
0.32100	34.52
0.33767	34.52
0.35433	34.52
0.37100	34.52
0.38767	34.52
0.40433	34.52
0.42100	34.52
0.43767	34.52
0.45433	34.52
0.47100	34.52
0.48767	34.52
0.50433	34.52
0.52100	34.52
0.53767	34.52
0.55433	34.52
0.57100	34.52
0.58767	34.52
0.60433	34.52
0.62100	34.52
0.63767	34.52
0.65433	34.52
0.67100	34.52
0.68767	34.52
0.70433	34.52
0.72100	34.52
0.73767	34.52
0.75433	34.52
0.77100	34.52
0.78767	34.52
0.80433	34.52
0.82100	34.52
0.83767	34.52
0.85433	34.52
0.87100	34.52
0.88767	34.52
0.90433	34.52
0.92100	34.52
0.93767	34.52
0.95433	34.52
0.97100	34.52
0.98767	34.52
1.00433	34.52
1.02100	34.52
1.03767	34.52
1.05433	34.52
1.07100	34.52
1.08767	34.52
1.10433	34.52
1.12100	34.52
1.13767	34.52
1.15433	34.52
1.17100	34.52
1.18767	34.52
1.20433	34.52
1.22100	34.52
1.23767	34.52
1.25433	34.52
1.27100	34.52
1.28767	34.52
1.30433	34.52
1.32100	34.52
1.33767	34.52
1.35433	34.52
1.37100	34.52
1.38767	34.52
1.40433	34.52
1.42100	34.52
1.43767	34.52
1.45433	34.52
1.47100	34.52
1.48767	34.52
1.50433	34.52
1.52100	34.52
1.53767	34.52
1.55433	34.52
1.57100	34.52
1.58767	34.52
1.60433	34.52
1.62100	34.52
1.63767	34.51
1.65433	34.52
1.67100	34.52
1.68767	34.52
1.70433	34.52
1.72100	34.51
1.73767	34.51
1.75433	34.50
1.77100	34.51
1.78767	34.53
1.80433	34.52
1.82100	34.53
1.83767	34.50
1.85433	34.51
1.87100	34.51
1.88767	34.53
1.90433	34.51
1.92100	34.53
1.93767	34.52
1.95433	34.51
1.97100	34.51
1.98767	34.52
2.00433	34.50
2.02100	34.51
2.03767	34.52
2.05433	34.52
2.07100	34.52
2.08767	34.52
2.10433	34.52
2.12100	34.52
2.13767	34.52
2.15433	34.52
2.17100	34.52
2.18767	34.52
2.20433	34.52
2.22100	34.52
2.23767	34.52
2.25433	34.51
2.27100	34.51
2.28767	34.52
2.30433	34.50
2.32100	34.51
2.33767	34.53
2.35433	34.51
2.37100	34.52
2.38767	34.52
2.40433	34.51
2.42100	34.53
2.43767	34.52
2.45433	34.52
2.47100	34.51
2.48767	34.53
2.50433	34.63
2.52100	34.52
2.53767	34.52
2.55433	34.52
2.57100	34.52
2.58767	34.52
2.60433	34.52
2.62100	34.52
2.63767	34.52
2.65433	34.52
2.67100	34.52
2.68767	34.52
2.70433	34.52
2.72100	34.52
2.73767	34.52
2.75433	34.52
2.77100	34.52
2.78767	34.52
2.80433	34.52
2.82100	34.52
2.83767	34.52
2.85433	34.52
2.87100	34.52
2.88767	34.52
2.90433	34.52
2.92100	34.52
2.93767	34.52
2.95433	34.52
2.97100	34.52
2.98767	34.52
3.00433	34.52
3.02100	34.52
3.03767	34.52
3.05433	34.52
3.07100	34.52
3.08767	34.52
3.10433	34.52
3.12100	34.52
3.13767	34.52
3.15433	34.52
3.17100	34.52
3.18767	34.52
3.20433	34.52
3.22100	34.52
3.23767	34.52
3.25433	34.52
3.27100	34.52
3.28767	34.52
3.30433	34.52
3.32100	34.52
3.33767	34.52
3.35433	34.52
3.37100	34.52
3.38767	34.52
3.40433	34.52
3.42100	34.52
3.43767	34.52
3.45433	34.52
3.47100	34.52
3.48767	34.52
3.50433	34.52
3.52100	34.52
3.53767	34.52
3.55433	34.52
3.57100	34.52
3.58767	34.52
3.60433	34.52
3.62100	34.52
3.63767	34.52
3.65433	34.52
3.67100	34.52
3.68767	34.52
3.70433	34.52
3.72100	34.52
3.73767	34.51
3.75433	34.52
3.77100	34.52
3.78767	34.52
3.80433	34.52
3.82100	34.51
3.83767	34.52
3.85433	34.53
3.87100	34.53
3.88767	34.52
3.90433	34.52
3.92100	34.51
3.93767	34.51
3.95433	34.52
3.97100	34.51
3.98767	34.53

[Status Trace (Column Flow)]
Interval(msec)	1000
# of Points	240
Start Time(min)	0.004
End Time(min)	3.988
Intensity Units	
Intensity Multiplier	1
R.Time (min)	Intensity
0.00433	5.49
0.02100	5.25
0.03767	5.33
0.05433	5.57
0.07100	5.71
0.08767	5.52
0.10433	5.49
0.12100	5.49
0.13767	5.49
0.15433	5.49
0.17100	5.49
0.18767	5.49
0.20433	5.49
0.22100	5.49
0.23767	5.49
0.25433	5.49
0.27100	5.49
0.28767	5.49
0.30433	5.49
0.32100	5.50
0.33767	5.49
0.35433	5.49
0.37100	5.49
0.38767	5.49
0.40433	5.49
0.42100	5.49
0.43767	5.49
0.45433	5.49
0.47100	5.49
0.48767	5.49
0.50433	5.49
0.52100	5.49
0.53767	5.49
0.55433	5.49
0.57100	5.49
0.58767	5.49
0.60433	5.49
0.62100	5.49
0.63767	5.49
0.65433	5.49
0.67100	5.49
0.68767	5.49
0.70433	5.49
0.72100	5.49
0.73767	5.49
0.75433	5.49
0.77100	5.49
0.78767	5.49
0.80433	5.49
0.82100	5.49
0.83767	5.49
0.85433	5.49
0.87100	5.49
0.88767	5.49
0.90433	5.49
0.92100	5.49
0.93767	5.49
0.95433	5.49
0.97100	5.49
0.98767	5.49
1.00433	5.49
1.02100	5.49
1.03767	5.49
1.05433	5.49
1.07100	5.49
1.08767	5.49
1.10433	5.49
1.12100	5.49
1.13767	5.49
1.15433	5.49
1.17100	5.49
1.18767	5.49
1.20433	5.49
1.22100	5.49
1.23767	5.49
1.25433	5.49
1.27100	5.49
1.28767	5.49
1.30433	5.49
1.32100	5.49
1.33767	5.49
1.35433	5.49
1.37100	5.49
1.38767	5.49
1.40433	5.49
1.42100	5.49
1.43767	5.49
1.45433	5.49
1.47100	5.49
1.48767	5.49
1.50433	5.49
1.52100	5.49
1.53767	5.49
1.55433	5.49
1.57100	5.49
1.58767	5.49
1.60433	5.49
1.62100	5.49
1.63767	5.48
1.65433	5.48
1.67100	5.47
1.68767	5.46
1.70433	5.44
1.72100	5.43
1.73767	5.42
1.75433	5.41
1.77100	5.40
1.78767	5.39
1.80433	5.38
1.82100	5.37
1.83767	5.36
1.85433	5.35
1.87100	5.34
1.88767	5.33
1.90433	5.32
1.92100	5.31
1.93767	5.30
1.95433	5.29
1.97100	5.28
1.98767	5.27
2.00433	5.27
2.02100	5.26
2.03767	5.25
2.05433	5.24
2.07100	5.23
2.08767	5.22
2.10433	5.21
2.12100	5.20
2.13767	5.19
2.15433	5.18
2.17100	5.17
2.18767	5.16
2.20433	5.15
2.22100	5.14
2.23767	5.13
2.25433	5.12
2.27100	5.12
2.28767	5.11
2.30433	5.10
2.32100	5.09
2.33767	5.08
2.35433	5.07
2.37100	5.06
2.38767	5.06
2.40433	5.06
2.42100	5.06
2.43767	5.06
2.45433	5.06
2.47100	5.06
2.48767	5.06
2.50433	5.06
2.52100	5.06
2.53767	5.06
2.55433	5.06
2.57100	5.06
2.58767	5.06
2.60433	5.06
2.62100	5.06
2.63767	5.06
2.65433	5.06
2.67100	5.06
2.68767	5.06
2.70433	5.06
2.72100	5.06
2.73767	5.06
2.75433	5.06
2.77100	5.06
2.78767	5.06
2.80433	5.06
2.82100	5.06
2.83767	5.06
2.85433	5.06
2.87100	5.05
2.88767	5.05
2.90433	5.05
2.92100	5.05
2.93767	5.05
2.95433	5.05
2.97100	5.05
2.98767	5.05
3.00433	5.05
3.02100	5.05
3.03767	5.05
3.05433	5.05
3.07100	5.05
3.08767	5.05
3.10433	5.05
3.12100	5.05
3.13767	5.05
3.15433	5.05
3.17100	5.05
3.18767	5.05
3.20433	5.05
3.22100	5.05
3.23767	5.05
3.25433	5.05
3.27100	5.05
3.28767	5.05
3.30433	5.05
3.32100	5.05
3.33767	5.05
3.35433	5.05
3.37100	5.05
3.38767	5.05
3.40433	5.05
3.42100	5.05
3.43767	5.05
3.45433	5.05
3.47100	5.05
3.48767	5.05
3.50433	5.05
3.52100	5.05
3.53767	5.05
3.55433	5.05
3.57100	5.05
3.58767	5.05
3.60433	5.05
3.62100	5.05
3.63767	5.05
3.65433	5.05
3.67100	5.05
3.68767	5.05
3.70433	5.05
3.72100	5.05
3.73767	5.05
3.75433	5.05
3.77100	5.05
3.78767	5.05
3.80433	5.05
3.82100	5.05
3.83767	5.05
3.85433	5.05
3.87100	5.05
3.88767	5.05
3.90433	5.05
3.92100	5.05
3.93767	5.05
3.95433	5.05
3.97100	5.05
3.98767	5.05

[Status Trace (Linear Velocity)]
Interval(msec)	1000
# of Points	240
Start Time(min)	0.004
End Time(min)	3.988
Intensity Units	
Intensity Multiplier	1
R.Time (min)	Intensity
0.00433	39.01
0.02100	37.64
0.03767	38.08
0.05433	39.45
0.07100	40.22
0.08767	39.16
0.10433	38.98
0.12100	39.01
0.13767	39.01
0.15433	39.01
0.17100	39.01
0.18767	39.01
0.20433	39.01
0.22100	39.01
0.23767	39.01
0.25433	39.01
0.27100	39.01
0.28767	39.01
0.30433	39.01
0.32100	39.01
0.33767	39.01
0.35433	39.01
0.37100	39.01
0.38767	39.01
0.40433	39.01
0.42100	39.01
0.43767	39.01
0.45433	39.01
0.47100	39.01
0.48767	39.01
0.50433	39.01
0.52100	39.01
0.53767	39.01
0.55433	39.01
0.57100	39.01
0.58767	39.01
0.60433	39.01
0.62100	39.01
0.63767	39.01
0.65433	39.01
0.67100	39.01
0.68767	39.01
0.70433	39.01
0.72100	39.01
0.73767	39.01
0.75433	39.01
0.77100	39.01
0.78767	39.01
0.80433	39.01
0.82100	39.01
0.83767	39.01
0.85433	39.01
0.87100	39.01
0.88767	39.01
0.90433	39.01
0.92100	39.01
0.93767	39.01
0.95433	39.01
0.97100	39.01
0.98767	39.01
1.00433	39.01
1.02100	39.01
1.03767	39.01
1.05433	39.01
1.07100	39.01
1.08767	39.01
1.10433	39.01
1.12100	39.01
1.13767	39.01
1.15433	39.01
1.17100	39.01
1.18767	39.01
1.20433	39.01
1.22100	39.01
1.23767	39.01
1.25433	39.01
1.27100	39.01
1.28767	39.01
1.30433	39.01
1.32100	39.01
1.33767	39.01
1.35433	39.01
1.37100	39.01
1.38767	39.01
1.40433	39.01
1.42100	39.01
1.43767	39.01
1.45433	39.01
1.47100	39.01
1.48767	39.01
1.50433	39.01
1.52100	39.01
1.53767	39.01
1.55433	39.01
1.57100	39.01
1.58767	39.01
1.60433	39.01
1.62100	39.00
1.63767	38.98
1.65433	38.96
1.67100	38.93
1.68767	38.89
1.70433	38.86
1.72100	38.82
1.73767	38.79
1.75433	38.76
1.77100	38.73
1.78767	38.70
1.80433	38.67
1.82100	38.64
1.83767	38.60
1.85433	38.57
1.87100	38.54
1.88767	38.51
1.90433	38.48
1.92100	38.45
1.93767	38.42
1.95433	38.39
1.97100	38.36
1.98767	38.33
2.00433	38.30
2.02100	38.27
2.03767	38.24
2.05433	38.21
2.07100	38.18
2.08767	38.15
2.10433	38.12
2.12100	38.09
2.13767	38.06
2.15433	38.03
2.17100	38.00
2.18767	37.98
2.20433	37.95
2.22100	37.92
2.23767	37.89
2.25433	37.86
2.27100	37.83
2.28767	37.79
2.30433	37.77
2.32100	37.74
2.33767	37.71
2.35433	37.68
2.37100	37.66
2.38767	37.65
2.40433	37.65
2.42100	37.65
2.43767	37.65
2.45433	37.65
2.47100	37.65
2.48767	37.64
2.50433	37.63
2.52100	37.64
2.53767	37.64
2.55433	37.64
2.57100	37.64
2.58767	37.64
2.60433	37.64
2.62100	37.64
2.63767	37.64
2.65433	37.64
2.67100	37.64
2.68767	37.64
2.70433	37.64
2.72100	37.64
2.73767	37.64
2.75433	37.64
2.77100	37.64
2.78767	37.64
2.80433	37.64
2.82100	37.63
2.83767	37.63
2.85433	37.63
2.87100	37.63
2.88767	37.63
2.90433	37.63
2.92100	37.63
2.93767	37.62
2.95433	37.62
2.97100	37.62
2.98767	37.62
3.00433	37.62
3.02100	37.62
3.03767	37.62
3.05433	37.62
3.07100	37.62
3.08767	37.62
3.10433	37.62
3.12100	37.62
3.13767	37.62
3.15433	37.62
3.17100	37.62
3.18767	37.62
3.20433	37.62
3.22100	37.62
3.23767	37.62
3.25433	37.62
3.27100	37.62
3.28767	37.62
3.30433	37.62
3.32100	37.62
3.33767	37.62
3.35433	37.62
3.37100	37.62
3.38767	37.62
3.40433	37.62
3.42100	37.62
3.43767	37.62
3.45433	37.62
3.47100	37.62
3.48767	37.62
3.50433	37.62
3.52100	37.62
3.53767	37.62
3.55433	37.62
3.57100	37.62
3.58767	37.62
3.60433	37.62
3.62100	37.62
3.63767	37.62
3.65433	37.62
3.67100	37.62
3.68767	37.62
3.70433	37.62
3.72100	37.62
3.73767	37.62
3.75433	37.62
3.77100	37.62
3.78767	37.62
3.80433	37.62
3.82100	37.62
3.83767	37.62
3.85433	37.62
3.87100	37.62
3.88767	37.62
3.90433	37.62
3.92100	37.62
3.93767	37.62
3.95433	37.62
3.97100	37.62
3.98767	37.62

