[Header]
Application Name	LabSolutions
Version	5.110
Data File Name	C:\Users\User\Desktop\GC Analyses\Jack\UIC Prairie Sampling\7.22.22\220722_104.gcd
Output Date	10/5/2022
Output Time	2:13:44 PM

[File Information]
Type	Data File
Generated	10/5/2022 1:41:15 PM
Generated by	System Administrator
Modified	10/5/2022 1:45:35 PM
Modified by	System Administrator

[Sample Information]
Operator Name	System Administrator
Acquired	10/5/2022 1:41:34 PM
Sample Type	1:Standard
Level	1
Sample Name	220722_UICPrairie
Sample ID	220722_UICPrairie
ISTD Amount1	1
ISTD Amount2	1
ISTD Amount3	1
ISTD Amount4	1
ISTD Amount5	1
ISTD Amount6	1
ISTD Amount7	1
ISTD Amount8	1
ISTD Amount9	1
ISTD Amount10	1
ISTD Amount11	1
ISTD Amount12	1
ISTD Amount13	1
ISTD Amount14	1
ISTD Amount15	1
ISTD Amount16	1
ISTD Amount17	1
ISTD Amount18	1
ISTD Amount19	1
ISTD Amount20	1
ISTD Amount21	1
ISTD Amount22	1
ISTD Amount23	1
ISTD Amount24	1
ISTD Amount25	1
ISTD Amount26	1
ISTD Amount27	1
ISTD Amount28	1
ISTD Amount29	1
ISTD Amount30	1
ISTD Amount31	1
ISTD Amount32	1
Sample Amount	1
Dilution Factor	1
Vial#	1
Injection Volume	1
Injection Count	1
Bar Code	

[Original Files]
Data File	C:\Users\User\Desktop\GC Analyses\Jack\UIC Prairie Sampling\7.22.22\220722_104.gcd
Method File	C:\LabSolutions\Data\GHG_4min_2022\ghg3_togas_w_acet_4 min_new_int.gcm
Batch File	
Report Format File	c:\LabSolutions\System\DEFAULT.lsr

[File Description]


[Configuration]
Instrument Name	C0B7VH3-Instrument1
Instrument #	1
Line #	1
# of Detectors	3
Detector ID	DET#1	DET#2	DET#3
Detector Name	FID	PTCD	ECD
# of Channels	1	1	1

[Peak Table(Ch1)]
# of Peaks	3
Peak#	R.Time	I.Time	F.Time	Area	Height	A/H	Conc.	Mark	ID#	Name	k'	Plate #	Plate Ht.	Tailing	Resolution	Sep.Factor	Area Ratio	Height Ratio	Conc. %	Norm Conc.
1	1.483	1.443	1.545	12944	6386	2.027	100.000	   	1	CO	0.000	10024	14.965	1.160	0.000	0.000	0	0	16.667	16.667
2	1.575	1.545	1.630	3753	2059	1.823	100.000	 V 	2	CH4	0.062	12749	11.765	1.185	1.594	0.000	0	0	16.667	16.667
3	2.004	1.960	2.293	1769983	935681	1.892	400.000	   	3	CO2	0.351	19980	7.507	1.265	7.628	5.680	0	0	66.667	66.667

[Peak Table(Ch2)]
# of Peaks	0

[Peak Table(Ch3)]
# of Peaks	3
Peak#	R.Time	I.Time	F.Time	Area	Height	A/H	Conc.	Mark	ID#	Name	k'	Plate #	Plate Ht.	Tailing	Resolution	Sep.Factor	Area Ratio	Height Ratio	Conc. %	Norm Conc.
1	2.451	1.875	2.653	11536	441	26.139	0.000	   			0.000	185	810.164	0.679	0.000	0.000	0	0	0.000	0.000
2	2.799	2.693	2.836	6309	976	6.466	0.199	   	1	N2O	0.142	334	448.676	0.000	0.523	0.000	0	0	19.851	19.851
3	2.887	2.836	3.258	25471	4712	5.405	0.801	 V 	1	N2O	0.178	10571	14.190	0.000	0.243	1.253	0	0	80.149	80.149

[Compound Results(Ch1)]
# of IDs	6
ID#	Name	R.Time	Area	Height	Conc.	Curve	3rd	2nd	1st	Constant	Area Ratio	Height Ratio	Conc. %	Norm Conc.
1	CO	1.483	12944	6386	100.000	Linear	0.000000e+00	0.000000e+00	1.294407e+002	0.000000e+00	0	0	16.667	16.667
2	CH4	1.575	3753	2059	100.000	Linear	0.000000e+00	0.000000e+00	3.752890e+001	0.000000e+00	0	0	16.667	16.667
3	CO2	2.004	1769983	935681	400.000	Linear	0.000000e+00	0.000000e+00	4.424958e+003	0.000000e+00	0	0	66.667	66.667
4	Ethylene	0.000	0	0	0.000	Linear	0.000000e+00	0.000000e+00	0.000000e+00	0.000000e+00	0	0	0.000	0.000
5	Acetylene	0.000	0	0	0.000	Linear	0.000000e+00	0.000000e+00	0.000000e+00	0.000000e+00	0	0	0.000	0.000
6	Ethane	0.000	0	0	0.000	Linear	0.000000e+00	0.000000e+00	0.000000e+00	0.000000e+00	0	0	0.000	0.000

[Compound Results(Ch2)]
# of IDs	5
ID#	Name	R.Time	Area	Height	Conc.	Curve	3rd	2nd	1st	Constant	Area Ratio	Height Ratio	Conc. %	Norm Conc.
1	Hydrogen	0.000	0	0	0.000	Linear	0.000000e+00	0.000000e+00	0.000000e+00	0.000000e+00	0	0	0.000	0.000
2	Oxygen	0.000	0	0	0.000	Linear	0.000000e+00	0.000000e+00	0.000000e+00	0.000000e+00	0	0	0.000	0.000
3	Nitrogen	0.000	0	0	0.000	Linear	0.000000e+00	0.000000e+00	0.000000e+00	0.000000e+00	0	0	0.000	0.000
4	Methane	0.000	0	0	0.000	Linear	0.000000e+00	0.000000e+00	0.000000e+00	0.000000e+00	0	0	0.000	0.000
5	Carbon Monoxide	0.000	0	0	0.000	Linear	0.000000e+00	0.000000e+00	0.000000e+00	0.000000e+00	0	0	0.000	0.000

[Compound Results(Ch3)]
# of IDs	2
ID#	Name	R.Time	Area	Height	Conc.	Curve	3rd	2nd	1st	Constant	Area Ratio	Height Ratio	Conc. %	Norm Conc.
1	N2O	2.887	31779	5688	1.000	Linear	0.000000e+00	0.000000e+00	3.177942e+004	0.000000e+00	0	0	100.000	100.000
2	SF6	0.000	0	0	0.000	Linear	0.000000e+00	0.000000e+00	0.000000e+00	0.000000e+00	0	0	0.000	0.000

[Group Results(Ch1)]
# of Groups	0

[Group Results(Ch2)]
# of Groups	0

[Group Results(Ch3)]
# of Groups	0

[Chromatogram (Ch1)]
Interval(msec)	220
# of Points	1091
Start Time(min)	0.002
End Time(min)	3.998
R.Time (min)	Intensity
0.00167	1
0.00533	5
0.00900	4
0.01267	2
0.01633	-2
0.02000	-6
0.02367	-12
0.02733	-15
0.03100	-14
0.03467	-8
0.03833	-6
0.04200	-9
0.04567	-15
0.04933	-19
0.05300	-21
0.05667	-21
0.06033	-21
0.06400	-20
0.06767	-19
0.07133	-19
0.07500	-19
0.07867	-15
0.08233	-10
0.08600	-9
0.08967	-7
0.09333	-5
0.09700	-3
0.10067	-1
0.10433	2
0.10800	5
0.11167	5
0.11533	1
0.11900	-7
0.12267	-13
0.12633	-16
0.13000	-19
0.13367	-22
0.13733	-23
0.14100	-19
0.14467	-14
0.14833	-16
0.15200	-23
0.15567	-32
0.15933	-36
0.16300	-35
0.16667	-33
0.17033	-26
0.17400	-17
0.17767	-8
0.18133	-4
0.18500	-4
0.18867	-5
0.19233	-5
0.19600	-4
0.19967	-3
0.20333	-1
0.20700	3
0.21067	6
0.21433	2
0.21800	-7
0.22167	-16
0.22533	-18
0.22900	-14
0.23267	-12
0.23633	-15
0.24000	-23
0.24367	-33
0.24733	-41
0.25100	-48
0.25467	-52
0.25833	-54
0.26200	-53
0.26567	-50
0.26933	-47
0.27300	-45
0.27667	-41
0.28033	-34
0.28400	-29
0.28767	-25
0.29133	-23
0.29500	-21
0.29867	-21
0.30233	-25
0.30600	-32
0.30967	-35
0.31333	-31
0.31700	-28
0.32067	-29
0.32433	-30
0.32800	-31
0.33167	-33
0.33533	-34
0.33900	-36
0.34267	-38
0.34633	-39
0.35000	-39
0.35367	-42
0.35733	-46
0.36100	-49
0.36467	-50
0.36833	-48
0.37200	-46
0.37567	-46
0.37933	-48
0.38300	-51
0.38667	-51
0.39033	-52
0.39400	-51
0.39767	-45
0.40133	-38
0.40500	-34
0.40867	-31
0.41233	-32
0.41600	-34
0.41967	-35
0.42333	-35
0.42700	-35
0.43067	-33
0.43433	-33
0.43800	-35
0.44167	-40
0.44533	-47
0.44900	-49
0.45267	-45
0.45633	-39
0.46000	-36
0.46367	-38
0.46733	-38
0.47100	-37
0.47467	-37
0.47833	-39
0.48200	-41
0.48567	-44
0.48933	-43
0.49300	-43
0.49667	-45
0.50033	-46
0.50400	-48
0.50767	-55
0.51133	-62
0.51500	-65
0.51867	-67
0.52233	-65
0.52600	-61
0.52967	-54
0.53333	-49
0.53700	-46
0.54067	-49
0.54433	-51
0.54800	-51
0.55167	-46
0.55533	-38
0.55900	-29
0.56267	-25
0.56633	-29
0.57000	-36
0.57367	-43
0.57733	-49
0.58100	-53
0.58467	-54
0.58833	-55
0.59200	-53
0.59567	-50
0.59933	-50
0.60300	-51
0.60667	-50
0.61033	-45
0.61400	-38
0.61767	-36
0.62133	-37
0.62500	-38
0.62867	-42
0.63233	-49
0.63600	-55
0.63967	-57
0.64333	-58
0.64700	-57
0.65067	-55
0.65433	-51
0.65800	-46
0.66167	-42
0.66533	-39
0.66900	-40
0.67267	-43
0.67633	-44
0.68000	-45
0.68367	-48
0.68733	-50
0.69100	-51
0.69467	-53
0.69833	-55
0.70200	-56
0.70567	-55
0.70933	-53
0.71300	-52
0.71667	-53
0.72033	-52
0.72400	-52
0.72767	-55
0.73133	-60
0.73500	-65
0.73867	-69
0.74233	-70
0.74600	-69
0.74967	-68
0.75333	-64
0.75700	-57
0.76067	-54
0.76433	-56
0.76800	-60
0.77167	-62
0.77533	-60
0.77900	-57
0.78267	-57
0.78633	-62
0.79000	-69
0.79367	-71
0.79733	-70
0.80100	-68
0.80467	-71
0.80833	-71
0.81200	-65
0.81567	-59
0.81933	-57
0.82300	-62
0.82667	-68
0.83033	-76
0.83400	-82
0.83767	-83
0.84133	-77
0.84500	-70
0.84867	-64
0.85233	-58
0.85600	-52
0.85967	-51
0.86333	-55
0.86700	-58
0.87067	-55
0.87433	-50
0.87800	-46
0.88167	-44
0.88533	-43
0.88900	-45
0.89267	-52
0.89633	-63
0.90000	-74
0.90367	-81
0.90733	-81
0.91100	-78
0.91467	-80
0.91833	-82
0.92200	-78
0.92567	-70
0.92933	-67
0.93300	-72
0.93667	-79
0.94033	-85
0.94400	-89
0.94767	-92
0.95133	-94
0.95500	-92
0.95867	-86
0.96233	-79
0.96600	-75
0.96967	-75
0.97333	-78
0.97700	-77
0.98067	-75
0.98433	-70
0.98800	-64
0.99167	-57
0.99533	-50
0.99900	-49
1.00267	-50
1.00633	-54
1.01000	-59
1.01367	-66
1.01733	-73
1.02100	-77
1.02467	-75
1.02833	-71
1.03200	-65
1.03567	-60
1.03933	-59
1.04300	-61
1.04667	-64
1.05033	-68
1.05400	-72
1.05767	-75
1.06133	-73
1.06500	-73
1.06867	-76
1.07233	-79
1.07600	-81
1.07967	-80
1.08333	-81
1.08700	-88
1.09067	-97
1.09433	-102
1.09800	-100
1.10167	-91
1.10533	-82
1.10900	-78
1.11267	-76
1.11633	-74
1.12000	-73
1.12367	-76
1.12733	-80
1.13100	-82
1.13467	-86
1.13833	-89
1.14200	-89
1.14567	-86
1.14933	-84
1.15300	-82
1.15667	-80
1.16033	-79
1.16400	-77
1.16767	-77
1.17133	-81
1.17500	-85
1.17867	-88
1.18233	-92
1.18600	-95
1.18967	-97
1.19333	-98
1.19700	-96
1.20067	-94
1.20433	-91
1.20800	-89
1.21167	-88
1.21533	-89
1.21900	-89
1.22267	-91
1.22633	-93
1.23000	-95
1.23367	-91
1.23733	-87
1.24100	-85
1.24467	-86
1.24833	-86
1.25200	-84
1.25567	-81
1.25933	-77
1.26300	-76
1.26667	-77
1.27033	-78
1.27400	-79
1.27767	-83
1.28133	-87
1.28500	-91
1.28867	-91
1.29233	-90
1.29600	-87
1.29967	-87
1.30333	-88
1.30700	-88
1.31067	-87
1.31433	-89
1.31800	-91
1.32167	-95
1.32533	-97
1.32900	-97
1.33267	-97
1.33633	-97
1.34000	-96
1.34367	-94
1.34733	-93
1.35100	-93
1.35467	-94
1.35833	-95
1.36200	-97
1.36567	-93
1.36933	-82
1.37300	-76
1.37667	-74
1.38033	-76
1.38400	-78
1.38767	-80
1.39133	-84
1.39500	-91
1.39867	-100
1.40233	-107
1.40600	-112
1.40967	-112
1.41333	-107
1.41700	-105
1.42067	-107
1.42433	-110
1.42800	-115
1.43167	-122
1.43533	-127
1.43900	-130
1.44267	-128
1.44633	-103
1.45000	15
1.45367	297
1.45733	741
1.46100	1372
1.46467	2266
1.46833	3388
1.47200	4559
1.47567	5549
1.47933	6157
1.48300	6258
1.48667	5848
1.49033	5047
1.49400	4063
1.49767	3092
1.50133	2255
1.50500	1592
1.50867	1095
1.51233	737
1.51600	485
1.51967	312
1.52333	196
1.52700	117
1.53067	60
1.53433	16
1.53800	-22
1.54167	-54
1.54533	-69
1.54900	-31
1.55267	122
1.55633	425
1.56000	835
1.56367	1259
1.56733	1617
1.57100	1856
1.57467	1930
1.57833	1817
1.58200	1549
1.58567	1203
1.58933	863
1.59300	577
1.59667	357
1.60033	198
1.60400	85
1.60767	3
1.61133	-51
1.61500	-83
1.61867	-103
1.62233	-116
1.62600	-125
1.62967	-130
1.63333	-134
1.63700	-135
1.64067	-135
1.64433	-135
1.64800	-132
1.65167	-127
1.65533	-124
1.65900	-124
1.66267	-125
1.66633	-129
1.67000	-135
1.67367	-138
1.67733	-139
1.68100	-140
1.68467	-145
1.68833	-152
1.69200	-160
1.69567	-163
1.69933	-161
1.70300	-160
1.70667	-158
1.71033	-157
1.71400	-154
1.71767	-149
1.72133	-144
1.72500	-140
1.72867	-140
1.73233	-145
1.73600	-148
1.73967	-149
1.74333	-150
1.74700	-150
1.75067	-150
1.75433	-152
1.75800	-158
1.76167	-159
1.76533	-155
1.76900	-152
1.77267	-152
1.77633	-153
1.78000	-154
1.78367	-153
1.78733	-154
1.79100	-156
1.79467	-155
1.79833	-153
1.80200	-149
1.80567	-144
1.80933	-143
1.81300	-145
1.81667	-147
1.82033	-147
1.82400	-143
1.82767	-140
1.83133	-139
1.83500	-140
1.83867	-144
1.84233	-151
1.84600	-155
1.84967	-156
1.85333	-155
1.85700	-154
1.86067	-153
1.86433	-148
1.86800	-143
1.87167	-140
1.87533	-141
1.87900	-141
1.88267	-138
1.88633	-136
1.89000	-136
1.89367	-136
1.89733	-137
1.90100	-138
1.90467	-140
1.90833	-142
1.91200	-143
1.91567	-141
1.91933	-142
1.92300	-144
1.92667	-145
1.93033	-144
1.93400	-141
1.93767	-141
1.94133	-137
1.94500	-133
1.94867	-132
1.95233	-130
1.95600	-130
1.95967	-121
1.96333	-46
1.96700	436
1.97067	2849
1.97433	12120
1.97800	39531
1.98167	102825
1.98533	218041
1.98900	384805
1.99267	578725
1.99633	759605
2.00000	887214
2.00367	935587
2.00733	900541
2.01100	798605
2.01467	658648
2.01833	510525
2.02200	376245
2.02567	266823
2.02933	184157
2.03300	124958
2.03667	84091
2.04033	56561
2.04400	38298
2.04767	26277
2.05133	18374
2.05500	13154
2.05867	9672
2.06233	7315
2.06600	5688
2.06967	4536
2.07333	3698
2.07700	3072
2.08067	2591
2.08433	2216
2.08800	1921
2.09167	1686
2.09533	1497
2.09900	1342
2.10267	1217
2.10633	1114
2.11000	1028
2.11367	955
2.11733	888
2.12100	823
2.12467	762
2.12833	709
2.13200	665
2.13567	626
2.13933	587
2.14300	549
2.14667	513
2.15033	482
2.15400	455
2.15767	430
2.16133	407
2.16500	387
2.16867	368
2.17233	349
2.17600	329
2.17967	311
2.18333	301
2.18700	296
2.19067	293
2.19433	291
2.19800	289
2.20167	282
2.20533	268
2.20900	250
2.21267	230
2.21633	208
2.22000	191
2.22367	178
2.22733	171
2.23100	168
2.23467	164
2.23833	160
2.24200	160
2.24567	159
2.24933	154
2.25300	142
2.25667	132
2.26033	123
2.26400	117
2.26767	109
2.27133	105
2.27500	105
2.27867	105
2.28233	102
2.28600	96
2.28967	89
2.29333	81
2.29700	76
2.30067	76
2.30433	78
2.30800	78
2.31167	77
2.31533	76
2.31900	78
2.32267	80
2.32633	82
2.33000	82
2.33367	82
2.33733	79
2.34100	73
2.34467	67
2.34833	57
2.35200	49
2.35567	46
2.35933	48
2.36300	49
2.36667	48
2.37033	48
2.37400	50
2.37767	55
2.38133	62
2.38500	63
2.38867	60
2.39233	55
2.39600	48
2.39967	40
2.40333	37
2.40700	37
2.41067	36
2.41433	37
2.41800	39
2.42167	39
2.42533	39
2.42900	42
2.43267	45
2.43633	47
2.44000	45
2.44367	42
2.44733	39
2.45100	35
2.45467	29
2.45833	22
2.46200	14
2.46567	9
2.46933	7
2.47300	5
2.47667	1
2.48033	-2
2.48400	-4
2.48767	-8
2.49133	-14
2.49500	-18
2.49867	-18
2.50233	-16
2.50600	-13
2.50967	-8
2.51333	-6
2.51700	-5
2.52067	-5
2.52433	-7
2.52800	-10
2.53167	-14
2.53533	-15
2.53900	-11
2.54267	-5
2.54633	-1
2.55000	1
2.55367	1
2.55733	-2
2.56100	-4
2.56467	-3
2.56833	1
2.57200	4
2.57567	3
2.57933	-4
2.58300	-13
2.58667	-24
2.59033	-35
2.59400	-39
2.59767	-38
2.60133	-34
2.60500	-31
2.60867	-30
2.61233	-31
2.61600	-31
2.61967	-33
2.62333	-38
2.62700	-45
2.63067	-51
2.63433	-52
2.63800	-49
2.64167	-43
2.64533	-37
2.64900	-34
2.65267	-36
2.65633	-40
2.66000	-43
2.66367	-43
2.66733	-41
2.67100	-37
2.67467	-31
2.67833	-28
2.68200	-29
2.68567	-32
2.68933	-35
2.69300	-38
2.69667	-41
2.70033	-42
2.70400	-42
2.70767	-46
2.71133	-52
2.71500	-53
2.71867	-50
2.72233	-46
2.72600	-42
2.72967	-40
2.73333	-43
2.73700	-49
2.74067	-57
2.74433	-66
2.74800	-71
2.75167	-72
2.75533	-72
2.75900	-70
2.76267	-65
2.76633	-59
2.77000	-53
2.77367	-51
2.77733	-51
2.78100	-52
2.78467	-55
2.78833	-58
2.79200	-57
2.79567	-53
2.79933	-48
2.80300	-44
2.80667	-43
2.81033	-46
2.81400	-50
2.81767	-53
2.82133	-51
2.82500	-50
2.82867	-53
2.83233	-57
2.83600	-60
2.83967	-61
2.84333	-61
2.84700	-59
2.85067	-59
2.85433	-60
2.85800	-65
2.86167	-68
2.86533	-68
2.86900	-70
2.87267	-72
2.87633	-69
2.88000	-65
2.88367	-58
2.88733	-52
2.89100	-51
2.89467	-53
2.89833	-57
2.90200	-65
2.90567	-71
2.90933	-72
2.91300	-73
2.91667	-73
2.92033	-73
2.92400	-73
2.92767	-72
2.93133	-70
2.93500	-66
2.93867	-64
2.94233	-64
2.94600	-65
2.94967	-65
2.95333	-63
2.95700	-62
2.96067	-63
2.96433	-62
2.96800	-64
2.97167	-65
2.97533	-64
2.97900	-62
2.98267	-63
2.98633	-65
2.99000	-67
2.99367	-66
2.99733	-65
3.00100	-64
3.00467	-65
3.00833	-65
3.01200	-62
3.01567	-59
3.01933	-58
3.02300	-58
3.02667	-60
3.03033	-62
3.03400	-65
3.03767	-68
3.04133	-69
3.04500	-69
3.04867	-69
3.05233	-70
3.05600	-73
3.05967	-74
3.06333	-76
3.06700	-76
3.07067	-71
3.07433	-62
3.07800	-54
3.08167	-51
3.08533	-52
3.08900	-56
3.09267	-61
3.09633	-69
3.10000	-73
3.10367	-71
3.10733	-67
3.11100	-66
3.11467	-68
3.11833	-70
3.12200	-71
3.12567	-70
3.12933	-69
3.13300	-68
3.13667	-66
3.14033	-65
3.14400	-65
3.14767	-64
3.15133	-65
3.15500	-65
3.15867	-66
3.16233	-70
3.16600	-75
3.16967	-76
3.17333	-73
3.17700	-67
3.18067	-59
3.18433	-53
3.18800	-49
3.19167	-50
3.19533	-53
3.19900	-56
3.20267	-57
3.20633	-58
3.21000	-57
3.21367	-54
3.21733	-55
3.22100	-59
3.22467	-63
3.22833	-64
3.23200	-64
3.23567	-64
3.23933	-66
3.24300	-70
3.24667	-73
3.25033	-74
3.25400	-69
3.25767	-63
3.26133	-58
3.26500	-57
3.26867	-57
3.27233	-62
3.27600	-65
3.27967	-68
3.28333	-69
3.28700	-71
3.29067	-71
3.29433	-70
3.29800	-66
3.30167	-57
3.30533	-50
3.30900	-47
3.31267	-50
3.31633	-51
3.32000	-50
3.32367	-48
3.32733	-48
3.33100	-49
3.33467	-49
3.33833	-49
3.34200	-49
3.34567	-52
3.34933	-57
3.35300	-59
3.35667	-55
3.36033	-47
3.36400	-41
3.36767	-41
3.37133	-47
3.37500	-53
3.37867	-58
3.38233	-58
3.38600	-56
3.38967	-54
3.39333	-54
3.39700	-55
3.40067	-56
3.40433	-55
3.40800	-57
3.41167	-62
3.41533	-66
3.41900	-66
3.42267	-62
3.42633	-61
3.43000	-63
3.43367	-64
3.43733	-63
3.44100	-62
3.44467	-61
3.44833	-60
3.45200	-59
3.45567	-55
3.45933	-50
3.46300	-47
3.46667	-45
3.47033	-47
3.47400	-53
3.47767	-63
3.48133	-73
3.48500	-82
3.48867	-87
3.49233	-86
3.49600	-82
3.49967	-79
3.50333	-76
3.50700	-73
3.51067	-68
3.51433	-63
3.51800	-58
3.52167	-52
3.52533	-53
3.52900	-58
3.53267	-62
3.53633	-65
3.54000	-63
3.54367	-59
3.54733	-59
3.55100	-62
3.55467	-65
3.55833	-69
3.56200	-73
3.56567	-73
3.56933	-70
3.57300	-67
3.57667	-64
3.58033	-61
3.58400	-59
3.58767	-55
3.59133	-54
3.59500	-58
3.59867	-65
3.60233	-73
3.60600	-78
3.60967	-78
3.61333	-78
3.61700	-77
3.62067	-75
3.62433	-74
3.62800	-74
3.63167	-75
3.63533	-72
3.63900	-69
3.64267	-68
3.64633	-70
3.65000	-74
3.65367	-79
3.65733	-84
3.66100	-87
3.66467	-86
3.66833	-79
3.67200	-73
3.67567	-68
3.67933	-68
3.68300	-72
3.68667	-76
3.69033	-78
3.69400	-78
3.69767	-75
3.70133	-73
3.70500	-74
3.70867	-81
3.71233	-87
3.71600	-92
3.71967	-97
3.72333	-101
3.72700	-104
3.73067	-103
3.73433	-99
3.73800	-91
3.74167	-84
3.74533	-80
3.74900	-77
3.75267	-76
3.75633	-75
3.76000	-77
3.76367	-84
3.76733	-95
3.77100	-104
3.77467	-114
3.77833	-114
3.78200	-115
3.78567	-120
3.78933	-121
3.79300	-122
3.79667	-120
3.80033	-120
3.80400	-121
3.80767	-120
3.81133	-116
3.81500	-111
3.81867	-108
3.82233	-122
3.82600	-123
3.82967	-105
3.83333	-98
3.83700	-98
3.84067	-104
3.84433	-109
3.84800	-110
3.85167	-107
3.85533	-104
3.85900	-103
3.86267	-103
3.86633	-102
3.87000	-100
3.87367	-99
3.87733	-99
3.88100	-99
3.88467	-97
3.88833	-95
3.89200	-93
3.89567	-91
3.89933	-90
3.90300	-96
3.90667	-106
3.91033	-114
3.91400	-119
3.91767	-122
3.92133	-124
3.92500	-122
3.92867	-120
3.93233	-118
3.93600	-115
3.93967	-110
3.94333	-110
3.94700	-116
3.95067	-123
3.95433	-127
3.95800	-125
3.96167	-119
3.96533	-112
3.96900	-106
3.97267	-102
3.97633	-99
3.98000	-94
3.98367	-90
3.98733	-92
3.99100	-96
3.99467	-99
3.99833	-103

[Chromatogram (Ch2)]
Interval(msec)	220
# of Points	1091
Start Time(min)	0.002
End Time(min)	3.998
R.Time (min)	Intensity
0.00167	0
0.00533	0
0.00900	1
0.01267	1
0.01633	1
0.02000	1
0.02367	1
0.02733	1
0.03100	1
0.03467	1
0.03833	1
0.04200	1
0.04567	1
0.04933	1
0.05300	1
0.05667	1
0.06033	1
0.06400	1
0.06767	1
0.07133	1
0.07500	2
0.07867	2
0.08233	2
0.08600	2
0.08967	3
0.09333	3
0.09700	3
0.10067	4
0.10433	4
0.10800	4
0.11167	4
0.11533	4
0.11900	4
0.12267	4
0.12633	4
0.13000	3
0.13367	3
0.13733	3
0.14100	3
0.14467	3
0.14833	3
0.15200	3
0.15567	3
0.15933	3
0.16300	3
0.16667	3
0.17033	3
0.17400	3
0.17767	3
0.18133	3
0.18500	3
0.18867	3
0.19233	3
0.19600	3
0.19967	3
0.20333	3
0.20700	3
0.21067	3
0.21433	2
0.21800	2
0.22167	2
0.22533	2
0.22900	2
0.23267	2
0.23633	2
0.24000	2
0.24367	2
0.24733	2
0.25100	2
0.25467	2
0.25833	2
0.26200	2
0.26567	2
0.26933	2
0.27300	2
0.27667	2
0.28033	1
0.28400	1
0.28767	1
0.29133	1
0.29500	1
0.29867	0
0.30233	0
0.30600	-0
0.30967	-0
0.31333	-0
0.31700	-0
0.32067	-1
0.32433	-1
0.32800	-1
0.33167	-1
0.33533	-1
0.33900	-1
0.34267	-1
0.34633	-1
0.35000	-1
0.35367	-0
0.35733	-0
0.36100	0
0.36467	0
0.36833	1
0.37200	1
0.37567	1
0.37933	1
0.38300	2
0.38667	2
0.39033	2
0.39400	2
0.39767	2
0.40133	2
0.40500	2
0.40867	1
0.41233	1
0.41600	1
0.41967	0
0.42333	-0
0.42700	-0
0.43067	-1
0.43433	-1
0.43800	-1
0.44167	-1
0.44533	-1
0.44900	-1
0.45267	-1
0.45633	-1
0.46000	-1
0.46367	-1
0.46733	-1
0.47100	-0
0.47467	0
0.47833	0
0.48200	1
0.48567	1
0.48933	1
0.49300	1
0.49667	1
0.50033	1
0.50400	1
0.50767	2
0.51133	2
0.51500	2
0.51867	3
0.52233	3
0.52600	3
0.52967	3
0.53333	3
0.53700	2
0.54067	2
0.54433	2
0.54800	1
0.55167	1
0.55533	1
0.55900	1
0.56267	1
0.56633	1
0.57000	2
0.57367	2
0.57733	1
0.58100	1
0.58467	1
0.58833	0
0.59200	-0
0.59567	-0
0.59933	-0
0.60300	-0
0.60667	-0
0.61033	0
0.61400	0
0.61767	1
0.62133	1
0.62500	1
0.62867	1
0.63233	1
0.63600	1
0.63967	1
0.64333	1
0.64700	1
0.65067	1
0.65433	0
0.65800	0
0.66167	0
0.66533	0
0.66900	0
0.67267	0
0.67633	0
0.68000	0
0.68367	-0
0.68733	-0
0.69100	-0
0.69467	-0
0.69833	-0
0.70200	-0
0.70567	-0
0.70933	-0
0.71300	-0
0.71667	-0
0.72033	-1
0.72400	-1
0.72767	-0
0.73133	-0
0.73500	0
0.73867	0
0.74233	0
0.74600	0
0.74967	0
0.75333	0
0.75700	-0
0.76067	-0
0.76433	-1
0.76800	-1
0.77167	-2
0.77533	-2
0.77900	-2
0.78267	-2
0.78633	-2
0.79000	-1
0.79367	-1
0.79733	-1
0.80100	-1
0.80467	-1
0.80833	-1
0.81200	-1
0.81567	-1
0.81933	-1
0.82300	-1
0.82667	-1
0.83033	-1
0.83400	-1
0.83767	-1
0.84133	-1
0.84500	-1
0.84867	-1
0.85233	-1
0.85600	-1
0.85967	-1
0.86333	-2
0.86700	-2
0.87067	-2
0.87433	-2
0.87800	-2
0.88167	-2
0.88533	-2
0.88900	-2
0.89267	-2
0.89633	-2
0.90000	-1
0.90367	-1
0.90733	-1
0.91100	-1
0.91467	-2
0.91833	-2
0.92200	-2
0.92567	-2
0.92933	-2
0.93300	-2
0.93667	-2
0.94033	-2
0.94400	-2
0.94767	-2
0.95133	-1
0.95500	-1
0.95867	-1
0.96233	-1
0.96600	-1
0.96967	-1
0.97333	-1
0.97700	-1
0.98067	-1
0.98433	-1
0.98800	-1
0.99167	-1
0.99533	-1
0.99900	-1
1.00267	-1
1.00633	-1
1.01000	-1
1.01367	-1
1.01733	-1
1.02100	-2
1.02467	-2
1.02833	-2
1.03200	-2
1.03567	-2
1.03933	-1
1.04300	-1
1.04667	-1
1.05033	-0
1.05400	-0
1.05767	-0
1.06133	-0
1.06500	-0
1.06867	-0
1.07233	-0
1.07600	-1
1.07967	-1
1.08333	-1
1.08700	-1
1.09067	-1
1.09433	-1
1.09800	-1
1.10167	-1
1.10533	-1
1.10900	-1
1.11267	-1
1.11633	-1
1.12000	-1
1.12367	-1
1.12733	-1
1.13100	-1
1.13467	-1
1.13833	-1
1.14200	-1
1.14567	-1
1.14933	-1
1.15300	-0
1.15667	0
1.16033	0
1.16400	1
1.16767	1
1.17133	1
1.17500	0
1.17867	0
1.18233	-0
1.18600	-0
1.18967	-0
1.19333	-1
1.19700	-1
1.20067	-1
1.20433	-1
1.20800	-1
1.21167	-1
1.21533	-0
1.21900	-0
1.22267	-0
1.22633	-0
1.23000	-0
1.23367	-1
1.23733	-1
1.24100	-1
1.24467	-2
1.24833	-2
1.25200	-2
1.25567	-2
1.25933	-2
1.26300	-2
1.26667	-2
1.27033	-1
1.27400	-1
1.27767	-1
1.28133	-1
1.28500	-2
1.28867	-2
1.29233	-2
1.29600	-2
1.29967	-2
1.30333	-2
1.30700	-2
1.31067	-2
1.31433	-2
1.31800	-2
1.32167	-2
1.32533	-2
1.32900	-2
1.33267	-2
1.33633	-2
1.34000	-2
1.34367	-2
1.34733	-1
1.35100	-1
1.35467	-1
1.35833	-1
1.36200	-1
1.36567	-1
1.36933	-1
1.37300	-1
1.37667	-1
1.38033	-1
1.38400	-1
1.38767	-1
1.39133	-1
1.39500	-1
1.39867	-1
1.40233	-1
1.40600	-1
1.40967	-1
1.41333	-1
1.41700	-1
1.42067	-2
1.42433	-2
1.42800	-2
1.43167	-2
1.43533	-3
1.43900	-3
1.44267	-3
1.44633	-4
1.45000	-4
1.45367	-4
1.45733	-4
1.46100	-4
1.46467	-4
1.46833	-3
1.47200	-3
1.47567	-3
1.47933	-3
1.48300	-3
1.48667	-3
1.49033	-3
1.49400	-2
1.49767	-2
1.50133	-2
1.50500	-2
1.50867	-2
1.51233	-2
1.51600	-2
1.51967	-1
1.52333	-1
1.52700	-1
1.53067	-1
1.53433	-1
1.53800	-1
1.54167	-1
1.54533	-1
1.54900	-1
1.55267	-1
1.55633	-1
1.56000	-1
1.56367	-1
1.56733	-1
1.57100	-1
1.57467	-1
1.57833	-1
1.58200	-1
1.58567	-1
1.58933	-1
1.59300	-1
1.59667	-2
1.60033	-2
1.60400	-3
1.60767	-4
1.61133	-6
1.61500	-8
1.61867	-10
1.62233	-13
1.62600	-16
1.62967	-19
1.63333	-23
1.63700	-27
1.64067	-31
1.64433	-35
1.64800	-39
1.65167	-42
1.65533	-46
1.65900	-50
1.66267	-55
1.66633	-59
1.67000	-64
1.67367	-68
1.67733	-73
1.68100	-78
1.68467	-83
1.68833	-88
1.69200	-92
1.69567	-96
1.69933	-99
1.70300	-102
1.70667	-104
1.71033	-106
1.71400	-108
1.71767	-109
1.72133	-110
1.72500	-111
1.72867	-111
1.73233	-112
1.73600	-112
1.73967	-112
1.74333	-112
1.74700	-112
1.75067	-113
1.75433	-113
1.75800	-114
1.76167	-115
1.76533	-115
1.76900	-117
1.77267	-118
1.77633	-119
1.78000	-120
1.78367	-120
1.78733	-121
1.79100	-121
1.79467	-121
1.79833	-120
1.80200	-120
1.80567	-119
1.80933	-119
1.81300	-118
1.81667	-118
1.82033	-118
1.82400	-118
1.82767	-118
1.83133	-119
1.83500	-119
1.83867	-120
1.84233	-121
1.84600	-122
1.84967	-123
1.85333	-123
1.85700	-123
1.86067	-123
1.86433	-123
1.86800	-123
1.87167	-123
1.87533	-123
1.87900	-123
1.88267	-122
1.88633	-122
1.89000	-121
1.89367	-121
1.89733	-120
1.90100	-120
1.90467	-120
1.90833	-119
1.91200	-119
1.91567	-120
1.91933	-120
1.92300	-120
1.92667	-121
1.93033	-121
1.93400	-121
1.93767	-121
1.94133	-121
1.94500	-120
1.94867	-119
1.95233	-119
1.95600	-118
1.95967	-117
1.96333	-116
1.96700	-116
1.97067	-115
1.97433	-115
1.97800	-115
1.98167	-115
1.98533	-115
1.98900	-114
1.99267	-114
1.99633	-113
2.00000	-113
2.00367	-113
2.00733	-112
2.01100	-113
2.01467	-113
2.01833	-113
2.02200	-113
2.02567	-113
2.02933	-112
2.03300	-111
2.03667	-110
2.04033	-110
2.04400	-110
2.04767	-110
2.05133	-110
2.05500	-110
2.05867	-111
2.06233	-111
2.06600	-111
2.06967	-111
2.07333	-111
2.07700	-111
2.08067	-111
2.08433	-110
2.08800	-110
2.09167	-109
2.09533	-108
2.09900	-107
2.10267	-106
2.10633	-105
2.11000	-105
2.11367	-104
2.11733	-104
2.12100	-104
2.12467	-103
2.12833	-103
2.13200	-103
2.13567	-103
2.13933	-103
2.14300	-103
2.14667	-103
2.15033	-103
2.15400	-103
2.15767	-102
2.16133	-102
2.16500	-101
2.16867	-101
2.17233	-100
2.17600	-100
2.17967	-100
2.18333	-100
2.18700	-100
2.19067	-100
2.19433	-99
2.19800	-99
2.20167	-98
2.20533	-97
2.20900	-97
2.21267	-96
2.21633	-95
2.22000	-95
2.22367	-94
2.22733	-94
2.23100	-94
2.23467	-94
2.23833	-95
2.24200	-95
2.24567	-94
2.24933	-94
2.25300	-94
2.25667	-93
2.26033	-93
2.26400	-93
2.26767	-92
2.27133	-92
2.27500	-92
2.27867	-92
2.28233	-91
2.28600	-91
2.28967	-90
2.29333	-90
2.29700	-89
2.30067	-89
2.30433	-89
2.30800	-90
2.31167	-90
2.31533	-91
2.31900	-91
2.32267	-91
2.32633	-91
2.33000	-91
2.33367	-90
2.33733	-90
2.34100	-89
2.34467	-88
2.34833	-87
2.35200	-86
2.35567	-85
2.35933	-84
2.36300	-83
2.36667	-82
2.37033	-80
2.37400	-79
2.37767	-77
2.38133	-74
2.38500	-71
2.38867	-68
2.39233	-63
2.39600	-59
2.39967	-54
2.40333	-49
2.40700	-45
2.41067	-40
2.41433	-35
2.41800	-31
2.42167	-27
2.42533	-24
2.42900	-21
2.43267	-19
2.43633	-16
2.44000	-14
2.44367	-12
2.44733	-10
2.45100	-8
2.45467	-6
2.45833	-4
2.46200	-3
2.46567	-2
2.46933	-1
2.47300	-0
2.47667	0
2.48033	1
2.48400	2
2.48767	3
2.49133	4
2.49500	5
2.49867	6
2.50233	7
2.50600	7
2.50967	8
2.51333	9
2.51700	9
2.52067	10
2.52433	10
2.52800	11
2.53167	11
2.53533	11
2.53900	12
2.54267	13
2.54633	13
2.55000	14
2.55367	14
2.55733	14
2.56100	14
2.56467	14
2.56833	14
2.57200	14
2.57567	14
2.57933	14
2.58300	14
2.58667	15
2.59033	15
2.59400	15
2.59767	16
2.60133	16
2.60500	16
2.60867	16
2.61233	16
2.61600	16
2.61967	16
2.62333	16
2.62700	17
2.63067	17
2.63433	17
2.63800	17
2.64167	17
2.64533	17
2.64900	17
2.65267	17
2.65633	17
2.66000	17
2.66367	18
2.66733	18
2.67100	18
2.67467	18
2.67833	19
2.68200	19
2.68567	19
2.68933	20
2.69300	20
2.69667	20
2.70033	21
2.70400	21
2.70767	21
2.71133	21
2.71500	20
2.71867	20
2.72233	20
2.72600	19
2.72967	19
2.73333	19
2.73700	19
2.74067	19
2.74433	20
2.74800	20
2.75167	20
2.75533	20
2.75900	21
2.76267	21
2.76633	21
2.77000	22
2.77367	22
2.77733	23
2.78100	23
2.78467	23
2.78833	24
2.79200	24
2.79567	24
2.79933	23
2.80300	23
2.80667	23
2.81033	23
2.81400	23
2.81767	23
2.82133	23
2.82500	24
2.82867	24
2.83233	24
2.83600	23
2.83967	23
2.84333	23
2.84700	23
2.85067	23
2.85433	22
2.85800	21
2.86167	19
2.86533	15
2.86900	8
2.87267	-2
2.87633	-15
2.88000	-32
2.88367	-54
2.88733	-79
2.89100	-108
2.89467	-142
2.89833	-178
2.90200	-218
2.90567	-260
2.90933	-304
2.91300	-349
2.91667	-395
2.92033	-442
2.92400	-490
2.92767	-537
2.93133	-585
2.93500	-634
2.93867	-685
2.94233	-742
2.94600	-802
2.94967	-856
2.95333	-895
2.95700	-912
2.96067	-905
2.96433	-877
2.96800	-833
2.97167	-776
2.97533	-712
2.97900	-645
2.98267	-577
2.98633	-512
2.99000	-451
2.99367	-394
2.99733	-343
3.00100	-296
3.00467	-255
3.00833	-218
3.01200	-186
3.01567	-158
3.01933	-133
3.02300	-111
3.02667	-93
3.03033	-77
3.03400	-64
3.03767	-53
3.04133	-43
3.04500	-35
3.04867	-28
3.05233	-22
3.05600	-16
3.05967	-12
3.06333	-8
3.06700	-5
3.07067	-2
3.07433	0
3.07800	2
3.08167	4
3.08533	5
3.08900	7
3.09267	8
3.09633	9
3.10000	10
3.10367	11
3.10733	11
3.11100	12
3.11467	13
3.11833	13
3.12200	14
3.12567	15
3.12933	15
3.13300	15
3.13667	15
3.14033	16
3.14400	16
3.14767	16
3.15133	16
3.15500	16
3.15867	16
3.16233	16
3.16600	16
3.16967	16
3.17333	17
3.17700	17
3.18067	17
3.18433	17
3.18800	18
3.19167	18
3.19533	18
3.19900	19
3.20267	19
3.20633	20
3.21000	20
3.21367	21
3.21733	21
3.22100	22
3.22467	22
3.22833	23
3.23200	23
3.23567	24
3.23933	24
3.24300	24
3.24667	25
3.25033	25
3.25400	25
3.25767	25
3.26133	25
3.26500	25
3.26867	25
3.27233	25
3.27600	25
3.27967	25
3.28333	25
3.28700	25
3.29067	25
3.29433	25
3.29800	25
3.30167	25
3.30533	25
3.30900	25
3.31267	25
3.31633	25
3.32000	25
3.32367	25
3.32733	25
3.33100	25
3.33467	25
3.33833	25
3.34200	25
3.34567	25
3.34933	25
3.35300	24
3.35667	24
3.36033	24
3.36400	24
3.36767	24
3.37133	23
3.37500	23
3.37867	24
3.38233	24
3.38600	23
3.38967	23
3.39333	23
3.39700	23
3.40067	23
3.40433	23
3.40800	24
3.41167	24
3.41533	24
3.41900	24
3.42267	23
3.42633	23
3.43000	23
3.43367	23
3.43733	23
3.44100	23
3.44467	23
3.44833	23
3.45200	23
3.45567	23
3.45933	23
3.46300	23
3.46667	23
3.47033	23
3.47400	23
3.47767	23
3.48133	23
3.48500	24
3.48867	24
3.49233	24
3.49600	24
3.49967	24
3.50333	24
3.50700	23
3.51067	23
3.51433	23
3.51800	23
3.52167	23
3.52533	24
3.52900	24
3.53267	24
3.53633	24
3.54000	24
3.54367	24
3.54733	24
3.55100	24
3.55467	24
3.55833	24
3.56200	24
3.56567	24
3.56933	24
3.57300	24
3.57667	24
3.58033	24
3.58400	25
3.58767	25
3.59133	24
3.59500	25
3.59867	25
3.60233	25
3.60600	25
3.60967	25
3.61333	25
3.61700	25
3.62067	25
3.62433	25
3.62800	25
3.63167	25
3.63533	25
3.63900	25
3.64267	25
3.64633	25
3.65000	25
3.65367	25
3.65733	25
3.66100	25
3.66467	25
3.66833	25
3.67200	25
3.67567	25
3.67933	25
3.68300	25
3.68667	25
3.69033	25
3.69400	25
3.69767	25
3.70133	24
3.70500	24
3.70867	24
3.71233	24
3.71600	24
3.71967	24
3.72333	24
3.72700	24
3.73067	24
3.73433	24
3.73800	24
3.74167	24
3.74533	24
3.74900	24
3.75267	24
3.75633	25
3.76000	25
3.76367	25
3.76733	25
3.77100	25
3.77467	25
3.77833	25
3.78200	25
3.78567	25
3.78933	25
3.79300	25
3.79667	25
3.80033	25
3.80400	25
3.80767	25
3.81133	25
3.81500	25
3.81867	25
3.82233	25
3.82600	25
3.82967	25
3.83333	25
3.83700	25
3.84067	25
3.84433	25
3.84800	25
3.85167	25
3.85533	25
3.85900	25
3.86267	24
3.86633	24
3.87000	24
3.87367	24
3.87733	24
3.88100	24
3.88467	24
3.88833	24
3.89200	24
3.89567	24
3.89933	24
3.90300	24
3.90667	24
3.91033	24
3.91400	24
3.91767	24
3.92133	24
3.92500	24
3.92867	24
3.93233	25
3.93600	25
3.93967	25
3.94333	24
3.94700	24
3.95067	24
3.95433	24
3.95800	25
3.96167	25
3.96533	25
3.96900	24
3.97267	24
3.97633	24
3.98000	25
3.98367	25
3.98733	25
3.99100	25
3.99467	25
3.99833	25

[Chromatogram (Ch3)]
Interval(msec)	220
# of Points	1091
Start Time(min)	0.002
End Time(min)	3.998
R.Time (min)	Intensity
0.00167	2
0.00533	5
0.00900	7
0.01267	7
0.01633	4
0.02000	2
0.02367	1
0.02733	-1
0.03100	-1
0.03467	-1
0.03833	1
0.04200	3
0.04567	5
0.04933	6
0.05300	5
0.05667	6
0.06033	6
0.06400	6
0.06767	8
0.07133	9
0.07500	10
0.07867	10
0.08233	11
0.08600	14
0.08967	15
0.09333	14
0.09700	14
0.10067	14
0.10433	14
0.10800	12
0.11167	11
0.11533	9
0.11900	7
0.12267	7
0.12633	8
0.13000	10
0.13367	13
0.13733	13
0.14100	11
0.14467	9
0.14833	9
0.15200	8
0.15567	7
0.15933	9
0.16300	9
0.16667	7
0.17033	7
0.17400	7
0.17767	7
0.18133	8
0.18500	11
0.18867	11
0.19233	9
0.19600	9
0.19967	7
0.20333	6
0.20700	8
0.21067	11
0.21433	12
0.21800	13
0.22167	12
0.22533	9
0.22900	9
0.23267	9
0.23633	9
0.24000	7
0.24367	8
0.24733	11
0.25100	12
0.25467	12
0.25833	13
0.26200	14
0.26567	16
0.26933	16
0.27300	18
0.27667	19
0.28033	17
0.28400	16
0.28767	15
0.29133	16
0.29500	16
0.29867	16
0.30233	17
0.30600	17
0.30967	17
0.31333	17
0.31700	17
0.32067	17
0.32433	17
0.32800	20
0.33167	22
0.33533	23
0.33900	23
0.34267	21
0.34633	20
0.35000	20
0.35367	20
0.35733	20
0.36100	19
0.36467	20
0.36833	21
0.37200	22
0.37567	22
0.37933	22
0.38300	22
0.38667	22
0.39033	23
0.39400	26
0.39767	27
0.40133	27
0.40500	27
0.40867	29
0.41233	30
0.41600	31
0.41967	32
0.42333	30
0.42700	29
0.43067	27
0.43433	28
0.43800	28
0.44167	30
0.44533	33
0.44900	33
0.45267	34
0.45633	33
0.46000	33
0.46367	33
0.46733	34
0.47100	34
0.47467	34
0.47833	32
0.48200	30
0.48567	29
0.48933	30
0.49300	31
0.49667	31
0.50033	28
0.50400	28
0.50767	27
0.51133	26
0.51500	28
0.51867	29
0.52233	29
0.52600	27
0.52967	26
0.53333	24
0.53700	24
0.54067	24
0.54433	27
0.54800	30
0.55167	31
0.55533	32
0.55900	32
0.56267	32
0.56633	32
0.57000	30
0.57367	30
0.57733	32
0.58100	33
0.58467	34
0.58833	33
0.59200	32
0.59567	34
0.59933	36
0.60300	38
0.60667	38
0.61033	38
0.61400	38
0.61767	37
0.62133	37
0.62500	37
0.62867	36
0.63233	34
0.63600	33
0.63967	33
0.64333	33
0.64700	33
0.65067	33
0.65433	34
0.65800	35
0.66167	35
0.66533	35
0.66900	37
0.67267	38
0.67633	40
0.68000	41
0.68367	42
0.68733	42
0.69100	42
0.69467	40
0.69833	38
0.70200	36
0.70567	37
0.70933	39
0.71300	41
0.71667	40
0.72033	42
0.72400	46
0.72767	49
0.73133	49
0.73500	48
0.73867	47
0.74233	45
0.74600	44
0.74967	42
0.75333	41
0.75700	42
0.76067	41
0.76433	40
0.76800	41
0.77167	43
0.77533	43
0.77900	41
0.78267	41
0.78633	42
0.79000	43
0.79367	45
0.79733	47
0.80100	47
0.80467	46
0.80833	44
0.81200	43
0.81567	44
0.81933	45
0.82300	46
0.82667	46
0.83033	44
0.83400	45
0.83767	45
0.84133	47
0.84500	49
0.84867	49
0.85233	50
0.85600	52
0.85967	54
0.86333	54
0.86700	53
0.87067	53
0.87433	54
0.87800	57
0.88167	56
0.88533	56
0.88900	55
0.89267	53
0.89633	49
0.90000	46
0.90367	44
0.90733	47
0.91100	49
0.91467	50
0.91833	50
0.92200	51
0.92567	51
0.92933	51
0.93300	49
0.93667	48
0.94033	49
0.94400	50
0.94767	51
0.95133	53
0.95500	55
0.95867	53
0.96233	53
0.96600	54
0.96967	54
0.97333	53
0.97700	55
0.98067	57
0.98433	58
0.98800	57
0.99167	59
0.99533	60
0.99900	58
1.00267	54
1.00633	53
1.01000	53
1.01367	52
1.01733	52
1.02100	55
1.02467	57
1.02833	57
1.03200	57
1.03567	55
1.03933	54
1.04300	54
1.04667	54
1.05033	54
1.05400	55
1.05767	57
1.06133	58
1.06500	60
1.06867	62
1.07233	61
1.07600	60
1.07967	60
1.08333	61
1.08700	61
1.09067	61
1.09433	63
1.09800	65
1.10167	67
1.10533	67
1.10900	68
1.11267	67
1.11633	65
1.12000	61
1.12367	60
1.12733	60
1.13100	62
1.13467	62
1.13833	61
1.14200	61
1.14567	61
1.14933	62
1.15300	64
1.15667	66
1.16033	65
1.16400	63
1.16767	64
1.17133	65
1.17500	66
1.17867	65
1.18233	64
1.18600	63
1.18967	62
1.19333	64
1.19700	64
1.20067	62
1.20433	62
1.20800	64
1.21167	66
1.21533	65
1.21900	66
1.22267	67
1.22633	66
1.23000	66
1.23367	66
1.23733	66
1.24100	65
1.24467	64
1.24833	67
1.25200	70
1.25567	70
1.25933	70
1.26300	69
1.26667	67
1.27033	66
1.27400	65
1.27767	66
1.28133	66
1.28500	68
1.28867	69
1.29233	70
1.29600	70
1.29967	70
1.30333	70
1.30700	71
1.31067	75
1.31433	77
1.31800	79
1.32167	78
1.32533	77
1.32900	77
1.33267	75
1.33633	74
1.34000	74
1.34367	76
1.34733	77
1.35100	78
1.35467	78
1.35833	76
1.36200	75
1.36567	73
1.36933	70
1.37300	72
1.37667	76
1.38033	77
1.38400	76
1.38767	75
1.39133	73
1.39500	73
1.39867	73
1.40233	74
1.40600	73
1.40967	73
1.41333	75
1.41700	77
1.42067	77
1.42433	77
1.42800	76
1.43167	76
1.43533	76
1.43900	75
1.44267	77
1.44633	77
1.45000	79
1.45367	79
1.45733	80
1.46100	83
1.46467	84
1.46833	84
1.47200	84
1.47567	84
1.47933	82
1.48300	81
1.48667	80
1.49033	79
1.49400	76
1.49767	75
1.50133	74
1.50500	76
1.50867	78
1.51233	80
1.51600	80
1.51967	82
1.52333	82
1.52700	80
1.53067	82
1.53433	84
1.53800	84
1.54167	83
1.54533	80
1.54900	77
1.55267	74
1.55633	73
1.56000	73
1.56367	73
1.56733	73
1.57100	76
1.57467	80
1.57833	81
1.58200	81
1.58567	82
1.58933	82
1.59300	83
1.59667	83
1.60033	83
1.60400	84
1.60767	84
1.61133	83
1.61500	85
1.61867	87
1.62233	87
1.62600	87
1.62967	87
1.63333	88
1.63700	88
1.64067	87
1.64433	86
1.64800	84
1.65167	84
1.65533	85
1.65900	86
1.66267	87
1.66633	88
1.67000	88
1.67367	90
1.67733	92
1.68100	94
1.68467	95
1.68833	96
1.69200	97
1.69567	98
1.69933	99
1.70300	101
1.70667	104
1.71033	105
1.71400	103
1.71767	102
1.72133	101
1.72500	102
1.72867	103
1.73233	106
1.73600	107
1.73967	104
1.74333	102
1.74700	100
1.75067	99
1.75433	101
1.75800	104
1.76167	107
1.76533	109
1.76900	110
1.77267	111
1.77633	112
1.78000	116
1.78367	117
1.78733	118
1.79100	120
1.79467	119
1.79833	118
1.80200	118
1.80567	118
1.80933	118
1.81300	117
1.81667	118
1.82033	118
1.82400	118
1.82767	120
1.83133	121
1.83500	124
1.83867	125
1.84233	124
1.84600	125
1.84967	126
1.85333	127
1.85700	128
1.86067	128
1.86433	127
1.86800	127
1.87167	125
1.87533	122
1.87900	123
1.88267	124
1.88633	125
1.89000	129
1.89367	130
1.89733	129
1.90100	127
1.90467	128
1.90833	130
1.91200	129
1.91567	128
1.91933	127
1.92300	127
1.92667	127
1.93033	129
1.93400	132
1.93767	132
1.94133	132
1.94500	133
1.94867	135
1.95233	137
1.95600	139
1.95967	139
1.96333	140
1.96700	140
1.97067	140
1.97433	141
1.97800	143
1.98167	145
1.98533	145
1.98900	147
1.99267	148
1.99633	151
2.00000	153
2.00367	153
2.00733	154
2.01100	156
2.01467	158
2.01833	160
2.02200	162
2.02567	162
2.02933	161
2.03300	162
2.03667	162
2.04033	164
2.04400	165
2.04767	166
2.05133	168
2.05500	171
2.05867	173
2.06233	175
2.06600	177
2.06967	179
2.07333	182
2.07700	183
2.08067	184
2.08433	185
2.08800	186
2.09167	187
2.09533	188
2.09900	191
2.10267	194
2.10633	195
2.11000	195
2.11367	197
2.11733	197
2.12100	198
2.12467	199
2.12833	201
2.13200	201
2.13567	202
2.13933	202
2.14300	204
2.14667	207
2.15033	208
2.15400	207
2.15767	207
2.16133	209
2.16500	210
2.16867	212
2.17233	215
2.17600	217
2.17967	218
2.18333	217
2.18700	216
2.19067	217
2.19433	220
2.19800	223
2.20167	224
2.20533	224
2.20900	225
2.21267	228
2.21633	232
2.22000	232
2.22367	232
2.22733	232
2.23100	233
2.23467	235
2.23833	236
2.24200	236
2.24567	237
2.24933	237
2.25300	237
2.25667	239
2.26033	240
2.26400	243
2.26767	244
2.27133	247
2.27500	250
2.27867	249
2.28233	248
2.28600	248
2.28967	250
2.29333	250
2.29700	251
2.30067	252
2.30433	253
2.30800	253
2.31167	255
2.31533	253
2.31900	252
2.32267	253
2.32633	254
2.33000	256
2.33367	257
2.33733	258
2.34100	259
2.34467	260
2.34833	262
2.35200	262
2.35567	262
2.35933	260
2.36300	262
2.36667	263
2.37033	265
2.37400	267
2.37767	269
2.38133	268
2.38500	267
2.38867	267
2.39233	266
2.39600	265
2.39967	264
2.40333	264
2.40700	264
2.41067	266
2.41433	269
2.41800	270
2.42167	273
2.42533	275
2.42900	279
2.43267	279
2.43633	278
2.44000	277
2.44367	279
2.44733	282
2.45100	283
2.45467	277
2.45833	267
2.46200	256
2.46567	245
2.46933	236
2.47300	231
2.47667	227
2.48033	222
2.48400	217
2.48767	211
2.49133	205
2.49500	200
2.49867	195
2.50233	188
2.50600	180
2.50967	173
2.51333	170
2.51700	168
2.52067	164
2.52433	161
2.52800	157
2.53167	153
2.53533	150
2.53900	147
2.54267	143
2.54633	140
2.55000	137
2.55367	132
2.55733	128
2.56100	126
2.56467	123
2.56833	119
2.57200	114
2.57567	113
2.57933	112
2.58300	110
2.58667	107
2.59033	103
2.59400	99
2.59767	94
2.60133	87
2.60500	82
2.60867	76
2.61233	63
2.61600	43
2.61967	13
2.62333	-24
2.62700	-65
2.63067	-105
2.63433	-143
2.63800	-177
2.64167	-206
2.64533	-229
2.64900	-246
2.65267	-257
2.65633	-262
2.66000	-263
2.66367	-260
2.66733	-255
2.67100	-248
2.67467	-240
2.67833	-233
2.68200	-232
2.68567	-243
2.68933	-250
2.69300	-236
2.69667	-203
2.70033	-153
2.70400	-87
2.70767	-13
2.71133	66
2.71500	146
2.71867	223
2.72233	294
2.72600	355
2.72967	413
2.73333	464
2.73700	512
2.74067	558
2.74433	603
2.74800	644
2.75167	678
2.75533	709
2.75900	738
2.76267	766
2.76633	790
2.77000	808
2.77367	827
2.77733	842
2.78100	856
2.78467	867
2.78833	875
2.79200	883
2.79567	892
2.79933	899
2.80300	903
2.80667	904
2.81033	903
2.81400	901
2.81767	898
2.82133	896
2.82500	893
2.82867	891
2.83233	891
2.83600	896
2.83967	913
2.84333	955
2.84700	1040
2.85067	1190
2.85433	1426
2.85800	1758
2.86167	2184
2.86533	2680
2.86900	3204
2.87267	3707
2.87633	4147
2.88000	4484
2.88367	4692
2.88733	4768
2.89100	4727
2.89467	4589
2.89833	4377
2.90200	4117
2.90567	3830
2.90933	3536
2.91300	3247
2.91667	2972
2.92033	2715
2.92400	2481
2.92767	2269
2.93133	2079
2.93500	1912
2.93867	1764
2.94233	1633
2.94600	1519
2.94967	1419
2.95333	1333
2.95700	1257
2.96067	1192
2.96433	1135
2.96800	1085
2.97167	1041
2.97533	1004
2.97900	972
2.98267	946
2.98633	922
2.99000	898
2.99367	878
2.99733	861
3.00100	846
3.00467	831
3.00833	821
3.01200	814
3.01567	809
3.01933	804
3.02300	796
3.02667	788
3.03033	781
3.03400	775
3.03767	769
3.04133	764
3.04500	758
3.04867	754
3.05233	753
3.05600	752
3.05967	749
3.06333	745
3.06700	742
3.07067	739
3.07433	736
3.07800	733
3.08167	730
3.08533	727
3.08900	723
3.09267	721
3.09633	718
3.10000	715
3.10367	712
3.10733	710
3.11100	707
3.11467	701
3.11833	697
3.12200	697
3.12567	696
3.12933	692
3.13300	688
3.13667	686
3.14033	681
3.14400	676
3.14767	673
3.15133	671
3.15500	670
3.15867	669
3.16233	667
3.16600	667
3.16967	666
3.17333	664
3.17700	661
3.18067	659
3.18433	658
3.18800	655
3.19167	653
3.19533	653
3.19900	651
3.20267	649
3.20633	644
3.21000	640
3.21367	638
3.21733	637
3.22100	635
3.22467	633
3.22833	630
3.23200	630
3.23567	629
3.23933	627
3.24300	625
3.24667	622
3.25033	617
3.25400	614
3.25767	612
3.26133	610
3.26500	606
3.26867	603
3.27233	601
3.27600	600
3.27967	600
3.28333	598
3.28700	595
3.29067	591
3.29433	589
3.29800	585
3.30167	581
3.30533	576
3.30900	572
3.31267	571
3.31633	571
3.32000	570
3.32367	567
3.32733	562
3.33100	559
3.33467	558
3.33833	558
3.34200	555
3.34567	553
3.34933	550
3.35300	546
3.35667	539
3.36033	534
3.36400	532
3.36767	530
3.37133	529
3.37500	528
3.37867	524
3.38233	521
3.38600	521
3.38967	520
3.39333	518
3.39700	517
3.40067	513
3.40433	507
3.40800	502
3.41167	498
3.41533	495
3.41900	494
3.42267	493
3.42633	490
3.43000	489
3.43367	488
3.43733	484
3.44100	483
3.44467	479
3.44833	474
3.45200	476
3.45567	476
3.45933	473
3.46300	472
3.46667	469
3.47033	466
3.47400	466
3.47767	466
3.48133	465
3.48500	464
3.48867	462
3.49233	460
3.49600	459
3.49967	455
3.50333	452
3.50700	450
3.51067	449
3.51433	447
3.51800	443
3.52167	439
3.52533	438
3.52900	438
3.53267	438
3.53633	438
3.54000	434
3.54367	431
3.54733	426
3.55100	424
3.55467	424
3.55833	423
3.56200	421
3.56567	419
3.56933	418
3.57300	418
3.57667	416
3.58033	413
3.58400	412
3.58767	410
3.59133	410
3.59500	409
3.59867	406
3.60233	403
3.60600	401
3.60967	400
3.61333	398
3.61700	396
3.62067	392
3.62433	391
3.62800	390
3.63167	389
3.63533	387
3.63900	384
3.64267	381
3.64633	377
3.65000	378
3.65367	377
3.65733	374
3.66100	375
3.66467	374
3.66833	372
3.67200	372
3.67567	370
3.67933	368
3.68300	368
3.68667	369
3.69033	368
3.69400	368
3.69767	366
3.70133	363
3.70500	360
3.70867	358
3.71233	357
3.71600	356
3.71967	357
3.72333	357
3.72700	357
3.73067	354
3.73433	351
3.73800	350
3.74167	349
3.74533	347
3.74900	346
3.75267	345
3.75633	344
3.76000	345
3.76367	346
3.76733	345
3.77100	342
3.77467	338
3.77833	337
3.78200	335
3.78567	333
3.78933	331
3.79300	332
3.79667	332
3.80033	328
3.80400	326
3.80767	326
3.81133	325
3.81500	323
3.81867	321
3.82233	318
3.82600	313
3.82967	313
3.83333	314
3.83700	316
3.84067	317
3.84433	318
3.84800	317
3.85167	315
3.85533	315
3.85900	317
3.86267	315
3.86633	313
3.87000	311
3.87367	310
3.87733	310
3.88100	312
3.88467	313
3.88833	313
3.89200	311
3.89567	310
3.89933	307
3.90300	304
3.90667	303
3.91033	304
3.91400	303
3.91767	300
3.92133	298
3.92500	298
3.92867	297
3.93233	294
3.93600	293
3.93967	292
3.94333	293
3.94700	294
3.95067	294
3.95433	294
3.95800	293
3.96167	291
3.96533	290
3.96900	289
3.97267	289
3.97633	287
3.98000	284
3.98367	281
3.98733	281
3.99100	281
3.99467	280
3.99833	281

[Status Trace (Column Oven Temperature)]
Interval(msec)	1000
# of Points	240
Start Time(min)	0.004
End Time(min)	3.987
Intensity Units	
Intensity Multiplier	1
R.Time (min)	Intensity
0.00375	35.04
0.02042	35.04
0.03708	35.04
0.05375	35.03
0.07042	35.03
0.08708	35.02
0.10375	35.02
0.12042	35.01
0.13708	35.02
0.15375	35.00
0.17042	34.99
0.18708	34.99
0.20375	34.99
0.22042	34.98
0.23708	34.98
0.25375	34.97
0.27042	34.96
0.28708	34.96
0.30375	34.98
0.32042	34.99
0.33708	35.00
0.35375	35.01
0.37042	35.01
0.38708	34.99
0.40375	34.99
0.42042	35.00
0.43708	35.00
0.45375	35.01
0.47042	35.01
0.48708	35.00
0.50375	34.98
0.52042	34.98
0.53708	34.97
0.55375	34.96
0.57042	34.96
0.58708	34.97
0.60375	34.97
0.62042	34.97
0.63708	34.97
0.65375	34.97
0.67042	34.98
0.68708	34.99
0.70375	34.98
0.72042	34.99
0.73708	34.99
0.75375	35.00
0.77042	34.99
0.78708	34.98
0.80375	34.99
0.82042	34.98
0.83708	34.98
0.85375	34.98
0.87042	34.99
0.88708	35.00
0.90375	35.00
0.92042	35.00
0.93708	35.00
0.95375	34.99
0.97042	35.00
0.98708	35.00
1.00375	35.00
1.02042	34.99
1.03708	34.98
1.05375	34.98
1.07042	34.98
1.08708	34.98
1.10375	34.99
1.12042	34.99
1.13708	34.99
1.15375	34.98
1.17042	34.97
1.18708	34.98
1.20375	34.98
1.22042	34.98
1.23708	34.98
1.25375	34.99
1.27042	34.99
1.28708	34.99
1.30375	34.98
1.32042	34.98
1.33708	34.98
1.35375	34.98
1.37042	34.98
1.38708	34.98
1.40375	34.99
1.42042	34.99
1.43708	35.00
1.45375	35.00
1.47042	35.01
1.48708	35.00
1.50375	35.00
1.52042	34.99
1.53708	34.99
1.55375	34.98
1.57042	34.98
1.58708	34.99
1.60375	35.04
1.62042	35.15
1.63708	35.32
1.65375	35.56
1.67042	35.89
1.68708	36.26
1.70375	36.61
1.72042	36.96
1.73708	37.27
1.75375	37.59
1.77042	37.95
1.78708	38.28
1.80375	38.58
1.82042	38.90
1.83708	39.24
1.85375	39.57
1.87042	39.92
1.88708	40.23
1.90375	40.56
1.92042	40.90
1.93708	41.23
1.95375	41.55
1.97042	41.87
1.98708	42.19
2.00375	42.51
2.02042	42.84
2.03708	43.16
2.05375	43.52
2.07042	43.84
2.08708	44.18
2.10375	44.49
2.12042	44.81
2.13708	45.14
2.15375	45.47
2.17042	45.79
2.18708	46.13
2.20375	46.45
2.22042	46.76
2.23708	47.11
2.25375	47.43
2.27042	47.76
2.28708	48.07
2.30375	48.43
2.32042	48.78
2.33708	49.10
2.35375	49.38
2.37042	49.60
2.38708	49.70
2.40375	49.71
2.42042	49.70
2.43708	49.71
2.45375	49.71
2.47042	49.73
2.48708	49.74
2.50375	49.75
2.52042	49.77
2.53708	49.77
2.55375	49.80
2.57042	49.81
2.58708	49.81
2.60375	49.83
2.62042	49.82
2.63708	49.84
2.65375	49.85
2.67042	49.86
2.68708	49.85
2.70375	49.84
2.72042	49.87
2.73708	49.88
2.75375	49.88
2.77042	49.87
2.78708	49.87
2.80375	49.89
2.82042	49.89
2.83708	49.90
2.85375	49.92
2.87042	49.93
2.88708	49.95
2.90375	49.96
2.92042	49.97
2.93708	49.98
2.95375	49.99
2.97042	50.00
2.98708	50.01
3.00375	50.01
3.02042	50.01
3.03708	50.02
3.05375	50.04
3.07042	50.04
3.08708	50.05
3.10375	50.06
3.12042	50.07
3.13708	50.08
3.15375	50.10
3.17042	50.11
3.18708	50.11
3.20375	50.10
3.22042	50.09
3.23708	50.07
3.25375	50.05
3.27042	50.04
3.28708	50.03
3.30375	50.02
3.32042	50.02
3.33708	50.02
3.35375	50.02
3.37042	50.03
3.38708	50.03
3.40375	50.04
3.42042	50.04
3.43708	50.05
3.45375	50.06
3.47042	50.06
3.48708	50.07
3.50375	50.07
3.52042	50.06
3.53708	50.07
3.55375	50.08
3.57042	50.08
3.58708	50.07
3.60375	50.07
3.62042	50.06
3.63708	50.07
3.65375	50.06
3.67042	50.06
3.68708	50.06
3.70375	50.06
3.72042	50.07
3.73708	50.07
3.75375	50.07
3.77042	50.06
3.78708	50.07
3.80375	50.07
3.82042	50.07
3.83708	50.07
3.85375	50.08
3.87042	50.08
3.88708	50.08
3.90375	50.08
3.92042	50.08
3.93708	50.07
3.95375	50.07
3.97042	50.07
3.98708	50.07

[Status Trace (Injection Unit Temperature)]
Interval(msec)	1000
# of Points	240
Start Time(min)	0.004
End Time(min)	3.987
Intensity Units	
Intensity Multiplier	1
R.Time (min)	Intensity
0.00375	99.98
0.02042	99.98
0.03708	99.99
0.05375	99.98
0.07042	99.98
0.08708	99.98
0.10375	99.98
0.12042	99.98
0.13708	99.98
0.15375	99.99
0.17042	99.98
0.18708	99.98
0.20375	99.99
0.22042	99.98
0.23708	99.99
0.25375	99.98
0.27042	99.99
0.28708	99.99
0.30375	99.98
0.32042	99.98
0.33708	99.99
0.35375	99.99
0.37042	99.99
0.38708	99.98
0.40375	99.98
0.42042	99.99
0.43708	99.99
0.45375	99.98
0.47042	99.98
0.48708	99.98
0.50375	99.98
0.52042	99.98
0.53708	99.98
0.55375	99.98
0.57042	99.98
0.58708	99.98
0.60375	99.98
0.62042	99.98
0.63708	99.98
0.65375	99.99
0.67042	99.98
0.68708	99.98
0.70375	99.99
0.72042	99.98
0.73708	99.99
0.75375	99.98
0.77042	99.98
0.78708	99.98
0.80375	99.99
0.82042	99.98
0.83708	99.98
0.85375	99.98
0.87042	99.98
0.88708	99.99
0.90375	99.99
0.92042	99.99
0.93708	99.98
0.95375	99.98
0.97042	99.98
0.98708	99.98
1.00375	99.99
1.02042	99.99
1.03708	99.99
1.05375	99.99
1.07042	99.98
1.08708	99.98
1.10375	99.99
1.12042	99.98
1.13708	99.98
1.15375	99.99
1.17042	99.99
1.18708	99.99
1.20375	99.99
1.22042	99.99
1.23708	99.99
1.25375	99.99
1.27042	99.99
1.28708	99.99
1.30375	99.99
1.32042	99.99
1.33708	99.98
1.35375	99.99
1.37042	99.99
1.38708	99.99
1.40375	99.99
1.42042	99.99
1.43708	99.99
1.45375	99.99
1.47042	99.99
1.48708	99.99
1.50375	99.98
1.52042	99.99
1.53708	99.99
1.55375	99.99
1.57042	99.99
1.58708	99.99
1.60375	99.99
1.62042	99.99
1.63708	99.99
1.65375	99.99
1.67042	99.99
1.68708	99.99
1.70375	99.99
1.72042	99.99
1.73708	99.98
1.75375	99.99
1.77042	99.99
1.78708	99.99
1.80375	99.99
1.82042	99.99
1.83708	99.99
1.85375	99.99
1.87042	99.99
1.88708	99.99
1.90375	99.98
1.92042	99.99
1.93708	99.98
1.95375	99.99
1.97042	99.99
1.98708	99.98
2.00375	99.98
2.02042	99.98
2.03708	99.98
2.05375	99.98
2.07042	99.98
2.08708	99.98
2.10375	99.97
2.12042	99.98
2.13708	99.98
2.15375	99.97
2.17042	99.98
2.18708	99.98
2.20375	99.98
2.22042	99.98
2.23708	99.97
2.25375	99.97
2.27042	99.97
2.28708	99.97
2.30375	99.97
2.32042	99.97
2.33708	99.97
2.35375	99.97
2.37042	99.97
2.38708	99.97
2.40375	99.97
2.42042	99.97
2.43708	99.97
2.45375	99.98
2.47042	99.97
2.48708	99.97
2.50375	99.97
2.52042	99.97
2.53708	99.98
2.55375	99.98
2.57042	99.98
2.58708	99.98
2.60375	99.97
2.62042	99.98
2.63708	99.98
2.65375	99.98
2.67042	99.98
2.68708	99.98
2.70375	99.99
2.72042	99.98
2.73708	99.98
2.75375	99.98
2.77042	99.98
2.78708	99.99
2.80375	99.99
2.82042	99.98
2.83708	99.99
2.85375	99.99
2.87042	99.99
2.88708	100.00
2.90375	99.99
2.92042	100.00
2.93708	100.00
2.95375	100.00
2.97042	100.00
2.98708	100.00
3.00375	100.00
3.02042	100.00
3.03708	100.00
3.05375	100.00
3.07042	100.00
3.08708	100.00
3.10375	100.01
3.12042	100.01
3.13708	100.01
3.15375	100.01
3.17042	100.01
3.18708	100.01
3.20375	100.01
3.22042	100.01
3.23708	100.01
3.25375	100.01
3.27042	100.02
3.28708	100.02
3.30375	100.01
3.32042	100.02
3.33708	100.02
3.35375	100.02
3.37042	100.02
3.38708	100.02
3.40375	100.02
3.42042	100.02
3.43708	100.02
3.45375	100.03
3.47042	100.02
3.48708	100.03
3.50375	100.03
3.52042	100.03
3.53708	100.03
3.55375	100.03
3.57042	100.03
3.58708	100.03
3.60375	100.03
3.62042	100.04
3.63708	100.04
3.65375	100.03
3.67042	100.04
3.68708	100.04
3.70375	100.04
3.72042	100.04
3.73708	100.04
3.75375	100.04
3.77042	100.04
3.78708	100.04
3.80375	100.04
3.82042	100.04
3.83708	100.04
3.85375	100.04
3.87042	100.04
3.88708	100.04
3.90375	100.04
3.92042	100.04
3.93708	100.04
3.95375	100.04
3.97042	100.04
3.98708	100.04

[Status Trace (Carrier Gas Pressure)]
Interval(msec)	1000
# of Points	240
Start Time(min)	0.004
End Time(min)	3.987
Intensity Units	
Intensity Multiplier	1
R.Time (min)	Intensity
0.00375	58.00
0.02042	56.01
0.03708	56.41
0.05375	58.67
0.07042	59.83
0.08708	58.28
0.10375	57.97
0.12042	58.01
0.13708	58.01
0.15375	58.01
0.17042	58.00
0.18708	58.00
0.20375	58.00
0.22042	58.00
0.23708	58.00
0.25375	58.00
0.27042	58.00
0.28708	58.00
0.30375	58.00
0.32042	58.00
0.33708	58.00
0.35375	58.00
0.37042	58.00
0.38708	58.00
0.40375	58.00
0.42042	58.00
0.43708	58.00
0.45375	58.00
0.47042	58.00
0.48708	58.00
0.50375	58.00
0.52042	58.00
0.53708	58.00
0.55375	58.00
0.57042	58.00
0.58708	58.00
0.60375	58.00
0.62042	58.00
0.63708	58.00
0.65375	58.00
0.67042	58.00
0.68708	58.00
0.70375	58.00
0.72042	58.00
0.73708	58.00
0.75375	58.00
0.77042	58.00
0.78708	58.00
0.80375	58.00
0.82042	58.00
0.83708	58.00
0.85375	58.00
0.87042	58.00
0.88708	58.00
0.90375	58.00
0.92042	58.00
0.93708	58.00
0.95375	58.00
0.97042	58.00
0.98708	58.00
1.00375	58.00
1.02042	58.00
1.03708	58.00
1.05375	58.00
1.07042	58.00
1.08708	58.00
1.10375	58.00
1.12042	58.00
1.13708	58.00
1.15375	58.00
1.17042	58.00
1.18708	58.00
1.20375	58.00
1.22042	58.00
1.23708	58.00
1.25375	58.00
1.27042	58.00
1.28708	58.00
1.30375	58.00
1.32042	58.00
1.33708	58.00
1.35375	58.00
1.37042	58.00
1.38708	58.00
1.40375	58.00
1.42042	58.00
1.43708	58.00
1.45375	58.00
1.47042	58.00
1.48708	58.00
1.50375	58.00
1.52042	58.00
1.53708	58.00
1.55375	58.00
1.57042	58.00
1.58708	58.00
1.60375	58.00
1.62042	58.00
1.63708	58.00
1.65375	58.00
1.67042	58.01
1.68708	58.01
1.70375	58.00
1.72042	58.00
1.73708	58.00
1.75375	58.00
1.77042	58.00
1.78708	58.00
1.80375	58.00
1.82042	58.00
1.83708	58.00
1.85375	58.00
1.87042	58.00
1.88708	58.00
1.90375	58.00
1.92042	58.00
1.93708	58.00
1.95375	58.00
1.97042	58.00
1.98708	58.00
2.00375	58.00
2.02042	58.00
2.03708	58.00
2.05375	58.00
2.07042	58.00
2.08708	58.00
2.10375	58.00
2.12042	58.00
2.13708	58.00
2.15375	58.00
2.17042	58.00
2.18708	58.00
2.20375	58.00
2.22042	58.00
2.23708	58.00
2.25375	58.00
2.27042	58.00
2.28708	58.00
2.30375	58.00
2.32042	58.00
2.33708	58.00
2.35375	58.00
2.37042	58.00
2.38708	57.99
2.40375	57.99
2.42042	58.00
2.43708	58.00
2.45375	58.00
2.47042	58.00
2.48708	58.00
2.50375	57.97
2.52042	58.00
2.53708	57.99
2.55375	58.00
2.57042	58.00
2.58708	58.00
2.60375	58.00
2.62042	58.00
2.63708	58.00
2.65375	58.00
2.67042	58.00
2.68708	58.00
2.70375	58.00
2.72042	58.00
2.73708	58.00
2.75375	58.00
2.77042	58.00
2.78708	58.00
2.80375	58.00
2.82042	58.00
2.83708	58.00
2.85375	58.00
2.87042	58.00
2.88708	58.00
2.90375	58.00
2.92042	58.00
2.93708	58.00
2.95375	58.00
2.97042	58.00
2.98708	58.00
3.00375	58.00
3.02042	58.00
3.03708	58.00
3.05375	58.00
3.07042	58.00
3.08708	58.00
3.10375	58.00
3.12042	58.00
3.13708	58.00
3.15375	58.00
3.17042	58.00
3.18708	58.00
3.20375	58.00
3.22042	58.00
3.23708	58.00
3.25375	58.00
3.27042	58.00
3.28708	58.00
3.30375	58.00
3.32042	58.00
3.33708	58.00
3.35375	58.00
3.37042	58.00
3.38708	58.00
3.40375	58.00
3.42042	58.00
3.43708	58.00
3.45375	58.00
3.47042	58.00
3.48708	58.00
3.50375	58.00
3.52042	58.00
3.53708	58.00
3.55375	58.00
3.57042	58.00
3.58708	58.00
3.60375	58.00
3.62042	58.00
3.63708	58.00
3.65375	58.00
3.67042	58.00
3.68708	58.00
3.70375	58.00
3.72042	58.00
3.73708	58.00
3.75375	58.00
3.77042	58.00
3.78708	58.00
3.80375	58.00
3.82042	58.00
3.83708	58.00
3.85375	58.00
3.87042	58.00
3.88708	58.00
3.90375	58.00
3.92042	58.00
3.93708	58.00
3.95375	58.00
3.97042	58.00
3.98708	58.00

[Status Trace (Carrier Gas Flow)]
Interval(msec)	1000
# of Points	240
Start Time(min)	0.004
End Time(min)	3.987
Intensity Units	
Intensity Multiplier	1
R.Time (min)	Intensity
0.00375	34.52
0.02042	34.59
0.03708	34.54
0.05375	34.54
0.07042	34.49
0.08708	34.50
0.10375	34.52
0.12042	34.53
0.13708	34.52
0.15375	34.52
0.17042	34.52
0.18708	34.52
0.20375	34.51
0.22042	34.52
0.23708	34.53
0.25375	34.52
0.27042	34.52
0.28708	34.52
0.30375	34.50
0.32042	34.52
0.33708	34.52
0.35375	34.52
0.37042	34.52
0.38708	34.51
0.40375	34.52
0.42042	34.52
0.43708	34.52
0.45375	34.52
0.47042	34.52
0.48708	34.52
0.50375	34.52
0.52042	34.52
0.53708	34.52
0.55375	34.52
0.57042	34.52
0.58708	34.52
0.60375	34.52
0.62042	34.52
0.63708	34.52
0.65375	34.52
0.67042	34.52
0.68708	34.52
0.70375	34.52
0.72042	34.52
0.73708	34.52
0.75375	34.52
0.77042	34.52
0.78708	34.52
0.80375	34.52
0.82042	34.52
0.83708	34.52
0.85375	34.52
0.87042	34.52
0.88708	34.52
0.90375	34.52
0.92042	34.52
0.93708	34.52
0.95375	34.52
0.97042	34.52
0.98708	34.52
1.00375	34.52
1.02042	34.52
1.03708	34.52
1.05375	34.52
1.07042	34.52
1.08708	34.52
1.10375	34.52
1.12042	34.52
1.13708	34.52
1.15375	34.52
1.17042	34.52
1.18708	34.52
1.20375	34.52
1.22042	34.52
1.23708	34.52
1.25375	34.52
1.27042	34.52
1.28708	34.52
1.30375	34.52
1.32042	34.52
1.33708	34.52
1.35375	34.52
1.37042	34.52
1.38708	34.52
1.40375	34.52
1.42042	34.52
1.43708	34.52
1.45375	34.52
1.47042	34.52
1.48708	34.52
1.50375	34.52
1.52042	34.52
1.53708	34.52
1.55375	34.52
1.57042	34.52
1.58708	34.52
1.60375	34.52
1.62042	34.52
1.63708	34.52
1.65375	34.52
1.67042	34.52
1.68708	34.52
1.70375	34.52
1.72042	34.52
1.73708	34.52
1.75375	34.52
1.77042	34.52
1.78708	34.52
1.80375	34.52
1.82042	34.52
1.83708	34.52
1.85375	34.52
1.87042	34.52
1.88708	34.52
1.90375	34.52
1.92042	34.52
1.93708	34.52
1.95375	34.52
1.97042	34.52
1.98708	34.52
2.00375	34.52
2.02042	34.52
2.03708	34.52
2.05375	34.52
2.07042	34.52
2.08708	34.52
2.10375	34.52
2.12042	34.52
2.13708	34.52
2.15375	34.52
2.17042	34.52
2.18708	34.52
2.20375	34.52
2.22042	34.52
2.23708	34.52
2.25375	34.52
2.27042	34.54
2.28708	34.52
2.30375	34.52
2.32042	34.52
2.33708	34.52
2.35375	34.52
2.37042	34.52
2.38708	34.53
2.40375	34.52
2.42042	34.52
2.43708	34.52
2.45375	34.52
2.47042	34.52
2.48708	34.52
2.50375	34.67
2.52042	34.52
2.53708	34.52
2.55375	34.51
2.57042	34.52
2.58708	34.52
2.60375	34.52
2.62042	34.52
2.63708	34.52
2.65375	34.52
2.67042	34.52
2.68708	34.52
2.70375	34.52
2.72042	34.51
2.73708	34.52
2.75375	34.52
2.77042	34.52
2.78708	34.52
2.80375	34.52
2.82042	34.52
2.83708	34.51
2.85375	34.52
2.87042	34.52
2.88708	34.52
2.90375	34.52
2.92042	34.52
2.93708	34.52
2.95375	34.52
2.97042	34.52
2.98708	34.52
3.00375	34.52
3.02042	34.52
3.03708	34.52
3.05375	34.52
3.07042	34.52
3.08708	34.52
3.10375	34.52
3.12042	34.52
3.13708	34.52
3.15375	34.52
3.17042	34.52
3.18708	34.52
3.20375	34.52
3.22042	34.52
3.23708	34.52
3.25375	34.52
3.27042	34.52
3.28708	34.52
3.30375	34.52
3.32042	34.52
3.33708	34.52
3.35375	34.52
3.37042	34.52
3.38708	34.52
3.40375	34.52
3.42042	34.52
3.43708	34.52
3.45375	34.52
3.47042	34.52
3.48708	34.52
3.50375	34.51
3.52042	34.52
3.53708	34.53
3.55375	34.53
3.57042	34.52
3.58708	34.52
3.60375	34.51
3.62042	34.51
3.63708	34.51
3.65375	34.51
3.67042	34.52
3.68708	34.52
3.70375	34.52
3.72042	34.51
3.73708	34.52
3.75375	34.52
3.77042	34.52
3.78708	34.52
3.80375	34.52
3.82042	34.52
3.83708	34.52
3.85375	34.51
3.87042	34.52
3.88708	34.52
3.90375	34.52
3.92042	34.52
3.93708	34.52
3.95375	34.52
3.97042	34.52
3.98708	34.52

[Status Trace (Column Flow)]
Interval(msec)	1000
# of Points	240
Start Time(min)	0.004
End Time(min)	3.987
Intensity Units	
Intensity Multiplier	1
R.Time (min)	Intensity
0.00375	5.52
0.02042	5.29
0.03708	5.33
0.05375	5.60
0.07042	5.73
0.08708	5.55
0.10375	5.52
0.12042	5.52
0.13708	5.52
0.15375	5.52
0.17042	5.52
0.18708	5.52
0.20375	5.52
0.22042	5.52
0.23708	5.52
0.25375	5.52
0.27042	5.52
0.28708	5.52
0.30375	5.52
0.32042	5.52
0.33708	5.52
0.35375	5.52
0.37042	5.52
0.38708	5.52
0.40375	5.52
0.42042	5.52
0.43708	5.52
0.45375	5.52
0.47042	5.52
0.48708	5.52
0.50375	5.52
0.52042	5.52
0.53708	5.52
0.55375	5.52
0.57042	5.52
0.58708	5.52
0.60375	5.52
0.62042	5.52
0.63708	5.52
0.65375	5.52
0.67042	5.52
0.68708	5.52
0.70375	5.52
0.72042	5.52
0.73708	5.52
0.75375	5.52
0.77042	5.52
0.78708	5.52
0.80375	5.52
0.82042	5.52
0.83708	5.52
0.85375	5.52
0.87042	5.52
0.88708	5.52
0.90375	5.52
0.92042	5.52
0.93708	5.52
0.95375	5.52
0.97042	5.52
0.98708	5.52
1.00375	5.52
1.02042	5.52
1.03708	5.52
1.05375	5.52
1.07042	5.52
1.08708	5.52
1.10375	5.52
1.12042	5.52
1.13708	5.52
1.15375	5.52
1.17042	5.52
1.18708	5.52
1.20375	5.52
1.22042	5.52
1.23708	5.52
1.25375	5.52
1.27042	5.52
1.28708	5.52
1.30375	5.52
1.32042	5.52
1.33708	5.52
1.35375	5.52
1.37042	5.52
1.38708	5.52
1.40375	5.52
1.42042	5.52
1.43708	5.52
1.45375	5.52
1.47042	5.52
1.48708	5.52
1.50375	5.52
1.52042	5.52
1.53708	5.52
1.55375	5.52
1.57042	5.52
1.58708	5.52
1.60375	5.52
1.62042	5.52
1.63708	5.51
1.65375	5.50
1.67042	5.49
1.68708	5.48
1.70375	5.47
1.72042	5.46
1.73708	5.45
1.75375	5.44
1.77042	5.43
1.78708	5.42
1.80375	5.41
1.82042	5.40
1.83708	5.39
1.85375	5.38
1.87042	5.37
1.88708	5.36
1.90375	5.35
1.92042	5.34
1.93708	5.33
1.95375	5.32
1.97042	5.31
1.98708	5.30
2.00375	5.29
2.02042	5.28
2.03708	5.27
2.05375	5.26
2.07042	5.25
2.08708	5.24
2.10375	5.23
2.12042	5.22
2.13708	5.22
2.15375	5.21
2.17042	5.20
2.18708	5.19
2.20375	5.18
2.22042	5.17
2.23708	5.16
2.25375	5.15
2.27042	5.14
2.28708	5.13
2.30375	5.12
2.32042	5.11
2.33708	5.10
2.35375	5.09
2.37042	5.09
2.38708	5.08
2.40375	5.08
2.42042	5.08
2.43708	5.08
2.45375	5.08
2.47042	5.08
2.48708	5.08
2.50375	5.08
2.52042	5.08
2.53708	5.08
2.55375	5.08
2.57042	5.08
2.58708	5.08
2.60375	5.08
2.62042	5.08
2.63708	5.08
2.65375	5.08
2.67042	5.08
2.68708	5.08
2.70375	5.08
2.72042	5.08
2.73708	5.08
2.75375	5.08
2.77042	5.08
2.78708	5.08
2.80375	5.08
2.82042	5.08
2.83708	5.08
2.85375	5.08
2.87042	5.08
2.88708	5.08
2.90375	5.08
2.92042	5.08
2.93708	5.08
2.95375	5.08
2.97042	5.08
2.98708	5.08
3.00375	5.08
3.02042	5.08
3.03708	5.08
3.05375	5.08
3.07042	5.08
3.08708	5.08
3.10375	5.08
3.12042	5.07
3.13708	5.07
3.15375	5.07
3.17042	5.07
3.18708	5.07
3.20375	5.07
3.22042	5.07
3.23708	5.07
3.25375	5.08
3.27042	5.08
3.28708	5.08
3.30375	5.08
3.32042	5.08
3.33708	5.08
3.35375	5.08
3.37042	5.08
3.38708	5.08
3.40375	5.08
3.42042	5.08
3.43708	5.08
3.45375	5.08
3.47042	5.07
3.48708	5.07
3.50375	5.07
3.52042	5.07
3.53708	5.07
3.55375	5.07
3.57042	5.07
3.58708	5.07
3.60375	5.07
3.62042	5.07
3.63708	5.07
3.65375	5.07
3.67042	5.07
3.68708	5.08
3.70375	5.08
3.72042	5.07
3.73708	5.07
3.75375	5.07
3.77042	5.07
3.78708	5.07
3.80375	5.07
3.82042	5.07
3.83708	5.07
3.85375	5.07
3.87042	5.07
3.88708	5.07
3.90375	5.07
3.92042	5.07
3.93708	5.07
3.95375	5.07
3.97042	5.07
3.98708	5.07

[Status Trace (Linear Velocity)]
Interval(msec)	1000
# of Points	240
Start Time(min)	0.004
End Time(min)	3.987
Intensity Units	
Intensity Multiplier	1
R.Time (min)	Intensity
0.00375	39.01
0.02042	37.70
0.03708	37.97
0.05375	39.45
0.07042	40.21
0.08708	39.20
0.10375	38.99
0.12042	39.02
0.13708	39.02
0.15375	39.02
0.17042	39.02
0.18708	39.02
0.20375	39.02
0.22042	39.02
0.23708	39.02
0.25375	39.02
0.27042	39.02
0.28708	39.02
0.30375	39.02
0.32042	39.02
0.33708	39.02
0.35375	39.02
0.37042	39.02
0.38708	39.02
0.40375	39.02
0.42042	39.02
0.43708	39.02
0.45375	39.02
0.47042	39.02
0.48708	39.02
0.50375	39.02
0.52042	39.02
0.53708	39.02
0.55375	39.02
0.57042	39.02
0.58708	39.02
0.60375	39.02
0.62042	39.02
0.63708	39.02
0.65375	39.02
0.67042	39.02
0.68708	39.02
0.70375	39.02
0.72042	39.02
0.73708	39.02
0.75375	39.02
0.77042	39.02
0.78708	39.02
0.80375	39.02
0.82042	39.02
0.83708	39.02
0.85375	39.02
0.87042	39.02
0.88708	39.02
0.90375	39.02
0.92042	39.02
0.93708	39.02
0.95375	39.02
0.97042	39.02
0.98708	39.02
1.00375	39.02
1.02042	39.02
1.03708	39.02
1.05375	39.02
1.07042	39.02
1.08708	39.02
1.10375	39.02
1.12042	39.02
1.13708	39.02
1.15375	39.02
1.17042	39.02
1.18708	39.02
1.20375	39.02
1.22042	39.02
1.23708	39.02
1.25375	39.02
1.27042	39.02
1.28708	39.02
1.30375	39.02
1.32042	39.02
1.33708	39.02
1.35375	39.02
1.37042	39.02
1.38708	39.02
1.40375	39.02
1.42042	39.02
1.43708	39.02
1.45375	39.02
1.47042	39.02
1.48708	39.02
1.50375	39.02
1.52042	39.02
1.53708	39.02
1.55375	39.02
1.57042	39.02
1.58708	39.02
1.60375	39.01
1.62042	39.01
1.63708	38.99
1.65375	38.97
1.67042	38.94
1.68708	38.90
1.70375	38.87
1.72042	38.83
1.73708	38.80
1.75375	38.77
1.77042	38.74
1.78708	38.71
1.80375	38.68
1.82042	38.65
1.83708	38.62
1.85375	38.58
1.87042	38.55
1.88708	38.52
1.90375	38.49
1.92042	38.46
1.93708	38.43
1.95375	38.40
1.97042	38.37
1.98708	38.34
2.00375	38.31
2.02042	38.28
2.03708	38.25
2.05375	38.22
2.07042	38.19
2.08708	38.16
2.10375	38.13
2.12042	38.10
2.13708	38.07
2.15375	38.04
2.17042	38.01
2.18708	37.98
2.20375	37.95
2.22042	37.92
2.23708	37.89
2.25375	37.86
2.27042	37.83
2.28708	37.81
2.30375	37.78
2.32042	37.74
2.33708	37.71
2.35375	37.69
2.37042	37.67
2.38708	37.66
2.40375	37.65
2.42042	37.66
2.43708	37.66
2.45375	37.66
2.47042	37.66
2.48708	37.65
2.50375	37.64
2.52042	37.65
2.53708	37.65
2.55375	37.65
2.57042	37.65
2.58708	37.65
2.60375	37.65
2.62042	37.65
2.63708	37.65
2.65375	37.65
2.67042	37.64
2.68708	37.65
2.70375	37.65
2.72042	37.64
2.73708	37.64
2.75375	37.64
2.77042	37.64
2.78708	37.64
2.80375	37.64
2.82042	37.64
2.83708	37.64
2.85375	37.64
2.87042	37.64
2.88708	37.64
2.90375	37.64
2.92042	37.63
2.93708	37.63
2.95375	37.63
2.97042	37.63
2.98708	37.63
3.00375	37.63
3.02042	37.63
3.03708	37.63
3.05375	37.63
3.07042	37.63
3.08708	37.63
3.10375	37.63
3.12042	37.63
3.13708	37.63
3.15375	37.62
3.17042	37.62
3.18708	37.62
3.20375	37.62
3.22042	37.62
3.23708	37.63
3.25375	37.63
3.27042	37.63
3.28708	37.63
3.30375	37.63
3.32042	37.63
3.33708	37.63
3.35375	37.63
3.37042	37.63
3.38708	37.63
3.40375	37.63
3.42042	37.63
3.43708	37.63
3.45375	37.63
3.47042	37.63
3.48708	37.63
3.50375	37.63
3.52042	37.63
3.53708	37.63
3.55375	37.63
3.57042	37.63
3.58708	37.63
3.60375	37.63
3.62042	37.63
3.63708	37.63
3.65375	37.63
3.67042	37.63
3.68708	37.63
3.70375	37.63
3.72042	37.63
3.73708	37.63
3.75375	37.63
3.77042	37.63
3.78708	37.63
3.80375	37.63
3.82042	37.63
3.83708	37.63
3.85375	37.63
3.87042	37.62
3.88708	37.63
3.90375	37.63
3.92042	37.63
3.93708	37.63
3.95375	37.63
3.97042	37.63
3.98708	37.63

