[Header]
Application Name	LabSolutions
Version	5.110
Data File Name	C:\Users\User\Desktop\GC Analyses\Jack\UIC Prairie Sampling\7.22.22\220722_072.gcd
Output Date	10/5/2022
Output Time	2:13:42 PM

[File Information]
Type	Data File
Generated	9/29/2022 2:19:05 PM
Generated by	System Administrator
Modified	9/29/2022 2:23:37 PM
Modified by	System Administrator

[Sample Information]
Operator Name	System Administrator
Acquired	9/29/2022 2:19:36 PM
Sample Type	1:Standard
Level	1
Sample Name	220722_UICPrairie
Sample ID	220722_UICPrairie
ISTD Amount1	1
ISTD Amount2	1
ISTD Amount3	1
ISTD Amount4	1
ISTD Amount5	1
ISTD Amount6	1
ISTD Amount7	1
ISTD Amount8	1
ISTD Amount9	1
ISTD Amount10	1
ISTD Amount11	1
ISTD Amount12	1
ISTD Amount13	1
ISTD Amount14	1
ISTD Amount15	1
ISTD Amount16	1
ISTD Amount17	1
ISTD Amount18	1
ISTD Amount19	1
ISTD Amount20	1
ISTD Amount21	1
ISTD Amount22	1
ISTD Amount23	1
ISTD Amount24	1
ISTD Amount25	1
ISTD Amount26	1
ISTD Amount27	1
ISTD Amount28	1
ISTD Amount29	1
ISTD Amount30	1
ISTD Amount31	1
ISTD Amount32	1
Sample Amount	1
Dilution Factor	1
Vial#	1
Injection Volume	1
Injection Count	1
Bar Code	

[Original Files]
Data File	C:\Users\User\Desktop\GC Analyses\Jack\UIC Prairie Sampling\7.22.22\220722_072.gcd
Method File	C:\LabSolutions\Data\GHG_4min_2022\ghg3_togas_w_acet_4 min_new_int.gcm
Batch File	
Report Format File	c:\LabSolutions\System\DEFAULT.lsr

[File Description]


[Configuration]
Instrument Name	C0B7VH3-Instrument1
Instrument #	1
Line #	1
# of Detectors	3
Detector ID	DET#1	DET#2	DET#3
Detector Name	FID	PTCD	ECD
# of Channels	1	1	1

[Peak Table(Ch1)]
# of Peaks	3
Peak#	R.Time	I.Time	F.Time	Area	Height	A/H	Conc.	Mark	ID#	Name	k'	Plate #	Plate Ht.	Tailing	Resolution	Sep.Factor	Area Ratio	Height Ratio	Conc. %	Norm Conc.
1	1.479	1.439	1.534	3144	1601	1.964	100.000	   	1	CO	0.000	10053	14.921	1.445	0.000	0.000	0	0	16.667	16.667
2	1.578	1.553	1.619	3480	2403	1.448	100.000	   	2	CH4	0.067	20510	7.313	1.260	1.920	0.000	0	0	16.667	16.667
3	2.007	1.952	2.220	481948	285136	1.690	400.000	   	3	CO2	0.357	25892	5.793	1.242	9.129	5.333	0	0	66.667	66.667

[Peak Table(Ch2)]
# of Peaks	0

[Peak Table(Ch3)]
# of Peaks	2
Peak#	R.Time	I.Time	F.Time	Area	Height	A/H	Conc.	Mark	ID#	Name	k'	Plate #	Plate Ht.	Tailing	Resolution	Sep.Factor	Area Ratio	Height Ratio	Conc. %	Norm Conc.
1	2.462	1.582	2.653	7259	239	30.362	0.000	   			0.000	175	856.593	0.621	0.000	0.000	0	0	0.000	0.000
2	2.887	2.664	3.162	14490	3776	3.837	1.000	   	1	N2O	0.173	15182	9.880	1.695	1.015	0.000	0	0	100.000	100.000

[Compound Results(Ch1)]
# of IDs	6
ID#	Name	R.Time	Area	Height	Conc.	Curve	3rd	2nd	1st	Constant	Area Ratio	Height Ratio	Conc. %	Norm Conc.
1	CO	1.479	3144	1601	100.000	Linear	0.000000e+00	0.000000e+00	3.143837e+001	0.000000e+00	0	0	16.667	16.667
2	CH4	1.578	3480	2403	100.000	Linear	0.000000e+00	0.000000e+00	3.479903e+001	0.000000e+00	0	0	16.667	16.667
3	CO2	2.007	481948	285136	400.000	Linear	0.000000e+00	0.000000e+00	1.204870e+003	0.000000e+00	0	0	66.667	66.667
4	Ethylene	0.000	0	0	0.000	Linear	0.000000e+00	0.000000e+00	0.000000e+00	0.000000e+00	0	0	0.000	0.000
5	Acetylene	0.000	0	0	0.000	Linear	0.000000e+00	0.000000e+00	0.000000e+00	0.000000e+00	0	0	0.000	0.000
6	Ethane	0.000	0	0	0.000	Linear	0.000000e+00	0.000000e+00	0.000000e+00	0.000000e+00	0	0	0.000	0.000

[Compound Results(Ch2)]
# of IDs	5
ID#	Name	R.Time	Area	Height	Conc.	Curve	3rd	2nd	1st	Constant	Area Ratio	Height Ratio	Conc. %	Norm Conc.
1	Hydrogen	0.000	0	0	0.000	Linear	0.000000e+00	0.000000e+00	0.000000e+00	0.000000e+00	0	0	0.000	0.000
2	Oxygen	0.000	0	0	0.000	Linear	0.000000e+00	0.000000e+00	0.000000e+00	0.000000e+00	0	0	0.000	0.000
3	Nitrogen	0.000	0	0	0.000	Linear	0.000000e+00	0.000000e+00	0.000000e+00	0.000000e+00	0	0	0.000	0.000
4	Methane	0.000	0	0	0.000	Linear	0.000000e+00	0.000000e+00	0.000000e+00	0.000000e+00	0	0	0.000	0.000
5	Carbon Monoxide	0.000	0	0	0.000	Linear	0.000000e+00	0.000000e+00	0.000000e+00	0.000000e+00	0	0	0.000	0.000

[Compound Results(Ch3)]
# of IDs	2
ID#	Name	R.Time	Area	Height	Conc.	Curve	3rd	2nd	1st	Constant	Area Ratio	Height Ratio	Conc. %	Norm Conc.
1	N2O	2.887	14490	3776	1.000	Linear	0.000000e+00	0.000000e+00	1.448951e+004	0.000000e+00	0	0	100.000	100.000
2	SF6	0.000	0	0	0.000	Linear	0.000000e+00	0.000000e+00	0.000000e+00	0.000000e+00	0	0	0.000	0.000

[Group Results(Ch1)]
# of Groups	0

[Group Results(Ch2)]
# of Groups	0

[Group Results(Ch3)]
# of Groups	0

[Chromatogram (Ch1)]
Interval(msec)	220
# of Points	1091
Start Time(min)	0.002
End Time(min)	3.998
R.Time (min)	Intensity
0.00167	-15
0.00533	-18
0.00900	-20
0.01267	-18
0.01633	-15
0.02000	-14
0.02367	-16
0.02733	-17
0.03100	-17
0.03467	-13
0.03833	-7
0.04200	-3
0.04567	-1
0.04933	-1
0.05300	-7
0.05667	-10
0.06033	-10
0.06400	-7
0.06767	-4
0.07133	-7
0.07500	-14
0.07867	-18
0.08233	-17
0.08600	-15
0.08967	-12
0.09333	-12
0.09700	-15
0.10067	-17
0.10433	-17
0.10800	-19
0.11167	-20
0.11533	-20
0.11900	-19
0.12267	-20
0.12633	-21
0.13000	-20
0.13367	-20
0.13733	-20
0.14100	-21
0.14467	-21
0.14833	-22
0.15200	-26
0.15567	-28
0.15933	-25
0.16300	-21
0.16667	-19
0.17033	-18
0.17400	-17
0.17767	-16
0.18133	-13
0.18500	-11
0.18867	-11
0.19233	-14
0.19600	-21
0.19967	-30
0.20333	-36
0.20700	-38
0.21067	-37
0.21433	-31
0.21800	-25
0.22167	-20
0.22533	-17
0.22900	-19
0.23267	-22
0.23633	-24
0.24000	-25
0.24367	-26
0.24733	-26
0.25100	-27
0.25467	-30
0.25833	-34
0.26200	-41
0.26567	-49
0.26933	-55
0.27300	-55
0.27667	-54
0.28033	-56
0.28400	-55
0.28767	-47
0.29133	-39
0.29500	-32
0.29867	-25
0.30233	-22
0.30600	-23
0.30967	-26
0.31333	-32
0.31700	-37
0.32067	-40
0.32433	-43
0.32800	-44
0.33167	-40
0.33533	-37
0.33900	-37
0.34267	-39
0.34633	-40
0.35000	-40
0.35367	-36
0.35733	-31
0.36100	-23
0.36467	-21
0.36833	-24
0.37200	-29
0.37567	-36
0.37933	-39
0.38300	-40
0.38667	-41
0.39033	-45
0.39400	-50
0.39767	-50
0.40133	-47
0.40500	-47
0.40867	-51
0.41233	-55
0.41600	-56
0.41967	-53
0.42333	-50
0.42700	-47
0.43067	-43
0.43433	-39
0.43800	-38
0.44167	-37
0.44533	-35
0.44900	-33
0.45267	-32
0.45633	-33
0.46000	-35
0.46367	-38
0.46733	-43
0.47100	-48
0.47467	-52
0.47833	-57
0.48200	-60
0.48567	-60
0.48933	-58
0.49300	-52
0.49667	-49
0.50033	-49
0.50400	-47
0.50767	-43
0.51133	-40
0.51500	-42
0.51867	-46
0.52233	-46
0.52600	-42
0.52967	-38
0.53333	-33
0.53700	-24
0.54067	-21
0.54433	-25
0.54800	-32
0.55167	-42
0.55533	-54
0.55900	-62
0.56267	-68
0.56633	-71
0.57000	-71
0.57367	-68
0.57733	-64
0.58100	-62
0.58467	-58
0.58833	-53
0.59200	-50
0.59567	-48
0.59933	-48
0.60300	-49
0.60667	-46
0.61033	-41
0.61400	-34
0.61767	-32
0.62133	-36
0.62500	-45
0.62867	-53
0.63233	-60
0.63600	-62
0.63967	-62
0.64333	-62
0.64700	-64
0.65067	-65
0.65433	-66
0.65800	-64
0.66167	-63
0.66533	-63
0.66900	-64
0.67267	-65
0.67633	-64
0.68000	-62
0.68367	-60
0.68733	-57
0.69100	-54
0.69467	-49
0.69833	-46
0.70200	-46
0.70567	-46
0.70933	-43
0.71300	-42
0.71667	-43
0.72033	-46
0.72400	-50
0.72767	-55
0.73133	-58
0.73500	-59
0.73867	-61
0.74233	-64
0.74600	-63
0.74967	-57
0.75333	-58
0.75700	-66
0.76067	-76
0.76433	-85
0.76800	-89
0.77167	-87
0.77533	-83
0.77900	-79
0.78267	-71
0.78633	-63
0.79000	-60
0.79367	-62
0.79733	-64
0.80100	-65
0.80467	-66
0.80833	-67
0.81200	-64
0.81567	-61
0.81933	-59
0.82300	-56
0.82667	-52
0.83033	-47
0.83400	-45
0.83767	-44
0.84133	-47
0.84500	-53
0.84867	-61
0.85233	-66
0.85600	-71
0.85967	-72
0.86333	-68
0.86700	-65
0.87067	-67
0.87433	-73
0.87800	-78
0.88167	-81
0.88533	-84
0.88900	-84
0.89267	-81
0.89633	-80
0.90000	-79
0.90367	-76
0.90733	-75
0.91100	-75
0.91467	-72
0.91833	-69
0.92200	-67
0.92567	-65
0.92933	-64
0.93300	-68
0.93667	-74
0.94033	-77
0.94400	-77
0.94767	-77
0.95133	-78
0.95500	-77
0.95867	-78
0.96233	-79
0.96600	-81
0.96967	-80
0.97333	-79
0.97700	-77
0.98067	-76
0.98433	-75
0.98800	-75
0.99167	-76
0.99533	-76
0.99900	-77
1.00267	-76
1.00633	-76
1.01000	-78
1.01367	-79
1.01733	-77
1.02100	-78
1.02467	-79
1.02833	-80
1.03200	-82
1.03567	-84
1.03933	-87
1.04300	-90
1.04667	-89
1.05033	-86
1.05400	-84
1.05767	-85
1.06133	-86
1.06500	-89
1.06867	-90
1.07233	-89
1.07600	-84
1.07967	-78
1.08333	-73
1.08700	-69
1.09067	-65
1.09433	-64
1.09800	-65
1.10167	-73
1.10533	-87
1.10900	-97
1.11267	-109
1.11633	-118
1.12000	-120
1.12367	-119
1.12733	-115
1.13100	-109
1.13467	-101
1.13833	-92
1.14200	-86
1.14567	-85
1.14933	-91
1.15300	-97
1.15667	-99
1.16033	-101
1.16400	-102
1.16767	-103
1.17133	-103
1.17500	-100
1.17867	-98
1.18233	-99
1.18600	-102
1.18967	-104
1.19333	-105
1.19700	-104
1.20067	-103
1.20433	-102
1.20800	-100
1.21167	-98
1.21533	-96
1.21900	-94
1.22267	-97
1.22633	-103
1.23000	-110
1.23367	-116
1.23733	-120
1.24100	-121
1.24467	-119
1.24833	-114
1.25200	-107
1.25567	-99
1.25933	-94
1.26300	-91
1.26667	-91
1.27033	-93
1.27400	-93
1.27767	-91
1.28133	-92
1.28500	-98
1.28867	-102
1.29233	-106
1.29600	-108
1.29967	-107
1.30333	-104
1.30700	-102
1.31067	-104
1.31433	-107
1.31800	-108
1.32167	-107
1.32533	-104
1.32900	-99
1.33267	-94
1.33633	-92
1.34000	-92
1.34367	-93
1.34733	-95
1.35100	-98
1.35467	-102
1.35833	-109
1.36200	-116
1.36567	-123
1.36933	-123
1.37300	-119
1.37667	-112
1.38033	-106
1.38400	-101
1.38767	-97
1.39133	-95
1.39500	-95
1.39867	-96
1.40233	-100
1.40600	-102
1.40967	-102
1.41333	-100
1.41700	-100
1.42067	-106
1.42433	-117
1.42800	-123
1.43167	-122
1.43533	-119
1.43900	-116
1.44267	-113
1.44633	-110
1.45000	-110
1.45367	-103
1.45733	-38
1.46100	179
1.46467	545
1.46833	939
1.47200	1251
1.47567	1431
1.47933	1478
1.48300	1411
1.48667	1257
1.49033	1052
1.49400	832
1.49767	625
1.50133	443
1.50500	291
1.50867	171
1.51233	80
1.51600	13
1.51967	-35
1.52333	-73
1.52700	-101
1.53067	-120
1.53433	-132
1.53800	-139
1.54167	-145
1.54533	-149
1.54900	-147
1.55267	-139
1.55633	-100
1.56000	41
1.56367	392
1.56733	993
1.57100	1685
1.57467	2177
1.57833	2281
1.58200	2035
1.58567	1609
1.58933	1159
1.59300	772
1.59667	473
1.60033	261
1.60400	120
1.60767	30
1.61133	-29
1.61500	-68
1.61867	-95
1.62233	-116
1.62600	-133
1.62967	-145
1.63333	-152
1.63700	-152
1.64067	-143
1.64433	-133
1.64800	-129
1.65167	-135
1.65533	-143
1.65900	-152
1.66267	-157
1.66633	-156
1.67000	-152
1.67367	-146
1.67733	-142
1.68100	-144
1.68467	-150
1.68833	-157
1.69200	-160
1.69567	-162
1.69933	-163
1.70300	-162
1.70667	-162
1.71033	-162
1.71400	-161
1.71767	-159
1.72133	-153
1.72500	-143
1.72867	-135
1.73233	-132
1.73600	-137
1.73967	-144
1.74333	-151
1.74700	-155
1.75067	-155
1.75433	-151
1.75800	-150
1.76167	-149
1.76533	-146
1.76900	-141
1.77267	-138
1.77633	-134
1.78000	-132
1.78367	-134
1.78733	-139
1.79100	-148
1.79467	-156
1.79833	-159
1.80200	-154
1.80567	-145
1.80933	-136
1.81300	-129
1.81667	-127
1.82033	-133
1.82400	-142
1.82767	-146
1.83133	-143
1.83500	-139
1.83867	-133
1.84233	-128
1.84600	-126
1.84967	-132
1.85333	-141
1.85700	-149
1.86067	-150
1.86433	-145
1.86800	-140
1.87167	-136
1.87533	-136
1.87900	-141
1.88267	-142
1.88633	-138
1.89000	-130
1.89367	-121
1.89733	-118
1.90100	-119
1.90467	-124
1.90833	-131
1.91200	-136
1.91567	-139
1.91933	-141
1.92300	-142
1.92667	-142
1.93033	-142
1.93400	-145
1.93767	-149
1.94133	-154
1.94500	-157
1.94867	-159
1.95233	-154
1.95600	-145
1.95967	-134
1.96333	-123
1.96700	-105
1.97067	-44
1.97433	247
1.97800	1555
1.98167	6346
1.98533	20047
1.98900	50369
1.99267	102195
1.99633	169791
2.00000	235226
2.00367	277547
2.00733	285012
2.01100	260412
2.01467	216361
2.01833	166832
2.02200	121609
2.02567	85141
2.02933	58019
2.03300	38907
2.03667	25910
2.04033	17272
2.04400	11610
2.04767	7921
2.05133	5518
2.05500	3944
2.05867	2900
2.06233	2196
2.06600	1712
2.06967	1372
2.07333	1128
2.07700	947
2.08067	808
2.08433	699
2.08800	608
2.09167	534
2.09533	475
2.09900	429
2.10267	387
2.10633	349
2.11000	313
2.11367	279
2.11733	249
2.12100	226
2.12467	207
2.12833	188
2.13200	169
2.13567	155
2.13933	142
2.14300	128
2.14667	113
2.15033	102
2.15400	97
2.15767	96
2.16133	94
2.16500	90
2.16867	86
2.17233	81
2.17600	74
2.17967	65
2.18333	58
2.18700	49
2.19067	41
2.19433	33
2.19800	22
2.20167	11
2.20533	1
2.20900	-4
2.21267	-4
2.21633	-4
2.22000	-5
2.22367	-6
2.22733	-8
2.23100	-10
2.23467	-10
2.23833	-8
2.24200	-8
2.24567	-10
2.24933	-13
2.25300	-14
2.25667	-15
2.26033	-18
2.26400	-24
2.26767	-30
2.27133	-33
2.27500	-33
2.27867	-30
2.28233	-24
2.28600	-19
2.28967	-20
2.29333	-24
2.29700	-31
2.30067	-40
2.30433	-47
2.30800	-53
2.31167	-53
2.31533	-46
2.31900	-39
2.32267	-33
2.32633	-30
2.33000	-27
2.33367	-27
2.33733	-29
2.34100	-31
2.34467	-33
2.34833	-39
2.35200	-44
2.35567	-51
2.35933	-61
2.36300	-65
2.36667	-67
2.37033	-68
2.37400	-69
2.37767	-70
2.38133	-70
2.38500	-69
2.38867	-61
2.39233	-49
2.39600	-37
2.39967	-33
2.40333	-33
2.40700	-35
2.41067	-36
2.41433	-37
2.41800	-39
2.42167	-42
2.42533	-49
2.42900	-54
2.43267	-54
2.43633	-49
2.44000	-43
2.44367	-38
2.44733	-38
2.45100	-39
2.45467	-41
2.45833	-44
2.46200	-45
2.46567	-49
2.46933	-52
2.47300	-53
2.47667	-52
2.48033	-47
2.48400	-40
2.48767	-36
2.49133	-32
2.49500	-31
2.49867	-32
2.50233	-40
2.50600	-49
2.50967	-54
2.51333	-54
2.51700	-49
2.52067	-44
2.52433	-41
2.52800	-42
2.53167	-47
2.53533	-53
2.53900	-56
2.54267	-58
2.54633	-59
2.55000	-61
2.55367	-67
2.55733	-74
2.56100	-79
2.56467	-83
2.56833	-85
2.57200	-84
2.57567	-82
2.57933	-76
2.58300	-66
2.58667	-56
2.59033	-53
2.59400	-55
2.59767	-57
2.60133	-57
2.60500	-58
2.60867	-59
2.61233	-61
2.61600	-62
2.61967	-65
2.62333	-66
2.62700	-66
2.63067	-68
2.63433	-71
2.63800	-71
2.64167	-69
2.64533	-69
2.64900	-69
2.65267	-68
2.65633	-66
2.66000	-66
2.66367	-67
2.66733	-69
2.67100	-72
2.67467	-74
2.67833	-77
2.68200	-77
2.68567	-75
2.68933	-75
2.69300	-76
2.69667	-75
2.70033	-72
2.70400	-70
2.70767	-69
2.71133	-73
2.71500	-78
2.71867	-82
2.72233	-79
2.72600	-77
2.72967	-81
2.73333	-83
2.73700	-83
2.74067	-81
2.74433	-80
2.74800	-81
2.75167	-80
2.75533	-77
2.75900	-73
2.76267	-73
2.76633	-77
2.77000	-82
2.77367	-85
2.77733	-88
2.78100	-92
2.78467	-96
2.78833	-98
2.79200	-98
2.79567	-98
2.79933	-99
2.80300	-100
2.80667	-95
2.81033	-86
2.81400	-82
2.81767	-79
2.82133	-78
2.82500	-80
2.82867	-84
2.83233	-85
2.83600	-86
2.83967	-89
2.84333	-93
2.84700	-96
2.85067	-100
2.85433	-106
2.85800	-113
2.86167	-120
2.86533	-122
2.86900	-120
2.87267	-114
2.87633	-107
2.88000	-101
2.88367	-97
2.88733	-94
2.89100	-90
2.89467	-89
2.89833	-89
2.90200	-90
2.90567	-94
2.90933	-100
2.91300	-103
2.91667	-99
2.92033	-92
2.92400	-89
2.92767	-89
2.93133	-89
2.93500	-92
2.93867	-97
2.94233	-102
2.94600	-106
2.94967	-107
2.95333	-105
2.95700	-98
2.96067	-95
2.96433	-98
2.96800	-104
2.97167	-108
2.97533	-109
2.97900	-109
2.98267	-108
2.98633	-108
2.99000	-107
2.99367	-104
2.99733	-105
3.00100	-106
3.00467	-105
3.00833	-104
3.01200	-105
3.01567	-107
3.01933	-106
3.02300	-107
3.02667	-105
3.03033	-102
3.03400	-102
3.03767	-105
3.04133	-104
3.04500	-99
3.04867	-93
3.05233	-90
3.05600	-89
3.05967	-93
3.06333	-99
3.06700	-105
3.07067	-108
3.07433	-108
3.07800	-105
3.08167	-102
3.08533	-100
3.08900	-99
3.09267	-99
3.09633	-100
3.10000	-103
3.10367	-107
3.10733	-111
3.11100	-114
3.11467	-114
3.11833	-113
3.12200	-111
3.12567	-110
3.12933	-111
3.13300	-112
3.13667	-111
3.14033	-109
3.14400	-106
3.14767	-105
3.15133	-102
3.15500	-99
3.15867	-98
3.16233	-98
3.16600	-98
3.16967	-97
3.17333	-98
3.17700	-103
3.18067	-109
3.18433	-113
3.18800	-114
3.19167	-111
3.19533	-106
3.19900	-102
3.20267	-98
3.20633	-95
3.21000	-98
3.21367	-104
3.21733	-111
3.22100	-117
3.22467	-122
3.22833	-123
3.23200	-120
3.23567	-115
3.23933	-112
3.24300	-112
3.24667	-111
3.25033	-109
3.25400	-106
3.25767	-103
3.26133	-98
3.26500	-93
3.26867	-89
3.27233	-86
3.27600	-84
3.27967	-85
3.28333	-90
3.28700	-94
3.29067	-95
3.29433	-95
3.29800	-94
3.30167	-91
3.30533	-89
3.30900	-89
3.31267	-89
3.31633	-91
3.32000	-94
3.32367	-95
3.32733	-95
3.33100	-91
3.33467	-87
3.33833	-84
3.34200	-82
3.34567	-79
3.34933	-75
3.35300	-74
3.35667	-78
3.36033	-85
3.36400	-92
3.36767	-99
3.37133	-105
3.37500	-108
3.37867	-106
3.38233	-100
3.38600	-95
3.38967	-92
3.39333	-89
3.39700	-87
3.40067	-88
3.40433	-89
3.40800	-86
3.41167	-81
3.41533	-75
3.41900	-73
3.42267	-75
3.42633	-75
3.43000	-75
3.43367	-75
3.43733	-73
3.44100	-69
3.44467	-62
3.44833	-58
3.45200	-57
3.45567	-60
3.45933	-65
3.46300	-70
3.46667	-72
3.47033	-70
3.47400	-67
3.47767	-63
3.48133	-60
3.48500	-56
3.48867	-53
3.49233	-52
3.49600	-51
3.49967	-53
3.50333	-58
3.50700	-64
3.51067	-68
3.51433	-66
3.51800	-63
3.52167	-65
3.52533	-70
3.52900	-74
3.53267	-74
3.53633	-74
3.54000	-75
3.54367	-77
3.54733	-77
3.55100	-75
3.55467	-73
3.55833	-68
3.56200	-64
3.56567	-62
3.56933	-61
3.57300	-59
3.57667	-56
3.58033	-52
3.58400	-51
3.58767	-53
3.59133	-55
3.59500	-56
3.59867	-59
3.60233	-62
3.60600	-63
3.60967	-60
3.61333	-57
3.61700	-59
3.62067	-60
3.62433	-62
3.62800	-58
3.63167	-51
3.63533	-44
3.63900	-40
3.64267	-42
3.64633	-47
3.65000	-51
3.65367	-55
3.65733	-60
3.66100	-64
3.66467	-66
3.66833	-61
3.67200	-52
3.67567	-46
3.67933	-41
3.68300	-40
3.68667	-41
3.69033	-41
3.69400	-39
3.69767	-35
3.70133	-30
3.70500	-29
3.70867	-29
3.71233	-29
3.71600	-29
3.71967	-24
3.72333	-16
3.72700	-6
3.73067	-3
3.73433	-10
3.73800	-20
3.74167	-30
3.74533	-40
3.74900	-42
3.75267	-39
3.75633	-34
3.76000	-33
3.76367	-30
3.76733	-25
3.77100	-22
3.77467	-21
3.77833	-22
3.78200	-21
3.78567	-21
3.78933	-20
3.79300	-17
3.79667	-14
3.80033	-8
3.80400	-6
3.80767	-8
3.81133	-11
3.81500	-13
3.81867	-16
3.82233	-18
3.82600	-21
3.82967	-25
3.83333	-28
3.83700	-27
3.84067	-28
3.84433	-29
3.84800	-28
3.85167	-28
3.85533	-27
3.85900	-26
3.86267	-25
3.86633	-24
3.87000	-22
3.87367	-21
3.87733	-20
3.88100	-21
3.88467	-24
3.88833	-25
3.89200	-24
3.89567	-23
3.89933	-21
3.90300	-17
3.90667	-13
3.91033	-10
3.91400	-8
3.91767	-9
3.92133	-12
3.92500	-13
3.92867	-10
3.93233	-3
3.93600	2
3.93967	6
3.94333	6
3.94700	-0
3.95067	-10
3.95433	-21
3.95800	-28
3.96167	-29
3.96533	-24
3.96900	-17
3.97267	-13
3.97633	-13
3.98000	-17
3.98367	-20
3.98733	-20
3.99100	-21
3.99467	-19
3.99833	-14

[Chromatogram (Ch2)]
Interval(msec)	220
# of Points	1091
Start Time(min)	0.002
End Time(min)	3.998
R.Time (min)	Intensity
0.00167	0
0.00533	1
0.00900	1
0.01267	1
0.01633	1
0.02000	1
0.02367	1
0.02733	1
0.03100	1
0.03467	1
0.03833	1
0.04200	1
0.04567	1
0.04933	1
0.05300	0
0.05667	0
0.06033	-0
0.06400	-1
0.06767	-1
0.07133	-1
0.07500	-2
0.07867	-2
0.08233	-2
0.08600	-2
0.08967	-2
0.09333	-2
0.09700	-2
0.10067	-1
0.10433	-1
0.10800	-1
0.11167	-1
0.11533	-1
0.11900	-1
0.12267	-1
0.12633	-1
0.13000	-1
0.13367	-1
0.13733	-1
0.14100	-0
0.14467	-0
0.14833	-0
0.15200	-0
0.15567	0
0.15933	1
0.16300	1
0.16667	1
0.17033	1
0.17400	1
0.17767	1
0.18133	1
0.18500	2
0.18867	2
0.19233	2
0.19600	2
0.19967	1
0.20333	1
0.20700	1
0.21067	1
0.21433	1
0.21800	1
0.22167	1
0.22533	1
0.22900	1
0.23267	1
0.23633	0
0.24000	0
0.24367	0
0.24733	0
0.25100	0
0.25467	0
0.25833	1
0.26200	1
0.26567	1
0.26933	1
0.27300	0
0.27667	-0
0.28033	-0
0.28400	-0
0.28767	-1
0.29133	-1
0.29500	-1
0.29867	-1
0.30233	-1
0.30600	-1
0.30967	-1
0.31333	-1
0.31700	-1
0.32067	-1
0.32433	-1
0.32800	-1
0.33167	-1
0.33533	-1
0.33900	-1
0.34267	-1
0.34633	-1
0.35000	-1
0.35367	-2
0.35733	-2
0.36100	-2
0.36467	-2
0.36833	-2
0.37200	-2
0.37567	-2
0.37933	-2
0.38300	-2
0.38667	-2
0.39033	-2
0.39400	-2
0.39767	-2
0.40133	-2
0.40500	-2
0.40867	-2
0.41233	-2
0.41600	-2
0.41967	-2
0.42333	-2
0.42700	-2
0.43067	-2
0.43433	-2
0.43800	-2
0.44167	-2
0.44533	-2
0.44900	-2
0.45267	-2
0.45633	-2
0.46000	-2
0.46367	-2
0.46733	-2
0.47100	-2
0.47467	-2
0.47833	-3
0.48200	-3
0.48567	-3
0.48933	-3
0.49300	-4
0.49667	-4
0.50033	-4
0.50400	-4
0.50767	-4
0.51133	-4
0.51500	-4
0.51867	-4
0.52233	-4
0.52600	-4
0.52967	-4
0.53333	-3
0.53700	-3
0.54067	-3
0.54433	-3
0.54800	-3
0.55167	-2
0.55533	-2
0.55900	-2
0.56267	-2
0.56633	-2
0.57000	-1
0.57367	-1
0.57733	-1
0.58100	-1
0.58467	-1
0.58833	-1
0.59200	-1
0.59567	-0
0.59933	0
0.60300	0
0.60667	1
0.61033	1
0.61400	1
0.61767	0
0.62133	0
0.62500	-0
0.62867	-0
0.63233	-0
0.63600	-1
0.63967	-1
0.64333	-1
0.64700	-1
0.65067	-1
0.65433	-1
0.65800	-1
0.66167	-1
0.66533	-1
0.66900	-1
0.67267	-1
0.67633	-1
0.68000	-1
0.68367	-1
0.68733	-1
0.69100	-2
0.69467	-2
0.69833	-2
0.70200	-2
0.70567	-2
0.70933	-2
0.71300	-2
0.71667	-3
0.72033	-3
0.72400	-3
0.72767	-3
0.73133	-3
0.73500	-4
0.73867	-4
0.74233	-4
0.74600	-4
0.74967	-4
0.75333	-3
0.75700	-3
0.76067	-3
0.76433	-3
0.76800	-3
0.77167	-3
0.77533	-3
0.77900	-3
0.78267	-3
0.78633	-2
0.79000	-2
0.79367	-3
0.79733	-3
0.80100	-3
0.80467	-3
0.80833	-3
0.81200	-3
0.81567	-3
0.81933	-4
0.82300	-3
0.82667	-3
0.83033	-3
0.83400	-3
0.83767	-3
0.84133	-3
0.84500	-2
0.84867	-2
0.85233	-2
0.85600	-2
0.85967	-1
0.86333	-1
0.86700	-1
0.87067	-1
0.87433	-1
0.87800	-1
0.88167	-1
0.88533	-2
0.88900	-2
0.89267	-2
0.89633	-2
0.90000	-2
0.90367	-2
0.90733	-2
0.91100	-3
0.91467	-2
0.91833	-2
0.92200	-2
0.92567	-2
0.92933	-2
0.93300	-3
0.93667	-2
0.94033	-2
0.94400	-3
0.94767	-3
0.95133	-3
0.95500	-3
0.95867	-3
0.96233	-2
0.96600	-3
0.96967	-3
0.97333	-3
0.97700	-3
0.98067	-3
0.98433	-3
0.98800	-3
0.99167	-3
0.99533	-4
0.99900	-4
1.00267	-4
1.00633	-4
1.01000	-4
1.01367	-4
1.01733	-5
1.02100	-5
1.02467	-5
1.02833	-5
1.03200	-5
1.03567	-5
1.03933	-5
1.04300	-5
1.04667	-5
1.05033	-5
1.05400	-4
1.05767	-4
1.06133	-4
1.06500	-3
1.06867	-3
1.07233	-3
1.07600	-3
1.07967	-3
1.08333	-3
1.08700	-3
1.09067	-3
1.09433	-3
1.09800	-3
1.10167	-3
1.10533	-3
1.10900	-3
1.11267	-3
1.11633	-2
1.12000	-2
1.12367	-2
1.12733	-2
1.13100	-2
1.13467	-3
1.13833	-3
1.14200	-2
1.14567	-2
1.14933	-2
1.15300	-2
1.15667	-2
1.16033	-2
1.16400	-2
1.16767	-2
1.17133	-3
1.17500	-3
1.17867	-3
1.18233	-3
1.18600	-3
1.18967	-3
1.19333	-3
1.19700	-3
1.20067	-3
1.20433	-4
1.20800	-4
1.21167	-3
1.21533	-3
1.21900	-3
1.22267	-3
1.22633	-3
1.23000	-3
1.23367	-3
1.23733	-3
1.24100	-3
1.24467	-3
1.24833	-3
1.25200	-3
1.25567	-3
1.25933	-3
1.26300	-3
1.26667	-3
1.27033	-3
1.27400	-3
1.27767	-3
1.28133	-3
1.28500	-3
1.28867	-3
1.29233	-3
1.29600	-3
1.29967	-3
1.30333	-3
1.30700	-3
1.31067	-3
1.31433	-3
1.31800	-3
1.32167	-3
1.32533	-3
1.32900	-3
1.33267	-3
1.33633	-3
1.34000	-3
1.34367	-3
1.34733	-3
1.35100	-3
1.35467	-3
1.35833	-3
1.36200	-4
1.36567	-4
1.36933	-4
1.37300	-3
1.37667	-4
1.38033	-4
1.38400	-4
1.38767	-4
1.39133	-4
1.39500	-5
1.39867	-5
1.40233	-5
1.40600	-4
1.40967	-4
1.41333	-4
1.41700	-4
1.42067	-3
1.42433	-3
1.42800	-3
1.43167	-3
1.43533	-3
1.43900	-3
1.44267	-3
1.44633	-3
1.45000	-3
1.45367	-3
1.45733	-2
1.46100	-2
1.46467	-2
1.46833	-2
1.47200	-2
1.47567	-2
1.47933	-2
1.48300	-2
1.48667	-2
1.49033	-2
1.49400	-3
1.49767	-3
1.50133	-3
1.50500	-4
1.50867	-4
1.51233	-4
1.51600	-4
1.51967	-4
1.52333	-4
1.52700	-4
1.53067	-4
1.53433	-4
1.53800	-4
1.54167	-4
1.54533	-3
1.54900	-3
1.55267	-3
1.55633	-3
1.56000	-3
1.56367	-3
1.56733	-4
1.57100	-4
1.57467	-4
1.57833	-4
1.58200	-4
1.58567	-5
1.58933	-5
1.59300	-5
1.59667	-6
1.60033	-7
1.60400	-8
1.60767	-9
1.61133	-11
1.61500	-13
1.61867	-15
1.62233	-17
1.62600	-20
1.62967	-23
1.63333	-26
1.63700	-29
1.64067	-33
1.64433	-37
1.64800	-41
1.65167	-45
1.65533	-49
1.65900	-53
1.66267	-58
1.66633	-62
1.67000	-67
1.67367	-72
1.67733	-78
1.68100	-83
1.68467	-89
1.68833	-94
1.69200	-98
1.69567	-101
1.69933	-104
1.70300	-107
1.70667	-109
1.71033	-110
1.71400	-111
1.71767	-112
1.72133	-112
1.72500	-112
1.72867	-112
1.73233	-112
1.73600	-113
1.73967	-113
1.74333	-114
1.74700	-115
1.75067	-116
1.75433	-117
1.75800	-118
1.76167	-119
1.76533	-120
1.76900	-121
1.77267	-122
1.77633	-122
1.78000	-122
1.78367	-122
1.78733	-122
1.79100	-122
1.79467	-122
1.79833	-123
1.80200	-123
1.80567	-124
1.80933	-124
1.81300	-125
1.81667	-125
1.82033	-125
1.82400	-125
1.82767	-124
1.83133	-124
1.83500	-123
1.83867	-123
1.84233	-123
1.84600	-123
1.84967	-124
1.85333	-125
1.85700	-126
1.86067	-126
1.86433	-126
1.86800	-126
1.87167	-126
1.87533	-126
1.87900	-125
1.88267	-125
1.88633	-125
1.89000	-125
1.89367	-125
1.89733	-125
1.90100	-125
1.90467	-125
1.90833	-125
1.91200	-124
1.91567	-124
1.91933	-124
1.92300	-124
1.92667	-124
1.93033	-123
1.93400	-123
1.93767	-123
1.94133	-123
1.94500	-123
1.94867	-123
1.95233	-123
1.95600	-123
1.95967	-123
1.96333	-122
1.96700	-122
1.97067	-121
1.97433	-121
1.97800	-121
1.98167	-121
1.98533	-121
1.98900	-120
1.99267	-119
1.99633	-119
2.00000	-118
2.00367	-118
2.00733	-118
2.01100	-118
2.01467	-118
2.01833	-118
2.02200	-118
2.02567	-118
2.02933	-117
2.03300	-116
2.03667	-115
2.04033	-114
2.04400	-114
2.04767	-113
2.05133	-113
2.05500	-113
2.05867	-112
2.06233	-111
2.06600	-111
2.06967	-110
2.07333	-110
2.07700	-111
2.08067	-111
2.08433	-112
2.08800	-112
2.09167	-112
2.09533	-112
2.09900	-112
2.10267	-112
2.10633	-111
2.11000	-111
2.11367	-110
2.11733	-109
2.12100	-109
2.12467	-108
2.12833	-108
2.13200	-107
2.13567	-107
2.13933	-106
2.14300	-106
2.14667	-105
2.15033	-105
2.15400	-104
2.15767	-103
2.16133	-103
2.16500	-102
2.16867	-102
2.17233	-101
2.17600	-100
2.17967	-100
2.18333	-100
2.18700	-99
2.19067	-99
2.19433	-99
2.19800	-100
2.20167	-100
2.20533	-100
2.20900	-100
2.21267	-100
2.21633	-99
2.22000	-98
2.22367	-98
2.22733	-98
2.23100	-98
2.23467	-98
2.23833	-99
2.24200	-98
2.24567	-98
2.24933	-97
2.25300	-96
2.25667	-96
2.26033	-95
2.26400	-95
2.26767	-96
2.27133	-96
2.27500	-96
2.27867	-96
2.28233	-96
2.28600	-96
2.28967	-95
2.29333	-95
2.29700	-94
2.30067	-94
2.30433	-93
2.30800	-93
2.31167	-92
2.31533	-92
2.31900	-91
2.32267	-91
2.32633	-90
2.33000	-90
2.33367	-90
2.33733	-90
2.34100	-90
2.34467	-90
2.34833	-89
2.35200	-89
2.35567	-88
2.35933	-87
2.36300	-85
2.36667	-84
2.37033	-82
2.37400	-79
2.37767	-76
2.38133	-73
2.38500	-69
2.38867	-65
2.39233	-61
2.39600	-56
2.39967	-50
2.40333	-45
2.40700	-41
2.41067	-36
2.41433	-32
2.41800	-28
2.42167	-25
2.42533	-22
2.42900	-19
2.43267	-17
2.43633	-15
2.44000	-12
2.44367	-10
2.44733	-8
2.45100	-6
2.45467	-4
2.45833	-3
2.46200	-2
2.46567	-1
2.46933	-0
2.47300	0
2.47667	1
2.48033	2
2.48400	2
2.48767	4
2.49133	5
2.49500	6
2.49867	7
2.50233	8
2.50600	8
2.50967	8
2.51333	8
2.51700	8
2.52067	9
2.52433	9
2.52800	10
2.53167	11
2.53533	12
2.53900	13
2.54267	13
2.54633	14
2.55000	14
2.55367	14
2.55733	15
2.56100	15
2.56467	15
2.56833	16
2.57200	16
2.57567	16
2.57933	16
2.58300	16
2.58667	16
2.59033	16
2.59400	17
2.59767	17
2.60133	17
2.60500	18
2.60867	18
2.61233	18
2.61600	18
2.61967	18
2.62333	18
2.62700	18
2.63067	18
2.63433	18
2.63800	18
2.64167	19
2.64533	19
2.64900	20
2.65267	20
2.65633	20
2.66000	20
2.66367	19
2.66733	19
2.67100	18
2.67467	17
2.67833	17
2.68200	17
2.68567	17
2.68933	18
2.69300	18
2.69667	19
2.70033	19
2.70400	20
2.70767	21
2.71133	22
2.71500	22
2.71867	23
2.72233	23
2.72600	23
2.72967	23
2.73333	23
2.73700	22
2.74067	22
2.74433	22
2.74800	22
2.75167	22
2.75533	22
2.75900	22
2.76267	22
2.76633	22
2.77000	23
2.77367	23
2.77733	24
2.78100	24
2.78467	25
2.78833	25
2.79200	25
2.79567	25
2.79933	25
2.80300	25
2.80667	25
2.81033	25
2.81400	25
2.81767	24
2.82133	24
2.82500	24
2.82867	24
2.83233	24
2.83600	24
2.83967	24
2.84333	24
2.84700	24
2.85067	24
2.85433	24
2.85800	24
2.86167	24
2.86533	24
2.86900	23
2.87267	21
2.87633	17
2.88000	10
2.88367	1
2.88733	-12
2.89100	-29
2.89467	-49
2.89833	-74
2.90200	-103
2.90567	-136
2.90933	-172
2.91300	-212
2.91667	-256
2.92033	-303
2.92400	-351
2.92767	-395
2.93133	-432
2.93500	-455
2.93867	-465
2.94233	-462
2.94600	-447
2.94967	-424
2.95333	-394
2.95700	-361
2.96067	-327
2.96433	-292
2.96800	-259
2.97167	-227
2.97533	-198
2.97900	-171
2.98267	-147
2.98633	-125
2.99000	-106
2.99367	-89
2.99733	-74
3.00100	-61
3.00467	-50
3.00833	-40
3.01200	-31
3.01567	-24
3.01933	-18
3.02300	-12
3.02667	-8
3.03033	-4
3.03400	0
3.03767	3
3.04133	6
3.04500	8
3.04867	10
3.05233	12
3.05600	13
3.05967	14
3.06333	15
3.06700	16
3.07067	16
3.07433	17
3.07800	17
3.08167	17
3.08533	18
3.08900	18
3.09267	18
3.09633	19
3.10000	19
3.10367	19
3.10733	19
3.11100	19
3.11467	20
3.11833	20
3.12200	20
3.12567	20
3.12933	20
3.13300	20
3.13667	20
3.14033	20
3.14400	20
3.14767	20
3.15133	21
3.15500	20
3.15867	20
3.16233	20
3.16600	20
3.16967	20
3.17333	20
3.17700	20
3.18067	20
3.18433	20
3.18800	20
3.19167	21
3.19533	21
3.19900	21
3.20267	22
3.20633	22
3.21000	22
3.21367	22
3.21733	22
3.22100	22
3.22467	22
3.22833	22
3.23200	22
3.23567	22
3.23933	22
3.24300	23
3.24667	23
3.25033	23
3.25400	23
3.25767	23
3.26133	23
3.26500	23
3.26867	23
3.27233	23
3.27600	23
3.27967	24
3.28333	24
3.28700	23
3.29067	23
3.29433	23
3.29800	24
3.30167	24
3.30533	24
3.30900	24
3.31267	24
3.31633	24
3.32000	25
3.32367	25
3.32733	25
3.33100	25
3.33467	25
3.33833	25
3.34200	25
3.34567	24
3.34933	24
3.35300	24
3.35667	24
3.36033	24
3.36400	24
3.36767	24
3.37133	24
3.37500	24
3.37867	24
3.38233	24
3.38600	24
3.38967	24
3.39333	24
3.39700	24
3.40067	24
3.40433	24
3.40800	24
3.41167	24
3.41533	24
3.41900	24
3.42267	24
3.42633	24
3.43000	24
3.43367	25
3.43733	25
3.44100	25
3.44467	25
3.44833	25
3.45200	25
3.45567	25
3.45933	25
3.46300	24
3.46667	24
3.47033	24
3.47400	25
3.47767	25
3.48133	25
3.48500	25
3.48867	25
3.49233	25
3.49600	25
3.49967	25
3.50333	25
3.50700	25
3.51067	25
3.51433	24
3.51800	24
3.52167	24
3.52533	24
3.52900	24
3.53267	24
3.53633	24
3.54000	24
3.54367	24
3.54733	24
3.55100	24
3.55467	24
3.55833	24
3.56200	24
3.56567	24
3.56933	25
3.57300	25
3.57667	25
3.58033	25
3.58400	25
3.58767	25
3.59133	25
3.59500	25
3.59867	25
3.60233	25
3.60600	25
3.60967	26
3.61333	26
3.61700	26
3.62067	26
3.62433	26
3.62800	26
3.63167	27
3.63533	27
3.63900	27
3.64267	27
3.64633	26
3.65000	26
3.65367	26
3.65733	26
3.66100	26
3.66467	26
3.66833	25
3.67200	25
3.67567	25
3.67933	25
3.68300	25
3.68667	25
3.69033	25
3.69400	25
3.69767	24
3.70133	24
3.70500	24
3.70867	24
3.71233	24
3.71600	24
3.71967	24
3.72333	24
3.72700	24
3.73067	24
3.73433	24
3.73800	24
3.74167	24
3.74533	24
3.74900	24
3.75267	24
3.75633	24
3.76000	24
3.76367	24
3.76733	24
3.77100	24
3.77467	25
3.77833	25
3.78200	25
3.78567	25
3.78933	25
3.79300	25
3.79667	25
3.80033	25
3.80400	25
3.80767	25
3.81133	25
3.81500	26
3.81867	26
3.82233	26
3.82600	26
3.82967	26
3.83333	26
3.83700	26
3.84067	26
3.84433	25
3.84800	25
3.85167	25
3.85533	25
3.85900	25
3.86267	25
3.86633	25
3.87000	25
3.87367	25
3.87733	24
3.88100	24
3.88467	24
3.88833	24
3.89200	24
3.89567	24
3.89933	24
3.90300	24
3.90667	25
3.91033	25
3.91400	25
3.91767	25
3.92133	25
3.92500	25
3.92867	25
3.93233	25
3.93600	25
3.93967	25
3.94333	25
3.94700	25
3.95067	25
3.95433	25
3.95800	25
3.96167	25
3.96533	25
3.96900	25
3.97267	25
3.97633	25
3.98000	25
3.98367	25
3.98733	25
3.99100	25
3.99467	25
3.99833	25

[Chromatogram (Ch3)]
Interval(msec)	220
# of Points	1091
Start Time(min)	0.002
End Time(min)	3.998
R.Time (min)	Intensity
0.00167	0
0.00533	1
0.00900	2
0.01267	1
0.01633	-0
0.02000	0
0.02367	3
0.02733	6
0.03100	5
0.03467	3
0.03833	2
0.04200	1
0.04567	2
0.04933	3
0.05300	3
0.05667	5
0.06033	6
0.06400	7
0.06767	7
0.07133	6
0.07500	3
0.07867	0
0.08233	0
0.08600	2
0.08967	0
0.09333	-1
0.09700	-2
0.10067	-1
0.10433	-0
0.10800	0
0.11167	-1
0.11533	-1
0.11900	-2
0.12267	-1
0.12633	1
0.13000	3
0.13367	4
0.13733	4
0.14100	3
0.14467	2
0.14833	2
0.15200	4
0.15567	5
0.15933	5
0.16300	4
0.16667	3
0.17033	5
0.17400	7
0.17767	8
0.18133	9
0.18500	8
0.18867	6
0.19233	8
0.19600	10
0.19967	9
0.20333	8
0.20700	5
0.21067	3
0.21433	-0
0.21800	-2
0.22167	-2
0.22533	-2
0.22900	-1
0.23267	0
0.23633	2
0.24000	5
0.24367	5
0.24733	6
0.25100	7
0.25467	8
0.25833	11
0.26200	12
0.26567	10
0.26933	8
0.27300	8
0.27667	8
0.28033	9
0.28400	8
0.28767	8
0.29133	7
0.29500	6
0.29867	6
0.30233	5
0.30600	5
0.30967	5
0.31333	7
0.31700	8
0.32067	9
0.32433	11
0.32800	13
0.33167	13
0.33533	13
0.33900	13
0.34267	12
0.34633	13
0.35000	14
0.35367	14
0.35733	12
0.36100	11
0.36467	11
0.36833	11
0.37200	12
0.37567	11
0.37933	11
0.38300	11
0.38667	11
0.39033	11
0.39400	12
0.39767	12
0.40133	11
0.40500	14
0.40867	16
0.41233	16
0.41600	14
0.41967	11
0.42333	10
0.42700	8
0.43067	10
0.43433	12
0.43800	12
0.44167	13
0.44533	13
0.44900	14
0.45267	15
0.45633	15
0.46000	15
0.46367	15
0.46733	16
0.47100	16
0.47467	14
0.47833	13
0.48200	12
0.48567	12
0.48933	13
0.49300	16
0.49667	18
0.50033	18
0.50400	19
0.50767	18
0.51133	20
0.51500	21
0.51867	19
0.52233	17
0.52600	19
0.52967	21
0.53333	21
0.53700	21
0.54067	21
0.54433	21
0.54800	18
0.55167	17
0.55533	18
0.55900	18
0.56267	18
0.56633	19
0.57000	19
0.57367	17
0.57733	16
0.58100	15
0.58467	16
0.58833	17
0.59200	17
0.59567	19
0.59933	21
0.60300	22
0.60667	22
0.61033	22
0.61400	21
0.61767	20
0.62133	18
0.62500	17
0.62867	16
0.63233	15
0.63600	15
0.63967	16
0.64333	15
0.64700	14
0.65067	15
0.65433	16
0.65800	17
0.66167	17
0.66533	16
0.66900	15
0.67267	16
0.67633	18
0.68000	21
0.68367	22
0.68733	25
0.69100	27
0.69467	28
0.69833	28
0.70200	27
0.70567	29
0.70933	29
0.71300	23
0.71667	21
0.72033	22
0.72400	22
0.72767	24
0.73133	26
0.73500	29
0.73867	29
0.74233	26
0.74600	24
0.74967	24
0.75333	25
0.75700	27
0.76067	30
0.76433	33
0.76800	33
0.77167	34
0.77533	34
0.77900	33
0.78267	34
0.78633	33
0.79000	32
0.79367	31
0.79733	33
0.80100	33
0.80467	32
0.80833	31
0.81200	29
0.81567	29
0.81933	29
0.82300	30
0.82667	30
0.83033	30
0.83400	29
0.83767	29
0.84133	31
0.84500	31
0.84867	31
0.85233	33
0.85600	32
0.85967	31
0.86333	31
0.86700	30
0.87067	30
0.87433	29
0.87800	31
0.88167	36
0.88533	39
0.88900	40
0.89267	39
0.89633	37
0.90000	37
0.90367	35
0.90733	34
0.91100	33
0.91467	33
0.91833	34
0.92200	34
0.92567	35
0.92933	36
0.93300	38
0.93667	37
0.94033	36
0.94400	36
0.94767	39
0.95133	41
0.95500	41
0.95867	40
0.96233	39
0.96600	39
0.96967	39
0.97333	40
0.97700	40
0.98067	40
0.98433	40
0.98800	41
0.99167	41
0.99533	40
0.99900	38
1.00267	38
1.00633	40
1.01000	41
1.01367	40
1.01733	40
1.02100	41
1.02467	41
1.02833	39
1.03200	37
1.03567	36
1.03933	37
1.04300	39
1.04667	40
1.05033	41
1.05400	42
1.05767	40
1.06133	40
1.06500	39
1.06867	39
1.07233	40
1.07600	41
1.07967	41
1.08333	41
1.08700	41
1.09067	41
1.09433	40
1.09800	40
1.10167	41
1.10533	42
1.10900	44
1.11267	46
1.11633	45
1.12000	43
1.12367	43
1.12733	43
1.13100	42
1.13467	41
1.13833	41
1.14200	41
1.14567	43
1.14933	45
1.15300	43
1.15667	42
1.16033	44
1.16400	45
1.16767	46
1.17133	46
1.17500	47
1.17867	48
1.18233	47
1.18600	47
1.18967	47
1.19333	49
1.19700	48
1.20067	47
1.20433	46
1.20800	47
1.21167	48
1.21533	48
1.21900	49
1.22267	50
1.22633	49
1.23000	49
1.23367	49
1.23733	49
1.24100	51
1.24467	52
1.24833	50
1.25200	49
1.25567	49
1.25933	50
1.26300	53
1.26667	55
1.27033	53
1.27400	51
1.27767	52
1.28133	54
1.28500	54
1.28867	53
1.29233	52
1.29600	53
1.29967	53
1.30333	52
1.30700	52
1.31067	52
1.31433	50
1.31800	50
1.32167	48
1.32533	47
1.32900	50
1.33267	52
1.33633	52
1.34000	50
1.34367	50
1.34733	51
1.35100	52
1.35467	51
1.35833	52
1.36200	54
1.36567	57
1.36933	58
1.37300	58
1.37667	59
1.38033	57
1.38400	55
1.38767	54
1.39133	55
1.39500	57
1.39867	60
1.40233	58
1.40600	54
1.40967	54
1.41333	55
1.41700	54
1.42067	54
1.42433	56
1.42800	58
1.43167	59
1.43533	58
1.43900	59
1.44267	59
1.44633	59
1.45000	61
1.45367	62
1.45733	64
1.46100	63
1.46467	63
1.46833	63
1.47200	64
1.47567	64
1.47933	65
1.48300	65
1.48667	65
1.49033	66
1.49400	66
1.49767	66
1.50133	66
1.50500	66
1.50867	66
1.51233	65
1.51600	62
1.51967	61
1.52333	62
1.52700	62
1.53067	60
1.53433	60
1.53800	62
1.54167	63
1.54533	63
1.54900	62
1.55267	62
1.55633	62
1.56000	63
1.56367	64
1.56733	63
1.57100	62
1.57467	60
1.57833	61
1.58200	64
1.58567	66
1.58933	67
1.59300	67
1.59667	67
1.60033	67
1.60400	69
1.60767	69
1.61133	67
1.61500	65
1.61867	65
1.62233	68
1.62600	71
1.62967	71
1.63333	70
1.63700	68
1.64067	68
1.64433	70
1.64800	73
1.65167	74
1.65533	75
1.65900	77
1.66267	78
1.66633	79
1.67000	79
1.67367	79
1.67733	80
1.68100	78
1.68467	77
1.68833	77
1.69200	76
1.69567	79
1.69933	81
1.70300	84
1.70667	86
1.71033	86
1.71400	86
1.71767	87
1.72133	89
1.72500	92
1.72867	92
1.73233	92
1.73600	91
1.73967	91
1.74333	91
1.74700	93
1.75067	93
1.75433	93
1.75800	94
1.76167	97
1.76533	100
1.76900	103
1.77267	103
1.77633	103
1.78000	104
1.78367	105
1.78733	107
1.79100	106
1.79467	104
1.79833	105
1.80200	107
1.80567	107
1.80933	107
1.81300	108
1.81667	110
1.82033	114
1.82400	116
1.82767	115
1.83133	113
1.83500	112
1.83867	113
1.84233	115
1.84600	116
1.84967	117
1.85333	118
1.85700	120
1.86067	121
1.86433	118
1.86800	116
1.87167	115
1.87533	114
1.87900	114
1.88267	115
1.88633	117
1.89000	118
1.89367	120
1.89733	121
1.90100	122
1.90467	123
1.90833	122
1.91200	122
1.91567	123
1.91933	124
1.92300	126
1.92667	127
1.93033	128
1.93400	128
1.93767	132
1.94133	133
1.94500	133
1.94867	131
1.95233	130
1.95600	132
1.95967	133
1.96333	133
1.96700	134
1.97067	135
1.97433	135
1.97800	137
1.98167	138
1.98533	139
1.98900	140
1.99267	140
1.99633	141
2.00000	142
2.00367	144
2.00733	143
2.01100	142
2.01467	143
2.01833	144
2.02200	145
2.02567	146
2.02933	150
2.03300	154
2.03667	155
2.04033	155
2.04400	156
2.04767	158
2.05133	159
2.05500	160
2.05867	162
2.06233	164
2.06600	165
2.06967	167
2.07333	170
2.07700	173
2.08067	176
2.08433	179
2.08800	180
2.09167	180
2.09533	179
2.09900	178
2.10267	180
2.10633	184
2.11000	190
2.11367	195
2.11733	197
2.12100	196
2.12467	193
2.12833	193
2.13200	195
2.13567	198
2.13933	199
2.14300	202
2.14667	204
2.15033	206
2.15400	207
2.15767	207
2.16133	206
2.16500	207
2.16867	209
2.17233	210
2.17600	210
2.17967	211
2.18333	213
2.18700	216
2.19067	219
2.19433	221
2.19800	222
2.20167	222
2.20533	223
2.20900	223
2.21267	222
2.21633	223
2.22000	227
2.22367	230
2.22733	233
2.23100	236
2.23467	237
2.23833	238
2.24200	237
2.24567	236
2.24933	237
2.25300	238
2.25667	242
2.26033	243
2.26400	242
2.26767	242
2.27133	243
2.27500	245
2.27867	247
2.28233	248
2.28600	250
2.28967	250
2.29333	251
2.29700	251
2.30067	251
2.30433	251
2.30800	252
2.31167	254
2.31533	254
2.31900	257
2.32267	260
2.32633	263
2.33000	267
2.33367	271
2.33733	275
2.34100	279
2.34467	282
2.34833	283
2.35200	282
2.35567	280
2.35933	278
2.36300	279
2.36667	281
2.37033	284
2.37400	284
2.37767	283
2.38133	282
2.38500	283
2.38867	281
2.39233	281
2.39600	282
2.39967	283
2.40333	283
2.40700	286
2.41067	287
2.41433	290
2.41800	292
2.42167	292
2.42533	295
2.42900	298
2.43267	301
2.43633	304
2.44000	305
2.44367	304
2.44733	307
2.45100	313
2.45467	318
2.45833	321
2.46200	322
2.46567	320
2.46933	318
2.47300	315
2.47667	315
2.48033	316
2.48400	318
2.48767	320
2.49133	320
2.49500	321
2.49867	321
2.50233	321
2.50600	318
2.50967	314
2.51333	312
2.51700	310
2.52067	311
2.52433	311
2.52800	308
2.53167	306
2.53533	304
2.53900	301
2.54267	301
2.54633	302
2.55000	303
2.55367	299
2.55733	296
2.56100	296
2.56467	294
2.56833	292
2.57200	290
2.57567	290
2.57933	290
2.58300	288
2.58667	285
2.59033	281
2.59400	279
2.59767	278
2.60133	275
2.60500	275
2.60867	273
2.61233	270
2.61600	263
2.61967	254
2.62333	239
2.62700	219
2.63067	195
2.63433	169
2.63800	144
2.64167	124
2.64533	108
2.64900	95
2.65267	87
2.65633	83
2.66000	82
2.66367	86
2.66733	91
2.67100	95
2.67467	98
2.67833	104
2.68200	109
2.68567	111
2.68933	116
2.69300	121
2.69667	125
2.70033	129
2.70400	133
2.70767	138
2.71133	141
2.71500	143
2.71867	145
2.72233	149
2.72600	152
2.72967	154
2.73333	156
2.73700	159
2.74067	163
2.74433	166
2.74800	170
2.75167	172
2.75533	174
2.75900	174
2.76267	175
2.76633	177
2.77000	179
2.77367	180
2.77733	181
2.78100	181
2.78467	182
2.78833	182
2.79200	183
2.79567	183
2.79933	186
2.80300	187
2.80667	186
2.81033	187
2.81400	188
2.81767	186
2.82133	185
2.82500	184
2.82867	182
2.83233	182
2.83600	186
2.83967	198
2.84333	224
2.84700	284
2.85067	400
2.85433	598
2.85800	901
2.86167	1313
2.86533	1815
2.86900	2356
2.87267	2874
2.87633	3316
2.88000	3638
2.88367	3820
2.88733	3867
2.89100	3798
2.89467	3633
2.89833	3407
2.90200	3141
2.90567	2858
2.90933	2577
2.91300	2309
2.91667	2057
2.92033	1825
2.92400	1616
2.92767	1428
2.93133	1261
2.93500	1114
2.93867	985
2.94233	872
2.94600	775
2.94967	690
2.95333	615
2.95700	550
2.96067	495
2.96433	448
2.96800	408
2.97167	371
2.97533	341
2.97900	317
2.98267	293
2.98633	270
2.99000	249
2.99367	234
2.99733	222
3.00100	213
3.00467	206
3.00833	199
3.01200	192
3.01567	185
3.01933	176
3.02300	168
3.02667	164
3.03033	163
3.03400	162
3.03767	157
3.04133	152
3.04500	147
3.04867	145
3.05233	142
3.05600	140
3.05967	139
3.06333	137
3.06700	137
3.07067	134
3.07433	130
3.07800	129
3.08167	130
3.08533	131
3.08900	129
3.09267	127
3.09633	125
3.10000	124
3.10367	122
3.10733	121
3.11100	118
3.11467	115
3.11833	114
3.12200	114
3.12567	110
3.12933	107
3.13300	107
3.13667	108
3.14033	107
3.14400	106
3.14767	105
3.15133	103
3.15500	101
3.15867	99
3.16233	97
3.16600	97
3.16967	97
3.17333	97
3.17700	97
3.18067	96
3.18433	98
3.18800	98
3.19167	99
3.19533	98
3.19900	96
3.20267	93
3.20633	91
3.21000	89
3.21367	86
3.21733	87
3.22100	89
3.22467	91
3.22833	92
3.23200	93
3.23567	93
3.23933	91
3.24300	87
3.24667	85
3.25033	85
3.25400	84
3.25767	82
3.26133	81
3.26500	81
3.26867	80
3.27233	80
3.27600	81
3.27967	81
3.28333	80
3.28700	80
3.29067	80
3.29433	78
3.29800	77
3.30167	76
3.30533	75
3.30900	73
3.31267	72
3.31633	71
3.32000	70
3.32367	71
3.32733	72
3.33100	71
3.33467	70
3.33833	68
3.34200	68
3.34567	67
3.34933	71
3.35300	72
3.35667	71
3.36033	71
3.36400	72
3.36767	73
3.37133	74
3.37500	74
3.37867	74
3.38233	72
3.38600	72
3.38967	71
3.39333	68
3.39700	64
3.40067	63
3.40433	64
3.40800	64
3.41167	64
3.41533	63
3.41900	60
3.42267	59
3.42633	57
3.43000	58
3.43367	58
3.43733	57
3.44100	59
3.44467	60
3.44833	59
3.45200	58
3.45567	58
3.45933	59
3.46300	60
3.46667	61
3.47033	64
3.47400	67
3.47767	67
3.48133	64
3.48500	64
3.48867	62
3.49233	60
3.49600	58
3.49967	58
3.50333	58
3.50700	57
3.51067	56
3.51433	54
3.51800	54
3.52167	56
3.52533	56
3.52900	56
3.53267	56
3.53633	54
3.54000	53
3.54367	53
3.54733	49
3.55100	48
3.55467	48
3.55833	47
3.56200	46
3.56567	45
3.56933	44
3.57300	44
3.57667	44
3.58033	44
3.58400	42
3.58767	43
3.59133	44
3.59500	44
3.59867	43
3.60233	41
3.60600	40
3.60967	40
3.61333	39
3.61700	39
3.62067	38
3.62433	36
3.62800	35
3.63167	35
3.63533	36
3.63900	36
3.64267	35
3.64633	35
3.65000	37
3.65367	38
3.65733	38
3.66100	37
3.66467	35
3.66833	34
3.67200	32
3.67567	31
3.67933	30
3.68300	30
3.68667	30
3.69033	31
3.69400	33
3.69767	34
3.70133	36
3.70500	35
3.70867	33
3.71233	33
3.71600	31
3.71967	29
3.72333	27
3.72700	26
3.73067	26
3.73433	27
3.73800	27
3.74167	28
3.74533	28
3.74900	25
3.75267	21
3.75633	19
3.76000	19
3.76367	19
3.76733	21
3.77100	23
3.77467	24
3.77833	25
3.78200	25
3.78567	24
3.78933	22
3.79300	21
3.79667	20
3.80033	23
3.80400	25
3.80767	24
3.81133	22
3.81500	20
3.81867	22
3.82233	25
3.82600	24
3.82967	22
3.83333	21
3.83700	22
3.84067	22
3.84433	20
3.84800	19
3.85167	19
3.85533	20
3.85900	20
3.86267	19
3.86633	16
3.87000	14
3.87367	13
3.87733	14
3.88100	14
3.88467	15
3.88833	15
3.89200	14
3.89567	14
3.89933	15
3.90300	16
3.90667	18
3.91033	20
3.91400	22
3.91767	21
3.92133	20
3.92500	21
3.92867	22
3.93233	23
3.93600	24
3.93967	25
3.94333	25
3.94700	23
3.95067	23
3.95433	22
3.95800	21
3.96167	20
3.96533	21
3.96900	21
3.97267	20
3.97633	22
3.98000	21
3.98367	20
3.98733	20
3.99100	20
3.99467	22
3.99833	23

[Status Trace (Column Oven Temperature)]
Interval(msec)	1000
# of Points	240
Start Time(min)	0.014
End Time(min)	3.997
Intensity Units	
Intensity Multiplier	1
R.Time (min)	Intensity
0.01393	35.00
0.03060	34.99
0.04727	34.99
0.06393	35.00
0.08060	35.01
0.09727	35.01
0.11393	35.01
0.13060	35.01
0.14727	35.01
0.16393	34.99
0.18060	34.99
0.19727	34.98
0.21393	34.97
0.23060	34.96
0.24727	34.96
0.26393	34.96
0.28060	34.96
0.29727	34.95
0.31393	34.94
0.33060	34.95
0.34727	34.96
0.36393	34.96
0.38060	34.96
0.39727	34.97
0.41393	34.97
0.43060	34.96
0.44727	34.96
0.46393	34.97
0.48060	34.98
0.49727	35.00
0.51393	35.00
0.53060	35.01
0.54727	35.00
0.56393	34.99
0.58060	34.98
0.59727	34.98
0.61393	34.97
0.63060	34.97
0.64727	34.96
0.66393	34.97
0.68060	34.97
0.69727	34.97
0.71393	34.97
0.73060	34.98
0.74727	34.98
0.76393	34.99
0.78060	35.00
0.79727	35.00
0.81393	35.00
0.83060	34.99
0.84727	34.99
0.86393	34.98
0.88060	34.98
0.89727	34.98
0.91393	34.98
0.93060	34.98
0.94727	34.98
0.96393	34.98
0.98060	34.98
0.99727	34.98
1.01393	34.99
1.03060	34.99
1.04727	34.99
1.06393	34.99
1.08060	34.99
1.09727	34.99
1.11393	34.99
1.13060	34.99
1.14727	34.98
1.16393	34.99
1.18060	34.99
1.19727	34.99
1.21393	35.00
1.23060	35.00
1.24727	35.00
1.26393	35.00
1.28060	34.99
1.29727	34.99
1.31393	34.98
1.33060	34.98
1.34727	34.99
1.36393	34.99
1.38060	34.99
1.39727	35.00
1.41393	34.99
1.43060	34.99
1.44727	34.99
1.46393	34.98
1.48060	34.99
1.49727	34.99
1.51393	34.99
1.53060	34.99
1.54727	34.99
1.56393	34.98
1.58060	34.99
1.59727	35.01
1.61393	35.10
1.63060	35.26
1.64727	35.48
1.66393	35.75
1.68060	36.13
1.69727	36.49
1.71393	36.81
1.73060	37.12
1.74727	37.45
1.76393	37.81
1.78060	38.12
1.79727	38.47
1.81393	38.80
1.83060	39.11
1.84727	39.45
1.86393	39.79
1.88060	40.11
1.89727	40.45
1.91393	40.77
1.93060	41.10
1.94727	41.42
1.96393	41.76
1.98060	42.09
1.99727	42.39
2.01393	42.72
2.03060	43.05
2.04727	43.38
2.06393	43.69
2.08060	44.01
2.09727	44.35
2.11393	44.68
2.13060	45.00
2.14727	45.33
2.16393	45.65
2.18060	45.96
2.19727	46.32
2.21393	46.61
2.23060	46.95
2.24727	47.28
2.26393	47.61
2.28060	47.94
2.29727	48.28
2.31393	48.61
2.33060	48.93
2.34727	49.26
2.36393	49.53
2.38060	49.66
2.39727	49.67
2.41393	49.67
2.43060	49.68
2.44727	49.67
2.46393	49.67
2.48060	49.69
2.49727	49.68
2.51393	49.73
2.53060	49.73
2.54727	49.75
2.56393	49.75
2.58060	49.76
2.59727	49.77
2.61393	49.79
2.63060	49.81
2.64727	49.80
2.66393	49.84
2.68060	49.86
2.69727	49.85
2.71393	49.85
2.73060	49.87
2.74727	49.87
2.76393	49.87
2.78060	49.85
2.79727	49.85
2.81393	49.86
2.83060	49.87
2.84727	49.87
2.86393	49.87
2.88060	49.88
2.89727	49.89
2.91393	49.92
2.93060	49.93
2.94727	49.96
2.96393	49.97
2.98060	49.98
2.99727	49.99
3.01393	49.99
3.03060	49.99
3.04727	50.00
3.06393	50.00
3.08060	50.01
3.09727	50.02
3.11393	50.03
3.13060	50.04
3.14727	50.05
3.16393	50.07
3.18060	50.08
3.19727	50.09
3.21393	50.09
3.23060	50.09
3.24727	50.10
3.26393	50.10
3.28060	50.10
3.29727	50.10
3.31393	50.10
3.33060	50.09
3.34727	50.09
3.36393	50.10
3.38060	50.09
3.39727	50.08
3.41393	50.08
3.43060	50.08
3.44727	50.08
3.46393	50.08
3.48060	50.08
3.49727	50.07
3.51393	50.08
3.53060	50.09
3.54727	50.09
3.56393	50.08
3.58060	50.08
3.59727	50.08
3.61393	50.08
3.63060	50.06
3.64727	50.06
3.66393	50.06
3.68060	50.06
3.69727	50.07
3.71393	50.08
3.73060	50.09
3.74727	50.09
3.76393	50.09
3.78060	50.07
3.79727	50.07
3.81393	50.07
3.83060	50.07
3.84727	50.06
3.86393	50.06
3.88060	50.06
3.89727	50.06
3.91393	50.07
3.93060	50.06
3.94727	50.06
3.96393	50.06
3.98060	50.05
3.99727	50.05

[Status Trace (Injection Unit Temperature)]
Interval(msec)	1000
# of Points	240
Start Time(min)	0.014
End Time(min)	3.997
Intensity Units	
Intensity Multiplier	1
R.Time (min)	Intensity
0.01393	99.98
0.03060	99.98
0.04727	99.98
0.06393	99.98
0.08060	99.98
0.09727	99.98
0.11393	99.98
0.13060	99.98
0.14727	99.98
0.16393	99.98
0.18060	99.98
0.19727	99.98
0.21393	99.98
0.23060	99.98
0.24727	99.98
0.26393	99.98
0.28060	99.98
0.29727	99.98
0.31393	99.98
0.33060	99.98
0.34727	99.98
0.36393	99.98
0.38060	99.98
0.39727	99.98
0.41393	99.98
0.43060	99.98
0.44727	99.98
0.46393	99.98
0.48060	99.98
0.49727	99.98
0.51393	99.98
0.53060	99.98
0.54727	99.98
0.56393	99.98
0.58060	99.98
0.59727	99.98
0.61393	99.98
0.63060	99.98
0.64727	99.98
0.66393	99.98
0.68060	99.98
0.69727	99.98
0.71393	99.98
0.73060	99.99
0.74727	99.99
0.76393	99.98
0.78060	99.98
0.79727	99.99
0.81393	99.99
0.83060	99.99
0.84727	99.98
0.86393	99.98
0.88060	99.98
0.89727	99.98
0.91393	99.99
0.93060	99.98
0.94727	99.99
0.96393	99.99
0.98060	99.98
0.99727	99.99
1.01393	99.98
1.03060	99.98
1.04727	99.99
1.06393	99.98
1.08060	99.99
1.09727	99.99
1.11393	99.98
1.13060	99.98
1.14727	99.98
1.16393	99.98
1.18060	99.99
1.19727	99.99
1.21393	99.98
1.23060	99.98
1.24727	99.99
1.26393	99.98
1.28060	99.99
1.29727	99.99
1.31393	99.99
1.33060	99.98
1.34727	99.98
1.36393	99.99
1.38060	99.99
1.39727	99.98
1.41393	99.98
1.43060	99.98
1.44727	99.99
1.46393	99.99
1.48060	99.99
1.49727	99.98
1.51393	99.98
1.53060	99.99
1.54727	99.99
1.56393	99.98
1.58060	99.99
1.59727	99.99
1.61393	99.98
1.63060	99.98
1.64727	99.99
1.66393	99.99
1.68060	99.98
1.69727	99.99
1.71393	99.99
1.73060	99.99
1.74727	99.98
1.76393	99.98
1.78060	99.99
1.79727	99.98
1.81393	99.98
1.83060	99.98
1.84727	99.99
1.86393	99.98
1.88060	99.98
1.89727	99.99
1.91393	99.98
1.93060	99.98
1.94727	99.98
1.96393	99.98
1.98060	99.98
1.99727	99.98
2.01393	99.98
2.03060	99.98
2.04727	99.98
2.06393	99.98
2.08060	99.97
2.09727	99.98
2.11393	99.98
2.13060	99.97
2.14727	99.98
2.16393	99.97
2.18060	99.98
2.19727	99.98
2.21393	99.97
2.23060	99.97
2.24727	99.97
2.26393	99.97
2.28060	99.97
2.29727	99.97
2.31393	99.98
2.33060	99.97
2.34727	99.97
2.36393	99.97
2.38060	99.97
2.39727	99.97
2.41393	99.97
2.43060	99.97
2.44727	99.97
2.46393	99.97
2.48060	99.97
2.49727	99.98
2.51393	99.98
2.53060	99.97
2.54727	99.98
2.56393	99.98
2.58060	99.98
2.59727	99.98
2.61393	99.98
2.63060	99.98
2.64727	99.98
2.66393	99.98
2.68060	99.98
2.69727	99.98
2.71393	99.98
2.73060	99.99
2.74727	99.99
2.76393	99.99
2.78060	99.99
2.79727	99.99
2.81393	99.99
2.83060	99.99
2.84727	99.99
2.86393	100.00
2.88060	100.00
2.89727	99.99
2.91393	100.00
2.93060	100.00
2.94727	100.00
2.96393	100.00
2.98060	100.00
2.99727	100.00
3.01393	100.01
3.03060	100.01
3.04727	100.00
3.06393	100.01
3.08060	100.01
3.09727	100.01
3.11393	100.01
3.13060	100.01
3.14727	100.01
3.16393	100.01
3.18060	100.02
3.19727	100.01
3.21393	100.02
3.23060	100.02
3.24727	100.02
3.26393	100.02
3.28060	100.02
3.29727	100.02
3.31393	100.03
3.33060	100.02
3.34727	100.03
3.36393	100.03
3.38060	100.03
3.39727	100.03
3.41393	100.03
3.43060	100.03
3.44727	100.03
3.46393	100.03
3.48060	100.04
3.49727	100.04
3.51393	100.03
3.53060	100.04
3.54727	100.04
3.56393	100.04
3.58060	100.04
3.59727	100.04
3.61393	100.04
3.63060	100.04
3.64727	100.04
3.66393	100.04
3.68060	100.05
3.69727	100.05
3.71393	100.05
3.73060	100.05
3.74727	100.05
3.76393	100.05
3.78060	100.05
3.79727	100.05
3.81393	100.05
3.83060	100.05
3.84727	100.05
3.86393	100.06
3.88060	100.06
3.89727	100.05
3.91393	100.05
3.93060	100.06
3.94727	100.06
3.96393	100.06
3.98060	100.06
3.99727	100.06

[Status Trace (Carrier Gas Pressure)]
Interval(msec)	1000
# of Points	240
Start Time(min)	0.014
End Time(min)	3.997
Intensity Units	
Intensity Multiplier	1
R.Time (min)	Intensity
0.01393	57.51
0.03060	55.24
0.04727	57.82
0.06393	59.79
0.08060	58.91
0.09727	57.99
0.11393	57.99
0.13060	58.01
0.14727	58.01
0.16393	58.00
0.18060	58.00
0.19727	58.00
0.21393	58.00
0.23060	58.00
0.24727	58.00
0.26393	58.00
0.28060	58.00
0.29727	58.00
0.31393	58.00
0.33060	58.00
0.34727	58.00
0.36393	58.00
0.38060	58.00
0.39727	58.00
0.41393	58.00
0.43060	58.00
0.44727	58.00
0.46393	58.00
0.48060	58.00
0.49727	58.00
0.51393	58.00
0.53060	58.00
0.54727	58.00
0.56393	58.00
0.58060	58.00
0.59727	58.00
0.61393	58.00
0.63060	58.00
0.64727	58.00
0.66393	58.00
0.68060	58.00
0.69727	58.00
0.71393	58.00
0.73060	58.00
0.74727	58.00
0.76393	58.00
0.78060	58.00
0.79727	58.00
0.81393	58.00
0.83060	58.00
0.84727	58.00
0.86393	58.00
0.88060	58.00
0.89727	58.00
0.91393	58.00
0.93060	58.00
0.94727	58.00
0.96393	58.00
0.98060	58.00
0.99727	58.00
1.01393	58.00
1.03060	58.00
1.04727	58.00
1.06393	58.00
1.08060	58.00
1.09727	58.00
1.11393	58.00
1.13060	58.00
1.14727	58.00
1.16393	58.00
1.18060	58.00
1.19727	58.00
1.21393	58.00
1.23060	58.00
1.24727	58.00
1.26393	58.00
1.28060	58.00
1.29727	58.00
1.31393	58.00
1.33060	58.00
1.34727	58.00
1.36393	58.00
1.38060	58.00
1.39727	58.00
1.41393	58.00
1.43060	58.00
1.44727	58.00
1.46393	58.00
1.48060	58.00
1.49727	58.00
1.51393	58.00
1.53060	58.00
1.54727	58.00
1.56393	58.00
1.58060	58.00
1.59727	58.00
1.61393	58.00
1.63060	58.00
1.64727	58.01
1.66393	58.00
1.68060	58.01
1.69727	58.00
1.71393	58.00
1.73060	58.00
1.74727	58.00
1.76393	58.00
1.78060	58.00
1.79727	58.00
1.81393	58.00
1.83060	58.00
1.84727	58.00
1.86393	58.00
1.88060	58.00
1.89727	58.00
1.91393	58.00
1.93060	58.00
1.94727	58.00
1.96393	58.00
1.98060	58.00
1.99727	58.00
2.01393	58.00
2.03060	58.00
2.04727	58.00
2.06393	58.00
2.08060	58.00
2.09727	58.00
2.11393	58.00
2.13060	58.00
2.14727	58.00
2.16393	58.00
2.18060	58.00
2.19727	58.00
2.21393	58.00
2.23060	58.00
2.24727	58.00
2.26393	58.00
2.28060	58.00
2.29727	58.00
2.31393	58.00
2.33060	58.00
2.34727	58.00
2.36393	58.00
2.38060	57.99
2.39727	57.99
2.41393	58.00
2.43060	58.00
2.44727	58.00
2.46393	58.00
2.48060	58.00
2.49727	58.00
2.51393	57.99
2.53060	57.99
2.54727	58.00
2.56393	58.00
2.58060	58.00
2.59727	58.00
2.61393	58.00
2.63060	58.00
2.64727	58.00
2.66393	58.00
2.68060	58.00
2.69727	58.00
2.71393	58.00
2.73060	58.00
2.74727	58.00
2.76393	58.00
2.78060	58.00
2.79727	58.00
2.81393	58.00
2.83060	58.00
2.84727	58.00
2.86393	58.00
2.88060	58.00
2.89727	58.00
2.91393	58.00
2.93060	58.00
2.94727	58.00
2.96393	58.00
2.98060	58.00
2.99727	58.00
3.01393	58.00
3.03060	58.00
3.04727	58.00
3.06393	58.00
3.08060	58.00
3.09727	58.00
3.11393	58.00
3.13060	58.00
3.14727	58.00
3.16393	58.00
3.18060	58.00
3.19727	58.00
3.21393	58.00
3.23060	58.00
3.24727	58.00
3.26393	58.00
3.28060	58.00
3.29727	58.00
3.31393	58.00
3.33060	58.00
3.34727	58.00
3.36393	58.00
3.38060	58.00
3.39727	58.00
3.41393	58.00
3.43060	58.00
3.44727	58.00
3.46393	58.00
3.48060	58.00
3.49727	58.00
3.51393	58.00
3.53060	58.00
3.54727	58.00
3.56393	58.00
3.58060	58.00
3.59727	58.00
3.61393	58.00
3.63060	58.00
3.64727	58.00
3.66393	58.00
3.68060	58.00
3.69727	58.00
3.71393	58.00
3.73060	58.00
3.74727	58.00
3.76393	58.00
3.78060	58.00
3.79727	58.00
3.81393	58.00
3.83060	58.00
3.84727	58.00
3.86393	58.00
3.88060	58.00
3.89727	58.00
3.91393	58.00
3.93060	58.00
3.94727	58.00
3.96393	58.00
3.98060	58.00
3.99727	58.00

[Status Trace (Carrier Gas Flow)]
Interval(msec)	1000
# of Points	240
Start Time(min)	0.014
End Time(min)	3.997
Intensity Units	
Intensity Multiplier	1
R.Time (min)	Intensity
0.01393	34.18
0.03060	34.54
0.04727	34.54
0.06393	34.52
0.08060	34.50
0.09727	34.52
0.11393	34.52
0.13060	34.52
0.14727	34.52
0.16393	34.52
0.18060	34.52
0.19727	34.52
0.21393	34.52
0.23060	34.52
0.24727	34.52
0.26393	34.52
0.28060	34.52
0.29727	34.52
0.31393	34.52
0.33060	34.52
0.34727	34.52
0.36393	34.52
0.38060	34.52
0.39727	34.52
0.41393	34.52
0.43060	34.52
0.44727	34.52
0.46393	34.52
0.48060	34.52
0.49727	34.52
0.51393	34.52
0.53060	34.52
0.54727	34.52
0.56393	34.52
0.58060	34.52
0.59727	34.52
0.61393	34.52
0.63060	34.52
0.64727	34.52
0.66393	34.52
0.68060	34.52
0.69727	34.52
0.71393	34.52
0.73060	34.52
0.74727	34.52
0.76393	34.52
0.78060	34.52
0.79727	34.52
0.81393	34.52
0.83060	34.52
0.84727	34.52
0.86393	34.52
0.88060	34.52
0.89727	34.52
0.91393	34.52
0.93060	34.52
0.94727	34.52
0.96393	34.52
0.98060	34.52
0.99727	34.52
1.01393	34.52
1.03060	34.52
1.04727	34.52
1.06393	34.52
1.08060	34.52
1.09727	34.52
1.11393	34.52
1.13060	34.52
1.14727	34.52
1.16393	34.52
1.18060	34.52
1.19727	34.52
1.21393	34.52
1.23060	34.52
1.24727	34.52
1.26393	34.52
1.28060	34.52
1.29727	34.52
1.31393	34.52
1.33060	34.51
1.34727	34.52
1.36393	34.52
1.38060	34.52
1.39727	34.52
1.41393	34.52
1.43060	34.52
1.44727	34.52
1.46393	34.52
1.48060	34.51
1.49727	34.52
1.51393	34.52
1.53060	34.52
1.54727	34.51
1.56393	34.52
1.58060	34.52
1.59727	34.52
1.61393	34.52
1.63060	34.52
1.64727	34.52
1.66393	34.52
1.68060	34.51
1.69727	34.52
1.71393	34.52
1.73060	34.52
1.74727	34.52
1.76393	34.52
1.78060	34.53
1.79727	34.52
1.81393	34.52
1.83060	34.52
1.84727	34.53
1.86393	34.53
1.88060	34.52
1.89727	34.52
1.91393	34.53
1.93060	34.53
1.94727	34.52
1.96393	34.52
1.98060	34.52
1.99727	34.52
2.01393	34.51
2.03060	34.52
2.04727	34.52
2.06393	34.52
2.08060	34.52
2.09727	34.52
2.11393	34.51
2.13060	34.52
2.14727	34.51
2.16393	34.52
2.18060	34.51
2.19727	34.52
2.21393	34.52
2.23060	34.52
2.24727	34.51
2.26393	34.52
2.28060	34.52
2.29727	34.50
2.31393	34.52
2.33060	34.52
2.34727	34.51
2.36393	34.51
2.38060	34.52
2.39727	34.52
2.41393	34.52
2.43060	34.52
2.44727	34.52
2.46393	34.52
2.48060	34.51
2.49727	34.52
2.51393	34.52
2.53060	34.52
2.54727	34.52
2.56393	34.52
2.58060	34.52
2.59727	34.52
2.61393	34.52
2.63060	34.52
2.64727	34.52
2.66393	34.52
2.68060	34.52
2.69727	34.52
2.71393	34.52
2.73060	34.52
2.74727	34.52
2.76393	34.52
2.78060	34.52
2.79727	34.52
2.81393	34.52
2.83060	34.52
2.84727	34.52
2.86393	34.52
2.88060	34.52
2.89727	34.52
2.91393	34.52
2.93060	34.52
2.94727	34.52
2.96393	34.52
2.98060	34.52
2.99727	34.52
3.01393	34.52
3.03060	34.52
3.04727	34.52
3.06393	34.52
3.08060	34.52
3.09727	34.52
3.11393	34.52
3.13060	34.52
3.14727	34.52
3.16393	34.52
3.18060	34.52
3.19727	34.52
3.21393	34.52
3.23060	34.52
3.24727	34.52
3.26393	34.52
3.28060	34.52
3.29727	34.52
3.31393	34.52
3.33060	34.52
3.34727	34.52
3.36393	34.52
3.38060	34.52
3.39727	34.52
3.41393	34.52
3.43060	34.52
3.44727	34.52
3.46393	34.52
3.48060	34.52
3.49727	34.53
3.51393	34.52
3.53060	34.52
3.54727	34.52
3.56393	34.52
3.58060	34.52
3.59727	34.52
3.61393	34.53
3.63060	34.52
3.64727	34.51
3.66393	34.52
3.68060	34.52
3.69727	34.53
3.71393	34.53
3.73060	34.53
3.74727	34.52
3.76393	34.51
3.78060	34.52
3.79727	34.52
3.81393	34.52
3.83060	34.52
3.84727	34.52
3.86393	34.53
3.88060	34.53
3.89727	34.53
3.91393	34.51
3.93060	34.52
3.94727	34.52
3.96393	34.52
3.98060	34.51
3.99727	34.53

[Status Trace (Column Flow)]
Interval(msec)	1000
# of Points	240
Start Time(min)	0.014
End Time(min)	3.997
Intensity Units	
Intensity Multiplier	1
R.Time (min)	Intensity
0.01393	5.51
0.03060	5.25
0.04727	5.55
0.06393	5.78
0.08060	5.68
0.09727	5.57
0.11393	5.57
0.13060	5.57
0.14727	5.57
0.16393	5.57
0.18060	5.57
0.19727	5.57
0.21393	5.57
0.23060	5.57
0.24727	5.57
0.26393	5.57
0.28060	5.57
0.29727	5.57
0.31393	5.57
0.33060	5.57
0.34727	5.57
0.36393	5.57
0.38060	5.57
0.39727	5.57
0.41393	5.57
0.43060	5.57
0.44727	5.57
0.46393	5.57
0.48060	5.57
0.49727	5.57
0.51393	5.57
0.53060	5.57
0.54727	5.57
0.56393	5.57
0.58060	5.57
0.59727	5.57
0.61393	5.57
0.63060	5.57
0.64727	5.57
0.66393	5.57
0.68060	5.57
0.69727	5.57
0.71393	5.57
0.73060	5.57
0.74727	5.57
0.76393	5.57
0.78060	5.57
0.79727	5.57
0.81393	5.57
0.83060	5.57
0.84727	5.57
0.86393	5.57
0.88060	5.57
0.89727	5.57
0.91393	5.57
0.93060	5.57
0.94727	5.57
0.96393	5.57
0.98060	5.57
0.99727	5.57
1.01393	5.57
1.03060	5.57
1.04727	5.57
1.06393	5.57
1.08060	5.57
1.09727	5.57
1.11393	5.57
1.13060	5.57
1.14727	5.57
1.16393	5.57
1.18060	5.57
1.19727	5.57
1.21393	5.57
1.23060	5.57
1.24727	5.57
1.26393	5.57
1.28060	5.57
1.29727	5.57
1.31393	5.57
1.33060	5.57
1.34727	5.57
1.36393	5.57
1.38060	5.57
1.39727	5.57
1.41393	5.57
1.43060	5.57
1.44727	5.57
1.46393	5.57
1.48060	5.57
1.49727	5.57
1.51393	5.57
1.53060	5.57
1.54727	5.57
1.56393	5.57
1.58060	5.57
1.59727	5.57
1.61393	5.57
1.63060	5.56
1.64727	5.56
1.66393	5.55
1.68060	5.54
1.69727	5.52
1.71393	5.51
1.73060	5.50
1.74727	5.49
1.76393	5.48
1.78060	5.47
1.79727	5.46
1.81393	5.45
1.83060	5.44
1.84727	5.43
1.86393	5.42
1.88060	5.41
1.89727	5.40
1.91393	5.39
1.93060	5.38
1.94727	5.37
1.96393	5.36
1.98060	5.35
1.99727	5.34
2.01393	5.33
2.03060	5.32
2.04727	5.31
2.06393	5.30
2.08060	5.30
2.09727	5.29
2.11393	5.28
2.13060	5.27
2.14727	5.26
2.16393	5.25
2.18060	5.24
2.19727	5.23
2.21393	5.22
2.23060	5.21
2.24727	5.20
2.26393	5.19
2.28060	5.18
2.29727	5.17
2.31393	5.16
2.33060	5.15
2.34727	5.14
2.36393	5.14
2.38060	5.13
2.39727	5.13
2.41393	5.13
2.43060	5.13
2.44727	5.13
2.46393	5.13
2.48060	5.13
2.49727	5.13
2.51393	5.13
2.53060	5.13
2.54727	5.13
2.56393	5.13
2.58060	5.13
2.59727	5.13
2.61393	5.13
2.63060	5.13
2.64727	5.13
2.66393	5.13
2.68060	5.13
2.69727	5.13
2.71393	5.13
2.73060	5.13
2.74727	5.13
2.76393	5.13
2.78060	5.13
2.79727	5.13
2.81393	5.13
2.83060	5.13
2.84727	5.13
2.86393	5.13
2.88060	5.13
2.89727	5.13
2.91393	5.13
2.93060	5.13
2.94727	5.12
2.96393	5.12
2.98060	5.12
2.99727	5.12
3.01393	5.12
3.03060	5.12
3.04727	5.12
3.06393	5.12
3.08060	5.12
3.09727	5.12
3.11393	5.12
3.13060	5.12
3.14727	5.12
3.16393	5.12
3.18060	5.12
3.19727	5.12
3.21393	5.12
3.23060	5.12
3.24727	5.12
3.26393	5.12
3.28060	5.12
3.29727	5.12
3.31393	5.12
3.33060	5.12
3.34727	5.12
3.36393	5.12
3.38060	5.12
3.39727	5.12
3.41393	5.12
3.43060	5.12
3.44727	5.12
3.46393	5.12
3.48060	5.12
3.49727	5.12
3.51393	5.12
3.53060	5.12
3.54727	5.12
3.56393	5.12
3.58060	5.12
3.59727	5.12
3.61393	5.12
3.63060	5.12
3.64727	5.12
3.66393	5.12
3.68060	5.12
3.69727	5.12
3.71393	5.12
3.73060	5.12
3.74727	5.12
3.76393	5.12
3.78060	5.12
3.79727	5.12
3.81393	5.12
3.83060	5.12
3.84727	5.12
3.86393	5.12
3.88060	5.12
3.89727	5.12
3.91393	5.12
3.93060	5.12
3.94727	5.12
3.96393	5.12
3.98060	5.12
3.99727	5.12

[Status Trace (Linear Velocity)]
Interval(msec)	1000
# of Points	240
Start Time(min)	0.014
End Time(min)	3.997
Intensity Units	
Intensity Multiplier	1
R.Time (min)	Intensity
0.01393	38.70
0.03060	37.21
0.04727	38.91
0.06393	40.20
0.08060	39.62
0.09727	39.02
0.11393	39.02
0.13060	39.04
0.14727	39.03
0.16393	39.03
0.18060	39.03
0.19727	39.03
0.21393	39.03
0.23060	39.03
0.24727	39.03
0.26393	39.03
0.28060	39.03
0.29727	39.03
0.31393	39.03
0.33060	39.03
0.34727	39.03
0.36393	39.03
0.38060	39.03
0.39727	39.03
0.41393	39.03
0.43060	39.03
0.44727	39.03
0.46393	39.03
0.48060	39.03
0.49727	39.03
0.51393	39.03
0.53060	39.03
0.54727	39.03
0.56393	39.03
0.58060	39.03
0.59727	39.03
0.61393	39.03
0.63060	39.03
0.64727	39.03
0.66393	39.03
0.68060	39.03
0.69727	39.03
0.71393	39.03
0.73060	39.03
0.74727	39.03
0.76393	39.03
0.78060	39.03
0.79727	39.03
0.81393	39.03
0.83060	39.03
0.84727	39.03
0.86393	39.03
0.88060	39.03
0.89727	39.03
0.91393	39.03
0.93060	39.03
0.94727	39.03
0.96393	39.03
0.98060	39.03
0.99727	39.03
1.01393	39.03
1.03060	39.03
1.04727	39.03
1.06393	39.03
1.08060	39.03
1.09727	39.03
1.11393	39.03
1.13060	39.03
1.14727	39.03
1.16393	39.03
1.18060	39.03
1.19727	39.03
1.21393	39.03
1.23060	39.03
1.24727	39.03
1.26393	39.03
1.28060	39.03
1.29727	39.03
1.31393	39.03
1.33060	39.03
1.34727	39.03
1.36393	39.03
1.38060	39.03
1.39727	39.03
1.41393	39.03
1.43060	39.03
1.44727	39.03
1.46393	39.03
1.48060	39.03
1.49727	39.03
1.51393	39.03
1.53060	39.03
1.54727	39.03
1.56393	39.03
1.58060	39.03
1.59727	39.03
1.61393	39.02
1.63060	39.01
1.64727	38.99
1.66393	38.96
1.68060	38.93
1.69727	38.89
1.71393	38.85
1.73060	38.83
1.74727	38.79
1.76393	38.76
1.78060	38.73
1.79727	38.70
1.81393	38.67
1.83060	38.64
1.84727	38.61
1.86393	38.57
1.88060	38.54
1.89727	38.51
1.91393	38.48
1.93060	38.45
1.94727	38.42
1.96393	38.39
1.98060	38.36
1.99727	38.33
2.01393	38.30
2.03060	38.27
2.04727	38.24
2.06393	38.21
2.08060	38.19
2.09727	38.15
2.11393	38.12
2.13060	38.09
2.14727	38.06
2.16393	38.03
2.18060	38.01
2.19727	37.97
2.21393	37.95
2.23060	37.92
2.24727	37.89
2.26393	37.86
2.28060	37.83
2.29727	37.80
2.31393	37.77
2.33060	37.74
2.34727	37.71
2.36393	37.68
2.38060	37.67
2.39727	37.67
2.41393	37.67
2.43060	37.67
2.44727	37.67
2.46393	37.67
2.48060	37.67
2.49727	37.67
2.51393	37.66
2.53060	37.66
2.54727	37.67
2.56393	37.67
2.58060	37.66
2.59727	37.66
2.61393	37.66
2.63060	37.66
2.64727	37.66
2.66393	37.66
2.68060	37.66
2.69727	37.66
2.71393	37.66
2.73060	37.66
2.74727	37.65
2.76393	37.65
2.78060	37.66
2.79727	37.66
2.81393	37.66
2.83060	37.65
2.84727	37.66
2.86393	37.65
2.88060	37.65
2.89727	37.65
2.91393	37.65
2.93060	37.65
2.94727	37.65
2.96393	37.65
2.98060	37.65
2.99727	37.64
3.01393	37.64
3.03060	37.64
3.04727	37.64
3.06393	37.64
3.08060	37.64
3.09727	37.64
3.11393	37.64
3.13060	37.64
3.14727	37.64
3.16393	37.64
3.18060	37.64
3.19727	37.64
3.21393	37.64
3.23060	37.64
3.24727	37.64
3.26393	37.63
3.28060	37.63
3.29727	37.63
3.31393	37.63
3.33060	37.64
3.34727	37.64
3.36393	37.63
3.38060	37.64
3.39727	37.64
3.41393	37.64
3.43060	37.64
3.44727	37.64
3.46393	37.64
3.48060	37.64
3.49727	37.64
3.51393	37.64
3.53060	37.64
3.54727	37.64
3.56393	37.64
3.58060	37.64
3.59727	37.64
3.61393	37.64
3.63060	37.64
3.64727	37.64
3.66393	37.64
3.68060	37.64
3.69727	37.64
3.71393	37.64
3.73060	37.64
3.74727	37.64
3.76393	37.64
3.78060	37.64
3.79727	37.64
3.81393	37.64
3.83060	37.64
3.84727	37.64
3.86393	37.64
3.88060	37.64
3.89727	37.64
3.91393	37.64
3.93060	37.64
3.94727	37.64
3.96393	37.64
3.98060	37.64
3.99727	37.64

