[Header]
Application Name	LabSolutions
Version	5.110
Data File Name	C:\Users\User\Desktop\GC Analyses\Jack\UIC Prairie Sampling\10.19.22\221019_033.gcd
Output Date	1/4/2023
Output Time	2:27:26 PM

[File Information]
Type	Data File
Generated	12/6/2022 10:29:11 AM
Generated by	System Administrator
Modified	12/6/2022 10:33:30 AM
Modified by	System Administrator

[Sample Information]
Operator Name	System Administrator
Acquired	12/6/2022 10:29:28 AM
Sample Type	1:Standard
Level	1
Sample Name	221019_UICPrairie
Sample ID	221019_UICPrairie
ISTD Amount1	1
ISTD Amount2	1
ISTD Amount3	1
ISTD Amount4	1
ISTD Amount5	1
ISTD Amount6	1
ISTD Amount7	1
ISTD Amount8	1
ISTD Amount9	1
ISTD Amount10	1
ISTD Amount11	1
ISTD Amount12	1
ISTD Amount13	1
ISTD Amount14	1
ISTD Amount15	1
ISTD Amount16	1
ISTD Amount17	1
ISTD Amount18	1
ISTD Amount19	1
ISTD Amount20	1
ISTD Amount21	1
ISTD Amount22	1
ISTD Amount23	1
ISTD Amount24	1
ISTD Amount25	1
ISTD Amount26	1
ISTD Amount27	1
ISTD Amount28	1
ISTD Amount29	1
ISTD Amount30	1
ISTD Amount31	1
ISTD Amount32	1
Sample Amount	1
Dilution Factor	1
Vial#	1
Injection Volume	1
Injection Count	1
Bar Code	

[Original Files]
Data File	C:\Users\User\Desktop\GC Analyses\Jack\UIC Prairie Sampling\10.19.22\221019_033.gcd
Method File	C:\LabSolutions\Data\GHG_4min_2022\ghg3_togas_w_acet_4 min_new_int.gcm
Batch File	
Report Format File	c:\LabSolutions\System\DEFAULT.lsr

[File Description]


[Configuration]
Instrument Name	C0B7VH3-Instrument1
Instrument #	1
Line #	1
# of Detectors	3
Detector ID	DET#1	DET#2	DET#3
Detector Name	FID	PTCD	ECD
# of Channels	1	1	1

[Peak Table(Ch1)]
# of Peaks	3
Peak#	R.Time	I.Time	F.Time	Area	Height	A/H	Conc.	Mark	ID#	Name	k'	Plate #	Plate Ht.	Tailing	Resolution	Sep.Factor	Area Ratio	Height Ratio	Conc. %	Norm Conc.
1	1.465	1.428	1.534	3033	951	3.188	100.000	   	1	CO	0.000	4824	31.093	0.000	0.000	0.000	0	0	16.667	16.667
2	1.571	1.534	1.644	17907	9420	1.901	100.000	 V 	2	CH4	0.073	11882	12.625	1.167	1.498	0.000	0	0	16.667	16.667
3	2.000	1.949	2.598	1935133	917984	2.108	400.000	   	3	CO2	0.365	17768	8.442	1.215	7.292	5.034	0	0	66.667	66.667

[Peak Table(Ch2)]
# of Peaks	0

[Peak Table(Ch3)]
# of Peaks	5
Peak#	R.Time	I.Time	F.Time	Area	Height	A/H	Conc.	Mark	ID#	Name	k'	Plate #	Plate Ht.	Tailing	Resolution	Sep.Factor	Area Ratio	Height Ratio	Conc. %	Norm Conc.
1	2.458	2.334	2.495	1609	418	3.850	0.000	   			0.000	7748	19.361	0.000	0.000	0.000	0	0	0.000	0.000
2	2.513	2.495	2.550	886	307	2.887	0.000	 V 			0.022	2041	73.485	0.000	0.329	0.000	0	0	0.000	0.000
3	2.605	2.550	2.653	1376	334	4.117	0.000	 V 			0.060	4883	30.719	0.000	0.493	2.667	0	0	0.000	0.000
4	2.887	2.667	3.877	76830	15358	5.003	1.000	S  	1	N2O	0.175	12610	11.896	1.736	2.241	2.925	0	0	100.000	100.000
5	3.250	3.126	3.503	661	69	9.649	0.000	T  			0.322	2573	58.300	1.375	2.021	1.846	0	0	0.000	0.000

[Compound Results(Ch1)]
# of IDs	6
ID#	Name	R.Time	Area	Height	Conc.	Curve	3rd	2nd	1st	Constant	Area Ratio	Height Ratio	Conc. %	Norm Conc.
1	CO	1.465	3033	951	100.000	Linear	0.000000e+00	0.000000e+00	3.033330e+001	0.000000e+00	0	0	16.667	16.667
2	CH4	1.571	17907	9420	100.000	Linear	0.000000e+00	0.000000e+00	1.790737e+002	0.000000e+00	0	0	16.667	16.667
3	CO2	2.000	1935133	917984	400.000	Linear	0.000000e+00	0.000000e+00	4.837832e+003	0.000000e+00	0	0	66.667	66.667
4	Ethylene	0.000	0	0	0.000	Linear	0.000000e+00	0.000000e+00	0.000000e+00	0.000000e+00	0	0	0.000	0.000
5	Acetylene	0.000	0	0	0.000	Linear	0.000000e+00	0.000000e+00	0.000000e+00	0.000000e+00	0	0	0.000	0.000
6	Ethane	0.000	0	0	0.000	Linear	0.000000e+00	0.000000e+00	0.000000e+00	0.000000e+00	0	0	0.000	0.000

[Compound Results(Ch2)]
# of IDs	5
ID#	Name	R.Time	Area	Height	Conc.	Curve	3rd	2nd	1st	Constant	Area Ratio	Height Ratio	Conc. %	Norm Conc.
1	Hydrogen	0.000	0	0	0.000	Linear	0.000000e+00	0.000000e+00	0.000000e+00	0.000000e+00	0	0	0.000	0.000
2	Oxygen	0.000	0	0	0.000	Linear	0.000000e+00	0.000000e+00	0.000000e+00	0.000000e+00	0	0	0.000	0.000
3	Nitrogen	0.000	0	0	0.000	Linear	0.000000e+00	0.000000e+00	0.000000e+00	0.000000e+00	0	0	0.000	0.000
4	Methane	0.000	0	0	0.000	Linear	0.000000e+00	0.000000e+00	0.000000e+00	0.000000e+00	0	0	0.000	0.000
5	Carbon Monoxide	0.000	0	0	0.000	Linear	0.000000e+00	0.000000e+00	0.000000e+00	0.000000e+00	0	0	0.000	0.000

[Compound Results(Ch3)]
# of IDs	2
ID#	Name	R.Time	Area	Height	Conc.	Curve	3rd	2nd	1st	Constant	Area Ratio	Height Ratio	Conc. %	Norm Conc.
1	N2O	2.887	76830	15358	1.000	Linear	0.000000e+00	0.000000e+00	7.683019e+004	0.000000e+00	0	0	100.000	100.000
2	SF6	0.000	0	0	0.000	Linear	0.000000e+00	0.000000e+00	0.000000e+00	0.000000e+00	0	0	0.000	0.000

[Group Results(Ch1)]
# of Groups	0

[Group Results(Ch2)]
# of Groups	0

[Group Results(Ch3)]
# of Groups	0

[Chromatogram (Ch1)]
Interval(msec)	220
# of Points	1091
Start Time(min)	0.002
End Time(min)	3.998
R.Time (min)	Intensity
0.00167	-18
0.00533	-19
0.00900	-15
0.01267	-10
0.01633	-5
0.02000	-0
0.02367	1
0.02733	1
0.03100	2
0.03467	1
0.03833	-4
0.04200	-10
0.04567	-12
0.04933	-13
0.05300	-10
0.05667	-4
0.06033	3
0.06400	6
0.06767	5
0.07133	-1
0.07500	-7
0.07867	-15
0.08233	-22
0.08600	-27
0.08967	-29
0.09333	-29
0.09700	-29
0.10067	-27
0.10433	-23
0.10800	-20
0.11167	-19
0.11533	-17
0.11900	-16
0.12267	-18
0.12633	-22
0.13000	-26
0.13367	-27
0.13733	-23
0.14100	-19
0.14467	-16
0.14833	-18
0.15200	-19
0.15567	-19
0.15933	-22
0.16300	-24
0.16667	-24
0.17033	-24
0.17400	-24
0.17767	-22
0.18133	-19
0.18500	-18
0.18867	-13
0.19233	-2
0.19600	8
0.19967	9
0.20333	0
0.20700	-14
0.21067	-32
0.21433	-49
0.21800	-59
0.22167	-62
0.22533	-61
0.22900	-60
0.23267	-60
0.23633	-58
0.24000	-55
0.24367	-51
0.24733	-48
0.25100	-42
0.25467	-38
0.25833	-38
0.26200	-43
0.26567	-44
0.26933	-40
0.27300	-34
0.27667	-27
0.28033	-25
0.28400	-28
0.28767	-32
0.29133	-34
0.29500	-35
0.29867	-39
0.30233	-41
0.30600	-41
0.30967	-39
0.31333	-37
0.31700	-37
0.32067	-38
0.32433	-40
0.32800	-42
0.33167	-41
0.33533	-40
0.33900	-43
0.34267	-50
0.34633	-56
0.35000	-57
0.35367	-54
0.35733	-49
0.36100	-42
0.36467	-36
0.36833	-33
0.37200	-29
0.37567	-27
0.37933	-26
0.38300	-28
0.38667	-33
0.39033	-40
0.39400	-42
0.39767	-39
0.40133	-35
0.40500	-33
0.40867	-35
0.41233	-37
0.41600	-37
0.41967	-42
0.42333	-57
0.42700	-60
0.43067	-58
0.43433	-53
0.43800	-38
0.44167	-26
0.44533	-21
0.44900	-18
0.45267	-18
0.45633	-20
0.46000	-22
0.46367	-25
0.46733	-30
0.47100	-35
0.47467	-37
0.47833	-37
0.48200	-40
0.48567	-43
0.48933	-47
0.49300	-54
0.49667	-63
0.50033	-74
0.50400	-81
0.50767	-84
0.51133	-79
0.51500	-68
0.51867	-59
0.52233	-55
0.52600	-54
0.52967	-53
0.53333	-51
0.53700	-46
0.54067	-38
0.54433	-35
0.54800	-40
0.55167	-49
0.55533	-56
0.55900	-60
0.56267	-58
0.56633	-56
0.57000	-56
0.57367	-60
0.57733	-63
0.58100	-64
0.58467	-62
0.58833	-57
0.59200	-54
0.59567	-54
0.59933	-56
0.60300	-59
0.60667	-58
0.61033	-53
0.61400	-48
0.61767	-45
0.62133	-46
0.62500	-48
0.62867	-48
0.63233	-52
0.63600	-56
0.63967	-59
0.64333	-60
0.64700	-62
0.65067	-66
0.65433	-70
0.65800	-72
0.66167	-70
0.66533	-64
0.66900	-59
0.67267	-54
0.67633	-50
0.68000	-49
0.68367	-55
0.68733	-70
0.69100	-85
0.69467	-95
0.69833	-97
0.70200	-96
0.70567	-95
0.70933	-95
0.71300	-94
0.71667	-91
0.72033	-86
0.72400	-82
0.72767	-81
0.73133	-80
0.73500	-79
0.73867	-76
0.74233	-72
0.74600	-67
0.74967	-62
0.75333	-63
0.75700	-66
0.76067	-72
0.76433	-78
0.76800	-81
0.77167	-73
0.77533	-57
0.77900	-41
0.78267	-31
0.78633	-27
0.79000	-29
0.79367	-37
0.79733	-44
0.80100	-47
0.80467	-47
0.80833	-50
0.81200	-54
0.81567	-55
0.81933	-53
0.82300	-53
0.82667	-56
0.83033	-63
0.83400	-68
0.83767	-67
0.84133	-64
0.84500	-65
0.84867	-69
0.85233	-72
0.85600	-73
0.85967	-71
0.86333	-72
0.86700	-76
0.87067	-76
0.87433	-73
0.87800	-71
0.88167	-65
0.88533	-57
0.88900	-50
0.89267	-48
0.89633	-48
0.90000	-50
0.90367	-55
0.90733	-61
0.91100	-65
0.91467	-68
0.91833	-69
0.92200	-71
0.92567	-72
0.92933	-74
0.93300	-74
0.93667	-75
0.94033	-77
0.94400	-80
0.94767	-80
0.95133	-78
0.95500	-78
0.95867	-78
0.96233	-75
0.96600	-69
0.96967	-67
0.97333	-66
0.97700	-65
0.98067	-64
0.98433	-64
0.98800	-63
0.99167	-64
0.99533	-63
0.99900	-60
1.00267	-57
1.00633	-53
1.01000	-48
1.01367	-46
1.01733	-45
1.02100	-46
1.02467	-50
1.02833	-53
1.03200	-55
1.03567	-56
1.03933	-58
1.04300	-63
1.04667	-68
1.05033	-70
1.05400	-71
1.05767	-72
1.06133	-73
1.06500	-74
1.06867	-79
1.07233	-87
1.07600	-91
1.07967	-94
1.08333	-95
1.08700	-92
1.09067	-89
1.09433	-83
1.09800	-78
1.10167	-74
1.10533	-70
1.10900	-66
1.11267	-62
1.11633	-59
1.12000	-60
1.12367	-62
1.12733	-62
1.13100	-63
1.13467	-68
1.13833	-76
1.14200	-86
1.14567	-95
1.14933	-101
1.15300	-105
1.15667	-106
1.16033	-102
1.16400	-97
1.16767	-97
1.17133	-98
1.17500	-98
1.17867	-95
1.18233	-89
1.18600	-87
1.18967	-90
1.19333	-96
1.19700	-101
1.20067	-103
1.20433	-101
1.20800	-95
1.21167	-88
1.21533	-80
1.21900	-77
1.22267	-76
1.22633	-76
1.23000	-75
1.23367	-76
1.23733	-78
1.24100	-81
1.24467	-83
1.24833	-86
1.25200	-89
1.25567	-93
1.25933	-95
1.26300	-94
1.26667	-91
1.27033	-86
1.27400	-82
1.27767	-80
1.28133	-80
1.28500	-83
1.28867	-88
1.29233	-88
1.29600	-83
1.29967	-76
1.30333	-71
1.30700	-67
1.31067	-68
1.31433	-74
1.31800	-79
1.32167	-84
1.32533	-88
1.32900	-89
1.33267	-90
1.33633	-92
1.34000	-97
1.34367	-99
1.34733	-97
1.35100	-94
1.35467	-89
1.35833	-87
1.36200	-89
1.36567	-93
1.36933	-95
1.37300	-96
1.37667	-96
1.38033	-96
1.38400	-95
1.38767	-96
1.39133	-99
1.39500	-104
1.39867	-109
1.40233	-113
1.40600	-116
1.40967	-119
1.41333	-119
1.41700	-118
1.42067	-117
1.42433	-113
1.42800	-108
1.43167	-100
1.43533	-93
1.43900	-72
1.44267	15
1.44633	215
1.45000	461
1.45367	660
1.45733	782
1.46100	837
1.46467	845
1.46833	828
1.47200	805
1.47567	784
1.47933	763
1.48300	735
1.48667	686
1.49033	611
1.49400	519
1.49767	425
1.50133	337
1.50500	258
1.50867	191
1.51233	136
1.51600	93
1.51967	57
1.52333	27
1.52700	-1
1.53067	-22
1.53433	-32
1.53800	-13
1.54167	117
1.54533	548
1.54900	1478
1.55267	2919
1.55633	4655
1.56000	6396
1.56367	7901
1.56733	8951
1.57100	9316
1.57467	8866
1.57833	7708
1.58200	6171
1.58567	4618
1.58933	3280
1.59300	2239
1.59667	1480
1.60033	947
1.60400	583
1.60767	343
1.61133	188
1.61500	87
1.61867	21
1.62233	-22
1.62600	-50
1.62967	-69
1.63333	-84
1.63700	-94
1.64067	-99
1.64433	-101
1.64800	-106
1.65167	-112
1.65533	-117
1.65900	-116
1.66267	-114
1.66633	-111
1.67000	-108
1.67367	-107
1.67733	-110
1.68100	-114
1.68467	-119
1.68833	-126
1.69200	-131
1.69567	-137
1.69933	-143
1.70300	-150
1.70667	-156
1.71033	-155
1.71400	-147
1.71767	-138
1.72133	-131
1.72500	-124
1.72867	-118
1.73233	-115
1.73600	-113
1.73967	-112
1.74333	-115
1.74700	-121
1.75067	-127
1.75433	-132
1.75800	-135
1.76167	-134
1.76533	-131
1.76900	-123
1.77267	-114
1.77633	-108
1.78000	-105
1.78367	-105
1.78733	-107
1.79100	-113
1.79467	-119
1.79833	-120
1.80200	-118
1.80567	-117
1.80933	-121
1.81300	-125
1.81667	-125
1.82033	-125
1.82400	-126
1.82767	-126
1.83133	-126
1.83500	-125
1.83867	-119
1.84233	-114
1.84600	-109
1.84967	-105
1.85333	-103
1.85700	-106
1.86067	-115
1.86433	-128
1.86800	-137
1.87167	-140
1.87533	-139
1.87900	-137
1.88267	-132
1.88633	-126
1.89000	-120
1.89367	-119
1.89733	-118
1.90100	-114
1.90467	-108
1.90833	-100
1.91200	-93
1.91567	-87
1.91933	-89
1.92300	-97
1.92667	-108
1.93033	-116
1.93400	-120
1.93767	-121
1.94133	-122
1.94500	-122
1.94867	-119
1.95233	-104
1.95600	-18
1.95967	476
1.96333	2850
1.96700	11735
1.97067	37381
1.97433	95258
1.97800	198225
1.98167	345165
1.98533	517670
1.98900	687006
1.99267	823640
1.99633	904624
2.00000	917905
2.00367	864735
2.00733	759888
2.01100	626914
2.01467	489911
2.01833	366635
2.02200	265920
2.02567	189139
2.02933	133382
2.03300	94197
2.03667	67216
2.04033	48830
2.04400	36334
2.04767	27803
2.05133	21915
2.05500	17786
2.05867	14825
2.06233	12651
2.06600	11009
2.06967	9739
2.07333	8732
2.07700	7917
2.08067	7243
2.08433	6676
2.08800	6190
2.09167	5773
2.09533	5411
2.09900	5095
2.10267	4817
2.10633	4567
2.11000	4340
2.11367	4128
2.11733	3925
2.12100	3737
2.12467	3569
2.12833	3418
2.13200	3280
2.13567	3151
2.13933	3029
2.14300	2917
2.14667	2813
2.15033	2715
2.15400	2620
2.15767	2533
2.16133	2452
2.16500	2378
2.16867	2308
2.17233	2240
2.17600	2176
2.17967	2116
2.18333	2057
2.18700	2000
2.19067	1947
2.19433	1895
2.19800	1841
2.20167	1788
2.20533	1740
2.20900	1697
2.21267	1655
2.21633	1620
2.22000	1590
2.22367	1558
2.22733	1525
2.23100	1489
2.23467	1452
2.23833	1418
2.24200	1386
2.24567	1358
2.24933	1332
2.25300	1307
2.25667	1282
2.26033	1259
2.26400	1233
2.26767	1205
2.27133	1179
2.27500	1158
2.27867	1139
2.28233	1117
2.28600	1095
2.28967	1073
2.29333	1051
2.29700	1031
2.30067	1010
2.30433	991
2.30800	973
2.31167	954
2.31533	937
2.31900	922
2.32267	911
2.32633	899
2.33000	886
2.33367	875
2.33733	866
2.34100	855
2.34467	846
2.34833	839
2.35200	828
2.35567	812
2.35933	798
2.36300	784
2.36667	767
2.37033	752
2.37400	735
2.37767	724
2.38133	716
2.38500	714
2.38867	716
2.39233	716
2.39600	711
2.39967	702
2.40333	691
2.40700	680
2.41067	667
2.41433	654
2.41800	645
2.42167	641
2.42533	638
2.42900	633
2.43267	628
2.43633	620
2.44000	610
2.44367	602
2.44733	595
2.45100	589
2.45467	584
2.45833	579
2.46200	573
2.46567	565
2.46933	556
2.47300	546
2.47667	536
2.48033	526
2.48400	520
2.48767	516
2.49133	513
2.49500	512
2.49867	509
2.50233	501
2.50600	493
2.50967	485
2.51333	480
2.51700	476
2.52067	472
2.52433	466
2.52800	460
2.53167	453
2.53533	448
2.53900	441
2.54267	430
2.54633	417
2.55000	406
2.55367	400
2.55733	400
2.56100	405
2.56467	407
2.56833	402
2.57200	393
2.57567	385
2.57933	380
2.58300	380
2.58667	383
2.59033	386
2.59400	388
2.59767	388
2.60133	386
2.60500	384
2.60867	379
2.61233	374
2.61600	370
2.61967	362
2.62333	353
2.62700	348
2.63067	345
2.63433	340
2.63800	334
2.64167	331
2.64533	327
2.64900	321
2.65267	314
2.65633	307
2.66000	304
2.66367	306
2.66733	310
2.67100	310
2.67467	307
2.67833	304
2.68200	303
2.68567	303
2.68933	305
2.69300	304
2.69667	298
2.70033	291
2.70400	284
2.70767	282
2.71133	287
2.71500	293
2.71867	294
2.72233	289
2.72600	282
2.72967	274
2.73333	266
2.73700	259
2.74067	256
2.74433	255
2.74800	253
2.75167	252
2.75533	251
2.75900	254
2.76267	258
2.76633	261
2.77000	260
2.77367	254
2.77733	246
2.78100	242
2.78467	241
2.78833	241
2.79200	239
2.79567	238
2.79933	239
2.80300	240
2.80667	237
2.81033	231
2.81400	225
2.81767	217
2.82133	212
2.82500	210
2.82867	208
2.83233	208
2.83600	209
2.83967	210
2.84333	210
2.84700	211
2.85067	209
2.85433	207
2.85800	206
2.86167	207
2.86533	206
2.86900	202
2.87267	197
2.87633	193
2.88000	190
2.88367	188
2.88733	184
2.89100	180
2.89467	174
2.89833	171
2.90200	173
2.90567	178
2.90933	183
2.91300	184
2.91667	185
2.92033	181
2.92400	176
2.92767	169
2.93133	162
2.93500	156
2.93867	153
2.94233	153
2.94600	152
2.94967	152
2.95333	158
2.95700	169
2.96067	175
2.96433	176
2.96800	172
2.97167	164
2.97533	158
2.97900	157
2.98267	159
2.98633	161
2.99000	160
2.99367	156
2.99733	155
3.00100	157
3.00467	158
3.00833	158
3.01200	155
3.01567	152
3.01933	148
3.02300	145
3.02667	143
3.03033	143
3.03400	147
3.03767	152
3.04133	154
3.04500	153
3.04867	147
3.05233	139
3.05600	131
3.05967	127
3.06333	122
3.06700	115
3.07067	112
3.07433	109
3.07800	108
3.08167	107
3.08533	105
3.08900	104
3.09267	106
3.09633	110
3.10000	114
3.10367	116
3.10733	117
3.11100	120
3.11467	123
3.11833	127
3.12200	130
3.12567	128
3.12933	123
3.13300	121
3.13667	122
3.14033	126
3.14400	127
3.14767	123
3.15133	120
3.15500	116
3.15867	112
3.16233	108
3.16600	106
3.16967	105
3.17333	102
3.17700	99
3.18067	98
3.18433	98
3.18800	96
3.19167	90
3.19533	84
3.19900	77
3.20267	73
3.20633	68
3.21000	64
3.21367	64
3.21733	69
3.22100	77
3.22467	83
3.22833	85
3.23200	83
3.23567	82
3.23933	80
3.24300	78
3.24667	76
3.25033	75
3.25400	75
3.25767	80
3.26133	83
3.26500	85
3.26867	87
3.27233	89
3.27600	91
3.27967	93
3.28333	94
3.28700	90
3.29067	82
3.29433	71
3.29800	60
3.30167	55
3.30533	53
3.30900	52
3.31267	53
3.31633	58
3.32000	66
3.32367	75
3.32733	77
3.33100	70
3.33467	60
3.33833	53
3.34200	53
3.34567	54
3.34933	56
3.35300	59
3.35667	65
3.36033	65
3.36400	58
3.36767	49
3.37133	42
3.37500	37
3.37867	38
3.38233	39
3.38600	40
3.38967	40
3.39333	44
3.39700	50
3.40067	55
3.40433	56
3.40800	54
3.41167	52
3.41533	53
3.41900	57
3.42267	63
3.42633	67
3.43000	65
3.43367	57
3.43733	52
3.44100	49
3.44467	46
3.44833	41
3.45200	36
3.45567	31
3.45933	30
3.46300	33
3.46667	40
3.47033	46
3.47400	46
3.47767	44
3.48133	40
3.48500	33
3.48867	26
3.49233	20
3.49600	16
3.49967	16
3.50333	18
3.50700	19
3.51067	22
3.51433	26
3.51800	28
3.52167	25
3.52533	20
3.52900	18
3.53267	19
3.53633	20
3.54000	23
3.54367	28
3.54733	30
3.55100	30
3.55467	27
3.55833	21
3.56200	16
3.56567	14
3.56933	14
3.57300	15
3.57667	14
3.58033	11
3.58400	5
3.58767	-4
3.59133	-11
3.59500	-14
3.59867	-14
3.60233	-10
3.60600	-3
3.60967	3
3.61333	6
3.61700	8
3.62067	7
3.62433	4
3.62800	-0
3.63167	-4
3.63533	-6
3.63900	-4
3.64267	-1
3.64633	2
3.65000	6
3.65367	11
3.65733	11
3.66100	8
3.66467	7
3.66833	14
3.67200	23
3.67567	26
3.67933	22
3.68300	16
3.68667	12
3.69033	10
3.69400	13
3.69767	14
3.70133	15
3.70500	13
3.70867	11
3.71233	11
3.71600	7
3.71967	3
3.72333	-6
3.72700	-15
3.73067	-21
3.73433	-22
3.73800	-19
3.74167	-17
3.74533	-14
3.74900	-12
3.75267	-11
3.75633	-7
3.76000	-1
3.76367	5
3.76733	5
3.77100	-1
3.77467	-7
3.77833	-7
3.78200	-7
3.78567	-13
3.78933	-24
3.79300	-35
3.79667	-40
3.80033	-36
3.80400	-26
3.80767	-15
3.81133	-11
3.81500	-13
3.81867	-19
3.82233	-25
3.82600	-27
3.82967	-24
3.83333	-17
3.83700	-10
3.84067	-7
3.84433	-8
3.84800	-12
3.85167	-15
3.85533	-15
3.85900	-14
3.86267	-18
3.86633	-23
3.87000	-28
3.87367	-31
3.87733	-32
3.88100	-31
3.88467	-26
3.88833	-23
3.89200	-23
3.89567	-22
3.89933	-21
3.90300	-21
3.90667	-23
3.91033	-23
3.91400	-22
3.91767	-25
3.92133	-27
3.92500	-29
3.92867	-31
3.93233	-33
3.93600	-31
3.93967	-28
3.94333	-27
3.94700	-28
3.95067	-33
3.95433	-39
3.95800	-43
3.96167	-46
3.96533	-47
3.96900	-44
3.97267	-36
3.97633	-29
3.98000	-23
3.98367	-21
3.98733	-26
3.99100	-31
3.99467	-35
3.99833	-41

[Chromatogram (Ch2)]
Interval(msec)	220
# of Points	1091
Start Time(min)	0.002
End Time(min)	3.998
R.Time (min)	Intensity
0.00167	-1
0.00533	-1
0.00900	-1
0.01267	-1
0.01633	-1
0.02000	-2
0.02367	-2
0.02733	-2
0.03100	-2
0.03467	-2
0.03833	-2
0.04200	-2
0.04567	-2
0.04933	-2
0.05300	-2
0.05667	-2
0.06033	-2
0.06400	-1
0.06767	-1
0.07133	-1
0.07500	-1
0.07867	-1
0.08233	-1
0.08600	-1
0.08967	-1
0.09333	-1
0.09700	-1
0.10067	-1
0.10433	-1
0.10800	-1
0.11167	-1
0.11533	-1
0.11900	-1
0.12267	-1
0.12633	-1
0.13000	-1
0.13367	-1
0.13733	-1
0.14100	-1
0.14467	-1
0.14833	-1
0.15200	-0
0.15567	-0
0.15933	-0
0.16300	-0
0.16667	-0
0.17033	-0
0.17400	-0
0.17767	-0
0.18133	-1
0.18500	-1
0.18867	-0
0.19233	-0
0.19600	0
0.19967	1
0.20333	1
0.20700	1
0.21067	1
0.21433	1
0.21800	2
0.22167	2
0.22533	2
0.22900	1
0.23267	1
0.23633	1
0.24000	1
0.24367	1
0.24733	2
0.25100	2
0.25467	2
0.25833	2
0.26200	2
0.26567	2
0.26933	2
0.27300	2
0.27667	1
0.28033	1
0.28400	1
0.28767	0
0.29133	0
0.29500	0
0.29867	-0
0.30233	-0
0.30600	-0
0.30967	-0
0.31333	-0
0.31700	-0
0.32067	-0
0.32433	0
0.32800	0
0.33167	0
0.33533	0
0.33900	0
0.34267	-0
0.34633	-0
0.35000	-0
0.35367	-0
0.35733	-0
0.36100	-1
0.36467	-1
0.36833	-1
0.37200	-1
0.37567	-0
0.37933	-0
0.38300	-1
0.38667	-1
0.39033	-1
0.39400	-1
0.39767	-1
0.40133	-1
0.40500	-1
0.40867	-1
0.41233	-1
0.41600	-1
0.41967	-2
0.42333	-2
0.42700	-2
0.43067	-2
0.43433	-2
0.43800	-2
0.44167	-1
0.44533	-1
0.44900	-1
0.45267	-1
0.45633	-1
0.46000	-1
0.46367	-1
0.46733	-1
0.47100	-1
0.47467	-1
0.47833	-1
0.48200	-0
0.48567	-0
0.48933	-1
0.49300	-0
0.49667	-0
0.50033	-0
0.50400	-0
0.50767	-0
0.51133	-1
0.51500	-1
0.51867	-1
0.52233	-1
0.52600	-1
0.52967	-1
0.53333	-2
0.53700	-2
0.54067	-2
0.54433	-2
0.54800	-2
0.55167	-2
0.55533	-1
0.55900	-1
0.56267	-1
0.56633	-1
0.57000	-1
0.57367	-1
0.57733	-1
0.58100	-1
0.58467	-1
0.58833	-1
0.59200	-1
0.59567	-1
0.59933	-1
0.60300	-1
0.60667	-0
0.61033	-0
0.61400	-0
0.61767	-0
0.62133	-0
0.62500	-0
0.62867	-0
0.63233	-1
0.63600	-1
0.63967	-1
0.64333	-1
0.64700	-1
0.65067	-1
0.65433	-1
0.65800	-1
0.66167	-2
0.66533	-2
0.66900	-2
0.67267	-2
0.67633	-2
0.68000	-2
0.68367	-2
0.68733	-2
0.69100	-2
0.69467	-2
0.69833	-2
0.70200	-2
0.70567	-2
0.70933	-2
0.71300	-2
0.71667	-2
0.72033	-2
0.72400	-2
0.72767	-3
0.73133	-3
0.73500	-3
0.73867	-3
0.74233	-3
0.74600	-3
0.74967	-3
0.75333	-3
0.75700	-3
0.76067	-3
0.76433	-3
0.76800	-3
0.77167	-3
0.77533	-3
0.77900	-3
0.78267	-3
0.78633	-3
0.79000	-3
0.79367	-2
0.79733	-2
0.80100	-2
0.80467	-2
0.80833	-2
0.81200	-2
0.81567	-2
0.81933	-2
0.82300	-2
0.82667	-2
0.83033	-2
0.83400	-2
0.83767	-2
0.84133	-1
0.84500	-1
0.84867	-1
0.85233	-1
0.85600	-1
0.85967	-1
0.86333	-0
0.86700	-0
0.87067	-0
0.87433	-0
0.87800	0
0.88167	0
0.88533	0
0.88900	-0
0.89267	-0
0.89633	-0
0.90000	-1
0.90367	-1
0.90733	-1
0.91100	-1
0.91467	-1
0.91833	-1
0.92200	-1
0.92567	-0
0.92933	-0
0.93300	-0
0.93667	-0
0.94033	-0
0.94400	-0
0.94767	-0
0.95133	-0
0.95500	-0
0.95867	0
0.96233	0
0.96600	1
0.96967	1
0.97333	1
0.97700	1
0.98067	1
0.98433	1
0.98800	1
0.99167	1
0.99533	1
0.99900	1
1.00267	0
1.00633	-0
1.01000	-0
1.01367	-1
1.01733	-1
1.02100	-1
1.02467	-1
1.02833	-1
1.03200	-2
1.03567	-2
1.03933	-2
1.04300	-2
1.04667	-2
1.05033	-2
1.05400	-2
1.05767	-2
1.06133	-2
1.06500	-2
1.06867	-2
1.07233	-2
1.07600	-3
1.07967	-3
1.08333	-3
1.08700	-3
1.09067	-3
1.09433	-3
1.09800	-3
1.10167	-3
1.10533	-3
1.10900	-3
1.11267	-3
1.11633	-3
1.12000	-3
1.12367	-3
1.12733	-4
1.13100	-3
1.13467	-3
1.13833	-3
1.14200	-3
1.14567	-2
1.14933	-2
1.15300	-2
1.15667	-2
1.16033	-2
1.16400	-2
1.16767	-2
1.17133	-2
1.17500	-2
1.17867	-2
1.18233	-2
1.18600	-2
1.18967	-2
1.19333	-2
1.19700	-2
1.20067	-2
1.20433	-3
1.20800	-3
1.21167	-3
1.21533	-3
1.21900	-3
1.22267	-3
1.22633	-3
1.23000	-4
1.23367	-4
1.23733	-4
1.24100	-4
1.24467	-4
1.24833	-4
1.25200	-4
1.25567	-4
1.25933	-4
1.26300	-4
1.26667	-4
1.27033	-4
1.27400	-4
1.27767	-3
1.28133	-3
1.28500	-3
1.28867	-3
1.29233	-3
1.29600	-3
1.29967	-3
1.30333	-3
1.30700	-3
1.31067	-3
1.31433	-3
1.31800	-3
1.32167	-3
1.32533	-3
1.32900	-3
1.33267	-3
1.33633	-4
1.34000	-4
1.34367	-4
1.34733	-4
1.35100	-4
1.35467	-4
1.35833	-5
1.36200	-5
1.36567	-5
1.36933	-5
1.37300	-6
1.37667	-6
1.38033	-6
1.38400	-6
1.38767	-6
1.39133	-7
1.39500	-7
1.39867	-7
1.40233	-7
1.40600	-7
1.40967	-7
1.41333	-6
1.41700	-6
1.42067	-6
1.42433	-6
1.42800	-5
1.43167	-5
1.43533	-5
1.43900	-4
1.44267	-4
1.44633	-4
1.45000	-3
1.45367	-3
1.45733	-2
1.46100	-2
1.46467	-2
1.46833	-2
1.47200	-1
1.47567	-1
1.47933	-0
1.48300	0
1.48667	0
1.49033	0
1.49400	-0
1.49767	-0
1.50133	-1
1.50500	-1
1.50867	-1
1.51233	-1
1.51600	-1
1.51967	-1
1.52333	-1
1.52700	-1
1.53067	-1
1.53433	-1
1.53800	-2
1.54167	-2
1.54533	-2
1.54900	-2
1.55267	-2
1.55633	-2
1.56000	-2
1.56367	-2
1.56733	-1
1.57100	-1
1.57467	-1
1.57833	-1
1.58200	-1
1.58567	-2
1.58933	-2
1.59300	-2
1.59667	-2
1.60033	-3
1.60400	-4
1.60767	-5
1.61133	-7
1.61500	-9
1.61867	-11
1.62233	-13
1.62600	-16
1.62967	-20
1.63333	-23
1.63700	-27
1.64067	-30
1.64433	-34
1.64800	-38
1.65167	-42
1.65533	-46
1.65900	-49
1.66267	-53
1.66633	-58
1.67000	-63
1.67367	-68
1.67733	-73
1.68100	-78
1.68467	-83
1.68833	-87
1.69200	-91
1.69567	-94
1.69933	-97
1.70300	-100
1.70667	-102
1.71033	-104
1.71400	-106
1.71767	-107
1.72133	-108
1.72500	-109
1.72867	-110
1.73233	-110
1.73600	-111
1.73967	-112
1.74333	-112
1.74700	-113
1.75067	-113
1.75433	-113
1.75800	-113
1.76167	-113
1.76533	-113
1.76900	-114
1.77267	-115
1.77633	-115
1.78000	-116
1.78367	-117
1.78733	-118
1.79100	-118
1.79467	-119
1.79833	-119
1.80200	-120
1.80567	-120
1.80933	-120
1.81300	-119
1.81667	-119
1.82033	-118
1.82400	-117
1.82767	-117
1.83133	-116
1.83500	-116
1.83867	-117
1.84233	-117
1.84600	-118
1.84967	-118
1.85333	-118
1.85700	-119
1.86067	-119
1.86433	-119
1.86800	-119
1.87167	-119
1.87533	-119
1.87900	-119
1.88267	-118
1.88633	-117
1.89000	-117
1.89367	-116
1.89733	-116
1.90100	-116
1.90467	-116
1.90833	-116
1.91200	-116
1.91567	-117
1.91933	-117
1.92300	-117
1.92667	-117
1.93033	-117
1.93400	-116
1.93767	-116
1.94133	-116
1.94500	-116
1.94867	-116
1.95233	-115
1.95600	-115
1.95967	-115
1.96333	-115
1.96700	-115
1.97067	-115
1.97433	-114
1.97800	-114
1.98167	-114
1.98533	-114
1.98900	-114
1.99267	-114
1.99633	-114
2.00000	-114
2.00367	-114
2.00733	-114
2.01100	-114
2.01467	-114
2.01833	-113
2.02200	-112
2.02567	-112
2.02933	-111
2.03300	-111
2.03667	-111
2.04033	-110
2.04400	-110
2.04767	-109
2.05133	-109
2.05500	-109
2.05867	-108
2.06233	-108
2.06600	-108
2.06967	-108
2.07333	-108
2.07700	-107
2.08067	-107
2.08433	-106
2.08800	-106
2.09167	-106
2.09533	-106
2.09900	-106
2.10267	-105
2.10633	-104
2.11000	-104
2.11367	-103
2.11733	-102
2.12100	-102
2.12467	-102
2.12833	-101
2.13200	-101
2.13567	-100
2.13933	-100
2.14300	-99
2.14667	-99
2.15033	-98
2.15400	-98
2.15767	-98
2.16133	-97
2.16500	-97
2.16867	-97
2.17233	-97
2.17600	-97
2.17967	-97
2.18333	-97
2.18700	-97
2.19067	-97
2.19433	-97
2.19800	-97
2.20167	-97
2.20533	-97
2.20900	-97
2.21267	-97
2.21633	-97
2.22000	-96
2.22367	-96
2.22733	-96
2.23100	-96
2.23467	-96
2.23833	-95
2.24200	-95
2.24567	-94
2.24933	-94
2.25300	-94
2.25667	-93
2.26033	-93
2.26400	-92
2.26767	-91
2.27133	-91
2.27500	-90
2.27867	-90
2.28233	-90
2.28600	-90
2.28967	-91
2.29333	-91
2.29700	-91
2.30067	-91
2.30433	-91
2.30800	-90
2.31167	-89
2.31533	-89
2.31900	-88
2.32267	-88
2.32633	-87
2.33000	-86
2.33367	-86
2.33733	-85
2.34100	-84
2.34467	-82
2.34833	-81
2.35200	-80
2.35567	-78
2.35933	-77
2.36300	-75
2.36667	-74
2.37033	-73
2.37400	-71
2.37767	-69
2.38133	-66
2.38500	-63
2.38867	-61
2.39233	-57
2.39600	-54
2.39967	-50
2.40333	-47
2.40700	-43
2.41067	-39
2.41433	-34
2.41800	-31
2.42167	-27
2.42533	-24
2.42900	-22
2.43267	-20
2.43633	-18
2.44000	-16
2.44367	-14
2.44733	-12
2.45100	-10
2.45467	-9
2.45833	-7
2.46200	-5
2.46567	-4
2.46933	-2
2.47300	-1
2.47667	0
2.48033	2
2.48400	4
2.48767	5
2.49133	6
2.49500	7
2.49867	7
2.50233	7
2.50600	7
2.50967	7
2.51333	7
2.51700	8
2.52067	9
2.52433	10
2.52800	10
2.53167	11
2.53533	12
2.53900	13
2.54267	13
2.54633	14
2.55000	15
2.55367	15
2.55733	15
2.56100	15
2.56467	15
2.56833	15
2.57200	15
2.57567	15
2.57933	15
2.58300	15
2.58667	15
2.59033	15
2.59400	16
2.59767	16
2.60133	17
2.60500	18
2.60867	18
2.61233	18
2.61600	18
2.61967	19
2.62333	19
2.62700	19
2.63067	19
2.63433	19
2.63800	20
2.64167	20
2.64533	20
2.64900	20
2.65267	20
2.65633	20
2.66000	21
2.66367	21
2.66733	21
2.67100	21
2.67467	22
2.67833	22
2.68200	22
2.68567	22
2.68933	22
2.69300	22
2.69667	22
2.70033	22
2.70400	22
2.70767	22
2.71133	23
2.71500	23
2.71867	23
2.72233	23
2.72600	23
2.72967	23
2.73333	23
2.73700	22
2.74067	22
2.74433	22
2.74800	22
2.75167	22
2.75533	22
2.75900	22
2.76267	23
2.76633	23
2.77000	24
2.77367	24
2.77733	25
2.78100	25
2.78467	25
2.78833	26
2.79200	25
2.79567	25
2.79933	25
2.80300	25
2.80667	24
2.81033	23
2.81400	23
2.81767	22
2.82133	22
2.82500	22
2.82867	22
2.83233	22
2.83600	22
2.83967	22
2.84333	23
2.84700	23
2.85067	23
2.85433	22
2.85800	20
2.86167	16
2.86533	10
2.86900	-0
2.87267	-13
2.87633	-31
2.88000	-52
2.88367	-79
2.88733	-110
2.89100	-146
2.89467	-186
2.89833	-231
2.90200	-281
2.90567	-334
2.90933	-391
2.91300	-452
2.91667	-516
2.92033	-583
2.92400	-653
2.92767	-726
2.93133	-801
2.93500	-879
2.93867	-959
2.94233	-1041
2.94600	-1125
2.94967	-1213
2.95333	-1300
2.95700	-1378
2.96067	-1435
2.96433	-1461
2.96800	-1452
2.97167	-1411
2.97533	-1343
2.97900	-1256
2.98267	-1156
2.98633	-1051
2.99000	-946
2.99367	-843
2.99733	-746
3.00100	-655
3.00467	-572
3.00833	-497
3.01200	-431
3.01567	-371
3.01933	-319
3.02300	-274
3.02667	-234
3.03033	-200
3.03400	-170
3.03767	-144
3.04133	-122
3.04500	-103
3.04867	-87
3.05233	-73
3.05600	-61
3.05967	-50
3.06333	-42
3.06700	-34
3.07067	-28
3.07433	-23
3.07800	-18
3.08167	-14
3.08533	-10
3.08900	-7
3.09267	-5
3.09633	-3
3.10000	-1
3.10367	1
3.10733	3
3.11100	4
3.11467	6
3.11833	7
3.12200	8
3.12567	9
3.12933	9
3.13300	10
3.13667	11
3.14033	11
3.14400	12
3.14767	12
3.15133	12
3.15500	13
3.15867	13
3.16233	13
3.16600	14
3.16967	14
3.17333	14
3.17700	14
3.18067	15
3.18433	15
3.18800	15
3.19167	16
3.19533	16
3.19900	16
3.20267	17
3.20633	17
3.21000	17
3.21367	18
3.21733	18
3.22100	18
3.22467	19
3.22833	19
3.23200	19
3.23567	19
3.23933	19
3.24300	19
3.24667	19
3.25033	19
3.25400	19
3.25767	19
3.26133	20
3.26500	20
3.26867	20
3.27233	20
3.27600	20
3.27967	20
3.28333	21
3.28700	21
3.29067	21
3.29433	21
3.29800	21
3.30167	22
3.30533	22
3.30900	22
3.31267	22
3.31633	22
3.32000	22
3.32367	22
3.32733	22
3.33100	22
3.33467	22
3.33833	22
3.34200	22
3.34567	22
3.34933	22
3.35300	22
3.35667	22
3.36033	23
3.36400	23
3.36767	23
3.37133	24
3.37500	24
3.37867	25
3.38233	25
3.38600	26
3.38967	26
3.39333	26
3.39700	27
3.40067	27
3.40433	27
3.40800	27
3.41167	27
3.41533	27
3.41900	27
3.42267	27
3.42633	27
3.43000	27
3.43367	28
3.43733	28
3.44100	28
3.44467	28
3.44833	28
3.45200	28
3.45567	28
3.45933	28
3.46300	28
3.46667	28
3.47033	28
3.47400	27
3.47767	27
3.48133	27
3.48500	27
3.48867	27
3.49233	27
3.49600	27
3.49967	27
3.50333	27
3.50700	27
3.51067	27
3.51433	27
3.51800	27
3.52167	27
3.52533	26
3.52900	26
3.53267	26
3.53633	26
3.54000	25
3.54367	25
3.54733	25
3.55100	25
3.55467	25
3.55833	25
3.56200	25
3.56567	25
3.56933	25
3.57300	25
3.57667	25
3.58033	25
3.58400	25
3.58767	25
3.59133	25
3.59500	25
3.59867	25
3.60233	26
3.60600	26
3.60967	25
3.61333	25
3.61700	25
3.62067	25
3.62433	25
3.62800	24
3.63167	24
3.63533	24
3.63900	24
3.64267	24
3.64633	24
3.65000	24
3.65367	25
3.65733	25
3.66100	25
3.66467	25
3.66833	26
3.67200	26
3.67567	26
3.67933	26
3.68300	26
3.68667	27
3.69033	27
3.69400	27
3.69767	27
3.70133	26
3.70500	26
3.70867	26
3.71233	26
3.71600	26
3.71967	26
3.72333	26
3.72700	26
3.73067	26
3.73433	26
3.73800	26
3.74167	26
3.74533	26
3.74900	26
3.75267	26
3.75633	26
3.76000	26
3.76367	26
3.76733	26
3.77100	26
3.77467	26
3.77833	26
3.78200	26
3.78567	26
3.78933	26
3.79300	26
3.79667	26
3.80033	26
3.80400	26
3.80767	26
3.81133	26
3.81500	26
3.81867	26
3.82233	26
3.82600	26
3.82967	25
3.83333	25
3.83700	25
3.84067	26
3.84433	26
3.84800	25
3.85167	25
3.85533	25
3.85900	25
3.86267	25
3.86633	24
3.87000	24
3.87367	24
3.87733	24
3.88100	24
3.88467	24
3.88833	24
3.89200	24
3.89567	24
3.89933	24
3.90300	24
3.90667	24
3.91033	25
3.91400	25
3.91767	24
3.92133	24
3.92500	24
3.92867	25
3.93233	25
3.93600	25
3.93967	25
3.94333	25
3.94700	25
3.95067	25
3.95433	25
3.95800	25
3.96167	25
3.96533	25
3.96900	25
3.97267	25
3.97633	25
3.98000	25
3.98367	25
3.98733	26
3.99100	26
3.99467	26
3.99833	26

[Chromatogram (Ch3)]
Interval(msec)	220
# of Points	1091
Start Time(min)	0.002
End Time(min)	3.998
R.Time (min)	Intensity
0.00167	-0
0.00533	-0
0.00900	0
0.01267	1
0.01633	-0
0.02000	-2
0.02367	-1
0.02733	-2
0.03100	-3
0.03467	-4
0.03833	-1
0.04200	-1
0.04567	-2
0.04933	-2
0.05300	-3
0.05667	-6
0.06033	-6
0.06400	-5
0.06767	-6
0.07133	-7
0.07500	-8
0.07867	-10
0.08233	-9
0.08600	-8
0.08967	-9
0.09333	-11
0.09700	-12
0.10067	-11
0.10433	-11
0.10800	-9
0.11167	-8
0.11533	-6
0.11900	-6
0.12267	-9
0.12633	-12
0.13000	-14
0.13367	-13
0.13733	-11
0.14100	-9
0.14467	-9
0.14833	-9
0.15200	-8
0.15567	-6
0.15933	-4
0.16300	-2
0.16667	-3
0.17033	-3
0.17400	-4
0.17767	-4
0.18133	-5
0.18500	-7
0.18867	-7
0.19233	-7
0.19600	-5
0.19967	-4
0.20333	-4
0.20700	-5
0.21067	-5
0.21433	-4
0.21800	-6
0.22167	-8
0.22533	-8
0.22900	-5
0.23267	-4
0.23633	-4
0.24000	-5
0.24367	-8
0.24733	-10
0.25100	-10
0.25467	-11
0.25833	-12
0.26200	-13
0.26567	-12
0.26933	-10
0.27300	-11
0.27667	-13
0.28033	-13
0.28400	-13
0.28767	-13
0.29133	-14
0.29500	-15
0.29867	-16
0.30233	-14
0.30600	-15
0.30967	-15
0.31333	-13
0.31700	-14
0.32067	-15
0.32433	-16
0.32800	-16
0.33167	-15
0.33533	-14
0.33900	-13
0.34267	-15
0.34633	-15
0.35000	-16
0.35367	-16
0.35733	-16
0.36100	-16
0.36467	-16
0.36833	-13
0.37200	-10
0.37567	-11
0.37933	-12
0.38300	-13
0.38667	-15
0.39033	-16
0.39400	-16
0.39767	-15
0.40133	-14
0.40500	-14
0.40867	-13
0.41233	-11
0.41600	-13
0.41967	-14
0.42333	-15
0.42700	-16
0.43067	-16
0.43433	-15
0.43800	-14
0.44167	-15
0.44533	-14
0.44900	-14
0.45267	-13
0.45633	-14
0.46000	-16
0.46367	-18
0.46733	-19
0.47100	-20
0.47467	-19
0.47833	-19
0.48200	-19
0.48567	-19
0.48933	-19
0.49300	-19
0.49667	-20
0.50033	-19
0.50400	-18
0.50767	-17
0.51133	-16
0.51500	-13
0.51867	-13
0.52233	-14
0.52600	-15
0.52967	-19
0.53333	-21
0.53700	-20
0.54067	-21
0.54433	-21
0.54800	-22
0.55167	-23
0.55533	-24
0.55900	-25
0.56267	-24
0.56633	-22
0.57000	-19
0.57367	-16
0.57733	-15
0.58100	-15
0.58467	-19
0.58833	-22
0.59200	-22
0.59567	-24
0.59933	-23
0.60300	-20
0.60667	-19
0.61033	-18
0.61400	-19
0.61767	-18
0.62133	-19
0.62500	-18
0.62867	-19
0.63233	-20
0.63600	-20
0.63967	-21
0.64333	-20
0.64700	-20
0.65067	-21
0.65433	-23
0.65800	-24
0.66167	-20
0.66533	-18
0.66900	-19
0.67267	-21
0.67633	-24
0.68000	-25
0.68367	-26
0.68733	-26
0.69100	-26
0.69467	-25
0.69833	-27
0.70200	-27
0.70567	-25
0.70933	-24
0.71300	-23
0.71667	-21
0.72033	-20
0.72400	-18
0.72767	-18
0.73133	-20
0.73500	-22
0.73867	-26
0.74233	-29
0.74600	-28
0.74967	-24
0.75333	-21
0.75700	-21
0.76067	-24
0.76433	-25
0.76800	-26
0.77167	-24
0.77533	-25
0.77900	-25
0.78267	-24
0.78633	-23
0.79000	-23
0.79367	-24
0.79733	-28
0.80100	-29
0.80467	-28
0.80833	-26
0.81200	-24
0.81567	-25
0.81933	-27
0.82300	-27
0.82667	-27
0.83033	-25
0.83400	-26
0.83767	-26
0.84133	-25
0.84500	-23
0.84867	-23
0.85233	-24
0.85600	-27
0.85967	-27
0.86333	-29
0.86700	-30
0.87067	-31
0.87433	-30
0.87800	-28
0.88167	-26
0.88533	-27
0.88900	-28
0.89267	-29
0.89633	-29
0.90000	-28
0.90367	-25
0.90733	-25
0.91100	-28
0.91467	-29
0.91833	-28
0.92200	-28
0.92567	-27
0.92933	-26
0.93300	-24
0.93667	-22
0.94033	-21
0.94400	-22
0.94767	-25
0.95133	-27
0.95500	-27
0.95867	-27
0.96233	-28
0.96600	-31
0.96967	-32
0.97333	-30
0.97700	-28
0.98067	-25
0.98433	-23
0.98800	-22
0.99167	-23
0.99533	-25
0.99900	-26
1.00267	-26
1.00633	-28
1.01000	-28
1.01367	-27
1.01733	-25
1.02100	-29
1.02467	-31
1.02833	-32
1.03200	-30
1.03567	-28
1.03933	-27
1.04300	-26
1.04667	-25
1.05033	-27
1.05400	-27
1.05767	-27
1.06133	-26
1.06500	-24
1.06867	-25
1.07233	-26
1.07600	-27
1.07967	-27
1.08333	-26
1.08700	-26
1.09067	-27
1.09433	-29
1.09800	-30
1.10167	-30
1.10533	-30
1.10900	-30
1.11267	-29
1.11633	-28
1.12000	-29
1.12367	-31
1.12733	-33
1.13100	-34
1.13467	-35
1.13833	-37
1.14200	-37
1.14567	-35
1.14933	-30
1.15300	-29
1.15667	-30
1.16033	-31
1.16400	-29
1.16767	-28
1.17133	-27
1.17500	-29
1.17867	-31
1.18233	-34
1.18600	-36
1.18967	-35
1.19333	-35
1.19700	-32
1.20067	-32
1.20433	-32
1.20800	-29
1.21167	-27
1.21533	-28
1.21900	-29
1.22267	-30
1.22633	-29
1.23000	-30
1.23367	-33
1.23733	-33
1.24100	-32
1.24467	-33
1.24833	-32
1.25200	-29
1.25567	-29
1.25933	-32
1.26300	-35
1.26667	-36
1.27033	-37
1.27400	-38
1.27767	-39
1.28133	-39
1.28500	-39
1.28867	-39
1.29233	-38
1.29600	-37
1.29967	-39
1.30333	-40
1.30700	-41
1.31067	-42
1.31433	-41
1.31800	-39
1.32167	-38
1.32533	-38
1.32900	-36
1.33267	-33
1.33633	-32
1.34000	-32
1.34367	-33
1.34733	-33
1.35100	-32
1.35467	-31
1.35833	-32
1.36200	-33
1.36567	-33
1.36933	-32
1.37300	-31
1.37667	-31
1.38033	-33
1.38400	-33
1.38767	-33
1.39133	-33
1.39500	-34
1.39867	-34
1.40233	-32
1.40600	-32
1.40967	-33
1.41333	-32
1.41700	-34
1.42067	-35
1.42433	-34
1.42800	-35
1.43167	-39
1.43533	-39
1.43900	-38
1.44267	-38
1.44633	-40
1.45000	-40
1.45367	-41
1.45733	-39
1.46100	-36
1.46467	-33
1.46833	-33
1.47200	-32
1.47567	-30
1.47933	-29
1.48300	-29
1.48667	-31
1.49033	-32
1.49400	-33
1.49767	-33
1.50133	-34
1.50500	-33
1.50867	-33
1.51233	-34
1.51600	-34
1.51967	-34
1.52333	-34
1.52700	-33
1.53067	-34
1.53433	-36
1.53800	-36
1.54167	-36
1.54533	-34
1.54900	-33
1.55267	-32
1.55633	-32
1.56000	-34
1.56367	-36
1.56733	-38
1.57100	-36
1.57467	-35
1.57833	-33
1.58200	-33
1.58567	-36
1.58933	-37
1.59300	-36
1.59667	-35
1.60033	-34
1.60400	-36
1.60767	-41
1.61133	-43
1.61500	-43
1.61867	-41
1.62233	-38
1.62600	-36
1.62967	-37
1.63333	-37
1.63700	-36
1.64067	-35
1.64433	-35
1.64800	-34
1.65167	-35
1.65533	-37
1.65900	-38
1.66267	-36
1.66633	-33
1.67000	-34
1.67367	-37
1.67733	-38
1.68100	-35
1.68467	-33
1.68833	-30
1.69200	-28
1.69567	-27
1.69933	-27
1.70300	-29
1.70667	-29
1.71033	-29
1.71400	-30
1.71767	-31
1.72133	-29
1.72500	-28
1.72867	-29
1.73233	-29
1.73600	-29
1.73967	-27
1.74333	-27
1.74700	-27
1.75067	-27
1.75433	-27
1.75800	-27
1.76167	-27
1.76533	-25
1.76900	-25
1.77267	-24
1.77633	-24
1.78000	-25
1.78367	-24
1.78733	-21
1.79100	-21
1.79467	-20
1.79833	-20
1.80200	-21
1.80567	-19
1.80933	-16
1.81300	-15
1.81667	-16
1.82033	-18
1.82400	-19
1.82767	-19
1.83133	-17
1.83500	-15
1.83867	-17
1.84233	-20
1.84600	-21
1.84967	-21
1.85333	-21
1.85700	-20
1.86067	-18
1.86433	-17
1.86800	-16
1.87167	-14
1.87533	-15
1.87900	-16
1.88267	-16
1.88633	-15
1.89000	-14
1.89367	-14
1.89733	-12
1.90100	-11
1.90467	-11
1.90833	-12
1.91200	-13
1.91567	-11
1.91933	-8
1.92300	-4
1.92667	-2
1.93033	-0
1.93400	-1
1.93767	-1
1.94133	-1
1.94500	-0
1.94867	-1
1.95233	1
1.95600	1
1.95967	0
1.96333	-2
1.96700	-0
1.97067	2
1.97433	2
1.97800	4
1.98167	5
1.98533	5
1.98900	7
1.99267	8
1.99633	8
2.00000	8
2.00367	7
2.00733	5
2.01100	5
2.01467	8
2.01833	13
2.02200	16
2.02567	15
2.02933	14
2.03300	12
2.03667	12
2.04033	12
2.04400	15
2.04767	18
2.05133	20
2.05500	21
2.05867	22
2.06233	23
2.06600	26
2.06967	32
2.07333	33
2.07700	33
2.08067	30
2.08433	29
2.08800	28
2.09167	28
2.09533	26
2.09900	26
2.10267	26
2.10633	27
2.11000	26
2.11367	25
2.11733	28
2.12100	31
2.12467	34
2.12833	33
2.13200	34
2.13567	34
2.13933	33
2.14300	35
2.14667	37
2.15033	39
2.15400	42
2.15767	44
2.16133	44
2.16500	46
2.16867	44
2.17233	44
2.17600	46
2.17967	48
2.18333	48
2.18700	49
2.19067	47
2.19433	47
2.19800	47
2.20167	48
2.20533	52
2.20900	56
2.21267	59
2.21633	61
2.22000	61
2.22367	59
2.22733	58
2.23100	58
2.23467	57
2.23833	58
2.24200	60
2.24567	60
2.24933	62
2.25300	65
2.25667	65
2.26033	64
2.26400	66
2.26767	69
2.27133	69
2.27500	69
2.27867	70
2.28233	72
2.28600	74
2.28967	76
2.29333	78
2.29700	83
2.30067	88
2.30433	93
2.30800	95
2.31167	95
2.31533	92
2.31900	92
2.32267	91
2.32633	91
2.33000	93
2.33367	94
2.33733	97
2.34100	99
2.34467	98
2.34833	97
2.35200	97
2.35567	100
2.35933	102
2.36300	103
2.36667	106
2.37033	107
2.37400	105
2.37767	105
2.38133	106
2.38500	106
2.38867	108
2.39233	109
2.39600	111
2.39967	114
2.40333	115
2.40700	115
2.41067	117
2.41433	119
2.41800	122
2.42167	128
2.42533	132
2.42900	135
2.43267	134
2.43633	134
2.44000	136
2.44367	162
2.44733	228
2.45100	301
2.45467	353
2.45833	368
2.46200	362
2.46567	355
2.46933	344
2.47300	323
2.47667	295
2.48033	262
2.48400	232
2.48767	205
2.49133	184
2.49500	172
2.49867	171
2.50233	175
2.50600	184
2.50967	192
2.51333	194
2.51700	188
2.52067	175
2.52433	157
2.52800	138
2.53167	122
2.53533	105
2.53900	93
2.54267	82
2.54633	73
2.55000	67
2.55367	63
2.55733	63
2.56100	63
2.56467	62
2.56833	62
2.57200	63
2.57567	66
2.57933	73
2.58300	80
2.58667	89
2.59033	99
2.59400	108
2.59767	114
2.60133	116
2.60500	115
2.60867	107
2.61233	90
2.61600	66
2.61967	33
2.62333	-9
2.62700	-52
2.63067	-97
2.63433	-140
2.63800	-180
2.64167	-213
2.64533	-241
2.64900	-261
2.65267	-274
2.65633	-282
2.66000	-284
2.66367	-283
2.66733	-276
2.67100	-270
2.67467	-262
2.67833	-251
2.68200	-240
2.68567	-228
2.68933	-213
2.69300	-199
2.69667	-188
2.70033	-177
2.70400	-168
2.70767	-159
2.71133	-151
2.71500	-143
2.71867	-136
2.72233	-127
2.72600	-117
2.72967	-108
2.73333	-98
2.73700	-89
2.74067	-81
2.74433	-72
2.74800	-64
2.75167	-55
2.75533	-46
2.75900	-36
2.76267	-28
2.76633	-19
2.77000	-13
2.77367	-6
2.77733	-0
2.78100	10
2.78467	18
2.78833	24
2.79200	29
2.79567	33
2.79933	35
2.80300	39
2.80667	43
2.81033	45
2.81400	46
2.81767	48
2.82133	52
2.82500	61
2.82867	77
2.83233	118
2.83600	214
2.83967	410
2.84333	764
2.84700	1348
2.85067	2216
2.85433	3401
2.85800	4890
2.86167	6625
2.86533	8496
2.86900	10360
2.87267	12067
2.87633	13480
2.88000	14488
2.88367	15034
2.88733	15134
2.89100	14851
2.89467	14259
2.89833	13438
2.90200	12472
2.90567	11431
2.90933	10376
2.91300	9339
2.91667	8347
2.92033	7425
2.92400	6578
2.92767	5804
2.93133	5109
2.93500	4492
2.93867	3947
2.94233	3467
2.94600	3042
2.94967	2668
2.95333	2342
2.95700	2061
2.96067	1817
2.96433	1603
2.96800	1418
2.97167	1261
2.97533	1126
2.97900	1011
2.98267	910
2.98633	824
2.99000	748
2.99367	681
2.99733	627
3.00100	582
3.00467	544
3.00833	509
3.01200	481
3.01567	456
3.01933	436
3.02300	421
3.02667	407
3.03033	394
3.03400	385
3.03767	379
3.04133	372
3.04500	366
3.04867	361
3.05233	355
3.05600	348
3.05967	339
3.06333	336
3.06700	336
3.07067	336
3.07433	338
3.07800	340
3.08167	343
3.08533	343
3.08900	341
3.09267	338
3.09633	336
3.10000	338
3.10367	340
3.10733	339
3.11100	339
3.11467	340
3.11833	339
3.12200	339
3.12567	342
3.12933	343
3.13300	343
3.13667	344
3.14033	345
3.14400	347
3.14767	350
3.15133	354
3.15500	356
3.15867	356
3.16233	356
3.16600	354
3.16967	351
3.17333	350
3.17700	352
3.18067	355
3.18433	357
3.18800	361
3.19167	360
3.19533	358
3.19900	357
3.20267	357
3.20633	357
3.21000	355
3.21367	356
3.21733	356
3.22100	354
3.22467	353
3.22833	351
3.23200	350
3.23567	351
3.23933	350
3.24300	349
3.24667	350
3.25033	349
3.25400	347
3.25767	343
3.26133	339
3.26500	336
3.26867	334
3.27233	330
3.27600	327
3.27967	324
3.28333	320
3.28700	314
3.29067	308
3.29433	303
3.29800	301
3.30167	298
3.30533	294
3.30900	290
3.31267	286
3.31633	282
3.32000	279
3.32367	276
3.32733	273
3.33100	270
3.33467	268
3.33833	264
3.34200	260
3.34567	259
3.34933	258
3.35300	256
3.35667	254
3.36033	252
3.36400	247
3.36767	245
3.37133	242
3.37500	237
3.37867	233
3.38233	230
3.38600	227
3.38967	224
3.39333	221
3.39700	217
3.40067	215
3.40433	212
3.40800	209
3.41167	206
3.41533	204
3.41900	203
3.42267	203
3.42633	202
3.43000	200
3.43367	199
3.43733	197
3.44100	195
3.44467	194
3.44833	194
3.45200	190
3.45567	184
3.45933	180
3.46300	178
3.46667	176
3.47033	174
3.47400	173
3.47767	171
3.48133	168
3.48500	165
3.48867	165
3.49233	165
3.49600	163
3.49967	160
3.50333	156
3.50700	151
3.51067	146
3.51433	144
3.51800	143
3.52167	141
3.52533	140
3.52900	139
3.53267	139
3.53633	139
3.54000	140
3.54367	140
3.54733	137
3.55100	133
3.55467	132
3.55833	128
3.56200	124
3.56567	121
3.56933	122
3.57300	123
3.57667	122
3.58033	120
3.58400	117
3.58767	115
3.59133	114
3.59500	111
3.59867	109
3.60233	110
3.60600	111
3.60967	108
3.61333	103
3.61700	98
3.62067	94
3.62433	91
3.62800	89
3.63167	87
3.63533	85
3.63900	83
3.64267	82
3.64633	81
3.65000	80
3.65367	78
3.65733	78
3.66100	77
3.66467	75
3.66833	74
3.67200	75
3.67567	74
3.67933	71
3.68300	69
3.68667	68
3.69033	66
3.69400	64
3.69767	63
3.70133	62
3.70500	62
3.70867	61
3.71233	60
3.71600	57
3.71967	54
3.72333	50
3.72700	50
3.73067	51
3.73433	52
3.73800	51
3.74167	49
3.74533	47
3.74900	46
3.75267	46
3.75633	45
3.76000	44
3.76367	47
3.76733	48
3.77100	47
3.77467	47
3.77833	47
3.78200	43
3.78567	40
3.78933	36
3.79300	37
3.79667	38
3.80033	37
3.80400	36
3.80767	35
3.81133	31
3.81500	27
3.81867	25
3.82233	26
3.82600	28
3.82967	28
3.83333	26
3.83700	22
3.84067	17
3.84433	15
3.84800	15
3.85167	15
3.85533	13
3.85900	13
3.86267	13
3.86633	14
3.87000	12
3.87367	9
3.87733	10
3.88100	9
3.88467	9
3.88833	9
3.89200	7
3.89567	7
3.89933	7
3.90300	6
3.90667	4
3.91033	1
3.91400	-2
3.91767	-2
3.92133	-1
3.92500	0
3.92867	-3
3.93233	-7
3.93600	-7
3.93967	-6
3.94333	-5
3.94700	-7
3.95067	-8
3.95433	-8
3.95800	-6
3.96167	-6
3.96533	-6
3.96900	-8
3.97267	-10
3.97633	-10
3.98000	-11
3.98367	-11
3.98733	-11
3.99100	-11
3.99467	-10
3.99833	-9

[Status Trace (Column Oven Temperature)]
Interval(msec)	1000
# of Points	240
Start Time(min)	0.009
End Time(min)	3.992
Intensity Units	
Intensity Multiplier	1
R.Time (min)	Intensity
0.00878	35.00
0.02545	35.01
0.04212	35.02
0.05878	35.02
0.07545	35.03
0.09212	35.05
0.10878	35.05
0.12545	35.05
0.14212	35.04
0.15878	35.04
0.17545	35.04
0.19212	35.02
0.20878	35.02
0.22545	35.00
0.24212	34.99
0.25878	34.98
0.27545	34.98
0.29212	34.98
0.30878	34.99
0.32545	34.99
0.34212	34.98
0.35878	34.99
0.37545	34.99
0.39212	34.98
0.40878	34.99
0.42545	34.99
0.44212	34.99
0.45878	34.99
0.47545	34.99
0.49212	34.98
0.50878	34.99
0.52545	34.99
0.54212	34.99
0.55878	35.00
0.57545	35.01
0.59212	35.00
0.60878	34.99
0.62545	34.99
0.64212	34.99
0.65878	34.98
0.67545	34.97
0.69212	34.98
0.70878	34.99
0.72545	34.99
0.74212	35.00
0.75878	35.01
0.77545	35.01
0.79212	35.00
0.80878	35.00
0.82545	35.00
0.84212	35.01
0.85878	35.00
0.87545	35.00
0.89212	35.00
0.90878	35.00
0.92545	35.00
0.94212	35.00
0.95878	34.98
0.97545	34.98
0.99212	34.98
1.00878	34.98
1.02545	34.98
1.04212	34.97
1.05878	34.97
1.07545	34.98
1.09212	34.99
1.10878	34.99
1.12545	34.99
1.14212	34.99
1.15878	34.99
1.17545	34.98
1.19212	35.00
1.20878	35.00
1.22545	35.00
1.24212	35.01
1.25878	35.00
1.27545	35.01
1.29212	35.00
1.30878	34.99
1.32545	35.00
1.34212	35.00
1.35878	35.01
1.37545	35.03
1.39212	35.04
1.40878	35.04
1.42545	35.05
1.44212	35.04
1.45878	35.03
1.47545	35.02
1.49212	35.01
1.50878	35.01
1.52545	35.00
1.54212	35.00
1.55878	34.99
1.57545	34.98
1.59212	34.99
1.60878	35.05
1.62545	35.19
1.64212	35.37
1.65878	35.63
1.67545	35.98
1.69212	36.34
1.70878	36.69
1.72545	37.03
1.74212	37.37
1.75878	37.68
1.77545	38.03
1.79212	38.37
1.80878	38.69
1.82545	39.01
1.84212	39.34
1.85878	39.67
1.87545	40.00
1.89212	40.32
1.90878	40.65
1.92545	40.99
1.94212	41.30
1.95878	41.64
1.97545	41.96
1.99212	42.28
2.00878	42.62
2.02545	42.94
2.04212	43.25
2.05878	43.58
2.07545	43.91
2.09212	44.24
2.10878	44.56
2.12545	44.89
2.14212	45.21
2.15878	45.52
2.17545	45.87
2.19212	46.19
2.20878	46.52
2.22545	46.85
2.24212	47.18
2.25878	47.49
2.27545	47.84
2.29212	48.19
2.30878	48.54
2.32545	48.89
2.34212	49.18
2.35878	49.44
2.37545	49.61
2.39212	49.67
2.40878	49.65
2.42545	49.65
2.44212	49.67
2.45878	49.68
2.47545	49.68
2.49212	49.69
2.50878	49.72
2.52545	49.72
2.54212	49.73
2.55878	49.75
2.57545	49.78
2.59212	49.78
2.60878	49.79
2.62545	49.80
2.64212	49.81
2.65878	49.81
2.67545	49.80
2.69212	49.82
2.70878	49.84
2.72545	49.84
2.74212	49.86
2.75878	49.86
2.77545	49.85
2.79212	49.85
2.80878	49.88
2.82545	49.91
2.84212	49.91
2.85878	49.91
2.87545	49.90
2.89212	49.90
2.90878	49.90
2.92545	49.91
2.94212	49.93
2.95878	49.94
2.97545	49.96
2.99212	49.97
3.00878	49.97
3.02545	49.97
3.04212	49.98
3.05878	49.99
3.07545	50.00
3.09212	50.00
3.10878	50.01
3.12545	50.01
3.14212	50.03
3.15878	50.04
3.17545	50.05
3.19212	50.05
3.20878	50.06
3.22545	50.07
3.24212	50.08
3.25878	50.08
3.27545	50.08
3.29212	50.08
3.30878	50.08
3.32545	50.10
3.34212	50.12
3.35878	50.11
3.37545	50.09
3.39212	50.08
3.40878	50.07
3.42545	50.06
3.44212	50.05
3.45878	50.05
3.47545	50.04
3.49212	50.04
3.50878	50.03
3.52545	50.04
3.54212	50.04
3.55878	50.05
3.57545	50.06
3.59212	50.05
3.60878	50.06
3.62545	50.06
3.64212	50.07
3.65878	50.07
3.67545	50.08
3.69212	50.07
3.70878	50.07
3.72545	50.07
3.74212	50.06
3.75878	50.06
3.77545	50.05
3.79212	50.05
3.80878	50.06
3.82545	50.05
3.84212	50.06
3.85878	50.07
3.87545	50.07
3.89212	50.07
3.90878	50.08
3.92545	50.08
3.94212	50.07
3.95878	50.08
3.97545	50.07
3.99212	50.07

[Status Trace (Injection Unit Temperature)]
Interval(msec)	1000
# of Points	240
Start Time(min)	0.009
End Time(min)	3.992
Intensity Units	
Intensity Multiplier	1
R.Time (min)	Intensity
0.00878	99.98
0.02545	99.98
0.04212	99.98
0.05878	99.98
0.07545	99.98
0.09212	99.98
0.10878	99.98
0.12545	99.97
0.14212	99.98
0.15878	99.98
0.17545	99.98
0.19212	99.98
0.20878	99.98
0.22545	99.98
0.24212	99.98
0.25878	99.99
0.27545	99.98
0.29212	99.98
0.30878	99.99
0.32545	99.99
0.34212	99.99
0.35878	99.99
0.37545	99.99
0.39212	99.99
0.40878	99.99
0.42545	99.99
0.44212	99.99
0.45878	99.99
0.47545	99.99
0.49212	99.99
0.50878	99.99
0.52545	99.99
0.54212	99.99
0.55878	99.99
0.57545	99.99
0.59212	99.99
0.60878	99.99
0.62545	99.99
0.64212	99.99
0.65878	99.99
0.67545	99.99
0.69212	99.99
0.70878	99.99
0.72545	99.99
0.74212	99.99
0.75878	99.99
0.77545	99.99
0.79212	99.99
0.80878	99.99
0.82545	99.99
0.84212	99.99
0.85878	99.99
0.87545	99.99
0.89212	99.99
0.90878	99.99
0.92545	99.99
0.94212	99.99
0.95878	99.99
0.97545	99.99
0.99212	99.99
1.00878	99.99
1.02545	99.99
1.04212	99.99
1.05878	99.99
1.07545	99.99
1.09212	99.99
1.10878	99.99
1.12545	99.99
1.14212	99.99
1.15878	99.99
1.17545	99.99
1.19212	99.99
1.20878	99.99
1.22545	99.99
1.24212	99.99
1.25878	99.99
1.27545	99.99
1.29212	99.99
1.30878	99.99
1.32545	99.99
1.34212	99.99
1.35878	99.99
1.37545	99.98
1.39212	99.99
1.40878	99.99
1.42545	99.99
1.44212	99.99
1.45878	99.99
1.47545	99.99
1.49212	99.99
1.50878	99.98
1.52545	99.98
1.54212	99.99
1.55878	99.99
1.57545	99.99
1.59212	99.99
1.60878	99.99
1.62545	99.98
1.64212	99.99
1.65878	99.99
1.67545	99.99
1.69212	99.99
1.70878	99.99
1.72545	99.99
1.74212	99.99
1.75878	99.99
1.77545	99.99
1.79212	99.99
1.80878	99.99
1.82545	99.99
1.84212	99.98
1.85878	99.98
1.87545	99.98
1.89212	99.98
1.90878	99.99
1.92545	99.98
1.94212	99.98
1.95878	99.98
1.97545	99.98
1.99212	99.98
2.00878	99.98
2.02545	99.98
2.04212	99.98
2.05878	99.98
2.07545	99.98
2.09212	99.98
2.10878	99.98
2.12545	99.98
2.14212	99.98
2.15878	99.98
2.17545	99.98
2.19212	99.98
2.20878	99.98
2.22545	99.98
2.24212	99.97
2.25878	99.97
2.27545	99.97
2.29212	99.97
2.30878	99.97
2.32545	99.97
2.34212	99.97
2.35878	99.97
2.37545	99.97
2.39212	99.97
2.40878	99.97
2.42545	99.97
2.44212	99.97
2.45878	99.97
2.47545	99.97
2.49212	99.97
2.50878	99.97
2.52545	99.97
2.54212	99.97
2.55878	99.98
2.57545	99.97
2.59212	99.97
2.60878	99.97
2.62545	99.98
2.64212	99.98
2.65878	99.98
2.67545	99.98
2.69212	99.98
2.70878	99.98
2.72545	99.98
2.74212	99.99
2.75878	99.99
2.77545	99.99
2.79212	99.99
2.80878	99.99
2.82545	99.99
2.84212	100.00
2.85878	99.99
2.87545	100.00
2.89212	100.00
2.90878	100.00
2.92545	100.00
2.94212	100.00
2.95878	100.01
2.97545	100.01
2.99212	100.01
3.00878	100.01
3.02545	100.02
3.04212	100.02
3.05878	100.02
3.07545	100.02
3.09212	100.03
3.10878	100.02
3.12545	100.02
3.14212	100.03
3.15878	100.03
3.17545	100.03
3.19212	100.03
3.20878	100.03
3.22545	100.04
3.24212	100.04
3.25878	100.04
3.27545	100.04
3.29212	100.04
3.30878	100.04
3.32545	100.04
3.34212	100.04
3.35878	100.05
3.37545	100.04
3.39212	100.05
3.40878	100.05
3.42545	100.04
3.44212	100.05
3.45878	100.05
3.47545	100.05
3.49212	100.05
3.50878	100.05
3.52545	100.05
3.54212	100.05
3.55878	100.05
3.57545	100.05
3.59212	100.05
3.60878	100.05
3.62545	100.06
3.64212	100.05
3.65878	100.05
3.67545	100.06
3.69212	100.05
3.70878	100.06
3.72545	100.05
3.74212	100.06
3.75878	100.06
3.77545	100.06
3.79212	100.06
3.80878	100.06
3.82545	100.06
3.84212	100.06
3.85878	100.06
3.87545	100.06
3.89212	100.06
3.90878	100.06
3.92545	100.06
3.94212	100.06
3.95878	100.06
3.97545	100.06
3.99212	100.05

[Status Trace (Carrier Gas Pressure)]
Interval(msec)	1000
# of Points	240
Start Time(min)	0.009
End Time(min)	3.992
Intensity Units	
Intensity Multiplier	1
R.Time (min)	Intensity
0.00878	58.00
0.02545	55.30
0.04212	57.21
0.05878	59.23
0.07545	59.43
0.09212	58.11
0.10878	57.98
0.12545	58.01
0.14212	58.01
0.15878	58.00
0.17545	58.00
0.19212	58.00
0.20878	58.00
0.22545	58.00
0.24212	58.00
0.25878	58.00
0.27545	58.00
0.29212	58.00
0.30878	58.00
0.32545	58.00
0.34212	58.00
0.35878	58.00
0.37545	58.00
0.39212	58.00
0.40878	58.00
0.42545	58.00
0.44212	58.00
0.45878	58.00
0.47545	58.00
0.49212	58.00
0.50878	58.00
0.52545	58.00
0.54212	58.00
0.55878	58.00
0.57545	58.00
0.59212	58.00
0.60878	58.00
0.62545	58.00
0.64212	58.00
0.65878	58.00
0.67545	58.00
0.69212	58.00
0.70878	58.00
0.72545	58.00
0.74212	58.00
0.75878	58.00
0.77545	58.00
0.79212	58.00
0.80878	58.00
0.82545	58.00
0.84212	58.00
0.85878	58.00
0.87545	58.00
0.89212	58.00
0.90878	58.00
0.92545	58.00
0.94212	58.00
0.95878	58.00
0.97545	58.00
0.99212	58.00
1.00878	58.00
1.02545	58.00
1.04212	58.00
1.05878	58.00
1.07545	58.00
1.09212	58.00
1.10878	58.00
1.12545	58.00
1.14212	58.00
1.15878	58.00
1.17545	58.00
1.19212	58.00
1.20878	58.00
1.22545	58.00
1.24212	58.00
1.25878	58.00
1.27545	58.00
1.29212	58.00
1.30878	58.00
1.32545	58.00
1.34212	58.00
1.35878	58.00
1.37545	58.00
1.39212	58.00
1.40878	58.00
1.42545	58.00
1.44212	58.00
1.45878	58.00
1.47545	58.00
1.49212	58.00
1.50878	58.00
1.52545	58.00
1.54212	58.00
1.55878	58.00
1.57545	58.00
1.59212	58.00
1.60878	58.00
1.62545	58.01
1.64212	58.00
1.65878	58.00
1.67545	58.01
1.69212	58.00
1.70878	58.00
1.72545	58.00
1.74212	58.00
1.75878	58.00
1.77545	58.00
1.79212	58.00
1.80878	58.00
1.82545	58.00
1.84212	58.00
1.85878	58.00
1.87545	58.00
1.89212	58.00
1.90878	58.00
1.92545	58.00
1.94212	58.00
1.95878	58.00
1.97545	58.00
1.99212	58.00
2.00878	58.00
2.02545	58.00
2.04212	58.00
2.05878	58.00
2.07545	58.00
2.09212	58.00
2.10878	58.00
2.12545	58.00
2.14212	58.00
2.15878	58.00
2.17545	58.00
2.19212	58.00
2.20878	58.00
2.22545	58.00
2.24212	58.00
2.25878	58.00
2.27545	58.00
2.29212	58.00
2.30878	58.00
2.32545	58.00
2.34212	58.00
2.35878	58.00
2.37545	58.00
2.39212	57.99
2.40878	57.99
2.42545	58.00
2.44212	58.00
2.45878	58.00
2.47545	58.00
2.49212	58.00
2.50878	58.00
2.52545	57.98
2.54212	58.00
2.55878	58.00
2.57545	58.00
2.59212	58.00
2.60878	58.00
2.62545	58.00
2.64212	58.00
2.65878	58.00
2.67545	58.00
2.69212	58.00
2.70878	58.00
2.72545	58.00
2.74212	58.00
2.75878	58.00
2.77545	58.00
2.79212	58.00
2.80878	58.00
2.82545	58.00
2.84212	58.00
2.85878	58.00
2.87545	58.00
2.89212	58.00
2.90878	58.00
2.92545	58.00
2.94212	58.00
2.95878	58.00
2.97545	58.00
2.99212	58.00
3.00878	58.00
3.02545	58.00
3.04212	58.00
3.05878	58.00
3.07545	58.00
3.09212	58.00
3.10878	58.00
3.12545	58.00
3.14212	58.00
3.15878	58.00
3.17545	58.00
3.19212	58.00
3.20878	58.00
3.22545	58.00
3.24212	58.00
3.25878	58.00
3.27545	58.00
3.29212	58.00
3.30878	58.00
3.32545	58.00
3.34212	58.00
3.35878	58.00
3.37545	58.00
3.39212	58.00
3.40878	58.00
3.42545	58.00
3.44212	58.00
3.45878	58.00
3.47545	58.00
3.49212	58.00
3.50878	58.00
3.52545	58.00
3.54212	58.00
3.55878	58.00
3.57545	58.00
3.59212	58.00
3.60878	58.00
3.62545	58.00
3.64212	58.00
3.65878	58.00
3.67545	58.00
3.69212	58.00
3.70878	58.00
3.72545	58.00
3.74212	58.00
3.75878	58.00
3.77545	58.00
3.79212	58.00
3.80878	58.00
3.82545	58.00
3.84212	58.00
3.85878	58.00
3.87545	58.00
3.89212	58.00
3.90878	58.00
3.92545	58.00
3.94212	58.00
3.95878	58.00
3.97545	58.00
3.99212	58.00

[Status Trace (Carrier Gas Flow)]
Interval(msec)	1000
# of Points	240
Start Time(min)	0.009
End Time(min)	3.992
Intensity Units	
Intensity Multiplier	1
R.Time (min)	Intensity
0.00878	34.52
0.02545	34.54
0.04212	34.55
0.05878	34.55
0.07545	34.49
0.09212	34.52
0.10878	34.52
0.12545	34.52
0.14212	34.52
0.15878	34.52
0.17545	34.52
0.19212	34.52
0.20878	34.52
0.22545	34.52
0.24212	34.52
0.25878	34.52
0.27545	34.52
0.29212	34.52
0.30878	34.52
0.32545	34.52
0.34212	34.52
0.35878	34.52
0.37545	34.52
0.39212	34.52
0.40878	34.52
0.42545	34.52
0.44212	34.52
0.45878	34.52
0.47545	34.52
0.49212	34.52
0.50878	34.52
0.52545	34.52
0.54212	34.52
0.55878	34.52
0.57545	34.52
0.59212	34.52
0.60878	34.52
0.62545	34.52
0.64212	34.52
0.65878	34.52
0.67545	34.52
0.69212	34.52
0.70878	34.52
0.72545	34.52
0.74212	34.52
0.75878	34.52
0.77545	34.52
0.79212	34.52
0.80878	34.52
0.82545	34.52
0.84212	34.52
0.85878	34.52
0.87545	34.52
0.89212	34.52
0.90878	34.52
0.92545	34.52
0.94212	34.51
0.95878	34.52
0.97545	34.52
0.99212	34.52
1.00878	34.52
1.02545	34.52
1.04212	34.52
1.05878	34.52
1.07545	34.52
1.09212	34.52
1.10878	34.52
1.12545	34.52
1.14212	34.52
1.15878	34.52
1.17545	34.52
1.19212	34.52
1.20878	34.52
1.22545	34.52
1.24212	34.52
1.25878	34.52
1.27545	34.52
1.29212	34.52
1.30878	34.52
1.32545	34.52
1.34212	34.52
1.35878	34.52
1.37545	34.52
1.39212	34.52
1.40878	34.52
1.42545	34.52
1.44212	34.52
1.45878	34.52
1.47545	34.52
1.49212	34.52
1.50878	34.52
1.52545	34.52
1.54212	34.52
1.55878	34.52
1.57545	34.52
1.59212	34.52
1.60878	34.52
1.62545	34.52
1.64212	34.52
1.65878	34.52
1.67545	34.52
1.69212	34.52
1.70878	34.52
1.72545	34.52
1.74212	34.52
1.75878	34.52
1.77545	34.52
1.79212	34.52
1.80878	34.52
1.82545	34.52
1.84212	34.52
1.85878	34.52
1.87545	34.52
1.89212	34.52
1.90878	34.52
1.92545	34.52
1.94212	34.52
1.95878	34.52
1.97545	34.52
1.99212	34.52
2.00878	34.52
2.02545	34.52
2.04212	34.52
2.05878	34.52
2.07545	34.52
2.09212	34.52
2.10878	34.52
2.12545	34.52
2.14212	34.51
2.15878	34.51
2.17545	34.51
2.19212	34.52
2.20878	34.52
2.22545	34.52
2.24212	34.52
2.25878	34.52
2.27545	34.52
2.29212	34.52
2.30878	34.52
2.32545	34.52
2.34212	34.52
2.35878	34.52
2.37545	34.52
2.39212	34.51
2.40878	34.52
2.42545	34.52
2.44212	34.52
2.45878	34.52
2.47545	34.52
2.49212	34.52
2.50878	34.41
2.52545	34.52
2.54212	34.52
2.55878	34.53
2.57545	34.50
2.59212	34.52
2.60878	34.52
2.62545	34.52
2.64212	34.52
2.65878	34.52
2.67545	34.52
2.69212	34.52
2.70878	34.52
2.72545	34.52
2.74212	34.52
2.75878	34.52
2.77545	34.52
2.79212	34.52
2.80878	34.52
2.82545	34.52
2.84212	34.52
2.85878	34.52
2.87545	34.52
2.89212	34.52
2.90878	34.52
2.92545	34.52
2.94212	34.52
2.95878	34.52
2.97545	34.52
2.99212	34.52
3.00878	34.52
3.02545	34.52
3.04212	34.52
3.05878	34.52
3.07545	34.52
3.09212	34.52
3.10878	34.52
3.12545	34.52
3.14212	34.52
3.15878	34.52
3.17545	34.52
3.19212	34.52
3.20878	34.52
3.22545	34.52
3.24212	34.52
3.25878	34.52
3.27545	34.52
3.29212	34.52
3.30878	34.52
3.32545	34.52
3.34212	34.52
3.35878	34.52
3.37545	34.52
3.39212	34.52
3.40878	34.52
3.42545	34.52
3.44212	34.52
3.45878	34.52
3.47545	34.52
3.49212	34.52
3.50878	34.52
3.52545	34.52
3.54212	34.52
3.55878	34.52
3.57545	34.52
3.59212	34.52
3.60878	34.52
3.62545	34.52
3.64212	34.52
3.65878	34.52
3.67545	34.52
3.69212	34.52
3.70878	34.52
3.72545	34.52
3.74212	34.51
3.75878	34.51
3.77545	34.53
3.79212	34.52
3.80878	34.52
3.82545	34.52
3.84212	34.52
3.85878	34.52
3.87545	34.52
3.89212	34.52
3.90878	34.52
3.92545	34.52
3.94212	34.52
3.95878	34.52
3.97545	34.52
3.99212	34.52

[Status Trace (Column Flow)]
Interval(msec)	1000
# of Points	240
Start Time(min)	0.009
End Time(min)	3.992
Intensity Units	
Intensity Multiplier	1
R.Time (min)	Intensity
0.00878	5.51
0.02545	5.20
0.04212	5.42
0.05878	5.65
0.07545	5.67
0.09212	5.52
0.10878	5.50
0.12545	5.51
0.14212	5.51
0.15878	5.51
0.17545	5.51
0.19212	5.51
0.20878	5.51
0.22545	5.51
0.24212	5.51
0.25878	5.51
0.27545	5.51
0.29212	5.51
0.30878	5.51
0.32545	5.51
0.34212	5.51
0.35878	5.51
0.37545	5.51
0.39212	5.51
0.40878	5.51
0.42545	5.51
0.44212	5.51
0.45878	5.51
0.47545	5.51
0.49212	5.51
0.50878	5.51
0.52545	5.51
0.54212	5.51
0.55878	5.51
0.57545	5.51
0.59212	5.51
0.60878	5.51
0.62545	5.51
0.64212	5.51
0.65878	5.51
0.67545	5.51
0.69212	5.51
0.70878	5.51
0.72545	5.51
0.74212	5.51
0.75878	5.51
0.77545	5.51
0.79212	5.51
0.80878	5.51
0.82545	5.51
0.84212	5.51
0.85878	5.51
0.87545	5.51
0.89212	5.51
0.90878	5.51
0.92545	5.51
0.94212	5.51
0.95878	5.51
0.97545	5.51
0.99212	5.51
1.00878	5.51
1.02545	5.51
1.04212	5.51
1.05878	5.51
1.07545	5.51
1.09212	5.51
1.10878	5.51
1.12545	5.51
1.14212	5.51
1.15878	5.51
1.17545	5.51
1.19212	5.51
1.20878	5.51
1.22545	5.51
1.24212	5.51
1.25878	5.51
1.27545	5.51
1.29212	5.51
1.30878	5.51
1.32545	5.51
1.34212	5.51
1.35878	5.51
1.37545	5.51
1.39212	5.51
1.40878	5.51
1.42545	5.51
1.44212	5.51
1.45878	5.51
1.47545	5.51
1.49212	5.51
1.50878	5.51
1.52545	5.51
1.54212	5.51
1.55878	5.51
1.57545	5.51
1.59212	5.51
1.60878	5.51
1.62545	5.50
1.64212	5.50
1.65878	5.49
1.67545	5.48
1.69212	5.47
1.70878	5.46
1.72545	5.45
1.74212	5.43
1.75878	5.43
1.77545	5.42
1.79212	5.40
1.80878	5.39
1.82545	5.38
1.84212	5.37
1.85878	5.37
1.87545	5.36
1.89212	5.34
1.90878	5.34
1.92545	5.33
1.94212	5.32
1.95878	5.31
1.97545	5.30
1.99212	5.29
2.00878	5.28
2.02545	5.27
2.04212	5.26
2.05878	5.25
2.07545	5.24
2.09212	5.23
2.10878	5.22
2.12545	5.21
2.14212	5.20
2.15878	5.19
2.17545	5.18
2.19212	5.17
2.20878	5.16
2.22545	5.15
2.24212	5.14
2.25878	5.14
2.27545	5.13
2.29212	5.12
2.30878	5.11
2.32545	5.10
2.34212	5.09
2.35878	5.08
2.37545	5.08
2.39212	5.07
2.40878	5.07
2.42545	5.08
2.44212	5.07
2.45878	5.07
2.47545	5.07
2.49212	5.07
2.50878	5.07
2.52545	5.07
2.54212	5.07
2.55878	5.07
2.57545	5.07
2.59212	5.07
2.60878	5.07
2.62545	5.07
2.64212	5.07
2.65878	5.07
2.67545	5.07
2.69212	5.07
2.70878	5.07
2.72545	5.07
2.74212	5.07
2.75878	5.07
2.77545	5.07
2.79212	5.07
2.80878	5.07
2.82545	5.07
2.84212	5.07
2.85878	5.07
2.87545	5.07
2.89212	5.07
2.90878	5.07
2.92545	5.07
2.94212	5.07
2.95878	5.07
2.97545	5.07
2.99212	5.07
3.00878	5.07
3.02545	5.07
3.04212	5.07
3.05878	5.07
3.07545	5.07
3.09212	5.07
3.10878	5.07
3.12545	5.07
3.14212	5.06
3.15878	5.06
3.17545	5.06
3.19212	5.06
3.20878	5.06
3.22545	5.06
3.24212	5.06
3.25878	5.06
3.27545	5.06
3.29212	5.06
3.30878	5.06
3.32545	5.06
3.34212	5.06
3.35878	5.06
3.37545	5.06
3.39212	5.06
3.40878	5.06
3.42545	5.06
3.44212	5.06
3.45878	5.06
3.47545	5.06
3.49212	5.06
3.50878	5.06
3.52545	5.06
3.54212	5.06
3.55878	5.06
3.57545	5.06
3.59212	5.06
3.60878	5.06
3.62545	5.06
3.64212	5.06
3.65878	5.06
3.67545	5.06
3.69212	5.06
3.70878	5.06
3.72545	5.06
3.74212	5.06
3.75878	5.06
3.77545	5.06
3.79212	5.06
3.80878	5.06
3.82545	5.06
3.84212	5.06
3.85878	5.06
3.87545	5.06
3.89212	5.06
3.90878	5.06
3.92545	5.06
3.94212	5.06
3.95878	5.06
3.97545	5.06
3.99212	5.06

[Status Trace (Linear Velocity)]
Interval(msec)	1000
# of Points	240
Start Time(min)	0.009
End Time(min)	3.992
Intensity Units	
Intensity Multiplier	1
R.Time (min)	Intensity
0.00878	39.01
0.02545	37.24
0.04212	38.49
0.05878	39.82
0.07545	39.94
0.09212	39.08
0.10878	39.00
0.12545	39.02
0.14212	39.02
0.15878	39.01
0.17545	39.01
0.19212	39.01
0.20878	39.01
0.22545	39.01
0.24212	39.02
0.25878	39.02
0.27545	39.02
0.29212	39.02
0.30878	39.02
0.32545	39.02
0.34212	39.02
0.35878	39.01
0.37545	39.01
0.39212	39.02
0.40878	39.01
0.42545	39.01
0.44212	39.01
0.45878	39.02
0.47545	39.01
0.49212	39.02
0.50878	39.01
0.52545	39.01
0.54212	39.01
0.55878	39.01
0.57545	39.01
0.59212	39.01
0.60878	39.01
0.62545	39.01
0.64212	39.01
0.65878	39.02
0.67545	39.02
0.69212	39.02
0.70878	39.02
0.72545	39.01
0.74212	39.01
0.75878	39.01
0.77545	39.01
0.79212	39.01
0.80878	39.01
0.82545	39.01
0.84212	39.01
0.85878	39.01
0.87545	39.01
0.89212	39.01
0.90878	39.01
0.92545	39.01
0.94212	39.01
0.95878	39.01
0.97545	39.02
0.99212	39.02
1.00878	39.02
1.02545	39.02
1.04212	39.02
1.05878	39.02
1.07545	39.02
1.09212	39.01
1.10878	39.01
1.12545	39.01
1.14212	39.01
1.15878	39.01
1.17545	39.02
1.19212	39.01
1.20878	39.01
1.22545	39.01
1.24212	39.01
1.25878	39.01
1.27545	39.01
1.29212	39.01
1.30878	39.01
1.32545	39.01
1.34212	39.01
1.35878	39.01
1.37545	39.01
1.39212	39.01
1.40878	39.01
1.42545	39.01
1.44212	39.01
1.45878	39.01
1.47545	39.01
1.49212	39.01
1.50878	39.01
1.52545	39.01
1.54212	39.01
1.55878	39.01
1.57545	39.02
1.59212	39.01
1.60878	39.01
1.62545	39.00
1.64212	38.98
1.65878	38.96
1.67545	38.93
1.69212	38.89
1.70878	38.85
1.72545	38.82
1.74212	38.79
1.75878	38.76
1.77545	38.73
1.79212	38.69
1.80878	38.66
1.82545	38.63
1.84212	38.60
1.85878	38.57
1.87545	38.54
1.89212	38.51
1.90878	38.48
1.92545	38.45
1.94212	38.42
1.95878	38.39
1.97545	38.36
1.99212	38.33
2.00878	38.30
2.02545	38.27
2.04212	38.24
2.05878	38.21
2.07545	38.18
2.09212	38.15
2.10878	38.12
2.12545	38.09
2.14212	38.06
2.15878	38.03
2.17545	38.00
2.19212	37.97
2.20878	37.94
2.22545	37.91
2.24212	37.88
2.25878	37.85
2.27545	37.83
2.29212	37.79
2.30878	37.76
2.32545	37.73
2.34212	37.70
2.35878	37.68
2.37545	37.66
2.39212	37.65
2.40878	37.66
2.42545	37.66
2.44212	37.66
2.45878	37.66
2.47545	37.66
2.49212	37.66
2.50878	37.65
2.52545	37.64
2.54212	37.65
2.55878	37.65
2.57545	37.65
2.59212	37.65
2.60878	37.65
2.62545	37.65
2.64212	37.65
2.65878	37.65
2.67545	37.65
2.69212	37.65
2.70878	37.64
2.72545	37.64
2.74212	37.64
2.75878	37.64
2.77545	37.64
2.79212	37.64
2.80878	37.64
2.82545	37.64
2.84212	37.64
2.85878	37.64
2.87545	37.64
2.89212	37.64
2.90878	37.64
2.92545	37.64
2.94212	37.64
2.95878	37.64
2.97545	37.63
2.99212	37.63
3.00878	37.63
3.02545	37.63
3.04212	37.63
3.05878	37.63
3.07545	37.63
3.09212	37.63
3.10878	37.63
3.12545	37.63
3.14212	37.63
3.15878	37.63
3.17545	37.63
3.19212	37.62
3.20878	37.62
3.22545	37.62
3.24212	37.62
3.25878	37.62
3.27545	37.62
3.29212	37.62
3.30878	37.62
3.32545	37.62
3.34212	37.62
3.35878	37.62
3.37545	37.62
3.39212	37.62
3.40878	37.62
3.42545	37.62
3.44212	37.62
3.45878	37.63
3.47545	37.63
3.49212	37.63
3.50878	37.63
3.52545	37.63
3.54212	37.63
3.55878	37.63
3.57545	37.62
3.59212	37.62
3.60878	37.62
3.62545	37.62
3.64212	37.62
3.65878	37.62
3.67545	37.62
3.69212	37.62
3.70878	37.62
3.72545	37.62
3.74212	37.62
3.75878	37.62
3.77545	37.62
3.79212	37.62
3.80878	37.62
3.82545	37.62
3.84212	37.62
3.85878	37.62
3.87545	37.62
3.89212	37.62
3.90878	37.62
3.92545	37.62
3.94212	37.62
3.95878	37.62
3.97545	37.62
3.99212	37.62

