[Header]
Application Name	LabSolutions
Version	5.110
Data File Name	C:\Users\User\Desktop\GC Analyses\Jack\UIC Prairie Sampling\10.19.22\221019_083.gcd
Output Date	1/4/2023
Output Time	2:27:22 PM

[File Information]
Type	Data File
Generated	12/7/2022 3:54:57 PM
Generated by	System Administrator
Modified	12/7/2022 3:59:19 PM
Modified by	System Administrator

[Sample Information]
Operator Name	System Administrator
Acquired	12/7/2022 3:55:17 PM
Sample Type	1:Standard
Level	1
Sample Name	221019_UICPrairie
Sample ID	221019_UICPrairie
ISTD Amount1	1
ISTD Amount2	1
ISTD Amount3	1
ISTD Amount4	1
ISTD Amount5	1
ISTD Amount6	1
ISTD Amount7	1
ISTD Amount8	1
ISTD Amount9	1
ISTD Amount10	1
ISTD Amount11	1
ISTD Amount12	1
ISTD Amount13	1
ISTD Amount14	1
ISTD Amount15	1
ISTD Amount16	1
ISTD Amount17	1
ISTD Amount18	1
ISTD Amount19	1
ISTD Amount20	1
ISTD Amount21	1
ISTD Amount22	1
ISTD Amount23	1
ISTD Amount24	1
ISTD Amount25	1
ISTD Amount26	1
ISTD Amount27	1
ISTD Amount28	1
ISTD Amount29	1
ISTD Amount30	1
ISTD Amount31	1
ISTD Amount32	1
Sample Amount	1
Dilution Factor	1
Vial#	1
Injection Volume	1
Injection Count	1
Bar Code	

[Original Files]
Data File	C:\Users\User\Desktop\GC Analyses\Jack\UIC Prairie Sampling\10.19.22\221019_083.gcd
Method File	C:\LabSolutions\Data\GHG_4min_2022\ghg3_togas_w_acet_4 min_new_int.gcm
Batch File	
Report Format File	c:\LabSolutions\System\DEFAULT.lsr

[File Description]


[Configuration]
Instrument Name	C0B7VH3-Instrument1
Instrument #	1
Line #	1
# of Detectors	3
Detector ID	DET#1	DET#2	DET#3
Detector Name	FID	PTCD	ECD
# of Channels	1	1	1

[Peak Table(Ch1)]
# of Peaks	3
Peak#	R.Time	I.Time	F.Time	Area	Height	A/H	Conc.	Mark	ID#	Name	k'	Plate #	Plate Ht.	Tailing	Resolution	Sep.Factor	Area Ratio	Height Ratio	Conc. %	Norm Conc.
1	1.476	1.435	1.534	9779	4213	2.321	100.000	   	1	CO	0.000	7922	18.934	1.261	0.000	0.000	0	0	16.667	16.667
2	1.567	1.534	1.619	4625	2308	2.004	100.000	 V 	2	CH4	0.062	10870	13.800	0.000	1.450	0.000	0	0	16.667	16.667
3	1.996	1.945	2.532	1143733	536700	2.131	400.000	   	3	CO2	0.353	17335	8.653	1.256	7.104	5.680	0	0	66.667	66.667

[Peak Table(Ch2)]
# of Peaks	0

[Peak Table(Ch3)]
# of Peaks	5
Peak#	R.Time	I.Time	F.Time	Area	Height	A/H	Conc.	Mark	ID#	Name	k'	Plate #	Plate Ht.	Tailing	Resolution	Sep.Factor	Area Ratio	Height Ratio	Conc. %	Norm Conc.
1	2.466	2.440	2.480	765	445	1.721	0.000	   			0.000	3854	38.920	0.000	0.000	0.000	0	0	0.000	0.000
2	2.506	2.480	2.524	1219	505	2.415	0.000	 V 			0.016	1788	83.874	0.000	0.204	0.000	0	0	0.000	0.000
3	2.572	2.524	2.653	3025	559	5.413	0.000	 V 			0.043	1872	80.129	0.000	0.278	2.636	0	0	0.000	0.000
4	2.737	2.653	2.818	2220	300	7.409	0.091	 V 	1	N2O	0.110	910	164.890	0.000	0.549	2.552	0	0	9.053	9.053
5	2.880	2.818	3.184	22306	5408	4.125	0.909	 V 	1	N2O	0.168	12869	11.656	1.678	0.616	1.527	0	0	90.947	90.947

[Compound Results(Ch1)]
# of IDs	6
ID#	Name	R.Time	Area	Height	Conc.	Curve	3rd	2nd	1st	Constant	Area Ratio	Height Ratio	Conc. %	Norm Conc.
1	CO	1.476	9779	4213	100.000	Linear	0.000000e+00	0.000000e+00	9.778548e+001	0.000000e+00	0	0	16.667	16.667
2	CH4	1.567	4625	2308	100.000	Linear	0.000000e+00	0.000000e+00	4.625326e+001	0.000000e+00	0	0	16.667	16.667
3	CO2	1.996	1143733	536700	400.000	Linear	0.000000e+00	0.000000e+00	2.859332e+003	0.000000e+00	0	0	66.667	66.667
4	Ethylene	0.000	0	0	0.000	Linear	0.000000e+00	0.000000e+00	0.000000e+00	0.000000e+00	0	0	0.000	0.000
5	Acetylene	0.000	0	0	0.000	Linear	0.000000e+00	0.000000e+00	0.000000e+00	0.000000e+00	0	0	0.000	0.000
6	Ethane	0.000	0	0	0.000	Linear	0.000000e+00	0.000000e+00	0.000000e+00	0.000000e+00	0	0	0.000	0.000

[Compound Results(Ch2)]
# of IDs	5
ID#	Name	R.Time	Area	Height	Conc.	Curve	3rd	2nd	1st	Constant	Area Ratio	Height Ratio	Conc. %	Norm Conc.
1	Hydrogen	0.000	0	0	0.000	Linear	0.000000e+00	0.000000e+00	0.000000e+00	0.000000e+00	0	0	0.000	0.000
2	Oxygen	0.000	0	0	0.000	Linear	0.000000e+00	0.000000e+00	0.000000e+00	0.000000e+00	0	0	0.000	0.000
3	Nitrogen	0.000	0	0	0.000	Linear	0.000000e+00	0.000000e+00	0.000000e+00	0.000000e+00	0	0	0.000	0.000
4	Methane	0.000	0	0	0.000	Linear	0.000000e+00	0.000000e+00	0.000000e+00	0.000000e+00	0	0	0.000	0.000
5	Carbon Monoxide	0.000	0	0	0.000	Linear	0.000000e+00	0.000000e+00	0.000000e+00	0.000000e+00	0	0	0.000	0.000

[Compound Results(Ch3)]
# of IDs	2
ID#	Name	R.Time	Area	Height	Conc.	Curve	3rd	2nd	1st	Constant	Area Ratio	Height Ratio	Conc. %	Norm Conc.
1	N2O	2.880	24527	5707	1.000	Linear	0.000000e+00	0.000000e+00	2.452690e+004	0.000000e+00	0	0	100.000	100.000
2	SF6	0.000	0	0	0.000	Linear	0.000000e+00	0.000000e+00	0.000000e+00	0.000000e+00	0	0	0.000	0.000

[Group Results(Ch1)]
# of Groups	0

[Group Results(Ch2)]
# of Groups	0

[Group Results(Ch3)]
# of Groups	0

[Chromatogram (Ch1)]
Interval(msec)	220
# of Points	1091
Start Time(min)	0.002
End Time(min)	3.998
R.Time (min)	Intensity
0.00167	16
0.00533	18
0.00900	17
0.01267	15
0.01633	14
0.02000	11
0.02367	7
0.02733	4
0.03100	5
0.03467	8
0.03833	11
0.04200	15
0.04567	17
0.04933	15
0.05300	11
0.05667	8
0.06033	5
0.06400	2
0.06767	1
0.07133	2
0.07500	4
0.07867	5
0.08233	6
0.08600	7
0.08967	7
0.09333	9
0.09700	9
0.10067	7
0.10433	-1
0.10800	-10
0.11167	-19
0.11533	-21
0.11900	-14
0.12267	-5
0.12633	-0
0.13000	-2
0.13367	-9
0.13733	-14
0.14100	-16
0.14467	-17
0.14833	-18
0.15200	-19
0.15567	-21
0.15933	-23
0.16300	-22
0.16667	-19
0.17033	-18
0.17400	-16
0.17767	-14
0.18133	-14
0.18500	-13
0.18867	-11
0.19233	-11
0.19600	-16
0.19967	-21
0.20333	-22
0.20700	-18
0.21067	-13
0.21433	-10
0.21800	-11
0.22167	-12
0.22533	-10
0.22900	-7
0.23267	-4
0.23633	-4
0.24000	-6
0.24367	-10
0.24733	-14
0.25100	-16
0.25467	-18
0.25833	-21
0.26200	-25
0.26567	-33
0.26933	-40
0.27300	-42
0.27667	-39
0.28033	-33
0.28400	-24
0.28767	-16
0.29133	-13
0.29500	-15
0.29867	-18
0.30233	-19
0.30600	-17
0.30967	-12
0.31333	-9
0.31700	-9
0.32067	-13
0.32433	-18
0.32800	-24
0.33167	-28
0.33533	-31
0.33900	-34
0.34267	-40
0.34633	-43
0.35000	-42
0.35367	-43
0.35733	-42
0.36100	-36
0.36467	-29
0.36833	-20
0.37200	-14
0.37567	-12
0.37933	-14
0.38300	-20
0.38667	-24
0.39033	-26
0.39400	-26
0.39767	-27
0.40133	-29
0.40500	-32
0.40867	-35
0.41233	-34
0.41600	-30
0.41967	-26
0.42333	-24
0.42700	-26
0.43067	-28
0.43433	-28
0.43800	-27
0.44167	-26
0.44533	-26
0.44900	-28
0.45267	-31
0.45633	-32
0.46000	-30
0.46367	-30
0.46733	-32
0.47100	-33
0.47467	-34
0.47833	-35
0.48200	-35
0.48567	-32
0.48933	-22
0.49300	-15
0.49667	-16
0.50033	-26
0.50400	-33
0.50767	-36
0.51133	-37
0.51500	-35
0.51867	-34
0.52233	-35
0.52600	-36
0.52967	-40
0.53333	-43
0.53700	-45
0.54067	-47
0.54433	-52
0.54800	-55
0.55167	-55
0.55533	-56
0.55900	-53
0.56267	-46
0.56633	-42
0.57000	-42
0.57367	-43
0.57733	-45
0.58100	-49
0.58467	-49
0.58833	-45
0.59200	-40
0.59567	-36
0.59933	-34
0.60300	-35
0.60667	-37
0.61033	-42
0.61400	-48
0.61767	-52
0.62133	-55
0.62500	-59
0.62867	-61
0.63233	-59
0.63600	-56
0.63967	-54
0.64333	-56
0.64700	-57
0.65067	-58
0.65433	-58
0.65800	-57
0.66167	-53
0.66533	-50
0.66900	-51
0.67267	-52
0.67633	-53
0.68000	-53
0.68367	-49
0.68733	-43
0.69100	-38
0.69467	-34
0.69833	-32
0.70200	-36
0.70567	-46
0.70933	-54
0.71300	-57
0.71667	-57
0.72033	-58
0.72400	-60
0.72767	-64
0.73133	-68
0.73500	-68
0.73867	-66
0.74233	-67
0.74600	-70
0.74967	-72
0.75333	-71
0.75700	-67
0.76067	-63
0.76433	-65
0.76800	-71
0.77167	-75
0.77533	-76
0.77900	-75
0.78267	-74
0.78633	-71
0.79000	-66
0.79367	-61
0.79733	-61
0.80100	-64
0.80467	-67
0.80833	-68
0.81200	-67
0.81567	-68
0.81933	-70
0.82300	-71
0.82667	-73
0.83033	-72
0.83400	-65
0.83767	-57
0.84133	-52
0.84500	-51
0.84867	-56
0.85233	-64
0.85600	-73
0.85967	-81
0.86333	-88
0.86700	-93
0.87067	-95
0.87433	-92
0.87800	-87
0.88167	-81
0.88533	-75
0.88900	-74
0.89267	-77
0.89633	-80
0.90000	-80
0.90367	-72
0.90733	-63
0.91100	-56
0.91467	-55
0.91833	-58
0.92200	-63
0.92567	-68
0.92933	-74
0.93300	-77
0.93667	-80
0.94033	-83
0.94400	-90
0.94767	-97
0.95133	-102
0.95500	-101
0.95867	-98
0.96233	-96
0.96600	-96
0.96967	-95
0.97333	-92
0.97700	-88
0.98067	-85
0.98433	-80
0.98800	-75
0.99167	-73
0.99533	-75
0.99900	-76
1.00267	-76
1.00633	-76
1.01000	-76
1.01367	-77
1.01733	-79
1.02100	-84
1.02467	-86
1.02833	-87
1.03200	-90
1.03567	-93
1.03933	-97
1.04300	-101
1.04667	-103
1.05033	-100
1.05400	-93
1.05767	-88
1.06133	-83
1.06500	-80
1.06867	-77
1.07233	-78
1.07600	-84
1.07967	-90
1.08333	-93
1.08700	-92
1.09067	-91
1.09433	-89
1.09800	-85
1.10167	-82
1.10533	-84
1.10900	-86
1.11267	-90
1.11633	-98
1.12000	-104
1.12367	-109
1.12733	-111
1.13100	-110
1.13467	-109
1.13833	-104
1.14200	-94
1.14567	-86
1.14933	-85
1.15300	-87
1.15667	-91
1.16033	-95
1.16400	-95
1.16767	-93
1.17133	-94
1.17500	-96
1.17867	-96
1.18233	-95
1.18600	-90
1.18967	-87
1.19333	-88
1.19700	-92
1.20067	-96
1.20433	-99
1.20800	-100
1.21167	-100
1.21533	-98
1.21900	-94
1.22267	-92
1.22633	-91
1.23000	-90
1.23367	-87
1.23733	-85
1.24100	-84
1.24467	-81
1.24833	-78
1.25200	-78
1.25567	-86
1.25933	-96
1.26300	-104
1.26667	-109
1.27033	-109
1.27400	-109
1.27767	-111
1.28133	-111
1.28500	-110
1.28867	-109
1.29233	-109
1.29600	-111
1.29967	-111
1.30333	-109
1.30700	-106
1.31067	-101
1.31433	-95
1.31800	-89
1.32167	-89
1.32533	-93
1.32900	-97
1.33267	-100
1.33633	-99
1.34000	-95
1.34367	-85
1.34733	-73
1.35100	-67
1.35467	-68
1.35833	-79
1.36200	-93
1.36567	-107
1.36933	-118
1.37300	-126
1.37667	-129
1.38033	-129
1.38400	-126
1.38767	-120
1.39133	-112
1.39500	-102
1.39867	-94
1.40233	-94
1.40600	-97
1.40967	-101
1.41333	-101
1.41700	-98
1.42067	-97
1.42433	-98
1.42800	-99
1.43167	-99
1.43533	-94
1.43900	-60
1.44267	61
1.44633	289
1.45000	623
1.45367	1124
1.45733	1792
1.46100	2512
1.46467	3158
1.46833	3662
1.47200	3992
1.47567	4122
1.47933	4020
1.48300	3690
1.48667	3183
1.49033	2592
1.49400	2017
1.49767	1518
1.50133	1120
1.50500	815
1.50867	590
1.51233	424
1.51600	301
1.51967	209
1.52333	139
1.52700	90
1.53067	56
1.53433	36
1.53800	46
1.54167	129
1.54533	344
1.54900	700
1.55267	1132
1.55633	1550
1.56000	1892
1.56367	2126
1.56733	2224
1.57100	2164
1.57467	1943
1.57833	1604
1.58200	1226
1.58567	875
1.58933	589
1.59300	373
1.59667	215
1.60033	107
1.60400	33
1.60767	-18
1.61133	-52
1.61500	-70
1.61867	-80
1.62233	-84
1.62600	-85
1.62967	-86
1.63333	-88
1.63700	-92
1.64067	-97
1.64433	-100
1.64800	-101
1.65167	-101
1.65533	-101
1.65900	-102
1.66267	-102
1.66633	-102
1.67000	-103
1.67367	-107
1.67733	-111
1.68100	-113
1.68467	-114
1.68833	-115
1.69200	-114
1.69567	-113
1.69933	-109
1.70300	-108
1.70667	-107
1.71033	-101
1.71400	-95
1.71767	-92
1.72133	-94
1.72500	-100
1.72867	-109
1.73233	-115
1.73600	-116
1.73967	-118
1.74333	-119
1.74700	-119
1.75067	-120
1.75433	-119
1.75800	-116
1.76167	-113
1.76533	-110
1.76900	-106
1.77267	-103
1.77633	-105
1.78000	-112
1.78367	-119
1.78733	-124
1.79100	-127
1.79467	-128
1.79833	-128
1.80200	-125
1.80567	-120
1.80933	-117
1.81300	-115
1.81667	-112
1.82033	-112
1.82400	-113
1.82767	-113
1.83133	-114
1.83500	-116
1.83867	-117
1.84233	-117
1.84600	-119
1.84967	-122
1.85333	-122
1.85700	-118
1.86067	-115
1.86433	-116
1.86800	-117
1.87167	-116
1.87533	-114
1.87900	-114
1.88267	-115
1.88633	-118
1.89000	-123
1.89367	-127
1.89733	-129
1.90100	-127
1.90467	-125
1.90833	-123
1.91200	-123
1.91567	-122
1.91933	-116
1.92300	-108
1.92667	-104
1.93033	-103
1.93400	-105
1.93767	-106
1.94133	-106
1.94500	-102
1.94867	-95
1.95233	-63
1.95600	128
1.95967	1126
1.96333	5164
1.96700	17571
1.97067	46957
1.97433	101611
1.97800	182778
1.98167	280882
1.98533	379657
1.98900	462786
1.99267	517697
1.99633	536624
2.00000	517726
2.00367	466245
2.00733	393629
2.01100	313820
2.01467	238630
2.01833	175077
2.02200	125410
2.02567	88698
2.02933	62576
2.03300	44440
2.03667	32026
2.04033	23570
2.04400	17799
2.04767	13832
2.05133	11071
2.05500	9111
2.05867	7690
2.06233	6636
2.06600	5832
2.06967	5202
2.07333	4699
2.07700	4284
2.08067	3931
2.08433	3629
2.08800	3371
2.09167	3150
2.09533	2958
2.09900	2788
2.10267	2635
2.10633	2493
2.11000	2363
2.11367	2246
2.11733	2145
2.12100	2055
2.12467	1971
2.12833	1891
2.13200	1814
2.13567	1742
2.13933	1676
2.14300	1613
2.14667	1552
2.15033	1496
2.15400	1443
2.15767	1395
2.16133	1348
2.16500	1301
2.16867	1258
2.17233	1218
2.17600	1179
2.17967	1143
2.18333	1111
2.18700	1080
2.19067	1049
2.19433	1021
2.19800	998
2.20167	979
2.20533	962
2.20900	944
2.21267	924
2.21633	904
2.22000	885
2.22367	865
2.22733	843
2.23100	816
2.23467	792
2.23833	772
2.24200	752
2.24567	735
2.24933	718
2.25300	703
2.25667	686
2.26033	671
2.26400	658
2.26767	648
2.27133	641
2.27500	633
2.27867	623
2.28233	612
2.28600	601
2.28967	589
2.29333	574
2.29700	558
2.30067	545
2.30433	538
2.30800	534
2.31167	529
2.31533	522
2.31900	513
2.32267	501
2.32633	487
2.33000	476
2.33367	468
2.33733	460
2.34100	449
2.34467	439
2.34833	431
2.35200	426
2.35567	424
2.35933	421
2.36300	415
2.36667	407
2.37033	398
2.37400	391
2.37767	383
2.38133	372
2.38500	361
2.38867	353
2.39233	354
2.39600	357
2.39967	358
2.40333	353
2.40700	346
2.41067	343
2.41433	337
2.41800	330
2.42167	325
2.42533	321
2.42900	317
2.43267	312
2.43633	308
2.44000	302
2.44367	294
2.44733	287
2.45100	280
2.45467	273
2.45833	263
2.46200	252
2.46567	248
2.46933	248
2.47300	249
2.47667	248
2.48033	247
2.48400	248
2.48767	252
2.49133	258
2.49500	262
2.49867	261
2.50233	257
2.50600	254
2.50967	248
2.51333	237
2.51700	227
2.52067	218
2.52433	209
2.52800	200
2.53167	192
2.53533	187
2.53900	188
2.54267	193
2.54633	198
2.55000	201
2.55367	203
2.55733	205
2.56100	204
2.56467	201
2.56833	195
2.57200	188
2.57567	184
2.57933	184
2.58300	184
2.58667	186
2.59033	188
2.59400	190
2.59767	191
2.60133	192
2.60500	189
2.60867	182
2.61233	175
2.61600	167
2.61967	158
2.62333	149
2.62700	143
2.63067	140
2.63433	141
2.63800	146
2.64167	152
2.64533	155
2.64900	154
2.65267	152
2.65633	151
2.66000	151
2.66367	153
2.66733	153
2.67100	150
2.67467	150
2.67833	147
2.68200	142
2.68567	138
2.68933	139
2.69300	144
2.69667	152
2.70033	155
2.70400	155
2.70767	150
2.71133	141
2.71500	134
2.71867	125
2.72233	120
2.72600	119
2.72967	125
2.73333	133
2.73700	140
2.74067	141
2.74433	136
2.74800	128
2.75167	120
2.75533	112
2.75900	103
2.76267	97
2.76633	94
2.77000	94
2.77367	94
2.77733	93
2.78100	91
2.78467	90
2.78833	91
2.79200	89
2.79567	87
2.79933	83
2.80300	79
2.80667	75
2.81033	73
2.81400	72
2.81767	75
2.82133	82
2.82500	94
2.82867	104
2.83233	107
2.83600	104
2.83967	100
2.84333	96
2.84700	92
2.85067	86
2.85433	83
2.85800	86
2.86167	94
2.86533	102
2.86900	106
2.87267	109
2.87633	111
2.88000	107
2.88367	98
2.88733	91
2.89100	83
2.89467	76
2.89833	73
2.90200	73
2.90567	76
2.90933	79
2.91300	81
2.91667	81
2.92033	80
2.92400	82
2.92767	84
2.93133	83
2.93500	84
2.93867	81
2.94233	77
2.94600	74
2.94967	71
2.95333	68
2.95700	66
2.96067	62
2.96433	60
2.96800	59
2.97167	63
2.97533	69
2.97900	74
2.98267	77
2.98633	79
2.99000	78
2.99367	75
2.99733	74
3.00100	77
3.00467	83
3.00833	85
3.01200	80
3.01567	75
3.01933	72
3.02300	70
3.02667	72
3.03033	74
3.03400	74
3.03767	69
3.04133	65
3.04500	63
3.04867	62
3.05233	60
3.05600	60
3.05967	64
3.06333	68
3.06700	68
3.07067	63
3.07433	53
3.07800	43
3.08167	36
3.08533	37
3.08900	44
3.09267	50
3.09633	55
3.10000	59
3.10367	56
3.10733	48
3.11100	41
3.11467	37
3.11833	34
3.12200	34
3.12567	34
3.12933	35
3.13300	37
3.13667	37
3.14033	35
3.14400	34
3.14767	40
3.15133	46
3.15500	51
3.15867	54
3.16233	54
3.16600	51
3.16967	48
3.17333	47
3.17700	49
3.18067	51
3.18433	49
3.18800	45
3.19167	42
3.19533	39
3.19900	39
3.20267	41
3.20633	46
3.21000	48
3.21367	46
3.21733	41
3.22100	38
3.22467	37
3.22833	38
3.23200	42
3.23567	45
3.23933	48
3.24300	52
3.24667	54
3.25033	52
3.25400	44
3.25767	38
3.26133	36
3.26500	30
3.26867	22
3.27233	17
3.27600	15
3.27967	16
3.28333	14
3.28700	14
3.29067	24
3.29433	31
3.29800	37
3.30167	36
3.30533	29
3.30900	18
3.31267	7
3.31633	1
3.32000	-2
3.32367	-2
3.32733	-1
3.33100	3
3.33467	10
3.33833	18
3.34200	24
3.34567	29
3.34933	35
3.35300	41
3.35667	43
3.36033	43
3.36400	42
3.36767	40
3.37133	38
3.37500	34
3.37867	29
3.38233	26
3.38600	26
3.38967	27
3.39333	28
3.39700	28
3.40067	28
3.40433	27
3.40800	27
3.41167	27
3.41533	27
3.41900	26
3.42267	25
3.42633	24
3.43000	24
3.43367	27
3.43733	33
3.44100	35
3.44467	33
3.44833	30
3.45200	27
3.45567	25
3.45933	26
3.46300	27
3.46667	25
3.47033	22
3.47400	19
3.47767	18
3.48133	13
3.48500	5
3.48867	0
3.49233	-2
3.49600	-0
3.49967	4
3.50333	7
3.50700	7
3.51067	7
3.51433	9
3.51800	13
3.52167	19
3.52533	23
3.52900	26
3.53267	27
3.53633	28
3.54000	30
3.54367	30
3.54733	29
3.55100	29
3.55467	27
3.55833	20
3.56200	11
3.56567	6
3.56933	9
3.57300	14
3.57667	16
3.58033	15
3.58400	11
3.58767	6
3.59133	4
3.59500	6
3.59867	9
3.60233	7
3.60600	-1
3.60967	-10
3.61333	-18
3.61700	-24
3.62067	-25
3.62433	-22
3.62800	-15
3.63167	-9
3.63533	-5
3.63900	-3
3.64267	-4
3.64633	-4
3.65000	-4
3.65367	-2
3.65733	-2
3.66100	-2
3.66467	-0
3.66833	2
3.67200	5
3.67567	6
3.67933	8
3.68300	7
3.68667	4
3.69033	-3
3.69400	-12
3.69767	-17
3.70133	-19
3.70500	-17
3.70867	-11
3.71233	-6
3.71600	-5
3.71967	-7
3.72333	-10
3.72700	-11
3.73067	-11
3.73433	-11
3.73800	-14
3.74167	-18
3.74533	-21
3.74900	-22
3.75267	-22
3.75633	-15
3.76000	-8
3.76367	-6
3.76733	-7
3.77100	-10
3.77467	-9
3.77833	-7
3.78200	-5
3.78567	-4
3.78933	-5
3.79300	-10
3.79667	-15
3.80033	-23
3.80400	-27
3.80767	-28
3.81133	-29
3.81500	-29
3.81867	-28
3.82233	-26
3.82600	-26
3.82967	-28
3.83333	-28
3.83700	-28
3.84067	-27
3.84433	-27
3.84800	-29
3.85167	-32
3.85533	-36
3.85900	-39
3.86267	-41
3.86633	-42
3.87000	-39
3.87367	-33
3.87733	-29
3.88100	-24
3.88467	-19
3.88833	-14
3.89200	-14
3.89567	-19
3.89933	-25
3.90300	-31
3.90667	-34
3.91033	-32
3.91400	-31
3.91767	-35
3.92133	-40
3.92500	-43
3.92867	-43
3.93233	-39
3.93600	-35
3.93967	-34
3.94333	-36
3.94700	-37
3.95067	-39
3.95433	-39
3.95800	-34
3.96167	-29
3.96533	-28
3.96900	-31
3.97267	-35
3.97633	-40
3.98000	-42
3.98367	-42
3.98733	-41
3.99100	-37
3.99467	-35
3.99833	-34

[Chromatogram (Ch2)]
Interval(msec)	220
# of Points	1091
Start Time(min)	0.002
End Time(min)	3.998
R.Time (min)	Intensity
0.00167	-0
0.00533	-1
0.00900	-1
0.01267	-1
0.01633	-1
0.02000	-1
0.02367	-1
0.02733	-0
0.03100	-0
0.03467	0
0.03833	0
0.04200	1
0.04567	1
0.04933	1
0.05300	1
0.05667	1
0.06033	1
0.06400	1
0.06767	1
0.07133	1
0.07500	0
0.07867	0
0.08233	1
0.08600	1
0.08967	2
0.09333	2
0.09700	3
0.10067	3
0.10433	3
0.10800	4
0.11167	4
0.11533	4
0.11900	5
0.12267	5
0.12633	5
0.13000	5
0.13367	5
0.13733	6
0.14100	6
0.14467	6
0.14833	6
0.15200	6
0.15567	5
0.15933	5
0.16300	5
0.16667	5
0.17033	5
0.17400	5
0.17767	5
0.18133	5
0.18500	4
0.18867	4
0.19233	4
0.19600	4
0.19967	4
0.20333	4
0.20700	4
0.21067	4
0.21433	4
0.21800	3
0.22167	3
0.22533	3
0.22900	3
0.23267	3
0.23633	3
0.24000	3
0.24367	3
0.24733	3
0.25100	3
0.25467	2
0.25833	2
0.26200	2
0.26567	2
0.26933	2
0.27300	2
0.27667	2
0.28033	2
0.28400	2
0.28767	2
0.29133	2
0.29500	2
0.29867	2
0.30233	2
0.30600	2
0.30967	2
0.31333	2
0.31700	2
0.32067	1
0.32433	1
0.32800	1
0.33167	1
0.33533	1
0.33900	1
0.34267	0
0.34633	0
0.35000	0
0.35367	0
0.35733	0
0.36100	0
0.36467	0
0.36833	1
0.37200	1
0.37567	1
0.37933	1
0.38300	1
0.38667	1
0.39033	1
0.39400	1
0.39767	1
0.40133	1
0.40500	1
0.40867	1
0.41233	1
0.41600	1
0.41967	2
0.42333	2
0.42700	2
0.43067	2
0.43433	2
0.43800	2
0.44167	2
0.44533	2
0.44900	2
0.45267	2
0.45633	2
0.46000	2
0.46367	2
0.46733	2
0.47100	2
0.47467	2
0.47833	2
0.48200	2
0.48567	2
0.48933	2
0.49300	2
0.49667	1
0.50033	1
0.50400	2
0.50767	2
0.51133	2
0.51500	2
0.51867	2
0.52233	2
0.52600	2
0.52967	2
0.53333	2
0.53700	1
0.54067	1
0.54433	1
0.54800	1
0.55167	1
0.55533	1
0.55900	1
0.56267	1
0.56633	1
0.57000	1
0.57367	1
0.57733	1
0.58100	1
0.58467	1
0.58833	1
0.59200	1
0.59567	1
0.59933	1
0.60300	0
0.60667	0
0.61033	-0
0.61400	-0
0.61767	-0
0.62133	-0
0.62500	-0
0.62867	-0
0.63233	-0
0.63600	0
0.63967	0
0.64333	0
0.64700	-0
0.65067	-0
0.65433	-0
0.65800	0
0.66167	0
0.66533	1
0.66900	1
0.67267	1
0.67633	1
0.68000	1
0.68367	1
0.68733	1
0.69100	1
0.69467	2
0.69833	2
0.70200	2
0.70567	2
0.70933	2
0.71300	2
0.71667	2
0.72033	2
0.72400	1
0.72767	1
0.73133	1
0.73500	1
0.73867	1
0.74233	1
0.74600	1
0.74967	1
0.75333	1
0.75700	1
0.76067	2
0.76433	2
0.76800	2
0.77167	2
0.77533	2
0.77900	2
0.78267	1
0.78633	1
0.79000	1
0.79367	1
0.79733	1
0.80100	1
0.80467	1
0.80833	1
0.81200	0
0.81567	0
0.81933	0
0.82300	0
0.82667	-0
0.83033	-0
0.83400	-0
0.83767	-0
0.84133	-0
0.84500	0
0.84867	0
0.85233	0
0.85600	0
0.85967	0
0.86333	0
0.86700	0
0.87067	0
0.87433	0
0.87800	-0
0.88167	-0
0.88533	-0
0.88900	-1
0.89267	-1
0.89633	-1
0.90000	-0
0.90367	-0
0.90733	-0
0.91100	-0
0.91467	-0
0.91833	-0
0.92200	-0
0.92567	-0
0.92933	-0
0.93300	-0
0.93667	-0
0.94033	-0
0.94400	-0
0.94767	-0
0.95133	0
0.95500	0
0.95867	0
0.96233	1
0.96600	1
0.96967	1
0.97333	1
0.97700	2
0.98067	2
0.98433	2
0.98800	2
0.99167	2
0.99533	2
0.99900	2
1.00267	1
1.00633	1
1.01000	1
1.01367	1
1.01733	1
1.02100	1
1.02467	1
1.02833	1
1.03200	1
1.03567	1
1.03933	1
1.04300	1
1.04667	1
1.05033	1
1.05400	1
1.05767	1
1.06133	1
1.06500	0
1.06867	0
1.07233	0
1.07600	0
1.07967	0
1.08333	0
1.08700	0
1.09067	0
1.09433	0
1.09800	0
1.10167	1
1.10533	0
1.10900	0
1.11267	0
1.11633	-0
1.12000	-0
1.12367	-1
1.12733	-1
1.13100	-1
1.13467	-1
1.13833	-1
1.14200	-1
1.14567	-1
1.14933	-0
1.15300	-0
1.15667	-0
1.16033	-0
1.16400	-0
1.16767	-0
1.17133	-1
1.17500	-1
1.17867	-1
1.18233	-1
1.18600	-1
1.18967	-1
1.19333	-1
1.19700	-1
1.20067	-1
1.20433	-1
1.20800	-1
1.21167	-1
1.21533	-1
1.21900	-0
1.22267	0
1.22633	1
1.23000	1
1.23367	1
1.23733	1
1.24100	1
1.24467	0
1.24833	0
1.25200	0
1.25567	0
1.25933	1
1.26300	1
1.26667	1
1.27033	1
1.27400	1
1.27767	2
1.28133	2
1.28500	2
1.28867	1
1.29233	1
1.29600	1
1.29967	1
1.30333	1
1.30700	1
1.31067	1
1.31433	0
1.31800	-0
1.32167	-0
1.32533	-0
1.32900	-0
1.33267	-0
1.33633	-0
1.34000	0
1.34367	0
1.34733	0
1.35100	0
1.35467	-0
1.35833	-0
1.36200	-0
1.36567	-0
1.36933	-0
1.37300	-0
1.37667	-0
1.38033	-0
1.38400	-0
1.38767	-0
1.39133	-0
1.39500	-0
1.39867	0
1.40233	0
1.40600	0
1.40967	0
1.41333	0
1.41700	0
1.42067	-0
1.42433	-0
1.42800	-1
1.43167	-1
1.43533	-1
1.43900	-1
1.44267	-1
1.44633	-2
1.45000	-2
1.45367	-1
1.45733	-1
1.46100	-1
1.46467	-0
1.46833	0
1.47200	0
1.47567	1
1.47933	1
1.48300	1
1.48667	0
1.49033	0
1.49400	0
1.49767	1
1.50133	1
1.50500	1
1.50867	0
1.51233	-0
1.51600	-0
1.51967	-0
1.52333	-0
1.52700	-0
1.53067	0
1.53433	0
1.53800	0
1.54167	-0
1.54533	-0
1.54900	-1
1.55267	-1
1.55633	-1
1.56000	-1
1.56367	-1
1.56733	-1
1.57100	-1
1.57467	-1
1.57833	-1
1.58200	-1
1.58567	-1
1.58933	-1
1.59300	-1
1.59667	-2
1.60033	-2
1.60400	-3
1.60767	-5
1.61133	-6
1.61500	-8
1.61867	-10
1.62233	-13
1.62600	-15
1.62967	-19
1.63333	-22
1.63700	-25
1.64067	-29
1.64433	-33
1.64800	-36
1.65167	-40
1.65533	-43
1.65900	-47
1.66267	-50
1.66633	-55
1.67000	-59
1.67367	-64
1.67733	-69
1.68100	-74
1.68467	-79
1.68833	-84
1.69200	-88
1.69567	-92
1.69933	-96
1.70300	-98
1.70667	-101
1.71033	-103
1.71400	-105
1.71767	-106
1.72133	-107
1.72500	-108
1.72867	-108
1.73233	-108
1.73600	-108
1.73967	-109
1.74333	-109
1.74700	-110
1.75067	-110
1.75433	-111
1.75800	-112
1.76167	-113
1.76533	-114
1.76900	-114
1.77267	-114
1.77633	-114
1.78000	-114
1.78367	-113
1.78733	-113
1.79100	-112
1.79467	-112
1.79833	-113
1.80200	-113
1.80567	-114
1.80933	-115
1.81300	-116
1.81667	-117
1.82033	-118
1.82400	-118
1.82767	-118
1.83133	-119
1.83500	-118
1.83867	-118
1.84233	-118
1.84600	-118
1.84967	-118
1.85333	-117
1.85700	-117
1.86067	-117
1.86433	-117
1.86800	-117
1.87167	-117
1.87533	-117
1.87900	-118
1.88267	-118
1.88633	-119
1.89000	-119
1.89367	-119
1.89733	-119
1.90100	-119
1.90467	-119
1.90833	-118
1.91200	-118
1.91567	-117
1.91933	-117
1.92300	-117
1.92667	-117
1.93033	-116
1.93400	-116
1.93767	-116
1.94133	-115
1.94500	-115
1.94867	-115
1.95233	-114
1.95600	-114
1.95967	-114
1.96333	-114
1.96700	-114
1.97067	-114
1.97433	-114
1.97800	-114
1.98167	-114
1.98533	-114
1.98900	-113
1.99267	-113
1.99633	-113
2.00000	-112
2.00367	-112
2.00733	-112
2.01100	-111
2.01467	-111
2.01833	-110
2.02200	-110
2.02567	-109
2.02933	-109
2.03300	-108
2.03667	-108
2.04033	-108
2.04400	-107
2.04767	-107
2.05133	-106
2.05500	-106
2.05867	-106
2.06233	-105
2.06600	-104
2.06967	-104
2.07333	-103
2.07700	-102
2.08067	-102
2.08433	-102
2.08800	-102
2.09167	-101
2.09533	-100
2.09900	-100
2.10267	-100
2.10633	-100
2.11000	-101
2.11367	-101
2.11733	-101
2.12100	-101
2.12467	-101
2.12833	-100
2.13200	-100
2.13567	-100
2.13933	-100
2.14300	-100
2.14667	-100
2.15033	-101
2.15400	-101
2.15767	-100
2.16133	-100
2.16500	-100
2.16867	-100
2.17233	-99
2.17600	-99
2.17967	-98
2.18333	-98
2.18700	-98
2.19067	-97
2.19433	-97
2.19800	-97
2.20167	-96
2.20533	-96
2.20900	-96
2.21267	-95
2.21633	-94
2.22000	-93
2.22367	-92
2.22733	-90
2.23100	-90
2.23467	-89
2.23833	-89
2.24200	-90
2.24567	-91
2.24933	-91
2.25300	-92
2.25667	-93
2.26033	-93
2.26400	-92
2.26767	-92
2.27133	-92
2.27500	-91
2.27867	-91
2.28233	-90
2.28600	-89
2.28967	-88
2.29333	-87
2.29700	-87
2.30067	-86
2.30433	-85
2.30800	-85
2.31167	-84
2.31533	-83
2.31900	-83
2.32267	-82
2.32633	-82
2.33000	-81
2.33367	-81
2.33733	-81
2.34100	-81
2.34467	-80
2.34833	-79
2.35200	-78
2.35567	-77
2.35933	-75
2.36300	-74
2.36667	-72
2.37033	-70
2.37400	-68
2.37767	-66
2.38133	-63
2.38500	-60
2.38867	-56
2.39233	-53
2.39600	-49
2.39967	-46
2.40333	-42
2.40700	-39
2.41067	-35
2.41433	-32
2.41800	-29
2.42167	-26
2.42533	-23
2.42900	-20
2.43267	-18
2.43633	-16
2.44000	-14
2.44367	-12
2.44733	-11
2.45100	-9
2.45467	-7
2.45833	-5
2.46200	-3
2.46567	-2
2.46933	-1
2.47300	0
2.47667	1
2.48033	2
2.48400	4
2.48767	5
2.49133	7
2.49500	8
2.49867	9
2.50233	10
2.50600	11
2.50967	11
2.51333	12
2.51700	12
2.52067	13
2.52433	13
2.52800	14
2.53167	15
2.53533	15
2.53900	16
2.54267	17
2.54633	18
2.55000	18
2.55367	18
2.55733	18
2.56100	18
2.56467	18
2.56833	18
2.57200	18
2.57567	19
2.57933	19
2.58300	19
2.58667	18
2.59033	18
2.59400	18
2.59767	17
2.60133	17
2.60500	17
2.60867	17
2.61233	17
2.61600	18
2.61967	19
2.62333	19
2.62700	20
2.63067	20
2.63433	20
2.63800	20
2.64167	20
2.64533	21
2.64900	21
2.65267	21
2.65633	22
2.66000	22
2.66367	22
2.66733	23
2.67100	23
2.67467	24
2.67833	24
2.68200	25
2.68567	25
2.68933	25
2.69300	25
2.69667	25
2.70033	26
2.70400	26
2.70767	26
2.71133	27
2.71500	27
2.71867	27
2.72233	26
2.72600	26
2.72967	27
2.73333	27
2.73700	27
2.74067	28
2.74433	28
2.74800	29
2.75167	29
2.75533	29
2.75900	29
2.76267	29
2.76633	30
2.77000	30
2.77367	30
2.77733	30
2.78100	30
2.78467	29
2.78833	29
2.79200	28
2.79567	28
2.79933	27
2.80300	27
2.80667	27
2.81033	27
2.81400	26
2.81767	27
2.82133	27
2.82500	27
2.82867	28
2.83233	28
2.83600	28
2.83967	28
2.84333	29
2.84700	28
2.85067	28
2.85433	26
2.85800	23
2.86167	18
2.86533	10
2.86900	-1
2.87267	-15
2.87633	-33
2.88000	-55
2.88367	-82
2.88733	-112
2.89100	-146
2.89467	-183
2.89833	-223
2.90200	-266
2.90567	-312
2.90933	-360
2.91300	-409
2.91667	-459
2.92033	-510
2.92400	-562
2.92767	-613
2.93133	-664
2.93500	-714
2.93867	-764
2.94233	-813
2.94600	-864
2.94967	-918
2.95333	-978
2.95700	-1037
2.96067	-1084
2.96433	-1109
2.96800	-1108
2.97167	-1082
2.97533	-1033
2.97900	-969
2.98267	-894
2.98633	-814
2.99000	-733
2.99367	-653
2.99733	-577
3.00100	-507
3.00467	-442
3.00833	-383
3.01200	-331
3.01567	-284
3.01933	-243
3.02300	-207
3.02667	-176
3.03033	-149
3.03400	-125
3.03767	-105
3.04133	-87
3.04500	-72
3.04867	-59
3.05233	-48
3.05600	-38
3.05967	-30
3.06333	-23
3.06700	-17
3.07067	-12
3.07433	-8
3.07800	-4
3.08167	-1
3.08533	2
3.08900	4
3.09267	6
3.09633	8
3.10000	9
3.10367	11
3.10733	12
3.11100	13
3.11467	14
3.11833	15
3.12200	16
3.12567	16
3.12933	17
3.13300	17
3.13667	18
3.14033	18
3.14400	18
3.14767	19
3.15133	19
3.15500	19
3.15867	19
3.16233	20
3.16600	20
3.16967	20
3.17333	20
3.17700	21
3.18067	21
3.18433	22
3.18800	22
3.19167	23
3.19533	23
3.19900	23
3.20267	24
3.20633	24
3.21000	24
3.21367	24
3.21733	25
3.22100	25
3.22467	25
3.22833	25
3.23200	25
3.23567	25
3.23933	25
3.24300	25
3.24667	25
3.25033	26
3.25400	26
3.25767	26
3.26133	26
3.26500	26
3.26867	26
3.27233	26
3.27600	26
3.27967	26
3.28333	26
3.28700	26
3.29067	26
3.29433	26
3.29800	26
3.30167	27
3.30533	27
3.30900	27
3.31267	27
3.31633	27
3.32000	27
3.32367	27
3.32733	27
3.33100	27
3.33467	27
3.33833	27
3.34200	28
3.34567	28
3.34933	28
3.35300	29
3.35667	29
3.36033	29
3.36400	30
3.36767	30
3.37133	30
3.37500	31
3.37867	31
3.38233	31
3.38600	31
3.38967	31
3.39333	31
3.39700	31
3.40067	31
3.40433	31
3.40800	31
3.41167	31
3.41533	31
3.41900	31
3.42267	31
3.42633	32
3.43000	32
3.43367	32
3.43733	32
3.44100	32
3.44467	32
3.44833	32
3.45200	32
3.45567	32
3.45933	32
3.46300	32
3.46667	32
3.47033	32
3.47400	32
3.47767	32
3.48133	32
3.48500	32
3.48867	31
3.49233	31
3.49600	31
3.49967	31
3.50333	31
3.50700	31
3.51067	31
3.51433	31
3.51800	31
3.52167	31
3.52533	31
3.52900	31
3.53267	31
3.53633	30
3.54000	30
3.54367	30
3.54733	30
3.55100	30
3.55467	30
3.55833	30
3.56200	30
3.56567	30
3.56933	30
3.57300	29
3.57667	29
3.58033	30
3.58400	30
3.58767	30
3.59133	30
3.59500	30
3.59867	30
3.60233	30
3.60600	30
3.60967	30
3.61333	30
3.61700	30
3.62067	30
3.62433	30
3.62800	30
3.63167	30
3.63533	30
3.63900	30
3.64267	30
3.64633	30
3.65000	30
3.65367	30
3.65733	30
3.66100	30
3.66467	30
3.66833	30
3.67200	30
3.67567	30
3.67933	31
3.68300	31
3.68667	31
3.69033	31
3.69400	31
3.69767	30
3.70133	30
3.70500	30
3.70867	30
3.71233	30
3.71600	30
3.71967	30
3.72333	30
3.72700	30
3.73067	30
3.73433	29
3.73800	29
3.74167	29
3.74533	29
3.74900	29
3.75267	29
3.75633	30
3.76000	30
3.76367	30
3.76733	30
3.77100	30
3.77467	30
3.77833	30
3.78200	30
3.78567	30
3.78933	30
3.79300	30
3.79667	30
3.80033	30
3.80400	31
3.80767	31
3.81133	31
3.81500	31
3.81867	31
3.82233	31
3.82600	31
3.82967	31
3.83333	31
3.83700	31
3.84067	31
3.84433	31
3.84800	31
3.85167	31
3.85533	31
3.85900	31
3.86267	31
3.86633	31
3.87000	31
3.87367	31
3.87733	31
3.88100	31
3.88467	31
3.88833	31
3.89200	31
3.89567	31
3.89933	31
3.90300	31
3.90667	31
3.91033	31
3.91400	31
3.91767	31
3.92133	31
3.92500	31
3.92867	31
3.93233	31
3.93600	31
3.93967	31
3.94333	31
3.94700	31
3.95067	31
3.95433	31
3.95800	31
3.96167	31
3.96533	31
3.96900	31
3.97267	30
3.97633	30
3.98000	31
3.98367	31
3.98733	31
3.99100	31
3.99467	31
3.99833	31

[Chromatogram (Ch3)]
Interval(msec)	220
# of Points	1091
Start Time(min)	0.002
End Time(min)	3.998
R.Time (min)	Intensity
0.00167	0
0.00533	2
0.00900	3
0.01267	3
0.01633	3
0.02000	4
0.02367	6
0.02733	4
0.03100	3
0.03467	6
0.03833	8
0.04200	8
0.04567	9
0.04933	9
0.05300	8
0.05667	8
0.06033	9
0.06400	9
0.06767	9
0.07133	10
0.07500	9
0.07867	8
0.08233	5
0.08600	5
0.08967	4
0.09333	5
0.09700	4
0.10067	4
0.10433	3
0.10800	5
0.11167	6
0.11533	7
0.11900	7
0.12267	8
0.12633	10
0.13000	11
0.13367	10
0.13733	12
0.14100	11
0.14467	10
0.14833	9
0.15200	9
0.15567	7
0.15933	7
0.16300	9
0.16667	9
0.17033	10
0.17400	9
0.17767	7
0.18133	8
0.18500	9
0.18867	11
0.19233	12
0.19600	12
0.19967	11
0.20333	10
0.20700	9
0.21067	8
0.21433	6
0.21800	6
0.22167	7
0.22533	6
0.22900	5
0.23267	6
0.23633	7
0.24000	5
0.24367	3
0.24733	4
0.25100	7
0.25467	8
0.25833	8
0.26200	6
0.26567	3
0.26933	2
0.27300	2
0.27667	2
0.28033	3
0.28400	3
0.28767	3
0.29133	3
0.29500	2
0.29867	-0
0.30233	0
0.30600	2
0.30967	2
0.31333	2
0.31700	4
0.32067	6
0.32433	7
0.32800	7
0.33167	7
0.33533	7
0.33900	6
0.34267	7
0.34633	7
0.35000	5
0.35367	5
0.35733	4
0.36100	3
0.36467	4
0.36833	7
0.37200	6
0.37567	4
0.37933	4
0.38300	7
0.38667	7
0.39033	6
0.39400	6
0.39767	4
0.40133	2
0.40500	1
0.40867	1
0.41233	4
0.41600	5
0.41967	6
0.42333	7
0.42700	4
0.43067	3
0.43433	4
0.43800	4
0.44167	3
0.44533	3
0.44900	2
0.45267	3
0.45633	3
0.46000	5
0.46367	4
0.46733	5
0.47100	5
0.47467	3
0.47833	1
0.48200	-0
0.48567	1
0.48933	2
0.49300	5
0.49667	8
0.50033	6
0.50400	5
0.50767	5
0.51133	6
0.51500	9
0.51867	11
0.52233	11
0.52600	11
0.52967	9
0.53333	9
0.53700	10
0.54067	9
0.54433	8
0.54800	6
0.55167	4
0.55533	7
0.55900	8
0.56267	7
0.56633	4
0.57000	4
0.57367	4
0.57733	2
0.58100	1
0.58467	1
0.58833	2
0.59200	1
0.59567	1
0.59933	1
0.60300	3
0.60667	6
0.61033	8
0.61400	10
0.61767	9
0.62133	7
0.62500	6
0.62867	6
0.63233	5
0.63600	4
0.63967	3
0.64333	4
0.64700	3
0.65067	3
0.65433	3
0.65800	1
0.66167	0
0.66533	-0
0.66900	2
0.67267	3
0.67633	2
0.68000	2
0.68367	2
0.68733	2
0.69100	2
0.69467	4
0.69833	5
0.70200	5
0.70567	5
0.70933	5
0.71300	5
0.71667	7
0.72033	6
0.72400	4
0.72767	2
0.73133	2
0.73500	3
0.73867	5
0.74233	6
0.74600	6
0.74967	4
0.75333	2
0.75700	2
0.76067	4
0.76433	6
0.76800	6
0.77167	4
0.77533	1
0.77900	-1
0.78267	-2
0.78633	-2
0.79000	-1
0.79367	1
0.79733	1
0.80100	2
0.80467	3
0.80833	1
0.81200	0
0.81567	-1
0.81933	-1
0.82300	-3
0.82667	-3
0.83033	-4
0.83400	-3
0.83767	-2
0.84133	-2
0.84500	-1
0.84867	-3
0.85233	-4
0.85600	-2
0.85967	1
0.86333	2
0.86700	1
0.87067	2
0.87433	3
0.87800	2
0.88167	-0
0.88533	-1
0.88900	-2
0.89267	-2
0.89633	-3
0.90000	-5
0.90367	-4
0.90733	-4
0.91100	-4
0.91467	-2
0.91833	-1
0.92200	3
0.92567	4
0.92933	5
0.93300	4
0.93667	3
0.94033	2
0.94400	1
0.94767	1
0.95133	0
0.95500	2
0.95867	3
0.96233	1
0.96600	0
0.96967	-0
0.97333	0
0.97700	-0
0.98067	-2
0.98433	-4
0.98800	-3
0.99167	-2
0.99533	-3
0.99900	-2
1.00267	-1
1.00633	-0
1.01000	1
1.01367	2
1.01733	2
1.02100	2
1.02467	1
1.02833	-1
1.03200	-4
1.03567	-4
1.03933	-4
1.04300	-3
1.04667	-1
1.05033	-1
1.05400	0
1.05767	1
1.06133	2
1.06500	1
1.06867	-0
1.07233	-1
1.07600	-3
1.07967	-4
1.08333	-5
1.08700	-5
1.09067	-5
1.09433	-4
1.09800	-5
1.10167	-6
1.10533	-6
1.10900	-5
1.11267	-6
1.11633	-7
1.12000	-6
1.12367	-4
1.12733	-4
1.13100	-5
1.13467	-6
1.13833	-6
1.14200	-5
1.14567	-3
1.14933	-2
1.15300	-4
1.15667	-5
1.16033	-5
1.16400	-6
1.16767	-7
1.17133	-8
1.17500	-6
1.17867	-6
1.18233	-7
1.18600	-6
1.18967	-6
1.19333	-5
1.19700	-5
1.20067	-5
1.20433	-6
1.20800	-7
1.21167	-5
1.21533	-4
1.21900	-5
1.22267	-4
1.22633	-3
1.23000	-3
1.23367	-5
1.23733	-5
1.24100	-4
1.24467	-3
1.24833	-2
1.25200	-2
1.25567	-1
1.25933	-1
1.26300	-1
1.26667	-3
1.27033	-4
1.27400	-7
1.27767	-8
1.28133	-8
1.28500	-9
1.28867	-9
1.29233	-7
1.29600	-7
1.29967	-6
1.30333	-7
1.30700	-6
1.31067	-6
1.31433	-5
1.31800	-4
1.32167	-3
1.32533	-3
1.32900	-4
1.33267	-4
1.33633	-2
1.34000	0
1.34367	-0
1.34733	-1
1.35100	-3
1.35467	-3
1.35833	-2
1.36200	-2
1.36567	-3
1.36933	-2
1.37300	-2
1.37667	-0
1.38033	-0
1.38400	-1
1.38767	-3
1.39133	-4
1.39500	-5
1.39867	-3
1.40233	-3
1.40600	-1
1.40967	-1
1.41333	1
1.41700	0
1.42067	-2
1.42433	-4
1.42800	-4
1.43167	-4
1.43533	-3
1.43900	-1
1.44267	-1
1.44633	-4
1.45000	-5
1.45367	-6
1.45733	-8
1.46100	-10
1.46467	-8
1.46833	-7
1.47200	-9
1.47567	-11
1.47933	-11
1.48300	-10
1.48667	-8
1.49033	-3
1.49400	-0
1.49767	-2
1.50133	-4
1.50500	-4
1.50867	-3
1.51233	-2
1.51600	-2
1.51967	-4
1.52333	-5
1.52700	-6
1.53067	-5
1.53433	-4
1.53800	-4
1.54167	-4
1.54533	-3
1.54900	-4
1.55267	-4
1.55633	-3
1.56000	-4
1.56367	-7
1.56733	-7
1.57100	-6
1.57467	-6
1.57833	-6
1.58200	-6
1.58567	-7
1.58933	-6
1.59300	-4
1.59667	-2
1.60033	-2
1.60400	-1
1.60767	-0
1.61133	-2
1.61500	-2
1.61867	-3
1.62233	-3
1.62600	-3
1.62967	-2
1.63333	0
1.63700	2
1.64067	-0
1.64433	-2
1.64800	-2
1.65167	-1
1.65533	-1
1.65900	-2
1.66267	-2
1.66633	-0
1.67000	1
1.67367	2
1.67733	1
1.68100	1
1.68467	3
1.68833	4
1.69200	3
1.69567	1
1.69933	0
1.70300	1
1.70667	2
1.71033	5
1.71400	7
1.71767	9
1.72133	11
1.72500	13
1.72867	11
1.73233	9
1.73600	9
1.73967	11
1.74333	11
1.74700	11
1.75067	12
1.75433	12
1.75800	13
1.76167	15
1.76533	15
1.76900	14
1.77267	13
1.77633	13
1.78000	15
1.78367	14
1.78733	13
1.79100	12
1.79467	11
1.79833	12
1.80200	13
1.80567	15
1.80933	16
1.81300	17
1.81667	18
1.82033	18
1.82400	19
1.82767	18
1.83133	18
1.83500	19
1.83867	20
1.84233	19
1.84600	19
1.84967	20
1.85333	22
1.85700	23
1.86067	24
1.86433	23
1.86800	21
1.87167	20
1.87533	20
1.87900	21
1.88267	21
1.88633	20
1.89000	20
1.89367	18
1.89733	19
1.90100	21
1.90467	22
1.90833	22
1.91200	23
1.91567	25
1.91933	26
1.92300	27
1.92667	25
1.93033	21
1.93400	20
1.93767	24
1.94133	28
1.94500	29
1.94867	30
1.95233	31
1.95600	33
1.95967	35
1.96333	38
1.96700	41
1.97067	41
1.97433	40
1.97800	38
1.98167	36
1.98533	37
1.98900	38
1.99267	39
1.99633	39
2.00000	38
2.00367	38
2.00733	40
2.01100	42
2.01467	42
2.01833	43
2.02200	42
2.02567	42
2.02933	47
2.03300	50
2.03667	50
2.04033	52
2.04400	54
2.04767	55
2.05133	56
2.05500	55
2.05867	54
2.06233	52
2.06600	52
2.06967	54
2.07333	55
2.07700	53
2.08067	54
2.08433	56
2.08800	59
2.09167	58
2.09533	58
2.09900	59
2.10267	61
2.10633	61
2.11000	60
2.11367	60
2.11733	60
2.12100	61
2.12467	60
2.12833	62
2.13200	64
2.13567	66
2.13933	67
2.14300	69
2.14667	69
2.15033	68
2.15400	69
2.15767	71
2.16133	73
2.16500	75
2.16867	75
2.17233	76
2.17600	79
2.17967	81
2.18333	80
2.18700	79
2.19067	79
2.19433	81
2.19800	82
2.20167	83
2.20533	83
2.20900	84
2.21267	84
2.21633	86
2.22000	87
2.22367	88
2.22733	88
2.23100	88
2.23467	89
2.23833	91
2.24200	93
2.24567	90
2.24933	88
2.25300	88
2.25667	91
2.26033	93
2.26400	95
2.26767	96
2.27133	96
2.27500	96
2.27867	100
2.28233	103
2.28600	103
2.28967	102
2.29333	100
2.29700	98
2.30067	99
2.30433	102
2.30800	102
2.31167	103
2.31533	104
2.31900	104
2.32267	104
2.32633	104
2.33000	105
2.33367	109
2.33733	112
2.34100	112
2.34467	112
2.34833	113
2.35200	115
2.35567	117
2.35933	119
2.36300	119
2.36667	120
2.37033	121
2.37400	122
2.37767	122
2.38133	123
2.38500	123
2.38867	125
2.39233	127
2.39600	128
2.39967	130
2.40333	133
2.40700	133
2.41067	133
2.41433	134
2.41800	136
2.42167	139
2.42533	143
2.42900	146
2.43267	148
2.43633	149
2.44000	150
2.44367	183
2.44733	279
2.45100	397
2.45467	492
2.45833	551
2.46200	588
2.46567	610
2.46933	611
2.47300	599
2.47667	584
2.48033	579
2.48400	584
2.48767	598
2.49133	620
2.49500	648
2.49867	674
2.50233	691
2.50600	693
2.50967	685
2.51333	672
2.51700	657
2.52067	645
2.52433	639
2.52800	642
2.53167	648
2.53533	655
2.53900	661
2.54267	668
2.54633	679
2.55000	692
2.55367	709
2.55733	723
2.56100	740
2.56467	760
2.56833	776
2.57200	785
2.57567	785
2.57933	781
2.58300	768
2.58667	751
2.59033	728
2.59400	706
2.59767	685
2.60133	665
2.60500	645
2.60867	622
2.61233	596
2.61600	567
2.61967	538
2.62333	509
2.62700	482
2.63067	461
2.63433	441
2.63800	421
2.64167	406
2.64533	398
2.64900	394
2.65267	394
2.65633	399
2.66000	405
2.66367	411
2.66733	419
2.67100	427
2.67467	436
2.67833	448
2.68200	460
2.68567	472
2.68933	485
2.69300	499
2.69667	512
2.70033	525
2.70400	539
2.70767	552
2.71133	565
2.71500	578
2.71867	590
2.72233	598
2.72600	605
2.72967	613
2.73333	619
2.73700	621
2.74067	620
2.74433	619
2.74800	616
2.75167	613
2.75533	610
2.75900	604
2.76267	599
2.76633	595
2.77000	590
2.77367	584
2.77733	578
2.78100	574
2.78467	570
2.78833	567
2.79200	565
2.79567	564
2.79933	561
2.80300	559
2.80667	558
2.81033	556
2.81400	554
2.81767	553
2.82133	555
2.82500	564
2.82867	585
2.83233	630
2.83600	714
2.83967	861
2.84333	1094
2.84700	1439
2.85067	1899
2.85433	2458
2.85800	3088
2.86167	3746
2.86533	4381
2.86900	4944
2.87267	5386
2.87633	5679
2.88000	5811
2.88367	5793
2.88733	5645
2.89100	5397
2.89467	5076
2.89833	4712
2.90200	4331
2.90567	3950
2.90933	3580
2.91300	3233
2.91667	2916
2.92033	2630
2.92400	2373
2.92767	2143
2.93133	1940
2.93500	1762
2.93867	1605
2.94233	1467
2.94600	1348
2.94967	1247
2.95333	1160
2.95700	1084
2.96067	1018
2.96433	961
2.96800	910
2.97167	869
2.97533	835
2.97900	804
2.98267	779
2.98633	758
2.99000	740
2.99367	724
2.99733	711
3.00100	700
3.00467	689
3.00833	678
3.01200	672
3.01567	666
3.01933	663
3.02300	662
3.02667	661
3.03033	658
3.03400	654
3.03767	653
3.04133	652
3.04500	651
3.04867	650
3.05233	651
3.05600	650
3.05967	648
3.06333	648
3.06700	649
3.07067	649
3.07433	648
3.07800	648
3.08167	648
3.08533	647
3.08900	646
3.09267	645
3.09633	646
3.10000	647
3.10367	646
3.10733	646
3.11100	644
3.11467	638
3.11833	635
3.12200	631
3.12567	628
3.12933	624
3.13300	619
3.13667	615
3.14033	611
3.14400	608
3.14767	608
3.15133	605
3.15500	599
3.15867	594
3.16233	592
3.16600	589
3.16967	587
3.17333	586
3.17700	583
3.18067	582
3.18433	579
3.18800	575
3.19167	573
3.19533	571
3.19900	566
3.20267	563
3.20633	563
3.21000	560
3.21367	555
3.21733	550
3.22100	546
3.22467	544
3.22833	543
3.23200	542
3.23567	537
3.23933	532
3.24300	527
3.24667	525
3.25033	521
3.25400	517
3.25767	514
3.26133	511
3.26500	508
3.26867	505
3.27233	505
3.27600	504
3.27967	501
3.28333	497
3.28700	493
3.29067	490
3.29433	488
3.29800	486
3.30167	484
3.30533	482
3.30900	480
3.31267	478
3.31633	475
3.32000	471
3.32367	467
3.32733	464
3.33100	462
3.33467	458
3.33833	455
3.34200	452
3.34567	450
3.34933	447
3.35300	444
3.35667	442
3.36033	438
3.36400	435
3.36767	432
3.37133	426
3.37500	422
3.37867	418
3.38233	416
3.38600	414
3.38967	413
3.39333	413
3.39700	412
3.40067	411
3.40433	408
3.40800	406
3.41167	403
3.41533	401
3.41900	400
3.42267	397
3.42633	394
3.43000	392
3.43367	392
3.43733	390
3.44100	389
3.44467	389
3.44833	386
3.45200	385
3.45567	386
3.45933	387
3.46300	387
3.46667	386
3.47033	383
3.47400	379
3.47767	376
3.48133	372
3.48500	369
3.48867	370
3.49233	370
3.49600	370
3.49967	370
3.50333	368
3.50700	367
3.51067	367
3.51433	366
3.51800	365
3.52167	365
3.52533	362
3.52900	359
3.53267	359
3.53633	359
3.54000	361
3.54367	360
3.54733	358
3.55100	359
3.55467	358
3.55833	357
3.56200	356
3.56567	356
3.56933	353
3.57300	351
3.57667	350
3.58033	350
3.58400	350
3.58767	347
3.59133	343
3.59500	338
3.59867	337
3.60233	336
3.60600	334
3.60967	333
3.61333	333
3.61700	334
3.62067	335
3.62433	337
3.62800	335
3.63167	334
3.63533	334
3.63900	332
3.64267	329
3.64633	326
3.65000	326
3.65367	327
3.65733	328
3.66100	328
3.66467	329
3.66833	329
3.67200	330
3.67567	328
3.67933	326
3.68300	324
3.68667	324
3.69033	324
3.69400	323
3.69767	323
3.70133	322
3.70500	322
3.70867	321
3.71233	319
3.71600	319
3.71967	319
3.72333	320
3.72700	320
3.73067	319
3.73433	320
3.73800	320
3.74167	319
3.74533	321
3.74900	321
3.75267	320
3.75633	317
3.76000	315
3.76367	314
3.76733	314
3.77100	316
3.77467	316
3.77833	316
3.78200	315
3.78567	313
3.78933	313
3.79300	312
3.79667	311
3.80033	310
3.80400	310
3.80767	309
3.81133	309
3.81500	310
3.81867	311
3.82233	311
3.82600	309
3.82967	309
3.83333	311
3.83700	311
3.84067	310
3.84433	310
3.84800	308
3.85167	304
3.85533	301
3.85900	300
3.86267	301
3.86633	301
3.87000	300
3.87367	299
3.87733	298
3.88100	298
3.88467	299
3.88833	300
3.89200	297
3.89567	295
3.89933	294
3.90300	297
3.90667	298
3.91033	296
3.91400	297
3.91767	299
3.92133	299
3.92500	296
3.92867	293
3.93233	293
3.93600	295
3.93967	297
3.94333	299
3.94700	301
3.95067	299
3.95433	298
3.95800	298
3.96167	296
3.96533	295
3.96900	295
3.97267	294
3.97633	292
3.98000	293
3.98367	296
3.98733	298
3.99100	296
3.99467	294
3.99833	290

[Status Trace (Column Oven Temperature)]
Interval(msec)	1000
# of Points	240
Start Time(min)	0.013
End Time(min)	3.996
Intensity Units	
Intensity Multiplier	1
R.Time (min)	Intensity
0.01267	35.03
0.02933	35.02
0.04600	35.03
0.06267	35.03
0.07933	35.02
0.09600	35.01
0.11267	35.00
0.12933	34.99
0.14600	34.99
0.16267	34.99
0.17933	34.99
0.19600	34.99
0.21267	35.00
0.22933	34.99
0.24600	34.98
0.26267	34.99
0.27933	34.98
0.29600	34.98
0.31267	34.98
0.32933	34.99
0.34600	35.00
0.36267	35.00
0.37933	35.01
0.39600	35.00
0.41267	34.99
0.42933	34.98
0.44600	34.97
0.46267	34.97
0.47933	34.98
0.49600	34.98
0.51267	34.98
0.52933	34.99
0.54600	34.99
0.56267	34.99
0.57933	34.99
0.59600	35.01
0.61267	35.01
0.62933	35.01
0.64600	35.01
0.66267	35.01
0.67933	35.01
0.69600	35.00
0.71267	35.00
0.72933	35.00
0.74600	34.99
0.76267	35.00
0.77933	35.00
0.79600	34.99
0.81267	34.99
0.82933	34.99
0.84600	34.99
0.86267	35.00
0.87933	35.00
0.89600	35.01
0.91267	35.00
0.92933	35.01
0.94600	35.01
0.96267	35.00
0.97933	35.00
0.99600	35.00
1.01267	35.00
1.02933	34.99
1.04600	34.98
1.06267	34.98
1.07933	34.97
1.09600	34.98
1.11267	34.99
1.12933	35.00
1.14600	35.00
1.16267	35.01
1.17933	35.01
1.19600	35.01
1.21267	35.00
1.22933	35.01
1.24600	35.01
1.26267	35.00
1.27933	34.98
1.29600	34.98
1.31267	34.99
1.32933	35.00
1.34600	34.99
1.36267	34.99
1.37933	34.98
1.39600	34.98
1.41267	34.99
1.42933	34.99
1.44600	34.99
1.46267	35.00
1.47933	35.00
1.49600	35.00
1.51267	34.99
1.52933	34.98
1.54600	34.99
1.56267	34.99
1.57933	34.98
1.59600	35.01
1.61267	35.09
1.62933	35.24
1.64600	35.44
1.66267	35.71
1.67933	36.06
1.69600	36.45
1.71267	36.79
1.72933	37.10
1.74600	37.44
1.76267	37.80
1.77933	38.10
1.79600	38.42
1.81267	38.76
1.82933	39.09
1.84600	39.40
1.86267	39.73
1.87933	40.08
1.89600	40.40
1.91267	40.73
1.92933	41.05
1.94600	41.37
1.96267	41.70
1.97933	42.03
1.99600	42.34
2.01267	42.68
2.02933	43.00
2.04600	43.33
2.06267	43.64
2.07933	43.96
2.09600	44.28
2.11267	44.61
2.12933	44.93
2.14600	45.28
2.16267	45.61
2.17933	45.94
2.19600	46.27
2.21267	46.59
2.22933	46.91
2.24600	47.28
2.26267	47.61
2.27933	47.93
2.29600	48.26
2.31267	48.59
2.32933	48.92
2.34600	49.23
2.36267	49.49
2.37933	49.61
2.39600	49.63
2.41267	49.65
2.42933	49.64
2.44600	49.66
2.46267	49.66
2.47933	49.67
2.49600	49.68
2.51267	49.70
2.52933	49.70
2.54600	49.70
2.56267	49.73
2.57933	49.74
2.59600	49.77
2.61267	49.79
2.62933	49.81
2.64600	49.83
2.66267	49.84
2.67933	49.85
2.69600	49.85
2.71267	49.85
2.72933	49.87
2.74600	49.86
2.76267	49.84
2.77933	49.86
2.79600	49.89
2.81267	49.89
2.82933	49.90
2.84600	49.91
2.86267	49.91
2.87933	49.91
2.89600	49.91
2.91267	49.93
2.92933	49.92
2.94600	49.93
2.96267	49.94
2.97933	49.95
2.99600	49.96
3.01267	49.97
3.02933	49.98
3.04600	49.99
3.06267	49.99
3.07933	49.99
3.09600	50.00
3.11267	50.00
3.12933	50.01
3.14600	50.02
3.16267	50.03
3.17933	50.04
3.19600	50.05
3.21267	50.06
3.22933	50.07
3.24600	50.07
3.26267	50.08
3.27933	50.09
3.29600	50.10
3.31267	50.11
3.32933	50.11
3.34600	50.10
3.36267	50.09
3.37933	50.08
3.39600	50.07
3.41267	50.06
3.42933	50.05
3.44600	50.05
3.46267	50.04
3.47933	50.04
3.49600	50.04
3.51267	50.04
3.52933	50.04
3.54600	50.04
3.56267	50.04
3.57933	50.04
3.59600	50.04
3.61267	50.05
3.62933	50.06
3.64600	50.06
3.66267	50.05
3.67933	50.06
3.69600	50.07
3.71267	50.06
3.72933	50.07
3.74600	50.07
3.76267	50.07
3.77933	50.07
3.79600	50.07
3.81267	50.07
3.82933	50.08
3.84600	50.07
3.86267	50.07
3.87933	50.07
3.89600	50.07
3.91267	50.07
3.92933	50.07
3.94600	50.06
3.96267	50.07
3.97933	50.07
3.99600	50.07

[Status Trace (Injection Unit Temperature)]
Interval(msec)	1000
# of Points	240
Start Time(min)	0.013
End Time(min)	3.996
Intensity Units	
Intensity Multiplier	1
R.Time (min)	Intensity
0.01267	99.99
0.02933	99.99
0.04600	99.99
0.06267	99.99
0.07933	99.99
0.09600	99.99
0.11267	99.99
0.12933	99.99
0.14600	99.99
0.16267	99.99
0.17933	99.99
0.19600	99.99
0.21267	99.99
0.22933	99.99
0.24600	99.99
0.26267	99.99
0.27933	99.99
0.29600	99.99
0.31267	99.99
0.32933	99.99
0.34600	99.99
0.36267	99.99
0.37933	99.99
0.39600	99.99
0.41267	99.99
0.42933	99.99
0.44600	99.99
0.46267	99.99
0.47933	99.99
0.49600	99.99
0.51267	99.99
0.52933	99.99
0.54600	99.99
0.56267	99.99
0.57933	99.99
0.59600	99.99
0.61267	99.99
0.62933	99.99
0.64600	99.99
0.66267	99.98
0.67933	99.99
0.69600	99.99
0.71267	99.98
0.72933	99.99
0.74600	99.98
0.76267	99.99
0.77933	99.98
0.79600	99.99
0.81267	99.99
0.82933	99.98
0.84600	99.99
0.86267	99.99
0.87933	99.99
0.89600	99.98
0.91267	99.98
0.92933	99.99
0.94600	99.99
0.96267	99.99
0.97933	99.99
0.99600	99.98
1.01267	99.99
1.02933	99.99
1.04600	99.99
1.06267	99.99
1.07933	99.99
1.09600	99.98
1.11267	99.99
1.12933	99.99
1.14600	99.99
1.16267	99.99
1.17933	99.99
1.19600	99.99
1.21267	99.99
1.22933	99.99
1.24600	99.99
1.26267	99.99
1.27933	99.99
1.29600	99.99
1.31267	99.99
1.32933	99.99
1.34600	99.99
1.36267	99.99
1.37933	99.99
1.39600	99.99
1.41267	99.99
1.42933	99.99
1.44600	99.99
1.46267	99.99
1.47933	99.98
1.49600	99.99
1.51267	99.99
1.52933	99.99
1.54600	99.99
1.56267	99.99
1.57933	99.99
1.59600	99.99
1.61267	99.99
1.62933	99.99
1.64600	99.99
1.66267	99.99
1.67933	99.99
1.69600	99.99
1.71267	99.99
1.72933	99.98
1.74600	99.99
1.76267	99.98
1.77933	99.99
1.79600	99.99
1.81267	99.99
1.82933	99.99
1.84600	99.98
1.86267	99.98
1.87933	99.98
1.89600	99.98
1.91267	99.98
1.92933	99.98
1.94600	99.98
1.96267	99.98
1.97933	99.98
1.99600	99.98
2.01267	99.98
2.02933	99.98
2.04600	99.98
2.06267	99.98
2.07933	99.97
2.09600	99.97
2.11267	99.97
2.12933	99.97
2.14600	99.97
2.16267	99.97
2.17933	99.97
2.19600	99.97
2.21267	99.97
2.22933	99.97
2.24600	99.97
2.26267	99.97
2.27933	99.97
2.29600	99.97
2.31267	99.97
2.32933	99.97
2.34600	99.97
2.36267	99.97
2.37933	99.97
2.39600	99.97
2.41267	99.97
2.42933	99.97
2.44600	99.97
2.46267	99.97
2.47933	99.97
2.49600	99.97
2.51267	99.97
2.52933	99.97
2.54600	99.97
2.56267	99.97
2.57933	99.98
2.59600	99.98
2.61267	99.98
2.62933	99.98
2.64600	99.98
2.66267	99.98
2.67933	99.98
2.69600	99.98
2.71267	99.98
2.72933	99.99
2.74600	99.99
2.76267	99.99
2.77933	99.99
2.79600	99.99
2.81267	100.00
2.82933	100.00
2.84600	100.00
2.86267	100.00
2.87933	100.00
2.89600	100.01
2.91267	100.01
2.92933	100.01
2.94600	100.01
2.96267	100.01
2.97933	100.01
2.99600	100.01
3.01267	100.01
3.02933	100.02
3.04600	100.02
3.06267	100.02
3.07933	100.02
3.09600	100.02
3.11267	100.02
3.12933	100.02
3.14600	100.02
3.16267	100.03
3.17933	100.02
3.19600	100.03
3.21267	100.03
3.22933	100.03
3.24600	100.03
3.26267	100.03
3.27933	100.03
3.29600	100.03
3.31267	100.04
3.32933	100.03
3.34600	100.04
3.36267	100.04
3.37933	100.04
3.39600	100.04
3.41267	100.04
3.42933	100.04
3.44600	100.04
3.46267	100.05
3.47933	100.05
3.49600	100.05
3.51267	100.05
3.52933	100.05
3.54600	100.05
3.56267	100.05
3.57933	100.05
3.59600	100.05
3.61267	100.05
3.62933	100.05
3.64600	100.05
3.66267	100.06
3.67933	100.05
3.69600	100.05
3.71267	100.05
3.72933	100.06
3.74600	100.06
3.76267	100.06
3.77933	100.06
3.79600	100.05
3.81267	100.06
3.82933	100.06
3.84600	100.06
3.86267	100.06
3.87933	100.06
3.89600	100.05
3.91267	100.05
3.92933	100.06
3.94600	100.06
3.96267	100.06
3.97933	100.05
3.99600	100.06

[Status Trace (Carrier Gas Pressure)]
Interval(msec)	1000
# of Points	240
Start Time(min)	0.013
End Time(min)	3.996
Intensity Units	
Intensity Multiplier	1
R.Time (min)	Intensity
0.01267	57.98
0.02933	54.95
0.04600	57.72
0.06267	59.64
0.07933	59.00
0.09600	57.99
0.11267	57.99
0.12933	58.01
0.14600	58.01
0.16267	58.00
0.17933	58.00
0.19600	58.00
0.21267	58.00
0.22933	58.00
0.24600	58.00
0.26267	58.00
0.27933	58.00
0.29600	58.00
0.31267	58.00
0.32933	58.00
0.34600	58.00
0.36267	58.00
0.37933	58.00
0.39600	58.00
0.41267	58.00
0.42933	58.00
0.44600	58.00
0.46267	58.00
0.47933	58.00
0.49600	58.00
0.51267	58.00
0.52933	58.00
0.54600	58.00
0.56267	58.00
0.57933	58.00
0.59600	58.00
0.61267	58.00
0.62933	58.00
0.64600	58.00
0.66267	58.00
0.67933	58.00
0.69600	58.00
0.71267	58.00
0.72933	58.00
0.74600	58.00
0.76267	58.00
0.77933	58.00
0.79600	58.00
0.81267	58.00
0.82933	58.00
0.84600	58.00
0.86267	58.00
0.87933	58.00
0.89600	58.00
0.91267	58.00
0.92933	58.00
0.94600	58.00
0.96267	58.00
0.97933	58.00
0.99600	58.00
1.01267	58.00
1.02933	58.00
1.04600	58.00
1.06267	58.00
1.07933	58.00
1.09600	58.00
1.11267	58.00
1.12933	58.00
1.14600	58.00
1.16267	58.00
1.17933	58.00
1.19600	58.00
1.21267	58.00
1.22933	58.00
1.24600	58.00
1.26267	58.00
1.27933	58.00
1.29600	58.00
1.31267	58.00
1.32933	58.00
1.34600	58.00
1.36267	58.00
1.37933	58.00
1.39600	58.00
1.41267	58.00
1.42933	58.00
1.44600	58.00
1.46267	58.00
1.47933	58.00
1.49600	58.00
1.51267	58.00
1.52933	58.00
1.54600	58.00
1.56267	58.00
1.57933	58.00
1.59600	58.00
1.61267	58.00
1.62933	58.00
1.64600	58.01
1.66267	58.00
1.67933	58.01
1.69600	58.00
1.71267	58.00
1.72933	58.00
1.74600	58.00
1.76267	58.00
1.77933	58.00
1.79600	58.00
1.81267	58.00
1.82933	58.00
1.84600	58.00
1.86267	58.00
1.87933	58.00
1.89600	58.00
1.91267	58.00
1.92933	58.00
1.94600	58.00
1.96267	58.00
1.97933	58.00
1.99600	58.00
2.01267	58.00
2.02933	58.00
2.04600	58.00
2.06267	58.00
2.07933	58.00
2.09600	58.00
2.11267	58.00
2.12933	58.00
2.14600	58.00
2.16267	58.00
2.17933	58.00
2.19600	58.00
2.21267	58.00
2.22933	58.00
2.24600	58.00
2.26267	58.00
2.27933	58.00
2.29600	58.00
2.31267	58.00
2.32933	58.00
2.34600	58.00
2.36267	58.00
2.37933	57.99
2.39600	57.99
2.41267	58.00
2.42933	58.00
2.44600	58.00
2.46267	58.00
2.47933	58.00
2.49600	58.00
2.51267	57.99
2.52933	57.99
2.54600	58.00
2.56267	58.00
2.57933	58.00
2.59600	58.00
2.61267	58.00
2.62933	58.00
2.64600	58.00
2.66267	58.00
2.67933	58.00
2.69600	58.00
2.71267	58.00
2.72933	58.00
2.74600	58.00
2.76267	58.00
2.77933	58.00
2.79600	58.00
2.81267	58.00
2.82933	58.00
2.84600	58.00
2.86267	58.00
2.87933	58.00
2.89600	58.00
2.91267	58.00
2.92933	58.00
2.94600	58.00
2.96267	58.00
2.97933	58.00
2.99600	58.00
3.01267	58.00
3.02933	58.00
3.04600	58.00
3.06267	58.00
3.07933	58.00
3.09600	58.00
3.11267	58.00
3.12933	58.00
3.14600	58.00
3.16267	58.00
3.17933	58.00
3.19600	58.00
3.21267	58.00
3.22933	58.00
3.24600	58.00
3.26267	58.00
3.27933	58.00
3.29600	58.00
3.31267	58.00
3.32933	58.00
3.34600	58.00
3.36267	58.00
3.37933	58.00
3.39600	58.00
3.41267	58.00
3.42933	58.00
3.44600	58.00
3.46267	58.00
3.47933	58.00
3.49600	58.00
3.51267	58.00
3.52933	58.00
3.54600	58.00
3.56267	58.00
3.57933	58.00
3.59600	58.00
3.61267	58.00
3.62933	58.00
3.64600	58.00
3.66267	58.00
3.67933	58.00
3.69600	58.00
3.71267	58.00
3.72933	58.00
3.74600	58.00
3.76267	58.00
3.77933	58.00
3.79600	58.00
3.81267	58.00
3.82933	58.00
3.84600	58.00
3.86267	58.00
3.87933	58.00
3.89600	58.00
3.91267	58.00
3.92933	58.00
3.94600	58.00
3.96267	58.00
3.97933	58.00
3.99600	58.00

[Status Trace (Carrier Gas Flow)]
Interval(msec)	1000
# of Points	240
Start Time(min)	0.013
End Time(min)	3.996
Intensity Units	
Intensity Multiplier	1
R.Time (min)	Intensity
0.01267	34.55
0.02933	34.54
0.04600	34.55
0.06267	34.54
0.07933	34.51
0.09600	34.52
0.11267	34.52
0.12933	34.52
0.14600	34.52
0.16267	34.52
0.17933	34.52
0.19600	34.52
0.21267	34.52
0.22933	34.52
0.24600	34.52
0.26267	34.52
0.27933	34.52
0.29600	34.52
0.31267	34.52
0.32933	34.52
0.34600	34.52
0.36267	34.52
0.37933	34.52
0.39600	34.52
0.41267	34.52
0.42933	34.52
0.44600	34.52
0.46267	34.52
0.47933	34.52
0.49600	34.52
0.51267	34.52
0.52933	34.52
0.54600	34.52
0.56267	34.52
0.57933	34.52
0.59600	34.52
0.61267	34.52
0.62933	34.52
0.64600	34.52
0.66267	34.52
0.67933	34.52
0.69600	34.52
0.71267	34.52
0.72933	34.52
0.74600	34.52
0.76267	34.52
0.77933	34.52
0.79600	34.52
0.81267	34.52
0.82933	34.52
0.84600	34.52
0.86267	34.52
0.87933	34.52
0.89600	34.52
0.91267	34.52
0.92933	34.52
0.94600	34.52
0.96267	34.52
0.97933	34.52
0.99600	34.52
1.01267	34.52
1.02933	34.52
1.04600	34.52
1.06267	34.52
1.07933	34.52
1.09600	34.52
1.11267	34.52
1.12933	34.52
1.14600	34.52
1.16267	34.52
1.17933	34.52
1.19600	34.51
1.21267	34.52
1.22933	34.52
1.24600	34.52
1.26267	34.52
1.27933	34.52
1.29600	34.52
1.31267	34.52
1.32933	34.52
1.34600	34.52
1.36267	34.51
1.37933	34.52
1.39600	34.52
1.41267	34.52
1.42933	34.52
1.44600	34.52
1.46267	34.52
1.47933	34.52
1.49600	34.52
1.51267	34.53
1.52933	34.51
1.54600	34.52
1.56267	34.52
1.57933	34.52
1.59600	34.52
1.61267	34.52
1.62933	34.52
1.64600	34.51
1.66267	34.52
1.67933	34.52
1.69600	34.52
1.71267	34.51
1.72933	34.52
1.74600	34.51
1.76267	34.51
1.77933	34.52
1.79600	34.51
1.81267	34.52
1.82933	34.52
1.84600	34.52
1.86267	34.53
1.87933	34.51
1.89600	34.52
1.91267	34.52
1.92933	34.52
1.94600	34.53
1.96267	34.51
1.97933	34.52
1.99600	34.51
2.01267	34.52
2.02933	34.51
2.04600	34.51
2.06267	34.52
2.07933	34.52
2.09600	34.52
2.11267	34.51
2.12933	34.52
2.14600	34.52
2.16267	34.52
2.17933	34.51
2.19600	34.51
2.21267	34.53
2.22933	34.52
2.24600	34.52
2.26267	34.51
2.27933	34.52
2.29600	34.52
2.31267	34.51
2.32933	34.52
2.34600	34.52
2.36267	34.52
2.37933	34.52
2.39600	34.52
2.41267	34.52
2.42933	34.52
2.44600	34.52
2.46267	34.52
2.47933	34.52
2.49600	34.52
2.51267	34.50
2.52933	34.52
2.54600	34.52
2.56267	34.52
2.57933	34.52
2.59600	34.52
2.61267	34.52
2.62933	34.52
2.64600	34.52
2.66267	34.52
2.67933	34.52
2.69600	34.52
2.71267	34.52
2.72933	34.52
2.74600	34.52
2.76267	34.52
2.77933	34.52
2.79600	34.52
2.81267	34.52
2.82933	34.52
2.84600	34.52
2.86267	34.52
2.87933	34.52
2.89600	34.52
2.91267	34.52
2.92933	34.52
2.94600	34.52
2.96267	34.52
2.97933	34.52
2.99600	34.52
3.01267	34.52
3.02933	34.52
3.04600	34.52
3.06267	34.52
3.07933	34.52
3.09600	34.52
3.11267	34.52
3.12933	34.52
3.14600	34.52
3.16267	34.52
3.17933	34.52
3.19600	34.52
3.21267	34.52
3.22933	34.52
3.24600	34.52
3.26267	34.52
3.27933	34.52
3.29600	34.52
3.31267	34.52
3.32933	34.52
3.34600	34.52
3.36267	34.52
3.37933	34.52
3.39600	34.52
3.41267	34.52
3.42933	34.52
3.44600	34.52
3.46267	34.52
3.47933	34.52
3.49600	34.52
3.51267	34.52
3.52933	34.52
3.54600	34.52
3.56267	34.52
3.57933	34.52
3.59600	34.52
3.61267	34.52
3.62933	34.52
3.64600	34.52
3.66267	34.52
3.67933	34.52
3.69600	34.52
3.71267	34.52
3.72933	34.52
3.74600	34.52
3.76267	34.52
3.77933	34.52
3.79600	34.52
3.81267	34.52
3.82933	34.52
3.84600	34.52
3.86267	34.52
3.87933	34.52
3.89600	34.52
3.91267	34.52
3.92933	34.52
3.94600	34.52
3.96267	34.52
3.97933	34.52
3.99600	34.52

[Status Trace (Column Flow)]
Interval(msec)	1000
# of Points	240
Start Time(min)	0.013
End Time(min)	3.996
Intensity Units	
Intensity Multiplier	1
R.Time (min)	Intensity
0.01267	5.54
0.02933	5.19
0.04600	5.51
0.06267	5.74
0.07933	5.66
0.09600	5.55
0.11267	5.55
0.12933	5.55
0.14600	5.55
0.16267	5.55
0.17933	5.55
0.19600	5.55
0.21267	5.55
0.22933	5.55
0.24600	5.55
0.26267	5.55
0.27933	5.55
0.29600	5.55
0.31267	5.55
0.32933	5.55
0.34600	5.55
0.36267	5.55
0.37933	5.55
0.39600	5.55
0.41267	5.55
0.42933	5.55
0.44600	5.55
0.46267	5.55
0.47933	5.55
0.49600	5.55
0.51267	5.55
0.52933	5.55
0.54600	5.55
0.56267	5.55
0.57933	5.55
0.59600	5.55
0.61267	5.55
0.62933	5.55
0.64600	5.55
0.66267	5.55
0.67933	5.55
0.69600	5.55
0.71267	5.55
0.72933	5.55
0.74600	5.55
0.76267	5.55
0.77933	5.55
0.79600	5.55
0.81267	5.55
0.82933	5.55
0.84600	5.55
0.86267	5.55
0.87933	5.55
0.89600	5.55
0.91267	5.55
0.92933	5.55
0.94600	5.55
0.96267	5.55
0.97933	5.55
0.99600	5.55
1.01267	5.55
1.02933	5.55
1.04600	5.55
1.06267	5.55
1.07933	5.55
1.09600	5.55
1.11267	5.55
1.12933	5.55
1.14600	5.55
1.16267	5.55
1.17933	5.55
1.19600	5.55
1.21267	5.55
1.22933	5.55
1.24600	5.55
1.26267	5.55
1.27933	5.55
1.29600	5.55
1.31267	5.55
1.32933	5.55
1.34600	5.55
1.36267	5.55
1.37933	5.55
1.39600	5.55
1.41267	5.55
1.42933	5.55
1.44600	5.55
1.46267	5.55
1.47933	5.55
1.49600	5.55
1.51267	5.55
1.52933	5.55
1.54600	5.55
1.56267	5.55
1.57933	5.55
1.59600	5.55
1.61267	5.54
1.62933	5.54
1.64600	5.53
1.66267	5.53
1.67933	5.51
1.69600	5.50
1.71267	5.49
1.72933	5.48
1.74600	5.47
1.76267	5.46
1.77933	5.45
1.79600	5.44
1.81267	5.43
1.82933	5.42
1.84600	5.41
1.86267	5.40
1.87933	5.39
1.89600	5.38
1.91267	5.37
1.92933	5.36
1.94600	5.35
1.96267	5.34
1.97933	5.33
1.99600	5.32
2.01267	5.31
2.02933	5.30
2.04600	5.29
2.06267	5.28
2.07933	5.27
2.09600	5.26
2.11267	5.26
2.12933	5.25
2.14600	5.24
2.16267	5.23
2.17933	5.22
2.19600	5.21
2.21267	5.20
2.22933	5.19
2.24600	5.18
2.26267	5.17
2.27933	5.16
2.29600	5.15
2.31267	5.14
2.32933	5.13
2.34600	5.12
2.36267	5.12
2.37933	5.11
2.39600	5.11
2.41267	5.11
2.42933	5.11
2.44600	5.11
2.46267	5.11
2.47933	5.11
2.49600	5.11
2.51267	5.11
2.52933	5.11
2.54600	5.11
2.56267	5.11
2.57933	5.11
2.59600	5.11
2.61267	5.11
2.62933	5.11
2.64600	5.11
2.66267	5.11
2.67933	5.11
2.69600	5.11
2.71267	5.11
2.72933	5.11
2.74600	5.11
2.76267	5.11
2.77933	5.11
2.79600	5.11
2.81267	5.10
2.82933	5.10
2.84600	5.10
2.86267	5.10
2.87933	5.10
2.89600	5.10
2.91267	5.10
2.92933	5.10
2.94600	5.10
2.96267	5.10
2.97933	5.10
2.99600	5.10
3.01267	5.10
3.02933	5.10
3.04600	5.10
3.06267	5.10
3.07933	5.10
3.09600	5.10
3.11267	5.10
3.12933	5.10
3.14600	5.10
3.16267	5.10
3.17933	5.10
3.19600	5.10
3.21267	5.10
3.22933	5.10
3.24600	5.10
3.26267	5.10
3.27933	5.10
3.29600	5.10
3.31267	5.10
3.32933	5.10
3.34600	5.10
3.36267	5.10
3.37933	5.10
3.39600	5.10
3.41267	5.10
3.42933	5.10
3.44600	5.10
3.46267	5.10
3.47933	5.10
3.49600	5.10
3.51267	5.10
3.52933	5.10
3.54600	5.10
3.56267	5.10
3.57933	5.10
3.59600	5.10
3.61267	5.10
3.62933	5.10
3.64600	5.10
3.66267	5.10
3.67933	5.10
3.69600	5.10
3.71267	5.10
3.72933	5.10
3.74600	5.10
3.76267	5.10
3.77933	5.10
3.79600	5.10
3.81267	5.10
3.82933	5.10
3.84600	5.10
3.86267	5.10
3.87933	5.10
3.89600	5.10
3.91267	5.10
3.92933	5.10
3.94600	5.10
3.96267	5.10
3.97933	5.10
3.99600	5.10

[Status Trace (Linear Velocity)]
Interval(msec)	1000
# of Points	240
Start Time(min)	0.013
End Time(min)	3.996
Intensity Units	
Intensity Multiplier	1
R.Time (min)	Intensity
0.01267	39.01
0.02933	37.02
0.04600	38.83
0.06267	40.09
0.07933	39.68
0.09600	39.02
0.11267	39.01
0.12933	39.03
0.14600	39.03
0.16267	39.03
0.17933	39.03
0.19600	39.03
0.21267	39.02
0.22933	39.02
0.24600	39.03
0.26267	39.03
0.27933	39.03
0.29600	39.03
0.31267	39.03
0.32933	39.02
0.34600	39.02
0.36267	39.02
0.37933	39.02
0.39600	39.02
0.41267	39.02
0.42933	39.02
0.44600	39.03
0.46267	39.03
0.47933	39.02
0.49600	39.03
0.51267	39.02
0.52933	39.02
0.54600	39.02
0.56267	39.02
0.57933	39.02
0.59600	39.02
0.61267	39.02
0.62933	39.02
0.64600	39.02
0.66267	39.02
0.67933	39.02
0.69600	39.02
0.71267	39.02
0.72933	39.02
0.74600	39.02
0.76267	39.02
0.77933	39.02
0.79600	39.02
0.81267	39.02
0.82933	39.02
0.84600	39.02
0.86267	39.02
0.87933	39.02
0.89600	39.02
0.91267	39.02
0.92933	39.02
0.94600	39.02
0.96267	39.02
0.97933	39.02
0.99600	39.02
1.01267	39.02
1.02933	39.02
1.04600	39.02
1.06267	39.02
1.07933	39.03
1.09600	39.02
1.11267	39.02
1.12933	39.02
1.14600	39.02
1.16267	39.02
1.17933	39.02
1.19600	39.02
1.21267	39.02
1.22933	39.02
1.24600	39.02
1.26267	39.02
1.27933	39.02
1.29600	39.02
1.31267	39.02
1.32933	39.02
1.34600	39.02
1.36267	39.02
1.37933	39.02
1.39600	39.02
1.41267	39.02
1.42933	39.02
1.44600	39.02
1.46267	39.02
1.47933	39.02
1.49600	39.02
1.51267	39.02
1.52933	39.02
1.54600	39.02
1.56267	39.02
1.57933	39.02
1.59600	39.02
1.61267	39.02
1.62933	39.00
1.64600	38.98
1.66267	38.96
1.67933	38.92
1.69600	38.89
1.71267	38.86
1.72933	38.82
1.74600	38.79
1.76267	38.76
1.77933	38.73
1.79600	38.70
1.81267	38.67
1.82933	38.63
1.84600	38.60
1.86267	38.58
1.87933	38.54
1.89600	38.51
1.91267	38.48
1.92933	38.45
1.94600	38.42
1.96267	38.39
1.97933	38.36
1.99600	38.33
2.01267	38.30
2.02933	38.27
2.04600	38.24
2.06267	38.21
2.07933	38.18
2.09600	38.15
2.11267	38.13
2.12933	38.09
2.14600	38.06
2.16267	38.03
2.17933	38.00
2.19600	37.97
2.21267	37.94
2.22933	37.91
2.24600	37.88
2.26267	37.85
2.27933	37.82
2.29600	37.79
2.31267	37.76
2.32933	37.73
2.34600	37.71
2.36267	37.68
2.37933	37.67
2.39600	37.67
2.41267	37.67
2.42933	37.67
2.44600	37.67
2.46267	37.67
2.47933	37.67
2.49600	37.67
2.51267	37.66
2.52933	37.66
2.54600	37.66
2.56267	37.66
2.57933	37.66
2.59600	37.66
2.61267	37.66
2.62933	37.65
2.64600	37.65
2.66267	37.65
2.67933	37.65
2.69600	37.65
2.71267	37.65
2.72933	37.65
2.74600	37.65
2.76267	37.65
2.77933	37.65
2.79600	37.65
2.81267	37.65
2.82933	37.65
2.84600	37.65
2.86267	37.65
2.87933	37.65
2.89600	37.65
2.91267	37.65
2.92933	37.64
2.94600	37.64
2.96267	37.64
2.97933	37.64
2.99600	37.64
3.01267	37.64
3.02933	37.64
3.04600	37.64
3.06267	37.64
3.07933	37.64
3.09600	37.64
3.11267	37.64
3.12933	37.64
3.14600	37.64
3.16267	37.64
3.17933	37.64
3.19600	37.63
3.21267	37.63
3.22933	37.63
3.24600	37.63
3.26267	37.63
3.27933	37.63
3.29600	37.63
3.31267	37.63
3.32933	37.63
3.34600	37.63
3.36267	37.63
3.37933	37.63
3.39600	37.63
3.41267	37.63
3.42933	37.63
3.44600	37.63
3.46267	37.63
3.47933	37.63
3.49600	37.63
3.51267	37.63
3.52933	37.64
3.54600	37.63
3.56267	37.63
3.57933	37.63
3.59600	37.63
3.61267	37.63
3.62933	37.63
3.64600	37.63
3.66267	37.63
3.67933	37.63
3.69600	37.63
3.71267	37.63
3.72933	37.63
3.74600	37.63
3.76267	37.63
3.77933	37.63
3.79600	37.63
3.81267	37.63
3.82933	37.63
3.84600	37.63
3.86267	37.63
3.87933	37.63
3.89600	37.63
3.91267	37.63
3.92933	37.63
3.94600	37.63
3.96267	37.63
3.97933	37.63
3.99600	37.63

