[Header]
Application Name	LabSolutions
Version	5.110
Data File Name	C:\Users\User\Desktop\GC Analyses\Jack\UIC Prairie Sampling\10.19.22\221019_087.gcd
Output Date	1/4/2023
Output Time	2:27:22 PM

[File Information]
Type	Data File
Generated	12/8/2022 12:08:31 PM
Generated by	System Administrator
Modified	12/8/2022 12:13:38 PM
Modified by	System Administrator

[Sample Information]
Operator Name	System Administrator
Acquired	12/8/2022 12:09:36 PM
Sample Type	1:Standard
Level	1
Sample Name	221019_UICPrairie
Sample ID	221019_UICPrairie
ISTD Amount1	1
ISTD Amount2	1
ISTD Amount3	1
ISTD Amount4	1
ISTD Amount5	1
ISTD Amount6	1
ISTD Amount7	1
ISTD Amount8	1
ISTD Amount9	1
ISTD Amount10	1
ISTD Amount11	1
ISTD Amount12	1
ISTD Amount13	1
ISTD Amount14	1
ISTD Amount15	1
ISTD Amount16	1
ISTD Amount17	1
ISTD Amount18	1
ISTD Amount19	1
ISTD Amount20	1
ISTD Amount21	1
ISTD Amount22	1
ISTD Amount23	1
ISTD Amount24	1
ISTD Amount25	1
ISTD Amount26	1
ISTD Amount27	1
ISTD Amount28	1
ISTD Amount29	1
ISTD Amount30	1
ISTD Amount31	1
ISTD Amount32	1
Sample Amount	1
Dilution Factor	1
Vial#	1
Injection Volume	1
Injection Count	1
Bar Code	

[Original Files]
Data File	C:\Users\User\Desktop\GC Analyses\Jack\UIC Prairie Sampling\10.19.22\221019_087.gcd
Method File	C:\LabSolutions\Data\GHG_4min_2022\ghg3_togas_w_acet_4 min_new_int.gcm
Batch File	
Report Format File	c:\LabSolutions\System\DEFAULT.lsr

[File Description]


[Configuration]
Instrument Name	C0B7VH3-Instrument1
Instrument #	1
Line #	1
# of Detectors	3
Detector ID	DET#1	DET#2	DET#3
Detector Name	FID	PTCD	ECD
# of Channels	1	1	1

[Peak Table(Ch1)]
# of Peaks	3
Peak#	R.Time	I.Time	F.Time	Area	Height	A/H	Conc.	Mark	ID#	Name	k'	Plate #	Plate Ht.	Tailing	Resolution	Sep.Factor	Area Ratio	Height Ratio	Conc. %	Norm Conc.
1	1.465	1.428	1.531	2862	844	3.391	100.000	   	1	CO	0.000	4538	33.052	0.000	0.000	0.000	0	0	16.667	16.667
2	1.571	1.531	1.652	22194	10895	2.037	100.000	 V 	2	CH4	0.073	11073	13.546	1.134	1.450	0.000	0	0	16.667	16.667
3	1.996	1.949	2.711	2216384	1012879	2.188	400.000	   	3	CO2	0.363	16651	9.009	1.326	6.996	5.000	0	0	66.667	66.667

[Peak Table(Ch2)]
# of Peaks	0

[Peak Table(Ch3)]
# of Peaks	5
Peak#	R.Time	I.Time	F.Time	Area	Height	A/H	Conc.	Mark	ID#	Name	k'	Plate #	Plate Ht.	Tailing	Resolution	Sep.Factor	Area Ratio	Height Ratio	Conc. %	Norm Conc.
1	2.458	2.370	2.495	1141	385	2.962	0.000	   			0.000	12267	12.228	0.000	0.000	0.000	0	0	0.000	0.000
2	2.510	2.495	2.543	587	250	2.346	0.000	 V 			0.021	4378	34.261	0.000	0.427	0.000	0	0	0.000	0.000
3	2.598	2.543	2.638	1038	293	3.543	0.000	 V 			0.057	8882	16.887	0.000	0.672	2.714	0	0	0.000	0.000
4	2.766	2.649	2.818	3585	512	7.001	0.044	   	1	N2O	0.125	790	189.854	0.000	0.669	2.211	0	0	4.378	4.378
5	2.884	2.818	3.844	78292	17190	4.555	0.956	 V 	1	N2O	0.173	12072	12.426	1.648	0.471	1.381	0	0	95.622	95.622

[Compound Results(Ch1)]
# of IDs	6
ID#	Name	R.Time	Area	Height	Conc.	Curve	3rd	2nd	1st	Constant	Area Ratio	Height Ratio	Conc. %	Norm Conc.
1	CO	1.465	2862	844	100.000	Linear	0.000000e+00	0.000000e+00	2.862414e+001	0.000000e+00	0	0	16.667	16.667
2	CH4	1.571	22194	10895	100.000	Linear	0.000000e+00	0.000000e+00	2.219413e+002	0.000000e+00	0	0	16.667	16.667
3	CO2	1.996	2216384	1012879	400.000	Linear	0.000000e+00	0.000000e+00	5.540961e+003	0.000000e+00	0	0	66.667	66.667
4	Ethylene	0.000	0	0	0.000	Linear	0.000000e+00	0.000000e+00	0.000000e+00	0.000000e+00	0	0	0.000	0.000
5	Acetylene	0.000	0	0	0.000	Linear	0.000000e+00	0.000000e+00	0.000000e+00	0.000000e+00	0	0	0.000	0.000
6	Ethane	0.000	0	0	0.000	Linear	0.000000e+00	0.000000e+00	0.000000e+00	0.000000e+00	0	0	0.000	0.000

[Compound Results(Ch2)]
# of IDs	5
ID#	Name	R.Time	Area	Height	Conc.	Curve	3rd	2nd	1st	Constant	Area Ratio	Height Ratio	Conc. %	Norm Conc.
1	Hydrogen	0.000	0	0	0.000	Linear	0.000000e+00	0.000000e+00	0.000000e+00	0.000000e+00	0	0	0.000	0.000
2	Oxygen	0.000	0	0	0.000	Linear	0.000000e+00	0.000000e+00	0.000000e+00	0.000000e+00	0	0	0.000	0.000
3	Nitrogen	0.000	0	0	0.000	Linear	0.000000e+00	0.000000e+00	0.000000e+00	0.000000e+00	0	0	0.000	0.000
4	Methane	0.000	0	0	0.000	Linear	0.000000e+00	0.000000e+00	0.000000e+00	0.000000e+00	0	0	0.000	0.000
5	Carbon Monoxide	0.000	0	0	0.000	Linear	0.000000e+00	0.000000e+00	0.000000e+00	0.000000e+00	0	0	0.000	0.000

[Compound Results(Ch3)]
# of IDs	2
ID#	Name	R.Time	Area	Height	Conc.	Curve	3rd	2nd	1st	Constant	Area Ratio	Height Ratio	Conc. %	Norm Conc.
1	N2O	2.884	81877	17702	1.000	Linear	0.000000e+00	0.000000e+00	8.187658e+004	0.000000e+00	0	0	100.000	100.000
2	SF6	0.000	0	0	0.000	Linear	0.000000e+00	0.000000e+00	0.000000e+00	0.000000e+00	0	0	0.000	0.000

[Group Results(Ch1)]
# of Groups	0

[Group Results(Ch2)]
# of Groups	0

[Group Results(Ch3)]
# of Groups	0

[Chromatogram (Ch1)]
Interval(msec)	220
# of Points	1091
Start Time(min)	0.002
End Time(min)	3.998
R.Time (min)	Intensity
0.00167	5
0.00533	-1
0.00900	-7
0.01267	-11
0.01633	-10
0.02000	-7
0.02367	-2
0.02733	2
0.03100	6
0.03467	7
0.03833	3
0.04200	1
0.04567	1
0.04933	2
0.05300	2
0.05667	1
0.06033	1
0.06400	4
0.06767	7
0.07133	12
0.07500	16
0.07867	21
0.08233	23
0.08600	23
0.08967	22
0.09333	21
0.09700	18
0.10067	12
0.10433	6
0.10800	0
0.11167	-3
0.11533	-8
0.11900	-13
0.12267	-15
0.12633	-12
0.13000	-11
0.13367	-15
0.13733	-16
0.14100	-15
0.14467	-13
0.14833	-8
0.15200	-5
0.15567	-7
0.15933	-8
0.16300	-8
0.16667	-5
0.17033	-2
0.17400	-3
0.17767	-6
0.18133	-9
0.18500	-9
0.18867	-8
0.19233	-6
0.19600	-4
0.19967	-1
0.20333	2
0.20700	2
0.21067	-1
0.21433	-5
0.21800	-9
0.22167	-8
0.22533	-8
0.22900	-5
0.23267	-0
0.23633	5
0.24000	10
0.24367	13
0.24733	12
0.25100	9
0.25467	9
0.25833	12
0.26200	16
0.26567	19
0.26933	19
0.27300	14
0.27667	6
0.28033	-3
0.28400	-10
0.28767	-13
0.29133	-15
0.29500	-14
0.29867	-9
0.30233	-1
0.30600	5
0.30967	4
0.31333	-4
0.31700	-12
0.32067	-16
0.32433	-15
0.32800	-15
0.33167	-16
0.33533	-16
0.33900	-12
0.34267	-3
0.34633	9
0.35000	19
0.35367	25
0.35733	25
0.36100	21
0.36467	17
0.36833	14
0.37200	14
0.37567	14
0.37933	10
0.38300	3
0.38667	-5
0.39033	-7
0.39400	-6
0.39767	-4
0.40133	-3
0.40500	-1
0.40867	-1
0.41233	-2
0.41600	-5
0.41967	-10
0.42333	-13
0.42700	-11
0.43067	-11
0.43433	-11
0.43800	-10
0.44167	-7
0.44533	-4
0.44900	-8
0.45267	-13
0.45633	-11
0.46000	-9
0.46367	-6
0.46733	-2
0.47100	-1
0.47467	-1
0.47833	-4
0.48200	-9
0.48567	-10
0.48933	-8
0.49300	-7
0.49667	-7
0.50033	-7
0.50400	-4
0.50767	-3
0.51133	-1
0.51500	2
0.51867	6
0.52233	8
0.52600	7
0.52967	3
0.53333	3
0.53700	6
0.54067	7
0.54433	9
0.54800	8
0.55167	5
0.55533	0
0.55900	-4
0.56267	-6
0.56633	-9
0.57000	-13
0.57367	-19
0.57733	-24
0.58100	-24
0.58467	-20
0.58833	-19
0.59200	-21
0.59567	-24
0.59933	-22
0.60300	-15
0.60667	-7
0.61033	1
0.61400	6
0.61767	8
0.62133	7
0.62500	3
0.62867	-2
0.63233	-4
0.63600	-7
0.63967	-11
0.64333	-15
0.64700	-18
0.65067	-19
0.65433	-19
0.65800	-17
0.66167	-15
0.66533	-15
0.66900	-15
0.67267	-16
0.67633	-15
0.68000	-13
0.68367	-11
0.68733	-11
0.69100	-11
0.69467	-10
0.69833	-8
0.70200	-5
0.70567	-2
0.70933	-2
0.71300	-5
0.71667	-13
0.72033	-23
0.72400	-31
0.72767	-35
0.73133	-29
0.73500	-21
0.73867	-12
0.74233	-5
0.74600	-3
0.74967	-7
0.75333	-10
0.75700	-10
0.76067	-7
0.76433	-2
0.76800	0
0.77167	-0
0.77533	-3
0.77900	-6
0.78267	-7
0.78633	-8
0.79000	-6
0.79367	-4
0.79733	-5
0.80100	-8
0.80467	-12
0.80833	-16
0.81200	-19
0.81567	-16
0.81933	-11
0.82300	-10
0.82667	-9
0.83033	-7
0.83400	-3
0.83767	1
0.84133	4
0.84500	2
0.84867	-5
0.85233	-13
0.85600	-20
0.85967	-25
0.86333	-26
0.86700	-23
0.87067	-20
0.87433	-18
0.87800	-15
0.88167	-13
0.88533	-13
0.88900	-16
0.89267	-19
0.89633	-18
0.90000	-11
0.90367	-2
0.90733	4
0.91100	6
0.91467	6
0.91833	5
0.92200	1
0.92567	-6
0.92933	-12
0.93300	-12
0.93667	-9
0.94033	-5
0.94400	0
0.94767	4
0.95133	3
0.95500	1
0.95867	-0
0.96233	-5
0.96600	-9
0.96967	-13
0.97333	-16
0.97700	-19
0.98067	-20
0.98433	-18
0.98800	-17
0.99167	-15
0.99533	-11
0.99900	-5
1.00267	-2
1.00633	-1
1.01000	1
1.01367	2
1.01733	2
1.02100	2
1.02467	4
1.02833	7
1.03200	5
1.03567	-0
1.03933	-5
1.04300	-7
1.04667	-5
1.05033	-1
1.05400	1
1.05767	0
1.06133	-0
1.06500	-3
1.06867	-8
1.07233	-15
1.07600	-20
1.07967	-22
1.08333	-21
1.08700	-15
1.09067	-5
1.09433	4
1.09800	9
1.10167	11
1.10533	11
1.10900	9
1.11267	4
1.11633	-3
1.12000	-10
1.12367	-14
1.12733	-16
1.13100	-17
1.13467	-15
1.13833	-13
1.14200	-10
1.14567	-8
1.14933	-5
1.15300	-5
1.15667	-6
1.16033	-7
1.16400	-11
1.16767	-17
1.17133	-20
1.17500	-19
1.17867	-16
1.18233	-12
1.18600	-8
1.18967	-6
1.19333	-7
1.19700	-9
1.20067	-8
1.20433	-6
1.20800	-4
1.21167	-1
1.21533	4
1.21900	9
1.22267	11
1.22633	10
1.23000	10
1.23367	8
1.23733	6
1.24100	1
1.24467	-7
1.24833	-14
1.25200	-15
1.25567	-12
1.25933	-13
1.26300	-14
1.26667	-12
1.27033	-9
1.27400	-5
1.27767	-4
1.28133	-7
1.28500	-13
1.28867	-17
1.29233	-18
1.29600	-17
1.29967	-16
1.30333	-16
1.30700	-18
1.31067	-19
1.31433	-18
1.31800	-14
1.32167	-12
1.32533	-10
1.32900	-8
1.33267	-6
1.33633	-7
1.34000	-13
1.34367	-20
1.34733	-24
1.35100	-22
1.35467	-11
1.35833	-0
1.36200	5
1.36567	6
1.36933	3
1.37300	-2
1.37667	-4
1.38033	-10
1.38400	-17
1.38767	-25
1.39133	-31
1.39500	-34
1.39867	-32
1.40233	-26
1.40600	-21
1.40967	-21
1.41333	-22
1.41700	-24
1.42067	-23
1.42433	-21
1.42800	-16
1.43167	-9
1.43533	-2
1.43900	17
1.44267	100
1.44633	287
1.45000	514
1.45367	690
1.45733	792
1.46100	832
1.46467	834
1.46833	819
1.47200	805
1.47567	799
1.47933	797
1.48300	786
1.48667	753
1.49033	695
1.49400	617
1.49767	529
1.50133	444
1.50500	368
1.50867	306
1.51233	257
1.51600	220
1.51967	190
1.52333	160
1.52700	136
1.53067	117
1.53433	114
1.53800	181
1.54167	490
1.54533	1340
1.54900	2896
1.55267	4937
1.55633	7018
1.56000	8792
1.56367	10099
1.56733	10847
1.57100	10902
1.57467	10174
1.57833	8781
1.58200	7040
1.58567	5308
1.58933	3822
1.59300	2666
1.59667	1822
1.60033	1231
1.60400	831
1.60767	566
1.61133	386
1.61500	262
1.61867	177
1.62233	121
1.62600	85
1.62967	62
1.63333	51
1.63700	43
1.64067	35
1.64433	28
1.64800	23
1.65167	19
1.65533	19
1.65900	24
1.66267	30
1.66633	32
1.67000	27
1.67367	19
1.67733	12
1.68100	10
1.68467	10
1.68833	12
1.69200	14
1.69567	15
1.69933	13
1.70300	11
1.70667	7
1.71033	3
1.71400	1
1.71767	2
1.72133	2
1.72500	-1
1.72867	-3
1.73233	1
1.73600	6
1.73967	11
1.74333	16
1.74700	18
1.75067	15
1.75433	8
1.75800	2
1.76167	-1
1.76533	2
1.76900	10
1.77267	18
1.77633	19
1.78000	15
1.78367	10
1.78733	2
1.79100	-8
1.79467	-17
1.79833	-23
1.80200	-23
1.80567	-15
1.80933	-8
1.81300	-6
1.81667	-5
1.82033	-5
1.82400	-2
1.82767	2
1.83133	5
1.83500	9
1.83867	11
1.84233	12
1.84600	10
1.84967	9
1.85333	3
1.85700	-2
1.86067	-4
1.86433	-3
1.86800	-2
1.87167	-2
1.87533	-2
1.87900	-3
1.88267	-4
1.88633	-1
1.89000	5
1.89367	11
1.89733	13
1.90100	8
1.90467	3
1.90833	2
1.91200	3
1.91567	5
1.91933	6
1.92300	6
1.92667	5
1.93033	8
1.93400	16
1.93767	25
1.94133	29
1.94500	26
1.94867	25
1.95233	50
1.95600	245
1.95967	1359
1.96333	6349
1.96700	23373
1.97067	67951
1.97433	158205
1.97800	301275
1.98167	483044
1.98533	673159
1.98900	839668
1.99267	957904
1.99633	1012939
2.00000	999542
2.00367	923189
2.00733	800505
2.01100	655077
2.01467	509941
2.01833	381476
2.02200	277381
2.02567	198305
2.02933	140907
2.03300	100495
2.03667	72568
2.04033	53449
2.04400	40378
2.04767	31389
2.05133	25130
2.05500	20692
2.05867	17476
2.06233	15084
2.06600	13260
2.06967	11837
2.07333	10703
2.07700	9782
2.08067	9016
2.08433	8363
2.08800	7798
2.09167	7303
2.09533	6868
2.09900	6481
2.10267	6138
2.10633	5834
2.11000	5560
2.11367	5309
2.11733	5080
2.12100	4869
2.12467	4673
2.12833	4487
2.13200	4314
2.13567	4152
2.13933	4005
2.14300	3870
2.14667	3748
2.15033	3637
2.15400	3532
2.15767	3429
2.16133	3326
2.16500	3221
2.16867	3119
2.17233	3023
2.17600	2936
2.17967	2857
2.18333	2781
2.18700	2711
2.19067	2650
2.19433	2597
2.19800	2547
2.20167	2496
2.20533	2444
2.20900	2391
2.21267	2338
2.21633	2288
2.22000	2242
2.22367	2192
2.22733	2139
2.23100	2088
2.23467	2043
2.23833	2004
2.24200	1968
2.24567	1932
2.24933	1898
2.25300	1869
2.25667	1842
2.26033	1815
2.26400	1787
2.26767	1758
2.27133	1726
2.27500	1693
2.27867	1662
2.28233	1635
2.28600	1609
2.28967	1579
2.29333	1548
2.29700	1523
2.30067	1502
2.30433	1485
2.30800	1468
2.31167	1450
2.31533	1431
2.31900	1411
2.32267	1388
2.32633	1363
2.33000	1339
2.33367	1316
2.33733	1297
2.34100	1283
2.34467	1274
2.34833	1270
2.35200	1263
2.35567	1254
2.35933	1242
2.36300	1224
2.36667	1204
2.37033	1184
2.37400	1169
2.37767	1159
2.38133	1150
2.38500	1141
2.38867	1128
2.39233	1113
2.39600	1099
2.39967	1087
2.40333	1074
2.40700	1061
2.41067	1051
2.41433	1043
2.41800	1038
2.42167	1032
2.42533	1023
2.42900	1014
2.43267	1005
2.43633	996
2.44000	987
2.44367	982
2.44733	979
2.45100	972
2.45467	961
2.45833	949
2.46200	940
2.46567	933
2.46933	925
2.47300	916
2.47667	904
2.48033	891
2.48400	879
2.48767	868
2.49133	860
2.49500	852
2.49867	848
2.50233	844
2.50600	839
2.50967	833
2.51333	823
2.51700	814
2.52067	810
2.52433	808
2.52800	805
2.53167	800
2.53533	795
2.53900	788
2.54267	781
2.54633	774
2.55000	768
2.55367	763
2.55733	758
2.56100	753
2.56467	745
2.56833	738
2.57200	733
2.57567	728
2.57933	722
2.58300	714
2.58667	709
2.59033	706
2.59400	703
2.59767	701
2.60133	701
2.60500	700
2.60867	696
2.61233	691
2.61600	688
2.61967	683
2.62333	678
2.62700	674
2.63067	668
2.63433	659
2.63800	652
2.64167	647
2.64533	641
2.64900	634
2.65267	628
2.65633	629
2.66000	633
2.66367	637
2.66733	634
2.67100	624
2.67467	614
2.67833	608
2.68200	603
2.68567	597
2.68933	593
2.69300	591
2.69667	591
2.70033	593
2.70400	594
2.70767	595
2.71133	593
2.71500	590
2.71867	588
2.72233	588
2.72600	591
2.72967	593
2.73333	592
2.73700	587
2.74067	579
2.74433	569
2.74800	558
2.75167	549
2.75533	541
2.75900	531
2.76267	521
2.76633	517
2.77000	518
2.77367	520
2.77733	522
2.78100	526
2.78467	528
2.78833	529
2.79200	530
2.79567	532
2.79933	529
2.80300	522
2.80667	512
2.81033	506
2.81400	503
2.81767	502
2.82133	501
2.82500	502
2.82867	505
2.83233	509
2.83600	510
2.83967	508
2.84333	502
2.84700	497
2.85067	493
2.85433	489
2.85800	488
2.86167	491
2.86533	493
2.86900	489
2.87267	483
2.87633	478
2.88000	476
2.88367	474
2.88733	475
2.89100	481
2.89467	486
2.89833	487
2.90200	485
2.90567	481
2.90933	474
2.91300	471
2.91667	470
2.92033	471
2.92400	469
2.92767	462
2.93133	455
2.93500	451
2.93867	450
2.94233	448
2.94600	443
2.94967	435
2.95333	428
2.95700	427
2.96067	426
2.96433	428
2.96800	430
2.97167	435
2.97533	440
2.97900	442
2.98267	442
2.98633	442
2.99000	441
2.99367	441
2.99733	441
3.00100	441
3.00467	438
3.00833	430
3.01200	423
3.01567	420
3.01933	424
3.02300	430
3.02667	437
3.03033	438
3.03400	437
3.03767	433
3.04133	431
3.04500	430
3.04867	426
3.05233	422
3.05600	418
3.05967	413
3.06333	411
3.06700	412
3.07067	412
3.07433	410
3.07800	407
3.08167	404
3.08533	406
3.08900	409
3.09267	413
3.09633	417
3.10000	419
3.10367	419
3.10733	414
3.11100	407
3.11467	403
3.11833	401
3.12200	401
3.12567	405
3.12933	411
3.13300	414
3.13667	410
3.14033	399
3.14400	388
3.14767	382
3.15133	381
3.15500	385
3.15867	390
3.16233	394
3.16600	397
3.16967	397
3.17333	394
3.17700	391
3.18067	386
3.18433	381
3.18800	378
3.19167	375
3.19533	372
3.19900	372
3.20267	375
3.20633	378
3.21000	382
3.21367	383
3.21733	380
3.22100	373
3.22467	365
3.22833	360
3.23200	359
3.23567	358
3.23933	359
3.24300	360
3.24667	364
3.25033	368
3.25400	372
3.25767	374
3.26133	374
3.26500	371
3.26867	367
3.27233	365
3.27600	363
3.27967	362
3.28333	363
3.28700	366
3.29067	367
3.29433	366
3.29800	362
3.30167	359
3.30533	359
3.30900	360
3.31267	360
3.31633	359
3.32000	357
3.32367	354
3.32733	354
3.33100	357
3.33467	360
3.33833	364
3.34200	368
3.34567	370
3.34933	370
3.35300	365
3.35667	359
3.36033	353
3.36400	349
3.36767	346
3.37133	345
3.37500	347
3.37867	345
3.38233	341
3.38600	336
3.38967	333
3.39333	333
3.39700	336
3.40067	337
3.40433	339
3.40800	341
3.41167	342
3.41533	339
3.41900	334
3.42267	332
3.42633	332
3.43000	332
3.43367	334
3.43733	340
3.44100	349
3.44467	354
3.44833	357
3.45200	358
3.45567	355
3.45933	349
3.46300	343
3.46667	339
3.47033	337
3.47400	333
3.47767	327
3.48133	323
3.48500	326
3.48867	329
3.49233	329
3.49600	327
3.49967	326
3.50333	329
3.50700	333
3.51067	335
3.51433	337
3.51800	335
3.52167	330
3.52533	325
3.52900	325
3.53267	330
3.53633	335
3.54000	336
3.54367	330
3.54733	325
3.55100	322
3.55467	321
3.55833	323
3.56200	325
3.56567	325
3.56933	320
3.57300	316
3.57667	314
3.58033	312
3.58400	312
3.58767	315
3.59133	321
3.59500	327
3.59867	332
3.60233	333
3.60600	328
3.60967	322
3.61333	318
3.61700	318
3.62067	321
3.62433	326
3.62800	330
3.63167	329
3.63533	323
3.63900	317
3.64267	316
3.64633	317
3.65000	317
3.65367	314
3.65733	310
3.66100	310
3.66467	312
3.66833	315
3.67200	319
3.67567	318
3.67933	309
3.68300	300
3.68667	295
3.69033	295
3.69400	297
3.69767	300
3.70133	300
3.70500	296
3.70867	293
3.71233	294
3.71600	298
3.71967	299
3.72333	301
3.72700	305
3.73067	307
3.73433	305
3.73800	304
3.74167	305
3.74533	305
3.74900	304
3.75267	302
3.75633	301
3.76000	302
3.76367	305
3.76733	308
3.77100	311
3.77467	314
3.77833	313
3.78200	310
3.78567	306
3.78933	299
3.79300	293
3.79667	293
3.80033	297
3.80400	302
3.80767	308
3.81133	313
3.81500	318
3.81867	321
3.82233	323
3.82600	321
3.82967	317
3.83333	314
3.83700	312
3.84067	311
3.84433	310
3.84800	304
3.85167	297
3.85533	291
3.85900	288
3.86267	287
3.86633	291
3.87000	294
3.87367	294
3.87733	292
3.88100	290
3.88467	285
3.88833	278
3.89200	274
3.89567	271
3.89933	269
3.90300	271
3.90667	275
3.91033	280
3.91400	284
3.91767	287
3.92133	292
3.92500	297
3.92867	299
3.93233	296
3.93600	292
3.93967	289
3.94333	284
3.94700	278
3.95067	275
3.95433	280
3.95800	287
3.96167	294
3.96533	297
3.96900	295
3.97267	289
3.97633	284
3.98000	282
3.98367	281
3.98733	278
3.99100	274
3.99467	271
3.99833	271

[Chromatogram (Ch2)]
Interval(msec)	220
# of Points	1091
Start Time(min)	0.002
End Time(min)	3.998
R.Time (min)	Intensity
0.00167	-1
0.00533	-1
0.00900	-1
0.01267	-1
0.01633	-1
0.02000	-1
0.02367	-1
0.02733	-2
0.03100	-2
0.03467	-2
0.03833	-2
0.04200	-2
0.04567	-3
0.04933	-3
0.05300	-4
0.05667	-4
0.06033	-5
0.06400	-5
0.06767	-6
0.07133	-6
0.07500	-6
0.07867	-6
0.08233	-6
0.08600	-6
0.08967	-6
0.09333	-6
0.09700	-6
0.10067	-6
0.10433	-6
0.10800	-6
0.11167	-6
0.11533	-5
0.11900	-5
0.12267	-5
0.12633	-5
0.13000	-6
0.13367	-6
0.13733	-6
0.14100	-6
0.14467	-7
0.14833	-7
0.15200	-7
0.15567	-7
0.15933	-8
0.16300	-8
0.16667	-8
0.17033	-9
0.17400	-9
0.17767	-9
0.18133	-10
0.18500	-10
0.18867	-10
0.19233	-10
0.19600	-10
0.19967	-10
0.20333	-11
0.20700	-11
0.21067	-12
0.21433	-12
0.21800	-13
0.22167	-13
0.22533	-13
0.22900	-14
0.23267	-14
0.23633	-14
0.24000	-15
0.24367	-15
0.24733	-15
0.25100	-15
0.25467	-15
0.25833	-15
0.26200	-15
0.26567	-16
0.26933	-16
0.27300	-16
0.27667	-16
0.28033	-16
0.28400	-16
0.28767	-17
0.29133	-17
0.29500	-17
0.29867	-17
0.30233	-17
0.30600	-17
0.30967	-17
0.31333	-17
0.31700	-18
0.32067	-18
0.32433	-18
0.32800	-18
0.33167	-18
0.33533	-18
0.33900	-18
0.34267	-18
0.34633	-18
0.35000	-19
0.35367	-19
0.35733	-19
0.36100	-19
0.36467	-20
0.36833	-20
0.37200	-20
0.37567	-20
0.37933	-21
0.38300	-21
0.38667	-21
0.39033	-21
0.39400	-21
0.39767	-21
0.40133	-22
0.40500	-22
0.40867	-22
0.41233	-22
0.41600	-22
0.41967	-22
0.42333	-23
0.42700	-23
0.43067	-23
0.43433	-23
0.43800	-23
0.44167	-23
0.44533	-24
0.44900	-24
0.45267	-24
0.45633	-24
0.46000	-25
0.46367	-25
0.46733	-25
0.47100	-26
0.47467	-26
0.47833	-26
0.48200	-26
0.48567	-26
0.48933	-26
0.49300	-26
0.49667	-26
0.50033	-27
0.50400	-27
0.50767	-28
0.51133	-28
0.51500	-28
0.51867	-28
0.52233	-28
0.52600	-28
0.52967	-28
0.53333	-28
0.53700	-29
0.54067	-29
0.54433	-29
0.54800	-29
0.55167	-29
0.55533	-29
0.55900	-29
0.56267	-29
0.56633	-30
0.57000	-30
0.57367	-30
0.57733	-30
0.58100	-30
0.58467	-30
0.58833	-31
0.59200	-31
0.59567	-31
0.59933	-31
0.60300	-32
0.60667	-32
0.61033	-33
0.61400	-33
0.61767	-33
0.62133	-33
0.62500	-33
0.62867	-33
0.63233	-33
0.63600	-34
0.63967	-34
0.64333	-34
0.64700	-34
0.65067	-34
0.65433	-34
0.65800	-34
0.66167	-35
0.66533	-35
0.66900	-35
0.67267	-35
0.67633	-35
0.68000	-36
0.68367	-36
0.68733	-36
0.69100	-36
0.69467	-37
0.69833	-37
0.70200	-37
0.70567	-37
0.70933	-37
0.71300	-37
0.71667	-37
0.72033	-38
0.72400	-38
0.72767	-38
0.73133	-38
0.73500	-38
0.73867	-38
0.74233	-38
0.74600	-38
0.74967	-38
0.75333	-39
0.75700	-39
0.76067	-39
0.76433	-40
0.76800	-40
0.77167	-40
0.77533	-40
0.77900	-40
0.78267	-41
0.78633	-41
0.79000	-41
0.79367	-41
0.79733	-42
0.80100	-42
0.80467	-42
0.80833	-42
0.81200	-42
0.81567	-42
0.81933	-42
0.82300	-42
0.82667	-42
0.83033	-42
0.83400	-42
0.83767	-42
0.84133	-42
0.84500	-42
0.84867	-42
0.85233	-43
0.85600	-43
0.85967	-43
0.86333	-43
0.86700	-44
0.87067	-44
0.87433	-44
0.87800	-44
0.88167	-45
0.88533	-45
0.88900	-45
0.89267	-45
0.89633	-45
0.90000	-45
0.90367	-45
0.90733	-45
0.91100	-45
0.91467	-46
0.91833	-46
0.92200	-46
0.92567	-47
0.92933	-47
0.93300	-47
0.93667	-47
0.94033	-47
0.94400	-48
0.94767	-48
0.95133	-48
0.95500	-48
0.95867	-49
0.96233	-49
0.96600	-49
0.96967	-50
0.97333	-50
0.97700	-50
0.98067	-50
0.98433	-50
0.98800	-50
0.99167	-50
0.99533	-50
0.99900	-50
1.00267	-50
1.00633	-50
1.01000	-50
1.01367	-50
1.01733	-50
1.02100	-50
1.02467	-50
1.02833	-50
1.03200	-50
1.03567	-50
1.03933	-50
1.04300	-51
1.04667	-51
1.05033	-51
1.05400	-51
1.05767	-51
1.06133	-51
1.06500	-52
1.06867	-52
1.07233	-52
1.07600	-52
1.07967	-53
1.08333	-53
1.08700	-53
1.09067	-53
1.09433	-54
1.09800	-54
1.10167	-54
1.10533	-54
1.10900	-54
1.11267	-54
1.11633	-54
1.12000	-54
1.12367	-55
1.12733	-55
1.13100	-55
1.13467	-55
1.13833	-55
1.14200	-56
1.14567	-56
1.14933	-56
1.15300	-56
1.15667	-56
1.16033	-56
1.16400	-56
1.16767	-56
1.17133	-57
1.17500	-57
1.17867	-57
1.18233	-57
1.18600	-57
1.18967	-57
1.19333	-57
1.19700	-57
1.20067	-57
1.20433	-58
1.20800	-58
1.21167	-58
1.21533	-58
1.21900	-58
1.22267	-59
1.22633	-59
1.23000	-59
1.23367	-59
1.23733	-59
1.24100	-59
1.24467	-59
1.24833	-59
1.25200	-59
1.25567	-59
1.25933	-59
1.26300	-59
1.26667	-59
1.27033	-60
1.27400	-60
1.27767	-60
1.28133	-60
1.28500	-60
1.28867	-60
1.29233	-60
1.29600	-61
1.29967	-61
1.30333	-61
1.30700	-61
1.31067	-62
1.31433	-62
1.31800	-62
1.32167	-62
1.32533	-63
1.32900	-63
1.33267	-63
1.33633	-63
1.34000	-63
1.34367	-63
1.34733	-63
1.35100	-63
1.35467	-63
1.35833	-64
1.36200	-64
1.36567	-64
1.36933	-64
1.37300	-65
1.37667	-65
1.38033	-65
1.38400	-66
1.38767	-66
1.39133	-66
1.39500	-66
1.39867	-66
1.40233	-67
1.40600	-67
1.40967	-67
1.41333	-67
1.41700	-67
1.42067	-67
1.42433	-67
1.42800	-67
1.43167	-67
1.43533	-67
1.43900	-67
1.44267	-67
1.44633	-67
1.45000	-67
1.45367	-67
1.45733	-67
1.46100	-68
1.46467	-68
1.46833	-68
1.47200	-69
1.47567	-69
1.47933	-69
1.48300	-69
1.48667	-69
1.49033	-70
1.49400	-70
1.49767	-70
1.50133	-71
1.50500	-71
1.50867	-71
1.51233	-71
1.51600	-71
1.51967	-71
1.52333	-71
1.52700	-71
1.53067	-71
1.53433	-71
1.53800	-71
1.54167	-71
1.54533	-72
1.54900	-72
1.55267	-72
1.55633	-72
1.56000	-72
1.56367	-72
1.56733	-72
1.57100	-72
1.57467	-72
1.57833	-72
1.58200	-73
1.58567	-73
1.58933	-73
1.59300	-74
1.59667	-74
1.60033	-75
1.60400	-76
1.60767	-77
1.61133	-78
1.61500	-80
1.61867	-83
1.62233	-86
1.62600	-89
1.62967	-92
1.63333	-96
1.63700	-99
1.64067	-103
1.64433	-107
1.64800	-111
1.65167	-115
1.65533	-119
1.65900	-122
1.66267	-127
1.66633	-131
1.67000	-136
1.67367	-141
1.67733	-146
1.68100	-151
1.68467	-156
1.68833	-161
1.69200	-165
1.69567	-169
1.69933	-172
1.70300	-175
1.70667	-177
1.71033	-179
1.71400	-181
1.71767	-183
1.72133	-184
1.72500	-184
1.72867	-185
1.73233	-186
1.73600	-186
1.73967	-186
1.74333	-186
1.74700	-186
1.75067	-186
1.75433	-187
1.75800	-188
1.76167	-189
1.76533	-190
1.76900	-191
1.77267	-191
1.77633	-192
1.78000	-193
1.78367	-194
1.78733	-194
1.79100	-195
1.79467	-196
1.79833	-196
1.80200	-197
1.80567	-198
1.80933	-199
1.81300	-200
1.81667	-200
1.82033	-199
1.82400	-199
1.82767	-198
1.83133	-198
1.83500	-197
1.83867	-197
1.84233	-197
1.84600	-198
1.84967	-198
1.85333	-199
1.85700	-199
1.86067	-199
1.86433	-199
1.86800	-199
1.87167	-199
1.87533	-200
1.87900	-200
1.88267	-200
1.88633	-201
1.89000	-201
1.89367	-201
1.89733	-201
1.90100	-201
1.90467	-201
1.90833	-200
1.91200	-200
1.91567	-200
1.91933	-200
1.92300	-200
1.92667	-200
1.93033	-200
1.93400	-200
1.93767	-200
1.94133	-200
1.94500	-200
1.94867	-200
1.95233	-200
1.95600	-199
1.95967	-199
1.96333	-199
1.96700	-199
1.97067	-199
1.97433	-199
1.97800	-199
1.98167	-199
1.98533	-198
1.98900	-198
1.99267	-197
1.99633	-197
2.00000	-196
2.00367	-195
2.00733	-195
2.01100	-195
2.01467	-195
2.01833	-195
2.02200	-195
2.02567	-195
2.02933	-194
2.03300	-194
2.03667	-194
2.04033	-193
2.04400	-193
2.04767	-193
2.05133	-194
2.05500	-194
2.05867	-194
2.06233	-195
2.06600	-194
2.06967	-194
2.07333	-195
2.07700	-195
2.08067	-195
2.08433	-195
2.08800	-194
2.09167	-194
2.09533	-193
2.09900	-193
2.10267	-192
2.10633	-192
2.11000	-192
2.11367	-192
2.11733	-192
2.12100	-192
2.12467	-191
2.12833	-190
2.13200	-190
2.13567	-189
2.13933	-189
2.14300	-189
2.14667	-190
2.15033	-190
2.15400	-190
2.15767	-190
2.16133	-190
2.16500	-190
2.16867	-189
2.17233	-189
2.17600	-188
2.17967	-188
2.18333	-188
2.18700	-188
2.19067	-187
2.19433	-187
2.19800	-187
2.20167	-187
2.20533	-187
2.20900	-187
2.21267	-187
2.21633	-186
2.22000	-186
2.22367	-185
2.22733	-184
2.23100	-184
2.23467	-183
2.23833	-183
2.24200	-183
2.24567	-183
2.24933	-183
2.25300	-183
2.25667	-184
2.26033	-184
2.26400	-183
2.26767	-183
2.27133	-183
2.27500	-182
2.27867	-181
2.28233	-180
2.28600	-180
2.28967	-179
2.29333	-179
2.29700	-180
2.30067	-181
2.30433	-182
2.30800	-183
2.31167	-183
2.31533	-184
2.31900	-183
2.32267	-183
2.32633	-182
2.33000	-181
2.33367	-180
2.33733	-179
2.34100	-179
2.34467	-178
2.34833	-178
2.35200	-177
2.35567	-176
2.35933	-174
2.36300	-173
2.36667	-172
2.37033	-170
2.37400	-168
2.37767	-166
2.38133	-163
2.38500	-160
2.38867	-157
2.39233	-154
2.39600	-150
2.39967	-146
2.40333	-143
2.40700	-139
2.41067	-135
2.41433	-132
2.41800	-128
2.42167	-125
2.42533	-123
2.42900	-120
2.43267	-117
2.43633	-115
2.44000	-113
2.44367	-111
2.44733	-109
2.45100	-107
2.45467	-105
2.45833	-103
2.46200	-101
2.46567	-100
2.46933	-98
2.47300	-97
2.47667	-95
2.48033	-94
2.48400	-93
2.48767	-92
2.49133	-92
2.49500	-91
2.49867	-90
2.50233	-90
2.50600	-89
2.50967	-89
2.51333	-88
2.51700	-87
2.52067	-87
2.52433	-86
2.52800	-85
2.53167	-84
2.53533	-83
2.53900	-83
2.54267	-84
2.54633	-84
2.55000	-85
2.55367	-85
2.55733	-86
2.56100	-86
2.56467	-86
2.56833	-86
2.57200	-86
2.57567	-86
2.57933	-86
2.58300	-85
2.58667	-85
2.59033	-85
2.59400	-84
2.59767	-84
2.60133	-83
2.60500	-82
2.60867	-82
2.61233	-81
2.61600	-81
2.61967	-81
2.62333	-82
2.62700	-82
2.63067	-81
2.63433	-81
2.63800	-81
2.64167	-81
2.64533	-81
2.64900	-81
2.65267	-81
2.65633	-81
2.66000	-81
2.66367	-81
2.66733	-81
2.67100	-81
2.67467	-81
2.67833	-81
2.68200	-82
2.68567	-82
2.68933	-82
2.69300	-82
2.69667	-82
2.70033	-82
2.70400	-81
2.70767	-81
2.71133	-80
2.71500	-80
2.71867	-79
2.72233	-79
2.72600	-79
2.72967	-79
2.73333	-79
2.73700	-80
2.74067	-80
2.74433	-81
2.74800	-81
2.75167	-81
2.75533	-82
2.75900	-82
2.76267	-82
2.76633	-82
2.77000	-82
2.77367	-82
2.77733	-81
2.78100	-81
2.78467	-81
2.78833	-80
2.79200	-80
2.79567	-80
2.79933	-80
2.80300	-80
2.80667	-80
2.81033	-80
2.81400	-80
2.81767	-80
2.82133	-80
2.82500	-80
2.82867	-80
2.83233	-80
2.83600	-80
2.83967	-80
2.84333	-80
2.84700	-81
2.85067	-82
2.85433	-84
2.85800	-88
2.86167	-94
2.86533	-102
2.86900	-114
2.87267	-131
2.87633	-152
2.88000	-178
2.88367	-209
2.88733	-245
2.89100	-287
2.89467	-333
2.89833	-385
2.90200	-440
2.90567	-501
2.90933	-565
2.91300	-633
2.91667	-704
2.92033	-778
2.92400	-855
2.92767	-934
2.93133	-1016
2.93500	-1100
2.93867	-1185
2.94233	-1273
2.94600	-1361
2.94967	-1452
2.95333	-1541
2.95700	-1621
2.96067	-1677
2.96433	-1701
2.96800	-1689
2.97167	-1642
2.97533	-1567
2.97900	-1472
2.98267	-1364
2.98633	-1251
2.99000	-1137
2.99367	-1026
2.99733	-920
3.00100	-823
3.00467	-733
3.00833	-653
3.01200	-581
3.01567	-517
3.01933	-461
3.02300	-411
3.02667	-368
3.03033	-331
3.03400	-299
3.03767	-271
3.04133	-247
3.04500	-227
3.04867	-209
3.05233	-194
3.05600	-181
3.05967	-170
3.06333	-161
3.06700	-153
3.07067	-146
3.07433	-140
3.07800	-134
3.08167	-130
3.08533	-126
3.08900	-123
3.09267	-120
3.09633	-117
3.10000	-115
3.10367	-114
3.10733	-112
3.11100	-111
3.11467	-109
3.11833	-108
3.12200	-107
3.12567	-106
3.12933	-106
3.13300	-105
3.13667	-105
3.14033	-104
3.14400	-104
3.14767	-104
3.15133	-103
3.15500	-103
3.15867	-102
3.16233	-102
3.16600	-102
3.16967	-102
3.17333	-102
3.17700	-101
3.18067	-101
3.18433	-101
3.18800	-101
3.19167	-101
3.19533	-100
3.19900	-100
3.20267	-99
3.20633	-99
3.21000	-99
3.21367	-98
3.21733	-98
3.22100	-98
3.22467	-98
3.22833	-98
3.23200	-97
3.23567	-97
3.23933	-97
3.24300	-97
3.24667	-96
3.25033	-96
3.25400	-96
3.25767	-96
3.26133	-96
3.26500	-96
3.26867	-96
3.27233	-96
3.27600	-96
3.27967	-96
3.28333	-96
3.28700	-96
3.29067	-96
3.29433	-96
3.29800	-96
3.30167	-96
3.30533	-96
3.30900	-96
3.31267	-96
3.31633	-96
3.32000	-96
3.32367	-96
3.32733	-95
3.33100	-95
3.33467	-94
3.33833	-94
3.34200	-94
3.34567	-93
3.34933	-93
3.35300	-93
3.35667	-93
3.36033	-93
3.36400	-93
3.36767	-93
3.37133	-93
3.37500	-93
3.37867	-93
3.38233	-93
3.38600	-93
3.38967	-93
3.39333	-92
3.39700	-92
3.40067	-92
3.40433	-92
3.40800	-92
3.41167	-92
3.41533	-92
3.41900	-93
3.42267	-93
3.42633	-93
3.43000	-93
3.43367	-93
3.43733	-93
3.44100	-93
3.44467	-93
3.44833	-93
3.45200	-93
3.45567	-93
3.45933	-94
3.46300	-94
3.46667	-94
3.47033	-94
3.47400	-94
3.47767	-94
3.48133	-94
3.48500	-94
3.48867	-94
3.49233	-94
3.49600	-94
3.49967	-95
3.50333	-95
3.50700	-95
3.51067	-95
3.51433	-95
3.51800	-95
3.52167	-95
3.52533	-95
3.52900	-95
3.53267	-95
3.53633	-95
3.54000	-96
3.54367	-96
3.54733	-96
3.55100	-96
3.55467	-96
3.55833	-96
3.56200	-96
3.56567	-97
3.56933	-97
3.57300	-97
3.57667	-98
3.58033	-98
3.58400	-98
3.58767	-98
3.59133	-98
3.59500	-98
3.59867	-98
3.60233	-98
3.60600	-98
3.60967	-99
3.61333	-99
3.61700	-99
3.62067	-99
3.62433	-99
3.62800	-99
3.63167	-99
3.63533	-99
3.63900	-99
3.64267	-99
3.64633	-99
3.65000	-99
3.65367	-99
3.65733	-99
3.66100	-99
3.66467	-99
3.66833	-100
3.67200	-100
3.67567	-100
3.67933	-100
3.68300	-100
3.68667	-100
3.69033	-100
3.69400	-100
3.69767	-100
3.70133	-100
3.70500	-100
3.70867	-100
3.71233	-100
3.71600	-100
3.71967	-100
3.72333	-100
3.72700	-101
3.73067	-101
3.73433	-101
3.73800	-101
3.74167	-101
3.74533	-101
3.74900	-101
3.75267	-102
3.75633	-102
3.76000	-102
3.76367	-103
3.76733	-103
3.77100	-103
3.77467	-103
3.77833	-103
3.78200	-103
3.78567	-103
3.78933	-103
3.79300	-102
3.79667	-102
3.80033	-102
3.80400	-102
3.80767	-102
3.81133	-102
3.81500	-102
3.81867	-102
3.82233	-102
3.82600	-102
3.82967	-102
3.83333	-102
3.83700	-102
3.84067	-102
3.84433	-102
3.84800	-102
3.85167	-103
3.85533	-103
3.85900	-103
3.86267	-103
3.86633	-103
3.87000	-103
3.87367	-103
3.87733	-103
3.88100	-103
3.88467	-103
3.88833	-103
3.89200	-104
3.89567	-104
3.89933	-104
3.90300	-104
3.90667	-104
3.91033	-104
3.91400	-104
3.91767	-104
3.92133	-104
3.92500	-104
3.92867	-104
3.93233	-104
3.93600	-104
3.93967	-104
3.94333	-104
3.94700	-104
3.95067	-104
3.95433	-104
3.95800	-104
3.96167	-104
3.96533	-104
3.96900	-104
3.97267	-104
3.97633	-104
3.98000	-104
3.98367	-104
3.98733	-104
3.99100	-104
3.99467	-104
3.99833	-104

[Chromatogram (Ch3)]
Interval(msec)	220
# of Points	1091
Start Time(min)	0.002
End Time(min)	3.998
R.Time (min)	Intensity
0.00167	0
0.00533	2
0.00900	4
0.01267	7
0.01633	9
0.02000	9
0.02367	7
0.02733	7
0.03100	7
0.03467	5
0.03833	4
0.04200	4
0.04567	5
0.04933	6
0.05300	6
0.05667	7
0.06033	5
0.06400	5
0.06767	5
0.07133	6
0.07500	7
0.07867	8
0.08233	10
0.08600	10
0.08967	10
0.09333	10
0.09700	9
0.10067	8
0.10433	8
0.10800	8
0.11167	8
0.11533	8
0.11900	8
0.12267	8
0.12633	9
0.13000	11
0.13367	13
0.13733	13
0.14100	13
0.14467	12
0.14833	13
0.15200	14
0.15567	13
0.15933	8
0.16300	8
0.16667	8
0.17033	8
0.17400	8
0.17767	8
0.18133	9
0.18500	10
0.18867	9
0.19233	9
0.19600	10
0.19967	8
0.20333	6
0.20700	8
0.21067	10
0.21433	9
0.21800	8
0.22167	8
0.22533	9
0.22900	9
0.23267	10
0.23633	10
0.24000	9
0.24367	9
0.24733	13
0.25100	13
0.25467	10
0.25833	7
0.26200	6
0.26567	3
0.26933	2
0.27300	3
0.27667	3
0.28033	4
0.28400	4
0.28767	3
0.29133	3
0.29500	2
0.29867	1
0.30233	-1
0.30600	-1
0.30967	-2
0.31333	-0
0.31700	4
0.32067	8
0.32433	8
0.32800	9
0.33167	10
0.33533	10
0.33900	8
0.34267	7
0.34633	5
0.35000	4
0.35367	4
0.35733	6
0.36100	6
0.36467	5
0.36833	4
0.37200	1
0.37567	-1
0.37933	-0
0.38300	-1
0.38667	0
0.39033	1
0.39400	2
0.39767	3
0.40133	3
0.40500	2
0.40867	-1
0.41233	-3
0.41600	-6
0.41967	-3
0.42333	-1
0.42700	0
0.43067	-0
0.43433	3
0.43800	5
0.44167	3
0.44533	2
0.44900	1
0.45267	1
0.45633	0
0.46000	1
0.46367	3
0.46733	4
0.47100	4
0.47467	3
0.47833	3
0.48200	2
0.48567	-1
0.48933	-2
0.49300	-2
0.49667	-1
0.50033	1
0.50400	2
0.50767	2
0.51133	1
0.51500	0
0.51867	2
0.52233	1
0.52600	0
0.52967	-0
0.53333	-0
0.53700	-0
0.54067	-1
0.54433	-1
0.54800	-1
0.55167	-0
0.55533	1
0.55900	-1
0.56267	-4
0.56633	-7
0.57000	-8
0.57367	-7
0.57733	-6
0.58100	-5
0.58467	-1
0.58833	3
0.59200	2
0.59567	-1
0.59933	-1
0.60300	0
0.60667	1
0.61033	-0
0.61400	-1
0.61767	-0
0.62133	1
0.62500	1
0.62867	-0
0.63233	-2
0.63600	-2
0.63967	1
0.64333	1
0.64700	0
0.65067	-1
0.65433	-2
0.65800	-1
0.66167	-1
0.66533	1
0.66900	4
0.67267	3
0.67633	0
0.68000	-2
0.68367	-3
0.68733	-2
0.69100	-0
0.69467	1
0.69833	-0
0.70200	-2
0.70567	-5
0.70933	-6
0.71300	-2
0.71667	2
0.72033	5
0.72400	6
0.72767	4
0.73133	4
0.73500	4
0.73867	2
0.74233	0
0.74600	-2
0.74967	-5
0.75333	-7
0.75700	-10
0.76067	-11
0.76433	-8
0.76800	-7
0.77167	-6
0.77533	-4
0.77900	-2
0.78267	-3
0.78633	-2
0.79000	-3
0.79367	-1
0.79733	2
0.80100	0
0.80467	-2
0.80833	-4
0.81200	-6
0.81567	-8
0.81933	-9
0.82300	-10
0.82667	-11
0.83033	-12
0.83400	-13
0.83767	-14
0.84133	-16
0.84500	-14
0.84867	-10
0.85233	-7
0.85600	-5
0.85967	-5
0.86333	-6
0.86700	-6
0.87067	-5
0.87433	-6
0.87800	-7
0.88167	-5
0.88533	-4
0.88900	-4
0.89267	-5
0.89633	-3
0.90000	-2
0.90367	-0
0.90733	-0
0.91100	-2
0.91467	-4
0.91833	-7
0.92200	-10
0.92567	-12
0.92933	-11
0.93300	-8
0.93667	-5
0.94033	-5
0.94400	-6
0.94767	-5
0.95133	-5
0.95500	-6
0.95867	-6
0.96233	-6
0.96600	-5
0.96967	-6
0.97333	-8
0.97700	-6
0.98067	-4
0.98433	-4
0.98800	-5
0.99167	-6
0.99533	-8
0.99900	-11
1.00267	-11
1.00633	-11
1.01000	-9
1.01367	-7
1.01733	-6
1.02100	-5
1.02467	-3
1.02833	-6
1.03200	-8
1.03567	-11
1.03933	-12
1.04300	-13
1.04667	-12
1.05033	-12
1.05400	-11
1.05767	-13
1.06133	-14
1.06500	-16
1.06867	-16
1.07233	-14
1.07600	-11
1.07967	-9
1.08333	-9
1.08700	-9
1.09067	-9
1.09433	-9
1.09800	-10
1.10167	-11
1.10533	-12
1.10900	-13
1.11267	-13
1.11633	-12
1.12000	-12
1.12367	-11
1.12733	-10
1.13100	-8
1.13467	-8
1.13833	-10
1.14200	-12
1.14567	-13
1.14933	-13
1.15300	-12
1.15667	-11
1.16033	-12
1.16400	-10
1.16767	-10
1.17133	-11
1.17500	-14
1.17867	-14
1.18233	-12
1.18600	-11
1.18967	-10
1.19333	-12
1.19700	-15
1.20067	-16
1.20433	-14
1.20800	-13
1.21167	-13
1.21533	-14
1.21900	-14
1.22267	-13
1.22633	-14
1.23000	-14
1.23367	-13
1.23733	-13
1.24100	-12
1.24467	-14
1.24833	-16
1.25200	-15
1.25567	-15
1.25933	-15
1.26300	-16
1.26667	-14
1.27033	-12
1.27400	-13
1.27767	-13
1.28133	-12
1.28500	-12
1.28867	-12
1.29233	-12
1.29600	-14
1.29967	-17
1.30333	-17
1.30700	-15
1.31067	-13
1.31433	-13
1.31800	-13
1.32167	-13
1.32533	-14
1.32900	-14
1.33267	-15
1.33633	-15
1.34000	-15
1.34367	-15
1.34733	-15
1.35100	-16
1.35467	-17
1.35833	-18
1.36200	-19
1.36567	-21
1.36933	-21
1.37300	-20
1.37667	-19
1.38033	-17
1.38400	-16
1.38767	-15
1.39133	-16
1.39500	-16
1.39867	-16
1.40233	-17
1.40600	-17
1.40967	-15
1.41333	-13
1.41700	-12
1.42067	-14
1.42433	-14
1.42800	-13
1.43167	-13
1.43533	-14
1.43900	-13
1.44267	-12
1.44633	-12
1.45000	-14
1.45367	-14
1.45733	-14
1.46100	-15
1.46467	-17
1.46833	-18
1.47200	-18
1.47567	-18
1.47933	-19
1.48300	-19
1.48667	-16
1.49033	-16
1.49400	-13
1.49767	-11
1.50133	-13
1.50500	-15
1.50867	-15
1.51233	-14
1.51600	-15
1.51967	-16
1.52333	-16
1.52700	-17
1.53067	-18
1.53433	-20
1.53800	-20
1.54167	-20
1.54533	-19
1.54900	-20
1.55267	-21
1.55633	-21
1.56000	-19
1.56367	-19
1.56733	-17
1.57100	-16
1.57467	-16
1.57833	-16
1.58200	-15
1.58567	-14
1.58933	-13
1.59300	-13
1.59667	-12
1.60033	-12
1.60400	-14
1.60767	-15
1.61133	-16
1.61500	-17
1.61867	-17
1.62233	-17
1.62600	-16
1.62967	-16
1.63333	-16
1.63700	-17
1.64067	-18
1.64433	-18
1.64800	-18
1.65167	-18
1.65533	-16
1.65900	-15
1.66267	-14
1.66633	-13
1.67000	-13
1.67367	-12
1.67733	-9
1.68100	-6
1.68467	-5
1.68833	-5
1.69200	-6
1.69567	-6
1.69933	-6
1.70300	-7
1.70667	-9
1.71033	-9
1.71400	-6
1.71767	-5
1.72133	-5
1.72500	-5
1.72867	-4
1.73233	-2
1.73600	-3
1.73967	-3
1.74333	-1
1.74700	1
1.75067	4
1.75433	7
1.75800	8
1.76167	6
1.76533	4
1.76900	3
1.77267	2
1.77633	2
1.78000	2
1.78367	1
1.78733	1
1.79100	2
1.79467	3
1.79833	6
1.80200	9
1.80567	10
1.80933	12
1.81300	13
1.81667	11
1.82033	9
1.82400	9
1.82767	8
1.83133	9
1.83500	12
1.83867	13
1.84233	13
1.84600	12
1.84967	14
1.85333	16
1.85700	17
1.86067	20
1.86433	23
1.86800	22
1.87167	20
1.87533	19
1.87900	20
1.88267	21
1.88633	23
1.89000	22
1.89367	21
1.89733	21
1.90100	19
1.90467	20
1.90833	21
1.91200	23
1.91567	25
1.91933	28
1.92300	30
1.92667	31
1.93033	29
1.93400	28
1.93767	27
1.94133	31
1.94500	33
1.94867	33
1.95233	33
1.95600	34
1.95967	35
1.96333	38
1.96700	40
1.97067	41
1.97433	40
1.97800	39
1.98167	40
1.98533	43
1.98900	45
1.99267	45
1.99633	46
2.00000	46
2.00367	45
2.00733	43
2.01100	41
2.01467	42
2.01833	44
2.02200	48
2.02567	52
2.02933	54
2.03300	54
2.03667	51
2.04033	51
2.04400	54
2.04767	58
2.05133	60
2.05500	62
2.05867	63
2.06233	64
2.06600	64
2.06967	63
2.07333	62
2.07700	63
2.08067	65
2.08433	67
2.08800	68
2.09167	67
2.09533	67
2.09900	67
2.10267	68
2.10633	72
2.11000	71
2.11367	72
2.11733	75
2.12100	77
2.12467	78
2.12833	81
2.13200	83
2.13567	84
2.13933	85
2.14300	85
2.14667	87
2.15033	90
2.15400	91
2.15767	92
2.16133	92
2.16500	92
2.16867	91
2.17233	92
2.17600	96
2.17967	100
2.18333	103
2.18700	104
2.19067	104
2.19433	105
2.19800	106
2.20167	107
2.20533	109
2.20900	111
2.21267	113
2.21633	115
2.22000	116
2.22367	118
2.22733	118
2.23100	120
2.23467	121
2.23833	121
2.24200	123
2.24567	125
2.24933	125
2.25300	126
2.25667	124
2.26033	123
2.26400	123
2.26767	125
2.27133	126
2.27500	127
2.27867	128
2.28233	129
2.28600	131
2.28967	132
2.29333	134
2.29700	136
2.30067	139
2.30433	141
2.30800	143
2.31167	145
2.31533	146
2.31900	146
2.32267	146
2.32633	147
2.33000	150
2.33367	151
2.33733	154
2.34100	156
2.34467	159
2.34833	162
2.35200	164
2.35567	164
2.35933	166
2.36300	168
2.36667	172
2.37033	175
2.37400	176
2.37767	175
2.38133	174
2.38500	173
2.38867	174
2.39233	176
2.39600	177
2.39967	179
2.40333	183
2.40700	186
2.41067	187
2.41433	188
2.41800	190
2.42167	192
2.42533	193
2.42900	193
2.43267	194
2.43633	195
2.44000	197
2.44367	227
2.44733	304
2.45100	392
2.45467	451
2.45833	469
2.46200	464
2.46567	457
2.46933	445
2.47300	421
2.47667	388
2.48033	346
2.48400	307
2.48767	278
2.49133	262
2.49500	258
2.49867	263
2.50233	272
2.50600	280
2.50967	280
2.51333	273
2.51700	255
2.52067	236
2.52433	215
2.52800	193
2.53167	174
2.53533	157
2.53900	144
2.54267	136
2.54633	133
2.55000	132
2.55367	133
2.55733	134
2.56100	136
2.56467	142
2.56833	153
2.57200	163
2.57567	173
2.57933	186
2.58300	201
2.58667	213
2.59033	225
2.59400	232
2.59767	232
2.60133	219
2.60500	194
2.60867	166
2.61233	133
2.61600	98
2.61967	58
2.62333	18
2.62700	-19
2.63067	-52
2.63433	-81
2.63800	-102
2.64167	-115
2.64533	-118
2.64900	-113
2.65267	-104
2.65633	-90
2.66000	-73
2.66367	-55
2.66733	-35
2.67100	-13
2.67467	10
2.67833	33
2.68200	56
2.68567	80
2.68933	105
2.69300	128
2.69667	153
2.70033	180
2.70400	208
2.70767	230
2.71133	248
2.71500	266
2.71867	284
2.72233	305
2.72600	326
2.72967	342
2.73333	360
2.73700	377
2.74067	388
2.74433	396
2.74800	403
2.75167	408
2.75533	413
2.75900	418
2.76267	420
2.76633	423
2.77000	421
2.77367	420
2.77733	417
2.78100	414
2.78467	411
2.78833	406
2.79200	399
2.79567	391
2.79933	384
2.80300	378
2.80667	373
2.81033	369
2.81400	366
2.81767	365
2.82133	370
2.82500	389
2.82867	437
2.83233	553
2.83600	790
2.83967	1219
2.84333	1910
2.84700	2919
2.85067	4265
2.85433	5920
2.85800	7813
2.86167	9827
2.86533	11827
2.86900	13661
2.87267	15187
2.87633	16303
2.88000	16950
2.88367	17124
2.88733	16866
2.89100	16258
2.89467	15389
2.89833	14348
2.90200	13211
2.90567	12039
2.90933	10880
2.91300	9769
2.91667	8727
2.92033	7768
2.92400	6891
2.92767	6099
2.93133	5390
2.93500	4756
2.93867	4192
2.94233	3696
2.94600	3261
2.94967	2879
2.95333	2544
2.95700	2252
2.96067	1998
2.96433	1780
2.96800	1588
2.97167	1421
2.97533	1277
2.97900	1153
2.98267	1046
2.98633	954
2.99000	877
2.99367	810
2.99733	751
3.00100	701
3.00467	658
3.00833	620
3.01200	589
3.01567	563
3.01933	542
3.02300	526
3.02667	511
3.03033	497
3.03400	483
3.03767	471
3.04133	462
3.04500	455
3.04867	449
3.05233	443
3.05600	437
3.05967	431
3.06333	428
3.06700	427
3.07067	426
3.07433	423
3.07800	420
3.08167	416
3.08533	412
3.08900	409
3.09267	406
3.09633	404
3.10000	403
3.10367	404
3.10733	404
3.11100	400
3.11467	394
3.11833	390
3.12200	386
3.12567	385
3.12933	381
3.13300	377
3.13667	374
3.14033	372
3.14400	371
3.14767	370
3.15133	368
3.15500	367
3.15867	365
3.16233	360
3.16600	356
3.16967	353
3.17333	351
3.17700	348
3.18067	345
3.18433	341
3.18800	336
3.19167	334
3.19533	332
3.19900	328
3.20267	325
3.20633	321
3.21000	318
3.21367	314
3.21733	310
3.22100	308
3.22467	304
3.22833	302
3.23200	301
3.23567	299
3.23933	297
3.24300	294
3.24667	289
3.25033	285
3.25400	280
3.25767	275
3.26133	271
3.26500	271
3.26867	270
3.27233	266
3.27600	264
3.27967	261
3.28333	259
3.28700	260
3.29067	258
3.29433	256
3.29800	253
3.30167	252
3.30533	247
3.30900	245
3.31267	245
3.31633	243
3.32000	239
3.32367	236
3.32733	233
3.33100	230
3.33467	226
3.33833	223
3.34200	219
3.34567	214
3.34933	209
3.35300	206
3.35667	204
3.36033	204
3.36400	203
3.36767	200
3.37133	200
3.37500	200
3.37867	202
3.38233	202
3.38600	200
3.38967	196
3.39333	195
3.39700	193
3.40067	193
3.40433	192
3.40800	189
3.41167	186
3.41533	184
3.41900	181
3.42267	179
3.42633	177
3.43000	177
3.43367	177
3.43733	178
3.44100	178
3.44467	177
3.44833	175
3.45200	172
3.45567	170
3.45933	168
3.46300	168
3.46667	168
3.47033	167
3.47400	167
3.47767	167
3.48133	166
3.48500	166
3.48867	164
3.49233	162
3.49600	161
3.49967	160
3.50333	158
3.50700	157
3.51067	158
3.51433	158
3.51800	158
3.52167	158
3.52533	157
3.52900	154
3.53267	151
3.53633	150
3.54000	148
3.54367	146
3.54733	145
3.55100	144
3.55467	144
3.55833	145
3.56200	146
3.56567	148
3.56933	148
3.57300	144
3.57667	138
3.58033	136
3.58400	135
3.58767	136
3.59133	138
3.59500	138
3.59867	139
3.60233	138
3.60600	137
3.60967	137
3.61333	135
3.61700	133
3.62067	133
3.62433	133
3.62800	132
3.63167	130
3.63533	132
3.63900	134
3.64267	137
3.64633	138
3.65000	138
3.65367	140
3.65733	141
3.66100	141
3.66467	140
3.66833	139
3.67200	138
3.67567	136
3.67933	134
3.68300	132
3.68667	132
3.69033	131
3.69400	130
3.69767	130
3.70133	129
3.70500	128
3.70867	127
3.71233	125
3.71600	123
3.71967	121
3.72333	122
3.72700	122
3.73067	123
3.73433	126
3.73800	129
3.74167	128
3.74533	128
3.74900	129
3.75267	130
3.75633	131
3.76000	131
3.76367	130
3.76733	128
3.77100	126
3.77467	124
3.77833	122
3.78200	121
3.78567	123
3.78933	126
3.79300	129
3.79667	130
3.80033	130
3.80400	128
3.80767	130
3.81133	131
3.81500	132
3.81867	133
3.82233	132
3.82600	129
3.82967	127
3.83333	128
3.83700	128
3.84067	129
3.84433	129
3.84800	130
3.85167	129
3.85533	129
3.85900	128
3.86267	125
3.86633	121
3.87000	121
3.87367	122
3.87733	121
3.88100	121
3.88467	121
3.88833	120
3.89200	120
3.89567	122
3.89933	125
3.90300	127
3.90667	127
3.91033	128
3.91400	129
3.91767	131
3.92133	131
3.92500	131
3.92867	132
3.93233	132
3.93600	132
3.93967	134
3.94333	133
3.94700	130
3.95067	126
3.95433	123
3.95800	120
3.96167	119
3.96533	118
3.96900	120
3.97267	122
3.97633	123
3.98000	123
3.98367	123
3.98733	122
3.99100	120
3.99467	119
3.99833	117

[Status Trace (Column Oven Temperature)]
Interval(msec)	1000
# of Points	240
Start Time(min)	0.002
End Time(min)	3.985
Intensity Units	
Intensity Multiplier	1
R.Time (min)	Intensity
0.00170	35.00
0.01837	35.00
0.03503	35.00
0.05170	35.01
0.06837	35.01
0.08503	35.00
0.10170	35.00
0.11837	34.99
0.13503	34.99
0.15170	34.99
0.16837	34.99
0.18503	34.99
0.20170	34.98
0.21837	34.98
0.23503	34.99
0.25170	34.99
0.26837	35.00
0.28503	35.00
0.30170	35.00
0.31837	35.00
0.33503	34.99
0.35170	34.99
0.36837	35.00
0.38503	34.99
0.40170	34.99
0.41837	34.99
0.43503	34.99
0.45170	35.00
0.46837	34.99
0.48503	34.99
0.50170	34.99
0.51837	35.00
0.53503	35.00
0.55170	35.00
0.56837	34.99
0.58503	34.99
0.60170	34.99
0.61837	34.99
0.63503	34.99
0.65170	34.99
0.66837	34.99
0.68503	34.99
0.70170	34.99
0.71837	35.00
0.73503	35.00
0.75170	35.00
0.76837	35.00
0.78503	35.00
0.80170	35.01
0.81837	35.00
0.83503	35.00
0.85170	35.00
0.86837	35.00
0.88503	35.00
0.90170	34.99
0.91837	35.00
0.93503	35.01
0.95170	35.02
0.96837	35.01
0.98503	35.01
1.00170	35.00
1.01837	35.00
1.03503	35.00
1.05170	34.99
1.06837	34.99
1.08503	34.99
1.10170	35.00
1.11837	35.00
1.13503	34.99
1.15170	34.99
1.16837	35.00
1.18503	35.00
1.20170	35.00
1.21837	34.99
1.23503	34.99
1.25170	34.99
1.26837	34.99
1.28503	34.98
1.30170	34.99
1.31837	34.99
1.33503	34.99
1.35170	34.99
1.36837	35.00
1.38503	35.00
1.40170	35.00
1.41837	35.00
1.43503	34.99
1.45170	34.98
1.46837	34.98
1.48503	34.98
1.50170	34.99
1.51837	34.99
1.53503	35.00
1.55170	35.00
1.56837	35.00
1.58503	35.01
1.60170	35.04
1.61837	35.14
1.63503	35.31
1.65170	35.54
1.66837	35.85
1.68503	36.21
1.70170	36.57
1.71837	36.91
1.73503	37.23
1.75170	37.54
1.76837	37.89
1.78503	38.22
1.80170	38.57
1.81837	38.88
1.83503	39.21
1.85170	39.54
1.86837	39.87
1.88503	40.21
1.90170	40.53
1.91837	40.87
1.93503	41.19
1.95170	41.52
1.96837	41.86
1.98503	42.18
2.00170	42.49
2.01837	42.83
2.03503	43.15
2.05170	43.47
2.06837	43.80
2.08503	44.12
2.10170	44.45
2.11837	44.78
2.13503	45.09
2.15170	45.43
2.16837	45.76
2.18503	46.09
2.20170	46.41
2.21837	46.75
2.23503	47.05
2.25170	47.39
2.26837	47.71
2.28503	48.03
2.30170	48.43
2.31837	48.75
2.33503	49.06
2.35170	49.36
2.36837	49.59
2.38503	49.68
2.40170	49.69
2.41837	49.69
2.43503	49.70
2.45170	49.71
2.46837	49.72
2.48503	49.72
2.50170	49.73
2.51837	49.73
2.53503	49.74
2.55170	49.77
2.56837	49.78
2.58503	49.79
2.60170	49.80
2.61837	49.82
2.63503	49.82
2.65170	49.84
2.66837	49.84
2.68503	49.85
2.70170	49.85
2.71837	49.84
2.73503	49.86
2.75170	49.88
2.76837	49.87
2.78503	49.87
2.80170	49.86
2.81837	49.86
2.83503	49.86
2.85170	49.87
2.86837	49.87
2.88503	49.89
2.90170	49.90
2.91837	49.92
2.93503	49.93
2.95170	49.95
2.96837	49.95
2.98503	49.96
3.00170	49.97
3.01837	49.98
3.03503	49.99
3.05170	50.00
3.06837	50.00
3.08503	50.01
3.10170	50.02
3.11837	50.03
3.13503	50.04
3.15170	50.05
3.16837	50.06
3.18503	50.07
3.20170	50.08
3.21837	50.09
3.23503	50.08
3.25170	50.09
3.26837	50.09
3.28503	50.11
3.30170	50.12
3.31837	50.12
3.33503	50.10
3.35170	50.08
3.36837	50.08
3.38503	50.06
3.40170	50.05
3.41837	50.05
3.43503	50.04
3.45170	50.04
3.46837	50.03
3.48503	50.03
3.50170	50.03
3.51837	50.03
3.53503	50.04
3.55170	50.04
3.56837	50.04
3.58503	50.04
3.60170	50.04
3.61837	50.04
3.63503	50.05
3.65170	50.05
3.66837	50.06
3.68503	50.05
3.70170	50.05
3.71837	50.05
3.73503	50.06
3.75170	50.07
3.76837	50.09
3.78503	50.09
3.80170	50.09
3.81837	50.08
3.83503	50.07
3.85170	50.07
3.86837	50.06
3.88503	50.06
3.90170	50.06
3.91837	50.06
3.93503	50.06
3.95170	50.06
3.96837	50.06
3.98503	50.04

[Status Trace (Injection Unit Temperature)]
Interval(msec)	1000
# of Points	240
Start Time(min)	0.002
End Time(min)	3.985
Intensity Units	
Intensity Multiplier	1
R.Time (min)	Intensity
0.00170	99.99
0.01837	99.99
0.03503	99.99
0.05170	99.99
0.06837	99.99
0.08503	99.99
0.10170	99.99
0.11837	99.99
0.13503	99.99
0.15170	99.99
0.16837	99.99
0.18503	99.99
0.20170	99.99
0.21837	99.99
0.23503	99.99
0.25170	99.99
0.26837	99.99
0.28503	99.99
0.30170	99.99
0.31837	99.99
0.33503	99.99
0.35170	99.99
0.36837	99.99
0.38503	99.99
0.40170	99.99
0.41837	99.99
0.43503	100.00
0.45170	99.99
0.46837	99.99
0.48503	99.99
0.50170	100.00
0.51837	99.99
0.53503	99.99
0.55170	99.99
0.56837	99.99
0.58503	99.99
0.60170	99.99
0.61837	99.99
0.63503	99.99
0.65170	99.99
0.66837	99.99
0.68503	100.00
0.70170	99.99
0.71837	99.99
0.73503	99.99
0.75170	99.99
0.76837	99.99
0.78503	99.99
0.80170	99.99
0.81837	99.99
0.83503	99.99
0.85170	99.99
0.86837	99.99
0.88503	99.99
0.90170	99.97
0.91837	99.99
0.93503	99.99
0.95170	99.99
0.96837	99.99
0.98503	99.99
1.00170	99.99
1.01837	99.99
1.03503	99.99
1.05170	99.99
1.06837	99.99
1.08503	99.99
1.10170	99.99
1.11837	99.99
1.13503	99.99
1.15170	99.99
1.16837	99.99
1.18503	99.99
1.20170	99.99
1.21837	99.99
1.23503	99.99
1.25170	99.99
1.26837	99.99
1.28503	99.99
1.30170	99.99
1.31837	99.99
1.33503	99.99
1.35170	99.99
1.36837	100.00
1.38503	100.00
1.40170	100.00
1.41837	99.99
1.43503	100.00
1.45170	100.00
1.46837	99.99
1.48503	99.99
1.50170	100.00
1.51837	100.00
1.53503	100.00
1.55170	100.00
1.56837	100.00
1.58503	100.00
1.60170	100.00
1.61837	100.00
1.63503	100.00
1.65170	100.00
1.66837	100.00
1.68503	100.00
1.70170	100.00
1.71837	100.00
1.73503	100.00
1.75170	100.00
1.76837	100.00
1.78503	99.99
1.80170	99.99
1.81837	99.99
1.83503	99.99
1.85170	99.99
1.86837	99.99
1.88503	99.99
1.90170	99.99
1.91837	99.99
1.93503	99.99
1.95170	99.99
1.96837	99.99
1.98503	99.99
2.00170	99.99
2.01837	99.99
2.03503	99.98
2.05170	99.98
2.06837	99.98
2.08503	99.98
2.10170	99.98
2.11837	99.98
2.13503	99.98
2.15170	99.98
2.16837	99.98
2.18503	99.97
2.20170	99.98
2.21837	99.97
2.23503	99.97
2.25170	99.97
2.26837	99.97
2.28503	99.97
2.30170	99.97
2.31837	99.97
2.33503	99.97
2.35170	99.97
2.36837	99.97
2.38503	99.97
2.40170	99.97
2.41837	99.97
2.43503	99.98
2.45170	99.98
2.46837	99.98
2.48503	99.97
2.50170	99.98
2.51837	99.98
2.53503	99.98
2.55170	99.98
2.56837	99.98
2.58503	99.98
2.60170	99.98
2.61837	99.99
2.63503	99.99
2.65170	99.99
2.66837	99.98
2.68503	99.99
2.70170	99.99
2.71837	100.00
2.73503	100.00
2.75170	100.00
2.76837	100.00
2.78503	100.00
2.80170	100.00
2.81837	100.00
2.83503	100.00
2.85170	100.00
2.86837	100.01
2.88503	100.01
2.90170	100.01
2.91837	100.01
2.93503	100.01
2.95170	100.02
2.96837	100.02
2.98503	100.02
3.00170	100.02
3.01837	100.02
3.03503	100.02
3.05170	100.02
3.06837	100.02
3.08503	100.02
3.10170	100.03
3.11837	100.02
3.13503	100.03
3.15170	100.03
3.16837	100.03
3.18503	100.03
3.20170	100.03
3.21837	100.03
3.23503	100.03
3.25170	100.04
3.26837	100.04
3.28503	100.04
3.30170	100.04
3.31837	100.04
3.33503	100.04
3.35170	100.04
3.36837	100.04
3.38503	100.04
3.40170	100.04
3.41837	100.04
3.43503	100.04
3.45170	100.05
3.46837	100.04
3.48503	100.05
3.50170	100.05
3.51837	100.05
3.53503	100.05
3.55170	100.05
3.56837	100.05
3.58503	100.05
3.60170	100.05
3.61837	100.06
3.63503	100.06
3.65170	100.05
3.66837	100.05
3.68503	100.06
3.70170	100.05
3.71837	100.05
3.73503	100.06
3.75170	100.06
3.76837	100.06
3.78503	100.06
3.80170	100.06
3.81837	100.06
3.83503	100.06
3.85170	100.06
3.86837	100.06
3.88503	100.06
3.90170	100.06
3.91837	100.06
3.93503	100.06
3.95170	100.05
3.96837	100.06
3.98503	100.06

[Status Trace (Carrier Gas Pressure)]
Interval(msec)	1000
# of Points	240
Start Time(min)	0.002
End Time(min)	3.985
Intensity Units	
Intensity Multiplier	1
R.Time (min)	Intensity
0.00170	58.00
0.01837	56.43
0.03503	56.20
0.05170	58.34
0.06837	59.91
0.08503	58.40
0.10170	57.97
0.11837	58.00
0.13503	58.01
0.15170	58.01
0.16837	58.00
0.18503	58.00
0.20170	58.00
0.21837	58.00
0.23503	58.00
0.25170	58.00
0.26837	58.00
0.28503	58.00
0.30170	58.00
0.31837	58.00
0.33503	58.00
0.35170	58.00
0.36837	58.00
0.38503	58.00
0.40170	58.00
0.41837	58.00
0.43503	58.00
0.45170	58.00
0.46837	58.00
0.48503	58.00
0.50170	58.00
0.51837	58.00
0.53503	58.00
0.55170	58.00
0.56837	58.00
0.58503	58.00
0.60170	58.00
0.61837	58.00
0.63503	58.00
0.65170	58.00
0.66837	58.00
0.68503	58.00
0.70170	58.00
0.71837	58.00
0.73503	58.00
0.75170	58.00
0.76837	58.00
0.78503	58.00
0.80170	58.00
0.81837	58.00
0.83503	58.00
0.85170	58.00
0.86837	58.00
0.88503	58.00
0.90170	58.00
0.91837	58.00
0.93503	58.00
0.95170	58.00
0.96837	58.00
0.98503	58.00
1.00170	58.00
1.01837	58.00
1.03503	58.00
1.05170	58.00
1.06837	58.00
1.08503	58.00
1.10170	58.00
1.11837	58.00
1.13503	58.00
1.15170	58.00
1.16837	58.00
1.18503	58.00
1.20170	58.00
1.21837	58.00
1.23503	58.00
1.25170	58.00
1.26837	58.00
1.28503	58.00
1.30170	58.00
1.31837	58.00
1.33503	58.00
1.35170	58.00
1.36837	58.00
1.38503	58.00
1.40170	58.00
1.41837	58.00
1.43503	58.00
1.45170	58.00
1.46837	58.00
1.48503	58.00
1.50170	58.00
1.51837	58.00
1.53503	58.00
1.55170	58.00
1.56837	58.00
1.58503	58.00
1.60170	58.00
1.61837	58.00
1.63503	58.01
1.65170	58.00
1.66837	58.01
1.68503	58.01
1.70170	58.00
1.71837	58.00
1.73503	58.00
1.75170	58.00
1.76837	58.00
1.78503	58.00
1.80170	58.00
1.81837	58.00
1.83503	58.00
1.85170	58.00
1.86837	58.00
1.88503	58.00
1.90170	58.00
1.91837	58.00
1.93503	58.00
1.95170	58.00
1.96837	58.00
1.98503	58.00
2.00170	58.00
2.01837	58.00
2.03503	58.00
2.05170	58.00
2.06837	58.00
2.08503	58.00
2.10170	58.00
2.11837	58.00
2.13503	58.00
2.15170	58.00
2.16837	58.00
2.18503	58.00
2.20170	58.00
2.21837	58.00
2.23503	58.00
2.25170	58.00
2.26837	58.00
2.28503	58.00
2.30170	58.00
2.31837	58.00
2.33503	58.00
2.35170	58.00
2.36837	58.00
2.38503	57.99
2.40170	57.99
2.41837	58.00
2.43503	58.00
2.45170	58.00
2.46837	58.00
2.48503	58.00
2.50170	58.00
2.51837	57.99
2.53503	57.99
2.55170	58.00
2.56837	58.00
2.58503	58.00
2.60170	58.00
2.61837	58.00
2.63503	58.00
2.65170	58.00
2.66837	58.00
2.68503	58.00
2.70170	58.00
2.71837	58.00
2.73503	58.00
2.75170	58.00
2.76837	58.00
2.78503	58.00
2.80170	58.00
2.81837	58.00
2.83503	58.00
2.85170	58.00
2.86837	58.00
2.88503	58.00
2.90170	58.00
2.91837	58.00
2.93503	58.00
2.95170	58.00
2.96837	58.00
2.98503	58.00
3.00170	58.00
3.01837	58.00
3.03503	58.00
3.05170	58.00
3.06837	58.00
3.08503	58.00
3.10170	58.00
3.11837	58.00
3.13503	58.00
3.15170	58.00
3.16837	58.00
3.18503	58.00
3.20170	58.00
3.21837	58.00
3.23503	58.00
3.25170	58.00
3.26837	58.00
3.28503	58.00
3.30170	58.00
3.31837	58.00
3.33503	58.00
3.35170	58.00
3.36837	58.00
3.38503	58.00
3.40170	58.00
3.41837	58.00
3.43503	58.00
3.45170	58.00
3.46837	58.00
3.48503	58.00
3.50170	58.00
3.51837	58.00
3.53503	58.00
3.55170	58.00
3.56837	58.00
3.58503	58.00
3.60170	58.00
3.61837	58.00
3.63503	58.00
3.65170	58.00
3.66837	58.00
3.68503	58.00
3.70170	58.00
3.71837	58.00
3.73503	58.00
3.75170	58.00
3.76837	58.00
3.78503	58.00
3.80170	58.00
3.81837	58.00
3.83503	58.00
3.85170	58.00
3.86837	58.00
3.88503	58.00
3.90170	58.00
3.91837	58.00
3.93503	58.00
3.95170	58.00
3.96837	58.00
3.98503	58.00

[Status Trace (Carrier Gas Flow)]
Interval(msec)	1000
# of Points	240
Start Time(min)	0.002
End Time(min)	3.985
Intensity Units	
Intensity Multiplier	1
R.Time (min)	Intensity
0.00170	34.52
0.01837	34.43
0.03503	34.54
0.05170	34.55
0.06837	34.51
0.08503	34.52
0.10170	34.52
0.11837	34.52
0.13503	34.52
0.15170	34.51
0.16837	34.52
0.18503	34.52
0.20170	34.52
0.21837	34.52
0.23503	34.52
0.25170	34.52
0.26837	34.52
0.28503	34.52
0.30170	34.52
0.31837	34.52
0.33503	34.52
0.35170	34.52
0.36837	34.52
0.38503	34.52
0.40170	34.52
0.41837	34.52
0.43503	34.52
0.45170	34.52
0.46837	34.52
0.48503	34.52
0.50170	34.52
0.51837	34.52
0.53503	34.52
0.55170	34.52
0.56837	34.52
0.58503	34.52
0.60170	34.52
0.61837	34.52
0.63503	34.52
0.65170	34.52
0.66837	34.52
0.68503	34.52
0.70170	34.52
0.71837	34.52
0.73503	34.52
0.75170	34.52
0.76837	34.52
0.78503	34.52
0.80170	34.52
0.81837	34.50
0.83503	34.52
0.85170	34.52
0.86837	34.52
0.88503	34.52
0.90170	34.52
0.91837	34.52
0.93503	34.52
0.95170	34.52
0.96837	34.52
0.98503	34.52
1.00170	34.52
1.01837	34.52
1.03503	34.52
1.05170	34.52
1.06837	34.52
1.08503	34.52
1.10170	34.52
1.11837	34.52
1.13503	34.52
1.15170	34.52
1.16837	34.52
1.18503	34.52
1.20170	34.52
1.21837	34.52
1.23503	34.52
1.25170	34.52
1.26837	34.52
1.28503	34.52
1.30170	34.52
1.31837	34.52
1.33503	34.52
1.35170	34.52
1.36837	34.51
1.38503	34.51
1.40170	34.52
1.41837	34.52
1.43503	34.52
1.45170	34.52
1.46837	34.52
1.48503	34.52
1.50170	34.52
1.51837	34.52
1.53503	34.52
1.55170	34.52
1.56837	34.52
1.58503	34.52
1.60170	34.52
1.61837	34.52
1.63503	34.52
1.65170	34.52
1.66837	34.52
1.68503	34.52
1.70170	34.52
1.71837	34.52
1.73503	34.52
1.75170	34.52
1.76837	34.52
1.78503	34.52
1.80170	34.52
1.81837	34.52
1.83503	34.52
1.85170	34.52
1.86837	34.52
1.88503	34.52
1.90170	34.52
1.91837	34.52
1.93503	34.52
1.95170	34.52
1.96837	34.51
1.98503	34.51
2.00170	34.50
2.01837	34.52
2.03503	34.52
2.05170	34.52
2.06837	34.52
2.08503	34.52
2.10170	34.52
2.11837	34.52
2.13503	34.52
2.15170	34.52
2.16837	34.52
2.18503	34.52
2.20170	34.52
2.21837	34.52
2.23503	34.52
2.25170	34.52
2.26837	34.52
2.28503	34.52
2.30170	34.52
2.31837	34.52
2.33503	34.52
2.35170	34.52
2.36837	34.52
2.38503	34.52
2.40170	34.52
2.41837	34.52
2.43503	34.52
2.45170	34.52
2.46837	34.52
2.48503	34.52
2.50170	34.52
2.51837	34.52
2.53503	34.52
2.55170	34.52
2.56837	34.52
2.58503	34.52
2.60170	34.52
2.61837	34.52
2.63503	34.52
2.65170	34.52
2.66837	34.52
2.68503	34.52
2.70170	34.52
2.71837	34.52
2.73503	34.52
2.75170	34.52
2.76837	34.52
2.78503	34.52
2.80170	34.52
2.81837	34.52
2.83503	34.51
2.85170	34.52
2.86837	34.51
2.88503	34.53
2.90170	34.52
2.91837	34.52
2.93503	34.52
2.95170	34.52
2.96837	34.52
2.98503	34.52
3.00170	34.52
3.01837	34.52
3.03503	34.52
3.05170	34.52
3.06837	34.52
3.08503	34.52
3.10170	34.52
3.11837	34.52
3.13503	34.52
3.15170	34.52
3.16837	34.52
3.18503	34.52
3.20170	34.52
3.21837	34.52
3.23503	34.52
3.25170	34.52
3.26837	34.52
3.28503	34.52
3.30170	34.52
3.31837	34.52
3.33503	34.52
3.35170	34.52
3.36837	34.52
3.38503	34.52
3.40170	34.52
3.41837	34.52
3.43503	34.52
3.45170	34.52
3.46837	34.52
3.48503	34.52
3.50170	34.52
3.51837	34.52
3.53503	34.52
3.55170	34.52
3.56837	34.52
3.58503	34.52
3.60170	34.52
3.61837	34.52
3.63503	34.52
3.65170	34.52
3.66837	34.52
3.68503	34.52
3.70170	34.52
3.71837	34.52
3.73503	34.52
3.75170	34.52
3.76837	34.52
3.78503	34.52
3.80170	34.52
3.81837	34.52
3.83503	34.52
3.85170	34.52
3.86837	34.52
3.88503	34.52
3.90170	34.52
3.91837	34.52
3.93503	34.52
3.95170	34.51
3.96837	34.52
3.98503	34.52

[Status Trace (Column Flow)]
Interval(msec)	1000
# of Points	240
Start Time(min)	0.002
End Time(min)	3.985
Intensity Units	
Intensity Multiplier	1
R.Time (min)	Intensity
0.00170	5.55
0.01837	5.37
0.03503	5.35
0.05170	5.59
0.06837	5.78
0.08503	5.60
0.10170	5.55
0.11837	5.56
0.13503	5.56
0.15170	5.56
0.16837	5.56
0.18503	5.56
0.20170	5.56
0.21837	5.56
0.23503	5.56
0.25170	5.55
0.26837	5.55
0.28503	5.55
0.30170	5.55
0.31837	5.55
0.33503	5.55
0.35170	5.55
0.36837	5.55
0.38503	5.55
0.40170	5.55
0.41837	5.55
0.43503	5.55
0.45170	5.55
0.46837	5.55
0.48503	5.55
0.50170	5.55
0.51837	5.55
0.53503	5.55
0.55170	5.55
0.56837	5.55
0.58503	5.55
0.60170	5.55
0.61837	5.55
0.63503	5.55
0.65170	5.55
0.66837	5.55
0.68503	5.55
0.70170	5.55
0.71837	5.55
0.73503	5.55
0.75170	5.55
0.76837	5.55
0.78503	5.55
0.80170	5.55
0.81837	5.55
0.83503	5.55
0.85170	5.55
0.86837	5.55
0.88503	5.55
0.90170	5.55
0.91837	5.55
0.93503	5.55
0.95170	5.55
0.96837	5.55
0.98503	5.55
1.00170	5.55
1.01837	5.55
1.03503	5.55
1.05170	5.55
1.06837	5.56
1.08503	5.56
1.10170	5.55
1.11837	5.55
1.13503	5.55
1.15170	5.55
1.16837	5.55
1.18503	5.55
1.20170	5.55
1.21837	5.55
1.23503	5.55
1.25170	5.55
1.26837	5.55
1.28503	5.55
1.30170	5.55
1.31837	5.55
1.33503	5.55
1.35170	5.55
1.36837	5.55
1.38503	5.55
1.40170	5.55
1.41837	5.55
1.43503	5.55
1.45170	5.55
1.46837	5.56
1.48503	5.56
1.50170	5.55
1.51837	5.55
1.53503	5.55
1.55170	5.55
1.56837	5.55
1.58503	5.55
1.60170	5.55
1.61837	5.55
1.63503	5.55
1.65170	5.54
1.66837	5.53
1.68503	5.52
1.70170	5.51
1.71837	5.50
1.73503	5.48
1.75170	5.48
1.76837	5.47
1.78503	5.45
1.80170	5.44
1.81837	5.43
1.83503	5.42
1.85170	5.41
1.86837	5.40
1.88503	5.39
1.90170	5.38
1.91837	5.37
1.93503	5.36
1.95170	5.35
1.96837	5.34
1.98503	5.33
2.00170	5.33
2.01837	5.32
2.03503	5.30
2.05170	5.30
2.06837	5.29
2.08503	5.28
2.10170	5.27
2.11837	5.26
2.13503	5.25
2.15170	5.24
2.16837	5.23
2.18503	5.22
2.20170	5.21
2.21837	5.20
2.23503	5.19
2.25170	5.18
2.26837	5.17
2.28503	5.16
2.30170	5.15
2.31837	5.14
2.33503	5.13
2.35170	5.13
2.36837	5.12
2.38503	5.12
2.40170	5.12
2.41837	5.12
2.43503	5.12
2.45170	5.12
2.46837	5.12
2.48503	5.12
2.50170	5.12
2.51837	5.11
2.53503	5.11
2.55170	5.12
2.56837	5.11
2.58503	5.11
2.60170	5.11
2.61837	5.11
2.63503	5.11
2.65170	5.11
2.66837	5.11
2.68503	5.11
2.70170	5.11
2.71837	5.11
2.73503	5.11
2.75170	5.11
2.76837	5.11
2.78503	5.11
2.80170	5.11
2.81837	5.11
2.83503	5.11
2.85170	5.11
2.86837	5.11
2.88503	5.11
2.90170	5.11
2.91837	5.11
2.93503	5.11
2.95170	5.11
2.96837	5.11
2.98503	5.11
3.00170	5.11
3.01837	5.11
3.03503	5.11
3.05170	5.11
3.06837	5.11
3.08503	5.11
3.10170	5.11
3.11837	5.11
3.13503	5.11
3.15170	5.11
3.16837	5.11
3.18503	5.11
3.20170	5.11
3.21837	5.11
3.23503	5.11
3.25170	5.11
3.26837	5.11
3.28503	5.11
3.30170	5.11
3.31837	5.11
3.33503	5.11
3.35170	5.11
3.36837	5.11
3.38503	5.11
3.40170	5.11
3.41837	5.11
3.43503	5.11
3.45170	5.11
3.46837	5.11
3.48503	5.11
3.50170	5.11
3.51837	5.11
3.53503	5.11
3.55170	5.11
3.56837	5.11
3.58503	5.11
3.60170	5.11
3.61837	5.11
3.63503	5.11
3.65170	5.11
3.66837	5.11
3.68503	5.11
3.70170	5.11
3.71837	5.11
3.73503	5.11
3.75170	5.11
3.76837	5.11
3.78503	5.11
3.80170	5.11
3.81837	5.11
3.83503	5.11
3.85170	5.11
3.86837	5.11
3.88503	5.11
3.90170	5.11
3.91837	5.11
3.93503	5.11
3.95170	5.11
3.96837	5.11
3.98503	5.11

[Status Trace (Linear Velocity)]
Interval(msec)	1000
# of Points	240
Start Time(min)	0.002
End Time(min)	3.985
Intensity Units	
Intensity Multiplier	1
R.Time (min)	Intensity
0.00170	39.02
0.01837	38.00
0.03503	37.85
0.05170	39.25
0.06837	40.28
0.08503	39.29
0.10170	39.01
0.11837	39.03
0.13503	39.03
0.15170	39.03
0.16837	39.03
0.18503	39.03
0.20170	39.03
0.21837	39.03
0.23503	39.03
0.25170	39.03
0.26837	39.03
0.28503	39.03
0.30170	39.02
0.31837	39.03
0.33503	39.03
0.35170	39.03
0.36837	39.02
0.38503	39.02
0.40170	39.03
0.41837	39.03
0.43503	39.03
0.45170	39.03
0.46837	39.03
0.48503	39.03
0.50170	39.03
0.51837	39.02
0.53503	39.02
0.55170	39.03
0.56837	39.03
0.58503	39.03
0.60170	39.03
0.61837	39.03
0.63503	39.03
0.65170	39.03
0.66837	39.03
0.68503	39.03
0.70170	39.03
0.71837	39.02
0.73503	39.03
0.75170	39.03
0.76837	39.02
0.78503	39.02
0.80170	39.02
0.81837	39.02
0.83503	39.03
0.85170	39.03
0.86837	39.02
0.88503	39.02
0.90170	39.03
0.91837	39.02
0.93503	39.02
0.95170	39.02
0.96837	39.02
0.98503	39.02
1.00170	39.02
1.01837	39.02
1.03503	39.02
1.05170	39.03
1.06837	39.03
1.08503	39.03
1.10170	39.02
1.11837	39.02
1.13503	39.03
1.15170	39.02
1.16837	39.02
1.18503	39.02
1.20170	39.02
1.21837	39.02
1.23503	39.03
1.25170	39.03
1.26837	39.03
1.28503	39.03
1.30170	39.03
1.31837	39.03
1.33503	39.03
1.35170	39.03
1.36837	39.02
1.38503	39.02
1.40170	39.02
1.41837	39.02
1.43503	39.03
1.45170	39.03
1.46837	39.03
1.48503	39.03
1.50170	39.03
1.51837	39.02
1.53503	39.02
1.55170	39.02
1.56837	39.02
1.58503	39.02
1.60170	39.02
1.61837	39.01
1.63503	39.00
1.65170	38.98
1.66837	38.95
1.68503	38.91
1.70170	38.88
1.71837	38.84
1.73503	38.81
1.75170	38.79
1.76837	38.75
1.78503	38.72
1.80170	38.69
1.81837	38.66
1.83503	38.62
1.85170	38.60
1.86837	38.56
1.88503	38.53
1.90170	38.50
1.91837	38.47
1.93503	38.44
1.95170	38.41
1.96837	38.38
1.98503	38.35
2.00170	38.32
2.01837	38.29
2.03503	38.26
2.05170	38.23
2.06837	38.20
2.08503	38.17
2.10170	38.14
2.11837	38.11
2.13503	38.08
2.15170	38.05
2.16837	38.02
2.18503	37.99
2.20170	37.96
2.21837	37.93
2.23503	37.90
2.25170	37.88
2.26837	37.85
2.28503	37.81
2.30170	37.79
2.31837	37.75
2.33503	37.72
2.35170	37.70
2.36837	37.68
2.38503	37.66
2.40170	37.66
2.41837	37.67
2.43503	37.67
2.45170	37.66
2.46837	37.66
2.48503	37.66
2.50170	37.66
2.51837	37.66
2.53503	37.66
2.55170	37.66
2.56837	37.66
2.58503	37.66
2.60170	37.66
2.61837	37.66
2.63503	37.66
2.65170	37.65
2.66837	37.65
2.68503	37.65
2.70170	37.65
2.71837	37.65
2.73503	37.65
2.75170	37.65
2.76837	37.65
2.78503	37.65
2.80170	37.65
2.81837	37.65
2.83503	37.65
2.85170	37.65
2.86837	37.65
2.88503	37.65
2.90170	37.65
2.91837	37.65
2.93503	37.65
2.95170	37.65
2.96837	37.64
2.98503	37.64
3.00170	37.64
3.01837	37.64
3.03503	37.64
3.05170	37.64
3.06837	37.64
3.08503	37.64
3.10170	37.64
3.11837	37.64
3.13503	37.64
3.15170	37.64
3.16837	37.63
3.18503	37.63
3.20170	37.63
3.21837	37.63
3.23503	37.63
3.25170	37.63
3.26837	37.63
3.28503	37.63
3.30170	37.63
3.31837	37.63
3.33503	37.63
3.35170	37.63
3.36837	37.63
3.38503	37.63
3.40170	37.64
3.41837	37.64
3.43503	37.64
3.45170	37.64
3.46837	37.64
3.48503	37.64
3.50170	37.64
3.51837	37.64
3.53503	37.64
3.55170	37.64
3.56837	37.64
3.58503	37.64
3.60170	37.64
3.61837	37.64
3.63503	37.64
3.65170	37.64
3.66837	37.64
3.68503	37.64
3.70170	37.64
3.71837	37.64
3.73503	37.63
3.75170	37.63
3.76837	37.63
3.78503	37.63
3.80170	37.63
3.81837	37.63
3.83503	37.63
3.85170	37.63
3.86837	37.63
3.88503	37.63
3.90170	37.64
3.91837	37.63
3.93503	37.64
3.95170	37.63
3.96837	37.64
3.98503	37.64

