[Header]
Application Name	LabSolutions
Version	5.110
Data File Name	C:\Users\User\Desktop\GC Analyses\Jack\UIC Prairie Sampling\10.19.22\221019_111.gcd
Output Date	1/4/2023
Output Time	2:27:21 PM

[File Information]
Type	Data File
Generated	12/19/2022 10:58:54 AM
Generated by	System Administrator
Modified	12/19/2022 11:03:19 AM
Modified by	System Administrator

[Sample Information]
Operator Name	System Administrator
Acquired	12/19/2022 10:59:17 AM
Sample Type	1:Standard
Level	1
Sample Name	221019_UICPrairie
Sample ID	221019_UICPrairie
ISTD Amount1	1
ISTD Amount2	1
ISTD Amount3	1
ISTD Amount4	1
ISTD Amount5	1
ISTD Amount6	1
ISTD Amount7	1
ISTD Amount8	1
ISTD Amount9	1
ISTD Amount10	1
ISTD Amount11	1
ISTD Amount12	1
ISTD Amount13	1
ISTD Amount14	1
ISTD Amount15	1
ISTD Amount16	1
ISTD Amount17	1
ISTD Amount18	1
ISTD Amount19	1
ISTD Amount20	1
ISTD Amount21	1
ISTD Amount22	1
ISTD Amount23	1
ISTD Amount24	1
ISTD Amount25	1
ISTD Amount26	1
ISTD Amount27	1
ISTD Amount28	1
ISTD Amount29	1
ISTD Amount30	1
ISTD Amount31	1
ISTD Amount32	1
Sample Amount	1
Dilution Factor	1
Vial#	1
Injection Volume	1
Injection Count	1
Bar Code	

[Original Files]
Data File	C:\Users\User\Desktop\GC Analyses\Jack\UIC Prairie Sampling\10.19.22\221019_111.gcd
Method File	C:\LabSolutions\Data\GHG_4min_2022\ghg3_togas_w_acet_4 min_new_int.gcm
Batch File	
Report Format File	c:\LabSolutions\System\DEFAULT.lsr

[File Description]


[Configuration]
Instrument Name	C0B7VH3-Instrument1
Instrument #	1
Line #	1
# of Detectors	3
Detector ID	DET#1	DET#2	DET#3
Detector Name	FID	PTCD	ECD
# of Channels	1	1	1

[Peak Table(Ch1)]
# of Peaks	4
Peak#	R.Time	I.Time	F.Time	Area	Height	A/H	Conc.	Mark	ID#	Name	k'	Plate #	Plate Ht.	Tailing	Resolution	Sep.Factor	Area Ratio	Height Ratio	Conc. %	Norm Conc.
1	0.735	0.621	1.014	1735	129	13.450	0.000	   			0.000	76	1962.100	1.769	0.000	0.000	0	0	0.000	0.000
2	1.468	1.439	1.523	3882	1295	2.998	100.000	   	1	CO	0.998	5499	27.275	0.000	3.530	0.000	0	0	16.667	16.667
3	1.571	1.523	1.659	21764	10462	2.080	100.000	 V 	2	CH4	1.137	10836	13.842	1.161	1.471	1.140	0	0	16.667	16.667
4	2.000	1.952	2.645	2125485	963356	2.206	400.000	   	3	CO2	1.721	16631	9.019	1.258	7.010	1.513	0	0	66.667	66.667

[Peak Table(Ch2)]
# of Peaks	0

[Peak Table(Ch3)]
# of Peaks	4
Peak#	R.Time	I.Time	F.Time	Area	Height	A/H	Conc.	Mark	ID#	Name	k'	Plate #	Plate Ht.	Tailing	Resolution	Sep.Factor	Area Ratio	Height Ratio	Conc. %	Norm Conc.
1	2.469	2.315	2.535	2247	358	6.284	0.000	   			0.000	2160	69.438	0.000	0.000	0.000	0	0	0.000	0.000
2	2.587	2.535	2.645	1444	303	4.767	0.000	 V 			0.048	2750	54.553	0.000	0.573	0.000	0	0	0.000	0.000
3	2.730	2.664	2.810	398	74	5.411	0.007	   	1	N2O	0.105	6182	24.263	1.105	0.851	2.219	0	0	0.736	0.736
4	2.884	2.821	3.060	53711	14482	3.709	0.993	   	1	N2O	0.168	13448	11.154	1.525	1.292	1.592	0	0	99.264	99.264

[Compound Results(Ch1)]
# of IDs	6
ID#	Name	R.Time	Area	Height	Conc.	Curve	3rd	2nd	1st	Constant	Area Ratio	Height Ratio	Conc. %	Norm Conc.
1	CO	1.468	3882	1295	100.000	Linear	0.000000e+00	0.000000e+00	3.882153e+001	0.000000e+00	0	0	16.667	16.667
2	CH4	1.571	21764	10462	100.000	Linear	0.000000e+00	0.000000e+00	2.176358e+002	0.000000e+00	0	0	16.667	16.667
3	CO2	2.000	2125485	963356	400.000	Linear	0.000000e+00	0.000000e+00	5.313713e+003	0.000000e+00	0	0	66.667	66.667
4	Ethylene	0.000	0	0	0.000	Linear	0.000000e+00	0.000000e+00	0.000000e+00	0.000000e+00	0	0	0.000	0.000
5	Acetylene	0.000	0	0	0.000	Linear	0.000000e+00	0.000000e+00	0.000000e+00	0.000000e+00	0	0	0.000	0.000
6	Ethane	0.000	0	0	0.000	Linear	0.000000e+00	0.000000e+00	0.000000e+00	0.000000e+00	0	0	0.000	0.000

[Compound Results(Ch2)]
# of IDs	5
ID#	Name	R.Time	Area	Height	Conc.	Curve	3rd	2nd	1st	Constant	Area Ratio	Height Ratio	Conc. %	Norm Conc.
1	Hydrogen	0.000	0	0	0.000	Linear	0.000000e+00	0.000000e+00	0.000000e+00	0.000000e+00	0	0	0.000	0.000
2	Oxygen	0.000	0	0	0.000	Linear	0.000000e+00	0.000000e+00	0.000000e+00	0.000000e+00	0	0	0.000	0.000
3	Nitrogen	0.000	0	0	0.000	Linear	0.000000e+00	0.000000e+00	0.000000e+00	0.000000e+00	0	0	0.000	0.000
4	Methane	0.000	0	0	0.000	Linear	0.000000e+00	0.000000e+00	0.000000e+00	0.000000e+00	0	0	0.000	0.000
5	Carbon Monoxide	0.000	0	0	0.000	Linear	0.000000e+00	0.000000e+00	0.000000e+00	0.000000e+00	0	0	0.000	0.000

[Compound Results(Ch3)]
# of IDs	2
ID#	Name	R.Time	Area	Height	Conc.	Curve	3rd	2nd	1st	Constant	Area Ratio	Height Ratio	Conc. %	Norm Conc.
1	N2O	2.884	54110	14556	1.000	Linear	0.000000e+00	0.000000e+00	5.410980e+004	0.000000e+00	0	0	100.000	100.000
2	SF6	0.000	0	0	0.000	Linear	0.000000e+00	0.000000e+00	0.000000e+00	0.000000e+00	0	0	0.000	0.000

[Group Results(Ch1)]
# of Groups	0

[Group Results(Ch2)]
# of Groups	0

[Group Results(Ch3)]
# of Groups	0

[Chromatogram (Ch1)]
Interval(msec)	220
# of Points	1091
Start Time(min)	0.002
End Time(min)	3.998
R.Time (min)	Intensity
0.00167	2
0.00533	7
0.00900	8
0.01267	5
0.01633	3
0.02000	0
0.02367	-5
0.02733	-9
0.03100	-9
0.03467	-9
0.03833	-10
0.04200	-10
0.04567	-10
0.04933	-10
0.05300	-11
0.05667	-10
0.06033	-10
0.06400	-9
0.06767	-6
0.07133	-1
0.07500	3
0.07867	6
0.08233	9
0.08600	13
0.08967	20
0.09333	27
0.09700	29
0.10067	25
0.10433	18
0.10800	10
0.11167	4
0.11533	-2
0.11900	-11
0.12267	-19
0.12633	-23
0.13000	-23
0.13367	-21
0.13733	-21
0.14100	-21
0.14467	-22
0.14833	-23
0.15200	-22
0.15567	-18
0.15933	-13
0.16300	-9
0.16667	-5
0.17033	-1
0.17400	0
0.17767	-1
0.18133	-1
0.18500	-4
0.18867	-7
0.19233	-10
0.19600	-10
0.19967	-9
0.20333	-6
0.20700	-2
0.21067	2
0.21433	6
0.21800	10
0.22167	14
0.22533	13
0.22900	9
0.23267	3
0.23633	-4
0.24000	-9
0.24367	-14
0.24733	-18
0.25100	-22
0.25467	-23
0.25833	-22
0.26200	-20
0.26567	-19
0.26933	-19
0.27300	-19
0.27667	-17
0.28033	-16
0.28400	-15
0.28767	-12
0.29133	-7
0.29500	1
0.29867	8
0.30233	10
0.30600	6
0.30967	-2
0.31333	-11
0.31700	-20
0.32067	-27
0.32433	-31
0.32800	-30
0.33167	-28
0.33533	-25
0.33900	-23
0.34267	-20
0.34633	-13
0.35000	-8
0.35367	-7
0.35733	-9
0.36100	-11
0.36467	-13
0.36833	-12
0.37200	-8
0.37567	-5
0.37933	-2
0.38300	1
0.38667	1
0.39033	-2
0.39400	-9
0.39767	-18
0.40133	-27
0.40500	-31
0.40867	-31
0.41233	-31
0.41600	-29
0.41967	-25
0.42333	-20
0.42700	-17
0.43067	-15
0.43433	-14
0.43800	-15
0.44167	-15
0.44533	-16
0.44900	-19
0.45267	-22
0.45633	-21
0.46000	-19
0.46367	-18
0.46733	-19
0.47100	-17
0.47467	-14
0.47833	-13
0.48200	-13
0.48567	-13
0.48933	-14
0.49300	-17
0.49667	-21
0.50033	-23
0.50400	-23
0.50767	-21
0.51133	-23
0.51500	-26
0.51867	-28
0.52233	-30
0.52600	-31
0.52967	-28
0.53333	-23
0.53700	-18
0.54067	-17
0.54433	-18
0.54800	-21
0.55167	-24
0.55533	-27
0.55900	-28
0.56267	-27
0.56633	-25
0.57000	-20
0.57367	-14
0.57733	-11
0.58100	-8
0.58467	-7
0.58833	-5
0.59200	-3
0.59567	-0
0.59933	2
0.60300	5
0.60667	6
0.61033	6
0.61400	4
0.61767	0
0.62133	-1
0.62500	1
0.62867	2
0.63233	7
0.63600	17
0.63967	29
0.64333	41
0.64700	56
0.65067	72
0.65433	85
0.65800	92
0.66167	93
0.66533	93
0.66900	95
0.67267	101
0.67633	108
0.68000	117
0.68367	125
0.68733	132
0.69100	136
0.69467	136
0.69833	134
0.70200	132
0.70567	131
0.70933	129
0.71300	128
0.71667	130
0.72033	132
0.72400	136
0.72767	140
0.73133	145
0.73500	149
0.73867	149
0.74233	147
0.74600	144
0.74967	140
0.75333	138
0.75700	138
0.76067	139
0.76433	140
0.76800	140
0.77167	142
0.77533	143
0.77900	146
0.78267	150
0.78633	155
0.79000	157
0.79367	156
0.79733	152
0.80100	146
0.80467	138
0.80833	132
0.81200	127
0.81567	126
0.81933	124
0.82300	123
0.82667	121
0.83033	122
0.83400	125
0.83767	128
0.84133	130
0.84500	128
0.84867	124
0.85233	120
0.85600	117
0.85967	118
0.86333	118
0.86700	117
0.87067	114
0.87433	112
0.87800	111
0.88167	109
0.88533	109
0.88900	109
0.89267	108
0.89633	106
0.90000	105
0.90367	105
0.90733	105
0.91100	104
0.91467	104
0.91833	107
0.92200	110
0.92567	112
0.92933	111
0.93300	107
0.93667	102
0.94033	97
0.94400	90
0.94767	83
0.95133	78
0.95500	77
0.95867	79
0.96233	81
0.96600	85
0.96967	90
0.97333	93
0.97700	95
0.98067	94
0.98433	89
0.98800	81
0.99167	76
0.99533	74
0.99900	76
1.00267	79
1.00633	79
1.01000	75
1.01367	71
1.01733	66
1.02100	61
1.02467	60
1.02833	64
1.03200	72
1.03567	78
1.03933	80
1.04300	76
1.04667	73
1.05033	72
1.05400	72
1.05767	73
1.06133	74
1.06500	75
1.06867	72
1.07233	69
1.07600	66
1.07967	61
1.08333	54
1.08700	49
1.09067	50
1.09433	54
1.09800	59
1.10167	61
1.10533	59
1.10900	54
1.11267	45
1.11633	40
1.12000	36
1.12367	35
1.12733	36
1.13100	38
1.13467	43
1.13833	50
1.14200	56
1.14567	58
1.14933	59
1.15300	61
1.15667	62
1.16033	63
1.16400	64
1.16767	59
1.17133	50
1.17500	45
1.17867	42
1.18233	42
1.18600	45
1.18967	46
1.19333	45
1.19700	42
1.20067	41
1.20433	43
1.20800	47
1.21167	52
1.21533	56
1.21900	56
1.22267	54
1.22633	51
1.23000	49
1.23367	48
1.23733	45
1.24100	41
1.24467	40
1.24833	41
1.25200	43
1.25567	45
1.25933	47
1.26300	47
1.26667	43
1.27033	36
1.27400	29
1.27767	24
1.28133	22
1.28500	23
1.28867	27
1.29233	29
1.29600	29
1.29967	30
1.30333	29
1.30700	27
1.31067	27
1.31433	28
1.31800	29
1.32167	32
1.32533	36
1.32900	38
1.33267	40
1.33633	42
1.34000	43
1.34367	42
1.34733	41
1.35100	42
1.35467	42
1.35833	40
1.36200	40
1.36567	40
1.36933	41
1.37300	40
1.37667	36
1.38033	32
1.38400	31
1.38767	31
1.39133	28
1.39500	26
1.39867	26
1.40233	29
1.40600	30
1.40967	28
1.41333	23
1.41700	19
1.42067	19
1.42433	23
1.42800	27
1.43167	29
1.43533	28
1.43900	35
1.44267	105
1.44633	308
1.45000	600
1.45367	879
1.45733	1094
1.46100	1237
1.46467	1315
1.46833	1343
1.47200	1342
1.47567	1328
1.47933	1299
1.48300	1241
1.48667	1143
1.49033	1010
1.49400	867
1.49767	733
1.50133	619
1.50500	529
1.50867	467
1.51233	426
1.51600	402
1.51967	389
1.52333	386
1.52700	385
1.53067	385
1.53433	389
1.53800	424
1.54167	605
1.54533	1190
1.54900	2417
1.55267	4208
1.55633	6183
1.56000	7966
1.56367	9354
1.56733	10254
1.57100	10557
1.57467	10136
1.57833	9010
1.58200	7428
1.58567	5743
1.58933	4234
1.59300	3025
1.59667	2125
1.60033	1483
1.60400	1042
1.60767	747
1.61133	553
1.61500	422
1.61867	338
1.62233	283
1.62600	247
1.62967	223
1.63333	204
1.63700	189
1.64067	175
1.64433	161
1.64800	149
1.65167	144
1.65533	139
1.65900	135
1.66267	133
1.66633	132
1.67000	131
1.67367	124
1.67733	114
1.68100	105
1.68467	100
1.68833	101
1.69200	103
1.69567	105
1.69933	104
1.70300	104
1.70667	102
1.71033	97
1.71400	90
1.71767	84
1.72133	78
1.72500	72
1.72867	68
1.73233	67
1.73600	66
1.73967	68
1.74333	71
1.74700	75
1.75067	75
1.75433	75
1.75800	77
1.76167	78
1.76533	78
1.76900	74
1.77267	71
1.77633	70
1.78000	71
1.78367	74
1.78733	75
1.79100	72
1.79467	69
1.79833	69
1.80200	73
1.80567	75
1.80933	78
1.81300	81
1.81667	82
1.82033	81
1.82400	82
1.82767	82
1.83133	83
1.83500	83
1.83867	84
1.84233	87
1.84600	90
1.84967	92
1.85333	88
1.85700	83
1.86067	77
1.86433	74
1.86800	74
1.87167	72
1.87533	71
1.87900	73
1.88267	73
1.88633	73
1.89000	76
1.89367	82
1.89733	89
1.90100	93
1.90467	92
1.90833	87
1.91200	84
1.91567	84
1.91933	85
1.92300	90
1.92667	99
1.93033	107
1.93400	113
1.93767	113
1.94133	106
1.94500	97
1.94867	91
1.95233	95
1.95600	169
1.95967	664
1.96333	3168
1.96700	12793
1.97067	41013
1.97433	104877
1.97800	217471
1.98167	374790
1.98533	554103
1.98900	725317
1.99267	861631
1.99633	944445
2.00000	963509
2.00367	918551
2.00733	820760
2.01100	690440
2.01467	550646
2.01833	420406
2.02200	310805
2.02567	225176
2.02933	161722
2.03300	116352
2.03667	84637
2.04033	62723
2.04400	47622
2.04767	37167
2.05133	29847
2.05500	24635
2.05867	20845
2.06233	18022
2.06600	15861
2.06967	14164
2.07333	12800
2.07700	11684
2.08067	10754
2.08433	9968
2.08800	9292
2.09167	8703
2.09533	8186
2.09900	7731
2.10267	7323
2.10633	6955
2.11000	6621
2.11367	6319
2.11733	6043
2.12100	5788
2.12467	5548
2.12833	5325
2.13200	5116
2.13567	4924
2.13933	4746
2.14300	4582
2.14667	4432
2.15033	4296
2.15400	4172
2.15767	4053
2.16133	3935
2.16500	3818
2.16867	3705
2.17233	3598
2.17600	3497
2.17967	3401
2.18333	3310
2.18700	3228
2.19067	3154
2.19433	3082
2.19800	3011
2.20167	2939
2.20533	2872
2.20900	2810
2.21267	2754
2.21633	2700
2.22000	2647
2.22367	2595
2.22733	2545
2.23100	2496
2.23467	2448
2.23833	2401
2.24200	2359
2.24567	2323
2.24933	2291
2.25300	2259
2.25667	2225
2.26033	2185
2.26400	2144
2.26767	2101
2.27133	2064
2.27500	2031
2.27867	2001
2.28233	1973
2.28600	1947
2.28967	1922
2.29333	1900
2.29700	1879
2.30067	1857
2.30433	1834
2.30800	1808
2.31167	1778
2.31533	1752
2.31900	1727
2.32267	1702
2.32633	1679
2.33000	1661
2.33367	1645
2.33733	1626
2.34100	1607
2.34467	1587
2.34833	1570
2.35200	1555
2.35567	1540
2.35933	1525
2.36300	1509
2.36667	1492
2.37033	1476
2.37400	1461
2.37767	1448
2.38133	1438
2.38500	1427
2.38867	1416
2.39233	1406
2.39600	1398
2.39967	1390
2.40333	1382
2.40700	1373
2.41067	1362
2.41433	1354
2.41800	1349
2.42167	1340
2.42533	1331
2.42900	1324
2.43267	1315
2.43633	1303
2.44000	1291
2.44367	1284
2.44733	1278
2.45100	1268
2.45467	1256
2.45833	1248
2.46200	1244
2.46567	1238
2.46933	1227
2.47300	1215
2.47667	1199
2.48033	1180
2.48400	1164
2.48767	1152
2.49133	1144
2.49500	1139
2.49867	1136
2.50233	1134
2.50600	1132
2.50967	1129
2.51333	1123
2.51700	1116
2.52067	1113
2.52433	1115
2.52800	1115
2.53167	1110
2.53533	1100
2.53900	1090
2.54267	1080
2.54633	1071
2.55000	1061
2.55367	1054
2.55733	1049
2.56100	1043
2.56467	1034
2.56833	1022
2.57200	1009
2.57567	998
2.57933	988
2.58300	983
2.58667	979
2.59033	977
2.59400	976
2.59767	976
2.60133	974
2.60500	971
2.60867	968
2.61233	966
2.61600	967
2.61967	968
2.62333	966
2.62700	963
2.63067	960
2.63433	957
2.63800	955
2.64167	949
2.64533	943
2.64900	935
2.65267	933
2.65633	938
2.66000	943
2.66367	945
2.66733	940
2.67100	935
2.67467	931
2.67833	926
2.68200	924
2.68567	924
2.68933	924
2.69300	921
2.69667	915
2.70033	908
2.70400	903
2.70767	896
2.71133	888
2.71500	882
2.71867	878
2.72233	876
2.72600	876
2.72967	875
2.73333	873
2.73700	871
2.74067	871
2.74433	873
2.74800	875
2.75167	878
2.75533	875
2.75900	871
2.76267	868
2.76633	865
2.77000	864
2.77367	866
2.77733	865
2.78100	863
2.78467	859
2.78833	853
2.79200	847
2.79567	845
2.79933	847
2.80300	853
2.80667	859
2.81033	862
2.81400	863
2.81767	862
2.82133	860
2.82500	856
2.82867	852
2.83233	849
2.83600	847
2.83967	847
2.84333	848
2.84700	848
2.85067	848
2.85433	850
2.85800	853
2.86167	855
2.86533	855
2.86900	851
2.87267	843
2.87633	836
2.88000	837
2.88367	841
2.88733	844
2.89100	843
2.89467	837
2.89833	827
2.90200	819
2.90567	815
2.90933	813
2.91300	815
2.91667	819
2.92033	822
2.92400	824
2.92767	827
2.93133	827
2.93500	823
2.93867	817
2.94233	813
2.94600	811
2.94967	813
2.95333	818
2.95700	823
2.96067	826
2.96433	827
2.96800	826
2.97167	826
2.97533	830
2.97900	835
2.98267	838
2.98633	837
2.99000	830
2.99367	821
2.99733	814
3.00100	813
3.00467	817
3.00833	822
3.01200	823
3.01567	823
3.01933	820
3.02300	817
3.02667	814
3.03033	813
3.03400	814
3.03767	815
3.04133	812
3.04500	806
3.04867	798
3.05233	793
3.05600	794
3.05967	797
3.06333	800
3.06700	798
3.07067	797
3.07433	801
3.07800	806
3.08167	810
3.08533	813
3.08900	812
3.09267	808
3.09633	801
3.10000	795
3.10367	791
3.10733	788
3.11100	785
3.11467	784
3.11833	783
3.12200	781
3.12567	775
3.12933	770
3.13300	768
3.13667	769
3.14033	775
3.14400	783
3.14767	788
3.15133	790
3.15500	789
3.15867	790
3.16233	793
3.16600	794
3.16967	790
3.17333	781
3.17700	770
3.18067	761
3.18433	756
3.18800	754
3.19167	753
3.19533	753
3.19900	753
3.20267	755
3.20633	757
3.21000	759
3.21367	760
3.21733	759
3.22100	758
3.22467	758
3.22833	760
3.23200	765
3.23567	770
3.23933	773
3.24300	773
3.24667	772
3.25033	776
3.25400	784
3.25767	787
3.26133	782
3.26500	774
3.26867	765
3.27233	756
3.27600	749
3.27967	744
3.28333	737
3.28700	731
3.29067	729
3.29433	730
3.29800	735
3.30167	737
3.30533	736
3.30900	735
3.31267	733
3.31633	732
3.32000	730
3.32367	729
3.32733	729
3.33100	728
3.33467	727
3.33833	730
3.34200	736
3.34567	740
3.34933	741
3.35300	742
3.35667	742
3.36033	745
3.36400	749
3.36767	753
3.37133	754
3.37500	751
3.37867	746
3.38233	740
3.38600	734
3.38967	729
3.39333	726
3.39700	725
3.40067	723
3.40433	721
3.40800	721
3.41167	723
3.41533	724
3.41900	726
3.42267	728
3.42633	728
3.43000	730
3.43367	730
3.43733	729
3.44100	729
3.44467	729
3.44833	728
3.45200	728
3.45567	729
3.45933	728
3.46300	728
3.46667	728
3.47033	727
3.47400	723
3.47767	719
3.48133	714
3.48500	712
3.48867	710
3.49233	712
3.49600	717
3.49967	722
3.50333	726
3.50700	729
3.51067	730
3.51433	728
3.51800	725
3.52167	722
3.52533	721
3.52900	719
3.53267	716
3.53633	711
3.54000	706
3.54367	704
3.54733	703
3.55100	704
3.55467	707
3.55833	710
3.56200	711
3.56567	710
3.56933	707
3.57300	707
3.57667	706
3.58033	704
3.58400	704
3.58767	707
3.59133	709
3.59500	707
3.59867	703
3.60233	699
3.60600	698
3.60967	699
3.61333	700
3.61700	698
3.62067	699
3.62433	704
3.62800	708
3.63167	707
3.63533	702
3.63900	696
3.64267	689
3.64633	683
3.65000	678
3.65367	676
3.65733	676
3.66100	678
3.66467	680
3.66833	682
3.67200	683
3.67567	682
3.67933	680
3.68300	676
3.68667	673
3.69033	671
3.69400	672
3.69767	673
3.70133	673
3.70500	673
3.70867	673
3.71233	676
3.71600	680
3.71967	684
3.72333	687
3.72700	689
3.73067	691
3.73433	692
3.73800	692
3.74167	689
3.74533	684
3.74900	680
3.75267	678
3.75633	676
3.76000	671
3.76367	667
3.76733	664
3.77100	663
3.77467	662
3.77833	664
3.78200	665
3.78567	665
3.78933	667
3.79300	673
3.79667	678
3.80033	679
3.80400	677
3.80767	676
3.81133	675
3.81500	672
3.81867	668
3.82233	664
3.82600	660
3.82967	656
3.83333	657
3.83700	657
3.84067	659
3.84433	665
3.84800	670
3.85167	674
3.85533	676
3.85900	674
3.86267	670
3.86633	665
3.87000	661
3.87367	660
3.87733	659
3.88100	658
3.88467	657
3.88833	657
3.89200	657
3.89567	655
3.89933	652
3.90300	648
3.90667	647
3.91033	651
3.91400	658
3.91767	663
3.92133	663
3.92500	660
3.92867	656
3.93233	653
3.93600	652
3.93967	647
3.94333	642
3.94700	641
3.95067	640
3.95433	638
3.95800	637
3.96167	637
3.96533	641
3.96900	645
3.97267	651
3.97633	658
3.98000	665
3.98367	663
3.98733	657
3.99100	651
3.99467	645
3.99833	638

[Chromatogram (Ch2)]
Interval(msec)	220
# of Points	1091
Start Time(min)	0.002
End Time(min)	3.998
R.Time (min)	Intensity
0.00167	-5
0.00533	-7
0.00900	-9
0.01267	-10
0.01633	-12
0.02000	-13
0.02367	-15
0.02733	-16
0.03100	-18
0.03467	-19
0.03833	-21
0.04200	-22
0.04567	-24
0.04933	-25
0.05300	-26
0.05667	-28
0.06033	-29
0.06400	-31
0.06767	-32
0.07133	-34
0.07500	-35
0.07867	-37
0.08233	-38
0.08600	-39
0.08967	-40
0.09333	-42
0.09700	-43
0.10067	-44
0.10433	-46
0.10800	-47
0.11167	-48
0.11533	-50
0.11900	-51
0.12267	-53
0.12633	-54
0.13000	-56
0.13367	-57
0.13733	-58
0.14100	-60
0.14467	-61
0.14833	-63
0.15200	-64
0.15567	-65
0.15933	-67
0.16300	-68
0.16667	-69
0.17033	-71
0.17400	-72
0.17767	-74
0.18133	-75
0.18500	-76
0.18867	-78
0.19233	-79
0.19600	-81
0.19967	-82
0.20333	-84
0.20700	-85
0.21067	-86
0.21433	-88
0.21800	-89
0.22167	-91
0.22533	-92
0.22900	-93
0.23267	-95
0.23633	-96
0.24000	-98
0.24367	-99
0.24733	-101
0.25100	-102
0.25467	-103
0.25833	-105
0.26200	-106
0.26567	-107
0.26933	-109
0.27300	-110
0.27667	-111
0.28033	-113
0.28400	-114
0.28767	-116
0.29133	-117
0.29500	-118
0.29867	-119
0.30233	-121
0.30600	-122
0.30967	-124
0.31333	-125
0.31700	-127
0.32067	-128
0.32433	-130
0.32800	-131
0.33167	-133
0.33533	-134
0.33900	-135
0.34267	-136
0.34633	-138
0.35000	-139
0.35367	-140
0.35733	-141
0.36100	-142
0.36467	-143
0.36833	-145
0.37200	-146
0.37567	-147
0.37933	-149
0.38300	-150
0.38667	-151
0.39033	-153
0.39400	-155
0.39767	-156
0.40133	-157
0.40500	-159
0.40867	-160
0.41233	-162
0.41600	-163
0.41967	-164
0.42333	-165
0.42700	-167
0.43067	-168
0.43433	-170
0.43800	-171
0.44167	-172
0.44533	-174
0.44900	-175
0.45267	-177
0.45633	-178
0.46000	-180
0.46367	-181
0.46733	-182
0.47100	-184
0.47467	-185
0.47833	-186
0.48200	-187
0.48567	-188
0.48933	-189
0.49300	-190
0.49667	-191
0.50033	-192
0.50400	-193
0.50767	-195
0.51133	-196
0.51500	-197
0.51867	-199
0.52233	-200
0.52600	-202
0.52967	-203
0.53333	-205
0.53700	-206
0.54067	-207
0.54433	-209
0.54800	-210
0.55167	-212
0.55533	-213
0.55900	-214
0.56267	-216
0.56633	-217
0.57000	-218
0.57367	-219
0.57733	-221
0.58100	-222
0.58467	-223
0.58833	-225
0.59200	-226
0.59567	-227
0.59933	-229
0.60300	-230
0.60667	-231
0.61033	-232
0.61400	-233
0.61767	-235
0.62133	-236
0.62500	-237
0.62867	-238
0.63233	-239
0.63600	-240
0.63967	-242
0.64333	-243
0.64700	-244
0.65067	-245
0.65433	-247
0.65800	-248
0.66167	-249
0.66533	-251
0.66900	-252
0.67267	-253
0.67633	-254
0.68000	-255
0.68367	-256
0.68733	-257
0.69100	-258
0.69467	-259
0.69833	-260
0.70200	-261
0.70567	-262
0.70933	-263
0.71300	-264
0.71667	-265
0.72033	-266
0.72400	-267
0.72767	-269
0.73133	-270
0.73500	-271
0.73867	-273
0.74233	-274
0.74600	-275
0.74967	-276
0.75333	-278
0.75700	-279
0.76067	-280
0.76433	-281
0.76800	-283
0.77167	-284
0.77533	-286
0.77900	-287
0.78267	-289
0.78633	-290
0.79000	-292
0.79367	-293
0.79733	-294
0.80100	-295
0.80467	-296
0.80833	-298
0.81200	-299
0.81567	-300
0.81933	-301
0.82300	-303
0.82667	-304
0.83033	-305
0.83400	-307
0.83767	-308
0.84133	-309
0.84500	-310
0.84867	-312
0.85233	-313
0.85600	-314
0.85967	-315
0.86333	-316
0.86700	-317
0.87067	-318
0.87433	-320
0.87800	-321
0.88167	-322
0.88533	-323
0.88900	-325
0.89267	-326
0.89633	-327
0.90000	-328
0.90367	-329
0.90733	-330
0.91100	-331
0.91467	-332
0.91833	-333
0.92200	-334
0.92567	-335
0.92933	-336
0.93300	-337
0.93667	-338
0.94033	-339
0.94400	-340
0.94767	-341
0.95133	-342
0.95500	-344
0.95867	-345
0.96233	-346
0.96600	-347
0.96967	-348
0.97333	-350
0.97700	-351
0.98067	-352
0.98433	-353
0.98800	-354
0.99167	-355
0.99533	-356
0.99900	-358
1.00267	-359
1.00633	-360
1.01000	-361
1.01367	-363
1.01733	-364
1.02100	-365
1.02467	-366
1.02833	-367
1.03200	-368
1.03567	-369
1.03933	-370
1.04300	-371
1.04667	-372
1.05033	-373
1.05400	-374
1.05767	-375
1.06133	-376
1.06500	-377
1.06867	-379
1.07233	-380
1.07600	-381
1.07967	-382
1.08333	-384
1.08700	-385
1.09067	-386
1.09433	-388
1.09800	-389
1.10167	-390
1.10533	-391
1.10900	-392
1.11267	-393
1.11633	-394
1.12000	-395
1.12367	-396
1.12733	-397
1.13100	-398
1.13467	-400
1.13833	-401
1.14200	-402
1.14567	-403
1.14933	-405
1.15300	-406
1.15667	-407
1.16033	-408
1.16400	-409
1.16767	-410
1.17133	-411
1.17500	-412
1.17867	-413
1.18233	-414
1.18600	-415
1.18967	-416
1.19333	-417
1.19700	-418
1.20067	-420
1.20433	-421
1.20800	-422
1.21167	-423
1.21533	-424
1.21900	-426
1.22267	-427
1.22633	-428
1.23000	-429
1.23367	-430
1.23733	-431
1.24100	-432
1.24467	-433
1.24833	-434
1.25200	-435
1.25567	-436
1.25933	-438
1.26300	-439
1.26667	-440
1.27033	-441
1.27400	-442
1.27767	-443
1.28133	-444
1.28500	-445
1.28867	-445
1.29233	-446
1.29600	-447
1.29967	-448
1.30333	-449
1.30700	-450
1.31067	-451
1.31433	-452
1.31800	-453
1.32167	-454
1.32533	-455
1.32900	-457
1.33267	-458
1.33633	-459
1.34000	-460
1.34367	-460
1.34733	-462
1.35100	-463
1.35467	-464
1.35833	-465
1.36200	-466
1.36567	-467
1.36933	-468
1.37300	-469
1.37667	-470
1.38033	-471
1.38400	-472
1.38767	-472
1.39133	-473
1.39500	-474
1.39867	-475
1.40233	-477
1.40600	-478
1.40967	-479
1.41333	-480
1.41700	-481
1.42067	-482
1.42433	-482
1.42800	-483
1.43167	-484
1.43533	-485
1.43900	-486
1.44267	-488
1.44633	-489
1.45000	-490
1.45367	-492
1.45733	-493
1.46100	-493
1.46467	-494
1.46833	-495
1.47200	-496
1.47567	-497
1.47933	-498
1.48300	-499
1.48667	-501
1.49033	-502
1.49400	-503
1.49767	-504
1.50133	-505
1.50500	-506
1.50867	-507
1.51233	-508
1.51600	-509
1.51967	-510
1.52333	-511
1.52700	-512
1.53067	-513
1.53433	-514
1.53800	-515
1.54167	-516
1.54533	-517
1.54900	-519
1.55267	-520
1.55633	-521
1.56000	-522
1.56367	-523
1.56733	-524
1.57100	-525
1.57467	-526
1.57833	-527
1.58200	-528
1.58567	-529
1.58933	-530
1.59300	-531
1.59667	-533
1.60033	-534
1.60400	-536
1.60767	-538
1.61133	-541
1.61500	-544
1.61867	-547
1.62233	-550
1.62600	-553
1.62967	-557
1.63333	-562
1.63700	-566
1.64067	-571
1.64433	-575
1.64800	-580
1.65167	-585
1.65533	-590
1.65900	-595
1.66267	-600
1.66633	-605
1.67000	-611
1.67367	-617
1.67733	-624
1.68100	-630
1.68467	-636
1.68833	-642
1.69200	-647
1.69567	-652
1.69933	-656
1.70300	-660
1.70667	-663
1.71033	-666
1.71400	-668
1.71767	-671
1.72133	-673
1.72500	-675
1.72867	-677
1.73233	-679
1.73600	-681
1.73967	-684
1.74333	-686
1.74700	-688
1.75067	-689
1.75433	-691
1.75800	-692
1.76167	-693
1.76533	-694
1.76900	-695
1.77267	-696
1.77633	-697
1.78000	-698
1.78367	-699
1.78733	-701
1.79100	-703
1.79467	-704
1.79833	-706
1.80200	-707
1.80567	-708
1.80933	-709
1.81300	-710
1.81667	-710
1.82033	-711
1.82400	-712
1.82767	-712
1.83133	-713
1.83500	-713
1.83867	-714
1.84233	-715
1.84600	-716
1.84967	-717
1.85333	-717
1.85700	-718
1.86067	-719
1.86433	-721
1.86800	-722
1.87167	-724
1.87533	-725
1.87900	-726
1.88267	-727
1.88633	-728
1.89000	-729
1.89367	-729
1.89733	-730
1.90100	-731
1.90467	-731
1.90833	-732
1.91200	-733
1.91567	-734
1.91933	-735
1.92300	-736
1.92667	-736
1.93033	-737
1.93400	-737
1.93767	-737
1.94133	-738
1.94500	-739
1.94867	-740
1.95233	-741
1.95600	-741
1.95967	-742
1.96333	-742
1.96700	-742
1.97067	-742
1.97433	-743
1.97800	-743
1.98167	-744
1.98533	-744
1.98900	-744
1.99267	-745
1.99633	-745
2.00000	-746
2.00367	-746
2.00733	-747
2.01100	-747
2.01467	-748
2.01833	-748
2.02200	-749
2.02567	-750
2.02933	-751
2.03300	-751
2.03667	-752
2.04033	-753
2.04400	-754
2.04767	-755
2.05133	-756
2.05500	-756
2.05867	-756
2.06233	-756
2.06600	-757
2.06967	-757
2.07333	-758
2.07700	-759
2.08067	-759
2.08433	-760
2.08800	-761
2.09167	-761
2.09533	-761
2.09900	-761
2.10267	-761
2.10633	-762
2.11000	-762
2.11367	-763
2.11733	-763
2.12100	-764
2.12467	-765
2.12833	-767
2.13200	-768
2.13567	-769
2.13933	-770
2.14300	-770
2.14667	-770
2.15033	-770
2.15400	-771
2.15767	-771
2.16133	-772
2.16500	-772
2.16867	-773
2.17233	-773
2.17600	-774
2.17967	-775
2.18333	-775
2.18700	-775
2.19067	-775
2.19433	-775
2.19800	-775
2.20167	-775
2.20533	-776
2.20900	-776
2.21267	-777
2.21633	-779
2.22000	-780
2.22367	-781
2.22733	-781
2.23100	-782
2.23467	-783
2.23833	-784
2.24200	-784
2.24567	-785
2.24933	-785
2.25300	-786
2.25667	-786
2.26033	-787
2.26400	-787
2.26767	-787
2.27133	-787
2.27500	-787
2.27867	-788
2.28233	-788
2.28600	-789
2.28967	-789
2.29333	-789
2.29700	-790
2.30067	-790
2.30433	-791
2.30800	-792
2.31167	-792
2.31533	-793
2.31900	-793
2.32267	-794
2.32633	-794
2.33000	-794
2.33367	-794
2.33733	-794
2.34100	-794
2.34467	-794
2.34833	-794
2.35200	-794
2.35567	-795
2.35933	-796
2.36300	-797
2.36667	-797
2.37033	-797
2.37400	-796
2.37767	-795
2.38133	-793
2.38500	-792
2.38867	-789
2.39233	-786
2.39600	-783
2.39967	-780
2.40333	-776
2.40700	-773
2.41067	-769
2.41433	-765
2.41800	-762
2.42167	-759
2.42533	-756
2.42900	-754
2.43267	-752
2.43633	-751
2.44000	-750
2.44367	-748
2.44733	-747
2.45100	-745
2.45467	-744
2.45833	-743
2.46200	-742
2.46567	-741
2.46933	-740
2.47300	-739
2.47667	-739
2.48033	-738
2.48400	-738
2.48767	-738
2.49133	-738
2.49500	-739
2.49867	-740
2.50233	-740
2.50600	-740
2.50967	-740
2.51333	-740
2.51700	-740
2.52067	-739
2.52433	-739
2.52800	-739
2.53167	-739
2.53533	-739
2.53900	-739
2.54267	-740
2.54633	-740
2.55000	-740
2.55367	-741
2.55733	-741
2.56100	-741
2.56467	-741
2.56833	-741
2.57200	-741
2.57567	-741
2.57933	-742
2.58300	-742
2.58667	-743
2.59033	-743
2.59400	-743
2.59767	-744
2.60133	-745
2.60500	-745
2.60867	-746
2.61233	-747
2.61600	-747
2.61967	-748
2.62333	-749
2.62700	-749
2.63067	-750
2.63433	-751
2.63800	-752
2.64167	-753
2.64533	-753
2.64900	-754
2.65267	-754
2.65633	-755
2.66000	-755
2.66367	-755
2.66733	-756
2.67100	-756
2.67467	-756
2.67833	-757
2.68200	-758
2.68567	-759
2.68933	-760
2.69300	-761
2.69667	-762
2.70033	-762
2.70400	-763
2.70767	-763
2.71133	-763
2.71500	-764
2.71867	-764
2.72233	-764
2.72600	-764
2.72967	-765
2.73333	-765
2.73700	-766
2.74067	-767
2.74433	-769
2.74800	-770
2.75167	-771
2.75533	-772
2.75900	-773
2.76267	-774
2.76633	-775
2.77000	-776
2.77367	-776
2.77733	-777
2.78100	-777
2.78467	-778
2.78833	-778
2.79200	-778
2.79567	-779
2.79933	-780
2.80300	-780
2.80667	-781
2.81033	-782
2.81400	-783
2.81767	-783
2.82133	-784
2.82500	-785
2.82867	-786
2.83233	-786
2.83600	-787
2.83967	-787
2.84333	-788
2.84700	-789
2.85067	-791
2.85433	-794
2.85800	-798
2.86167	-805
2.86533	-816
2.86900	-830
2.87267	-848
2.87633	-870
2.88000	-898
2.88367	-931
2.88733	-969
2.89100	-1012
2.89467	-1060
2.89833	-1113
2.90200	-1170
2.90567	-1232
2.90933	-1297
2.91300	-1366
2.91667	-1437
2.92033	-1511
2.92400	-1588
2.92767	-1668
2.93133	-1749
2.93500	-1833
2.93867	-1917
2.94233	-2004
2.94600	-2092
2.94967	-2181
2.95333	-2262
2.95700	-2324
2.96067	-2357
2.96433	-2354
2.96800	-2317
2.97167	-2251
2.97533	-2164
2.97900	-2063
2.98267	-1956
2.98633	-1847
2.99000	-1740
2.99367	-1639
2.99733	-1545
3.00100	-1458
3.00467	-1380
3.00833	-1310
3.01200	-1248
3.01567	-1193
3.01933	-1145
3.02300	-1103
3.02667	-1067
3.03033	-1036
3.03400	-1009
3.03767	-986
3.04133	-966
3.04500	-949
3.04867	-935
3.05233	-922
3.05600	-912
3.05967	-903
3.06333	-896
3.06700	-890
3.07067	-884
3.07433	-880
3.07800	-876
3.08167	-873
3.08533	-871
3.08900	-869
3.09267	-867
3.09633	-865
3.10000	-864
3.10367	-863
3.10733	-862
3.11100	-861
3.11467	-860
3.11833	-860
3.12200	-860
3.12567	-860
3.12933	-860
3.13300	-860
3.13667	-860
3.14033	-860
3.14400	-860
3.14767	-861
3.15133	-861
3.15500	-861
3.15867	-862
3.16233	-862
3.16600	-862
3.16967	-863
3.17333	-863
3.17700	-863
3.18067	-864
3.18433	-864
3.18800	-865
3.19167	-865
3.19533	-866
3.19900	-866
3.20267	-866
3.20633	-866
3.21000	-867
3.21367	-867
3.21733	-867
3.22100	-867
3.22467	-868
3.22833	-868
3.23200	-869
3.23567	-869
3.23933	-869
3.24300	-870
3.24667	-870
3.25033	-870
3.25400	-871
3.25767	-871
3.26133	-871
3.26500	-871
3.26867	-872
3.27233	-872
3.27600	-872
3.27967	-873
3.28333	-873
3.28700	-874
3.29067	-874
3.29433	-875
3.29800	-875
3.30167	-875
3.30533	-876
3.30900	-876
3.31267	-877
3.31633	-878
3.32000	-878
3.32367	-879
3.32733	-880
3.33100	-880
3.33467	-881
3.33833	-882
3.34200	-882
3.34567	-883
3.34933	-884
3.35300	-884
3.35667	-885
3.36033	-886
3.36400	-886
3.36767	-887
3.37133	-887
3.37500	-888
3.37867	-888
3.38233	-889
3.38600	-889
3.38967	-890
3.39333	-891
3.39700	-891
3.40067	-892
3.40433	-893
3.40800	-893
3.41167	-894
3.41533	-895
3.41900	-895
3.42267	-896
3.42633	-897
3.43000	-898
3.43367	-898
3.43733	-899
3.44100	-900
3.44467	-900
3.44833	-901
3.45200	-901
3.45567	-902
3.45933	-902
3.46300	-903
3.46667	-904
3.47033	-904
3.47400	-905
3.47767	-906
3.48133	-906
3.48500	-907
3.48867	-908
3.49233	-909
3.49600	-910
3.49967	-911
3.50333	-911
3.50700	-912
3.51067	-913
3.51433	-913
3.51800	-914
3.52167	-914
3.52533	-914
3.52900	-915
3.53267	-916
3.53633	-916
3.54000	-917
3.54367	-917
3.54733	-918
3.55100	-918
3.55467	-919
3.55833	-920
3.56200	-920
3.56567	-921
3.56933	-922
3.57300	-922
3.57667	-923
3.58033	-924
3.58400	-924
3.58767	-925
3.59133	-926
3.59500	-926
3.59867	-927
3.60233	-928
3.60600	-929
3.60967	-930
3.61333	-930
3.61700	-931
3.62067	-932
3.62433	-932
3.62800	-933
3.63167	-933
3.63533	-934
3.63900	-934
3.64267	-935
3.64633	-935
3.65000	-936
3.65367	-936
3.65733	-937
3.66100	-937
3.66467	-937
3.66833	-938
3.67200	-938
3.67567	-939
3.67933	-940
3.68300	-940
3.68667	-941
3.69033	-942
3.69400	-942
3.69767	-943
3.70133	-943
3.70500	-944
3.70867	-944
3.71233	-945
3.71600	-946
3.71967	-946
3.72333	-947
3.72700	-947
3.73067	-948
3.73433	-949
3.73800	-949
3.74167	-950
3.74533	-951
3.74900	-951
3.75267	-952
3.75633	-952
3.76000	-953
3.76367	-953
3.76733	-954
3.77100	-954
3.77467	-954
3.77833	-955
3.78200	-955
3.78567	-956
3.78933	-957
3.79300	-958
3.79667	-958
3.80033	-959
3.80400	-960
3.80767	-960
3.81133	-961
3.81500	-961
3.81867	-961
3.82233	-962
3.82600	-962
3.82967	-963
3.83333	-963
3.83700	-963
3.84067	-964
3.84433	-964
3.84800	-965
3.85167	-966
3.85533	-966
3.85900	-967
3.86267	-968
3.86633	-969
3.87000	-969
3.87367	-970
3.87733	-970
3.88100	-971
3.88467	-972
3.88833	-972
3.89200	-973
3.89567	-973
3.89933	-974
3.90300	-974
3.90667	-975
3.91033	-975
3.91400	-975
3.91767	-976
3.92133	-977
3.92500	-977
3.92867	-978
3.93233	-978
3.93600	-979
3.93967	-980
3.94333	-980
3.94700	-981
3.95067	-982
3.95433	-982
3.95800	-982
3.96167	-983
3.96533	-983
3.96900	-983
3.97267	-984
3.97633	-984
3.98000	-984
3.98367	-985
3.98733	-985
3.99100	-986
3.99467	-986
3.99833	-987

[Chromatogram (Ch3)]
Interval(msec)	220
# of Points	1091
Start Time(min)	0.002
End Time(min)	3.998
R.Time (min)	Intensity
0.00167	0
0.00533	0
0.00900	-0
0.01267	-0
0.01633	-2
0.02000	-1
0.02367	-0
0.02733	-1
0.03100	-2
0.03467	-6
0.03833	-9
0.04200	-11
0.04567	-14
0.04933	-15
0.05300	-15
0.05667	-16
0.06033	-15
0.06400	-15
0.06767	-17
0.07133	-19
0.07500	-18
0.07867	-18
0.08233	-18
0.08600	-17
0.08967	-14
0.09333	-14
0.09700	-15
0.10067	-16
0.10433	-19
0.10800	-22
0.11167	-25
0.11533	-29
0.11900	-30
0.12267	-32
0.12633	-34
0.13000	-32
0.13367	-30
0.13733	-29
0.14100	-30
0.14467	-31
0.14833	-31
0.15200	-32
0.15567	-33
0.15933	-32
0.16300	-33
0.16667	-34
0.17033	-33
0.17400	-35
0.17767	-36
0.18133	-35
0.18500	-35
0.18867	-35
0.19233	-35
0.19600	-37
0.19967	-39
0.20333	-42
0.20700	-44
0.21067	-47
0.21433	-46
0.21800	-46
0.22167	-45
0.22533	-46
0.22900	-46
0.23267	-44
0.23633	-42
0.24000	-41
0.24367	-42
0.24733	-47
0.25100	-49
0.25467	-50
0.25833	-50
0.26200	-52
0.26567	-54
0.26933	-58
0.27300	-59
0.27667	-59
0.28033	-58
0.28400	-55
0.28767	-58
0.29133	-59
0.29500	-60
0.29867	-60
0.30233	-56
0.30600	-55
0.30967	-54
0.31333	-52
0.31700	-53
0.32067	-55
0.32433	-57
0.32800	-58
0.33167	-60
0.33533	-61
0.33900	-62
0.34267	-63
0.34633	-63
0.35000	-63
0.35367	-63
0.35733	-62
0.36100	-60
0.36467	-62
0.36833	-64
0.37200	-66
0.37567	-66
0.37933	-66
0.38300	-68
0.38667	-72
0.39033	-77
0.39400	-79
0.39767	-78
0.40133	-76
0.40500	-72
0.40867	-70
0.41233	-71
0.41600	-73
0.41967	-73
0.42333	-77
0.42700	-81
0.43067	-82
0.43433	-80
0.43800	-77
0.44167	-78
0.44533	-78
0.44900	-78
0.45267	-78
0.45633	-79
0.46000	-79
0.46367	-81
0.46733	-85
0.47100	-89
0.47467	-91
0.47833	-91
0.48200	-90
0.48567	-94
0.48933	-95
0.49300	-95
0.49667	-94
0.50033	-91
0.50400	-90
0.50767	-91
0.51133	-94
0.51500	-99
0.51867	-104
0.52233	-105
0.52600	-103
0.52967	-100
0.53333	-103
0.53700	-103
0.54067	-103
0.54433	-103
0.54800	-104
0.55167	-106
0.55533	-109
0.55900	-109
0.56267	-109
0.56633	-109
0.57000	-108
0.57367	-105
0.57733	-103
0.58100	-102
0.58467	-104
0.58833	-106
0.59200	-109
0.59567	-111
0.59933	-112
0.60300	-114
0.60667	-110
0.61033	-105
0.61400	-104
0.61767	-109
0.62133	-111
0.62500	-113
0.62867	-116
0.63233	-120
0.63600	-121
0.63967	-121
0.64333	-120
0.64700	-119
0.65067	-119
0.65433	-118
0.65800	-120
0.66167	-121
0.66533	-122
0.66900	-123
0.67267	-126
0.67633	-127
0.68000	-126
0.68367	-127
0.68733	-130
0.69100	-130
0.69467	-132
0.69833	-132
0.70200	-129
0.70567	-127
0.70933	-130
0.71300	-131
0.71667	-134
0.72033	-136
0.72400	-135
0.72767	-136
0.73133	-138
0.73500	-138
0.73867	-141
0.74233	-140
0.74600	-139
0.74967	-139
0.75333	-140
0.75700	-137
0.76067	-135
0.76433	-136
0.76800	-140
0.77167	-143
0.77533	-146
0.77900	-149
0.78267	-149
0.78633	-150
0.79000	-150
0.79367	-149
0.79733	-149
0.80100	-153
0.80467	-158
0.80833	-159
0.81200	-159
0.81567	-160
0.81933	-158
0.82300	-157
0.82667	-158
0.83033	-155
0.83400	-154
0.83767	-154
0.84133	-156
0.84500	-158
0.84867	-157
0.85233	-160
0.85600	-163
0.85967	-164
0.86333	-165
0.86700	-167
0.87067	-168
0.87433	-170
0.87800	-171
0.88167	-172
0.88533	-174
0.88900	-176
0.89267	-180
0.89633	-180
0.90000	-180
0.90367	-179
0.90733	-180
0.91100	-181
0.91467	-178
0.91833	-174
0.92200	-174
0.92567	-174
0.92933	-176
0.93300	-178
0.93667	-178
0.94033	-177
0.94400	-180
0.94767	-183
0.95133	-183
0.95500	-181
0.95867	-181
0.96233	-181
0.96600	-181
0.96967	-183
0.97333	-184
0.97700	-181
0.98067	-179
0.98433	-183
0.98800	-185
0.99167	-187
0.99533	-188
0.99900	-189
1.00267	-189
1.00633	-191
1.01000	-193
1.01367	-196
1.01733	-196
1.02100	-196
1.02467	-196
1.02833	-197
1.03200	-199
1.03567	-200
1.03933	-201
1.04300	-200
1.04667	-199
1.05033	-200
1.05400	-200
1.05767	-200
1.06133	-202
1.06500	-204
1.06867	-205
1.07233	-204
1.07600	-206
1.07967	-209
1.08333	-208
1.08700	-208
1.09067	-207
1.09433	-206
1.09800	-205
1.10167	-207
1.10533	-209
1.10900	-213
1.11267	-216
1.11633	-223
1.12000	-227
1.12367	-229
1.12733	-230
1.13100	-229
1.13467	-228
1.13833	-226
1.14200	-226
1.14567	-223
1.14933	-222
1.15300	-224
1.15667	-226
1.16033	-228
1.16400	-227
1.16767	-226
1.17133	-225
1.17500	-225
1.17867	-225
1.18233	-226
1.18600	-226
1.18967	-229
1.19333	-230
1.19700	-231
1.20067	-231
1.20433	-233
1.20800	-234
1.21167	-232
1.21533	-231
1.21900	-230
1.22267	-231
1.22633	-231
1.23000	-231
1.23367	-233
1.23733	-236
1.24100	-241
1.24467	-245
1.24833	-247
1.25200	-246
1.25567	-245
1.25933	-246
1.26300	-245
1.26667	-245
1.27033	-245
1.27400	-247
1.27767	-251
1.28133	-253
1.28500	-254
1.28867	-253
1.29233	-253
1.29600	-254
1.29967	-254
1.30333	-253
1.30700	-253
1.31067	-255
1.31433	-257
1.31800	-259
1.32167	-261
1.32533	-260
1.32900	-256
1.33267	-257
1.33633	-262
1.34000	-264
1.34367	-264
1.34733	-264
1.35100	-263
1.35467	-262
1.35833	-262
1.36200	-259
1.36567	-259
1.36933	-261
1.37300	-264
1.37667	-266
1.38033	-267
1.38400	-266
1.38767	-265
1.39133	-266
1.39500	-270
1.39867	-272
1.40233	-273
1.40600	-272
1.40967	-273
1.41333	-272
1.41700	-271
1.42067	-270
1.42433	-271
1.42800	-272
1.43167	-273
1.43533	-274
1.43900	-274
1.44267	-276
1.44633	-278
1.45000	-277
1.45367	-275
1.45733	-275
1.46100	-277
1.46467	-279
1.46833	-280
1.47200	-280
1.47567	-279
1.47933	-280
1.48300	-279
1.48667	-282
1.49033	-285
1.49400	-288
1.49767	-289
1.50133	-288
1.50500	-285
1.50867	-283
1.51233	-285
1.51600	-289
1.51967	-290
1.52333	-288
1.52700	-289
1.53067	-288
1.53433	-288
1.53800	-291
1.54167	-294
1.54533	-294
1.54900	-293
1.55267	-292
1.55633	-291
1.56000	-292
1.56367	-293
1.56733	-292
1.57100	-292
1.57467	-295
1.57833	-296
1.58200	-297
1.58567	-298
1.58933	-298
1.59300	-298
1.59667	-297
1.60033	-300
1.60400	-301
1.60767	-303
1.61133	-303
1.61500	-303
1.61867	-300
1.62233	-296
1.62600	-296
1.62967	-299
1.63333	-302
1.63700	-304
1.64067	-301
1.64433	-298
1.64800	-298
1.65167	-298
1.65533	-297
1.65900	-297
1.66267	-297
1.66633	-293
1.67000	-289
1.67367	-286
1.67733	-283
1.68100	-281
1.68467	-279
1.68833	-281
1.69200	-283
1.69567	-282
1.69933	-281
1.70300	-284
1.70667	-284
1.71033	-285
1.71400	-287
1.71767	-286
1.72133	-283
1.72500	-282
1.72867	-282
1.73233	-283
1.73600	-282
1.73967	-282
1.74333	-282
1.74700	-279
1.75067	-277
1.75433	-277
1.75800	-279
1.76167	-280
1.76533	-278
1.76900	-277
1.77267	-275
1.77633	-274
1.78000	-271
1.78367	-271
1.78733	-272
1.79100	-272
1.79467	-272
1.79833	-273
1.80200	-272
1.80567	-269
1.80933	-264
1.81300	-261
1.81667	-261
1.82033	-261
1.82400	-260
1.82767	-258
1.83133	-260
1.83500	-261
1.83867	-262
1.84233	-262
1.84600	-263
1.84967	-263
1.85333	-259
1.85700	-256
1.86067	-254
1.86433	-253
1.86800	-251
1.87167	-251
1.87533	-248
1.87900	-248
1.88267	-248
1.88633	-249
1.89000	-247
1.89367	-243
1.89733	-238
1.90100	-231
1.90467	-228
1.90833	-228
1.91200	-230
1.91567	-232
1.91933	-232
1.92300	-229
1.92667	-226
1.93033	-226
1.93400	-226
1.93767	-226
1.94133	-226
1.94500	-223
1.94867	-220
1.95233	-220
1.95600	-221
1.95967	-219
1.96333	-215
1.96700	-210
1.97067	-206
1.97433	-203
1.97800	-203
1.98167	-203
1.98533	-203
1.98900	-205
1.99267	-206
1.99633	-204
2.00000	-203
2.00367	-200
2.00733	-197
2.01100	-195
2.01467	-189
2.01833	-185
2.02200	-182
2.02567	-181
2.02933	-181
2.03300	-180
2.03667	-180
2.04033	-178
2.04400	-177
2.04767	-175
2.05133	-172
2.05500	-170
2.05867	-168
2.06233	-166
2.06600	-164
2.06967	-164
2.07333	-164
2.07700	-163
2.08067	-165
2.08433	-163
2.08800	-159
2.09167	-157
2.09533	-156
2.09900	-156
2.10267	-153
2.10633	-150
2.11000	-148
2.11367	-147
2.11733	-142
2.12100	-133
2.12467	-126
2.12833	-121
2.13200	-118
2.13567	-118
2.13933	-122
2.14300	-126
2.14667	-126
2.15033	-123
2.15400	-119
2.15767	-116
2.16133	-110
2.16500	-106
2.16867	-106
2.17233	-103
2.17600	-101
2.17967	-99
2.18333	-95
2.18700	-96
2.19067	-95
2.19433	-93
2.19800	-92
2.20167	-86
2.20533	-83
2.20900	-78
2.21267	-74
2.21633	-71
2.22000	-71
2.22367	-65
2.22733	-61
2.23100	-57
2.23467	-58
2.23833	-56
2.24200	-51
2.24567	-46
2.24933	-43
2.25300	-37
2.25667	-34
2.26033	-33
2.26400	-34
2.26767	-34
2.27133	-33
2.27500	-34
2.27867	-33
2.28233	-31
2.28600	-29
2.28967	-26
2.29333	-22
2.29700	-19
2.30067	-17
2.30433	-15
2.30800	-12
2.31167	-11
2.31533	-7
2.31900	-2
2.32267	3
2.32633	5
2.33000	8
2.33367	9
2.33733	9
2.34100	9
2.34467	12
2.34833	15
2.35200	15
2.35567	19
2.35933	22
2.36300	25
2.36667	29
2.37033	31
2.37400	32
2.37767	35
2.38133	38
2.38500	36
2.38867	32
2.39233	30
2.39600	31
2.39967	35
2.40333	38
2.40700	42
2.41067	46
2.41433	48
2.41800	49
2.42167	48
2.42533	50
2.42900	50
2.43267	51
2.43633	55
2.44000	60
2.44367	79
2.44733	123
2.45100	171
2.45467	204
2.45833	217
2.46200	222
2.46567	225
2.46933	223
2.47300	214
2.47667	197
2.48033	176
2.48400	153
2.48767	133
2.49133	123
2.49500	117
2.49867	114
2.50233	111
2.50600	103
2.50967	92
2.51333	80
2.51700	67
2.52067	53
2.52433	43
2.52800	35
2.53167	29
2.53533	25
2.53900	25
2.54267	25
2.54633	26
2.55000	30
2.55367	36
2.55733	41
2.56100	44
2.56467	47
2.56833	53
2.57200	59
2.57567	66
2.57933	70
2.58300	73
2.58667	72
2.59033	68
2.59400	65
2.59767	60
2.60133	51
2.60500	38
2.60867	16
2.61233	-11
2.61600	-44
2.61967	-80
2.62333	-118
2.62700	-152
2.63067	-184
2.63433	-210
2.63800	-237
2.64167	-261
2.64533	-279
2.64900	-290
2.65267	-294
2.65633	-294
2.66000	-295
2.66367	-291
2.66733	-286
2.67100	-280
2.67467	-269
2.67833	-257
2.68200	-250
2.68567	-241
2.68933	-232
2.69300	-229
2.69667	-229
2.70033	-230
2.70400	-228
2.70767	-229
2.71133	-230
2.71500	-231
2.71867	-231
2.72233	-231
2.72600	-231
2.72967	-231
2.73333	-232
2.73700	-236
2.74067	-242
2.74433	-248
2.74800	-251
2.75167	-255
2.75533	-259
2.75900	-261
2.76267	-265
2.76633	-268
2.77000	-273
2.77367	-277
2.77733	-281
2.78100	-287
2.78467	-292
2.78833	-298
2.79200	-305
2.79567	-311
2.79933	-310
2.80300	-311
2.80667	-316
2.81033	-321
2.81400	-322
2.81767	-322
2.82133	-322
2.82500	-312
2.82867	-280
2.83233	-194
2.83600	-13
2.83967	324
2.84333	884
2.84700	1730
2.85067	2882
2.85433	4326
2.85800	5995
2.86167	7779
2.86533	9553
2.86900	11175
2.87267	12519
2.87633	13487
2.88000	14030
2.88367	14148
2.88733	13882
2.89100	13302
2.89467	12491
2.89833	11530
2.90200	10491
2.90567	9437
2.90933	8405
2.91300	7422
2.91667	6509
2.92033	5673
2.92400	4915
2.92767	4237
2.93133	3636
2.93500	3105
2.93867	2637
2.94233	2226
2.94600	1868
2.94967	1563
2.95333	1296
2.95700	1064
2.96067	861
2.96433	685
2.96800	535
2.97167	407
2.97533	297
2.97900	201
2.98267	118
2.98633	47
2.99000	-16
2.99367	-71
2.99733	-116
3.00100	-153
3.00467	-186
3.00833	-213
3.01200	-237
3.01567	-259
3.01933	-277
3.02300	-293
3.02667	-305
3.03033	-317
3.03400	-325
3.03767	-332
3.04133	-342
3.04500	-350
3.04867	-354
3.05233	-359
3.05600	-366
3.05967	-370
3.06333	-372
3.06700	-372
3.07067	-370
3.07433	-367
3.07800	-367
3.08167	-366
3.08533	-369
3.08900	-374
3.09267	-375
3.09633	-376
3.10000	-379
3.10367	-383
3.10733	-383
3.11100	-384
3.11467	-384
3.11833	-383
3.12200	-383
3.12567	-384
3.12933	-387
3.13300	-391
3.13667	-396
3.14033	-397
3.14400	-394
3.14767	-392
3.15133	-390
3.15500	-388
3.15867	-388
3.16233	-391
3.16600	-397
3.16967	-399
3.17333	-398
3.17700	-397
3.18067	-395
3.18433	-397
3.18800	-398
3.19167	-401
3.19533	-403
3.19900	-404
3.20267	-403
3.20633	-405
3.21000	-407
3.21367	-411
3.21733	-411
3.22100	-411
3.22467	-416
3.22833	-418
3.23200	-420
3.23567	-423
3.23933	-424
3.24300	-426
3.24667	-427
3.25033	-429
3.25400	-433
3.25767	-438
3.26133	-441
3.26500	-444
3.26867	-444
3.27233	-445
3.27600	-451
3.27967	-457
3.28333	-460
3.28700	-461
3.29067	-461
3.29433	-462
3.29800	-463
3.30167	-463
3.30533	-461
3.30900	-459
3.31267	-458
3.31633	-461
3.32000	-464
3.32367	-468
3.32733	-469
3.33100	-470
3.33467	-472
3.33833	-473
3.34200	-474
3.34567	-478
3.34933	-483
3.35300	-486
3.35667	-486
3.36033	-486
3.36400	-486
3.36767	-488
3.37133	-489
3.37500	-491
3.37867	-495
3.38233	-496
3.38600	-498
3.38967	-503
3.39333	-507
3.39700	-508
3.40067	-505
3.40433	-502
3.40800	-503
3.41167	-506
3.41533	-508
3.41900	-511
3.42267	-510
3.42633	-509
3.43000	-505
3.43367	-504
3.43733	-509
3.44100	-512
3.44467	-514
3.44833	-513
3.45200	-511
3.45567	-514
3.45933	-515
3.46300	-517
3.46667	-516
3.47033	-515
3.47400	-514
3.47767	-516
3.48133	-520
3.48500	-521
3.48867	-520
3.49233	-518
3.49600	-519
3.49967	-520
3.50333	-519
3.50700	-520
3.51067	-519
3.51433	-519
3.51800	-518
3.52167	-516
3.52533	-516
3.52900	-520
3.53267	-527
3.53633	-531
3.54000	-533
3.54367	-533
3.54733	-534
3.55100	-531
3.55467	-528
3.55833	-528
3.56200	-528
3.56567	-530
3.56933	-531
3.57300	-531
3.57667	-532
3.58033	-529
3.58400	-527
3.58767	-526
3.59133	-525
3.59500	-524
3.59867	-526
3.60233	-529
3.60600	-530
3.60967	-531
3.61333	-535
3.61700	-538
3.62067	-538
3.62433	-536
3.62800	-534
3.63167	-529
3.63533	-526
3.63900	-526
3.64267	-527
3.64633	-525
3.65000	-527
3.65367	-531
3.65733	-535
3.66100	-536
3.66467	-537
3.66833	-536
3.67200	-534
3.67567	-533
3.67933	-532
3.68300	-533
3.68667	-533
3.69033	-534
3.69400	-536
3.69767	-538
3.70133	-542
3.70500	-542
3.70867	-539
3.71233	-539
3.71600	-539
3.71967	-542
3.72333	-544
3.72700	-543
3.73067	-544
3.73433	-546
3.73800	-545
3.74167	-543
3.74533	-543
3.74900	-542
3.75267	-542
3.75633	-539
3.76000	-539
3.76367	-540
3.76733	-543
3.77100	-545
3.77467	-545
3.77833	-548
3.78200	-549
3.78567	-550
3.78933	-550
3.79300	-549
3.79667	-549
3.80033	-548
3.80400	-546
3.80767	-547
3.81133	-547
3.81500	-545
3.81867	-546
3.82233	-549
3.82600	-549
3.82967	-549
3.83333	-547
3.83700	-546
3.84067	-543
3.84433	-543
3.84800	-544
3.85167	-546
3.85533	-547
3.85900	-549
3.86267	-549
3.86633	-547
3.87000	-546
3.87367	-544
3.87733	-541
3.88100	-538
3.88467	-538
3.88833	-538
3.89200	-539
3.89567	-545
3.89933	-552
3.90300	-557
3.90667	-555
3.91033	-552
3.91400	-550
3.91767	-548
3.92133	-550
3.92500	-551
3.92867	-549
3.93233	-549
3.93600	-549
3.93967	-551
3.94333	-555
3.94700	-556
3.95067	-552
3.95433	-549
3.95800	-550
3.96167	-554
3.96533	-556
3.96900	-554
3.97267	-552
3.97633	-551
3.98000	-553
3.98367	-551
3.98733	-547
3.99100	-544
3.99467	-545
3.99833	-552

[Status Trace (Column Oven Temperature)]
Interval(msec)	1000
# of Points	240
Start Time(min)	0.003
End Time(min)	3.986
Intensity Units	
Intensity Multiplier	1
R.Time (min)	Intensity
0.00283	35.01
0.01950	34.99
0.03617	35.00
0.05283	35.01
0.06950	35.02
0.08617	35.02
0.10283	35.01
0.11950	35.01
0.13617	35.01
0.15283	35.01
0.16950	35.00
0.18617	35.00
0.20283	35.00
0.21950	35.00
0.23617	34.99
0.25283	34.99
0.26950	35.00
0.28617	35.00
0.30283	35.01
0.31950	35.00
0.33617	34.99
0.35283	34.99
0.36950	34.99
0.38617	34.99
0.40283	34.99
0.41950	35.00
0.43617	35.00
0.45283	34.99
0.46950	35.00
0.48617	35.00
0.50283	34.99
0.51950	34.99
0.53617	34.99
0.55283	35.00
0.56950	35.01
0.58617	35.01
0.60283	35.01
0.61950	35.02
0.63617	35.02
0.65283	35.02
0.66950	35.02
0.68617	35.01
0.70283	35.01
0.71950	35.01
0.73617	35.01
0.75283	35.01
0.76950	35.00
0.78617	35.00
0.80283	35.00
0.81950	35.00
0.83617	35.00
0.85283	35.00
0.86950	35.01
0.88617	35.01
0.90283	35.01
0.91950	35.01
0.93617	35.00
0.95283	35.00
0.96950	35.00
0.98617	34.99
1.00283	34.99
1.01950	35.00
1.03617	34.99
1.05283	35.00
1.06950	34.99
1.08617	34.99
1.10283	34.98
1.11950	34.99
1.13617	34.99
1.15283	35.00
1.16950	35.00
1.18617	34.99
1.20283	35.00
1.21950	35.00
1.23617	35.00
1.25283	35.01
1.26950	35.01
1.28617	35.01
1.30283	35.01
1.31950	35.01
1.33617	35.01
1.35283	35.00
1.36950	35.00
1.38617	35.00
1.40283	35.00
1.41950	35.00
1.43617	34.99
1.45283	34.99
1.46950	34.99
1.48617	35.00
1.50283	34.99
1.51950	34.99
1.53617	34.99
1.55283	35.00
1.56950	35.00
1.58617	35.01
1.60283	35.05
1.61950	35.15
1.63617	35.31
1.65283	35.54
1.66950	35.85
1.68617	36.22
1.70283	36.57
1.71950	36.90
1.73617	37.25
1.75283	37.59
1.76950	37.91
1.78617	38.24
1.80283	38.58
1.81950	38.91
1.83617	39.24
1.85283	39.56
1.86950	39.90
1.88617	40.23
1.90283	40.57
1.91950	40.89
1.93617	41.22
1.95283	41.55
1.96950	41.87
1.98617	42.20
2.00283	42.52
2.01950	42.83
2.03617	43.16
2.05283	43.49
2.06950	43.81
2.08617	44.14
2.10283	44.45
2.11950	44.78
2.13617	45.11
2.15283	45.44
2.16950	45.79
2.18617	46.10
2.20283	46.43
2.21950	46.74
2.23617	47.09
2.25283	47.42
2.26950	47.74
2.28617	48.07
2.30283	48.40
2.31950	48.73
2.33617	49.04
2.35283	49.38
2.36950	49.65
2.38617	49.78
2.40283	49.78
2.41950	49.77
2.43617	49.79
2.45283	49.79
2.46950	49.79
2.48617	49.81
2.50283	49.85
2.51950	49.84
2.53617	49.84
2.55283	49.83
2.56950	49.83
2.58617	49.83
2.60283	49.84
2.61950	49.83
2.63617	49.85
2.65283	49.85
2.66950	49.84
2.68617	49.87
2.70283	49.86
2.71950	49.85
2.73617	49.86
2.75283	49.88
2.76950	49.88
2.78617	49.88
2.80283	49.89
2.81950	49.89
2.83617	49.89
2.85283	49.90
2.86950	49.91
2.88617	49.91
2.90283	49.93
2.91950	49.95
2.93617	49.96
2.95283	49.97
2.96950	49.98
2.98617	49.99
3.00283	50.00
3.01950	50.00
3.03617	50.01
3.05283	50.02
3.06950	50.04
3.08617	50.04
3.10283	50.05
3.11950	50.06
3.13617	50.07
3.15283	50.08
3.16950	50.08
3.18617	50.10
3.20283	50.10
3.21950	50.10
3.23617	50.11
3.25283	50.10
3.26950	50.08
3.28617	50.07
3.30283	50.06
3.31950	50.05
3.33617	50.05
3.35283	50.05
3.36950	50.04
3.38617	50.03
3.40283	50.02
3.41950	50.03
3.43617	50.03
3.45283	50.03
3.46950	50.03
3.48617	50.04
3.50283	50.05
3.51950	50.04
3.53617	50.04
3.55283	50.04
3.56950	50.03
3.58617	50.05
3.60283	50.06
3.61950	50.06
3.63617	50.07
3.65283	50.08
3.66950	50.07
3.68617	50.07
3.70283	50.07
3.71950	50.07
3.73617	50.07
3.75283	50.08
3.76950	50.08
3.78617	50.09
3.80283	50.09
3.81950	50.08
3.83617	50.08
3.85283	50.08
3.86950	50.08
3.88617	50.08
3.90283	50.08
3.91950	50.08
3.93617	50.09
3.95283	50.08
3.96950	50.08
3.98617	50.07

[Status Trace (Injection Unit Temperature)]
Interval(msec)	1000
# of Points	240
Start Time(min)	0.003
End Time(min)	3.986
Intensity Units	
Intensity Multiplier	1
R.Time (min)	Intensity
0.00283	100.01
0.01950	100.01
0.03617	100.01
0.05283	100.01
0.06950	100.01
0.08617	100.01
0.10283	100.01
0.11950	100.01
0.13617	100.01
0.15283	100.01
0.16950	100.01
0.18617	100.01
0.20283	100.01
0.21950	100.01
0.23617	100.01
0.25283	100.01
0.26950	100.00
0.28617	100.01
0.30283	100.01
0.31950	100.01
0.33617	100.01
0.35283	100.01
0.36950	100.01
0.38617	100.01
0.40283	100.00
0.41950	100.01
0.43617	100.01
0.45283	100.01
0.46950	100.01
0.48617	100.01
0.50283	100.01
0.51950	100.01
0.53617	100.01
0.55283	100.01
0.56950	100.01
0.58617	100.01
0.60283	100.01
0.61950	100.01
0.63617	100.01
0.65283	100.01
0.66950	100.01
0.68617	99.99
0.70283	100.01
0.71950	100.01
0.73617	100.01
0.75283	100.01
0.76950	100.01
0.78617	100.01
0.80283	100.01
0.81950	100.01
0.83617	100.01
0.85283	100.01
0.86950	100.01
0.88617	100.01
0.90283	100.01
0.91950	100.01
0.93617	100.01
0.95283	100.01
0.96950	100.01
0.98617	100.01
1.00283	100.01
1.01950	100.01
1.03617	100.01
1.05283	100.01
1.06950	100.01
1.08617	100.01
1.10283	100.00
1.11950	100.01
1.13617	100.00
1.15283	100.01
1.16950	100.01
1.18617	100.00
1.20283	100.01
1.21950	100.01
1.23617	100.01
1.25283	100.00
1.26950	100.01
1.28617	100.01
1.30283	100.01
1.31950	100.01
1.33617	100.00
1.35283	100.01
1.36950	100.01
1.38617	100.01
1.40283	100.00
1.41950	100.01
1.43617	100.00
1.45283	100.00
1.46950	100.00
1.48617	100.01
1.50283	100.00
1.51950	100.00
1.53617	100.00
1.55283	100.00
1.56950	100.00
1.58617	100.00
1.60283	99.99
1.61950	100.00
1.63617	100.00
1.65283	100.00
1.66950	100.00
1.68617	100.00
1.70283	100.00
1.71950	100.00
1.73617	100.00
1.75283	100.00
1.76950	100.00
1.78617	99.99
1.80283	100.00
1.81950	100.00
1.83617	100.00
1.85283	99.99
1.86950	100.00
1.88617	99.99
1.90283	100.00
1.91950	100.00
1.93617	100.00
1.95283	99.99
1.96950	99.99
1.98617	99.99
2.00283	99.99
2.01950	99.99
2.03617	99.99
2.05283	99.98
2.06950	99.99
2.08617	99.98
2.10283	99.99
2.11950	99.98
2.13617	99.98
2.15283	99.98
2.16950	99.98
2.18617	99.98
2.20283	99.99
2.21950	99.99
2.23617	99.98
2.25283	99.98
2.26950	99.98
2.28617	99.98
2.30283	99.99
2.31950	99.99
2.33617	99.98
2.35283	99.98
2.36950	99.98
2.38617	99.98
2.40283	99.99
2.41950	99.99
2.43617	99.99
2.45283	99.98
2.46950	99.99
2.48617	99.99
2.50283	99.99
2.51950	99.98
2.53617	99.99
2.55283	99.99
2.56950	99.99
2.58617	99.99
2.60283	100.00
2.61950	100.00
2.63617	100.00
2.65283	99.99
2.66950	100.00
2.68617	100.00
2.70283	100.01
2.71950	100.01
2.73617	100.01
2.75283	100.00
2.76950	100.01
2.78617	100.01
2.80283	100.01
2.81950	100.02
2.83617	100.01
2.85283	100.01
2.86950	100.01
2.88617	100.02
2.90283	100.02
2.91950	100.02
2.93617	100.02
2.95283	100.02
2.96950	100.02
2.98617	100.03
3.00283	100.03
3.01950	100.03
3.03617	100.03
3.05283	100.03
3.06950	100.03
3.08617	100.03
3.10283	100.04
3.11950	100.04
3.13617	100.03
3.15283	100.04
3.16950	100.04
3.18617	100.04
3.20283	100.04
3.21950	100.04
3.23617	100.05
3.25283	100.04
3.26950	100.05
3.28617	100.05
3.30283	100.04
3.31950	100.05
3.33617	100.05
3.35283	100.05
3.36950	100.05
3.38617	100.05
3.40283	100.05
3.41950	100.05
3.43617	100.06
3.45283	100.05
3.46950	100.06
3.48617	100.06
3.50283	100.06
3.51950	100.06
3.53617	100.06
3.55283	100.06
3.56950	100.06
3.58617	100.06
3.60283	100.06
3.61950	100.06
3.63617	100.06
3.65283	100.06
3.66950	100.06
3.68617	100.06
3.70283	100.06
3.71950	100.06
3.73617	100.06
3.75283	100.06
3.76950	100.05
3.78617	100.06
3.80283	100.05
3.81950	100.05
3.83617	100.06
3.85283	100.05
3.86950	100.05
3.88617	100.05
3.90283	100.05
3.91950	100.05
3.93617	100.05
3.95283	100.05
3.96950	100.05
3.98617	100.05

[Status Trace (Carrier Gas Pressure)]
Interval(msec)	1000
# of Points	240
Start Time(min)	0.003
End Time(min)	3.986
Intensity Units	
Intensity Multiplier	1
R.Time (min)	Intensity
0.00283	58.00
0.01950	56.26
0.03617	56.42
0.05283	58.59
0.06950	59.76
0.08617	58.20
0.10283	57.98
0.11950	58.01
0.13617	58.01
0.15283	58.01
0.16950	58.00
0.18617	58.00
0.20283	58.00
0.21950	58.00
0.23617	58.00
0.25283	58.00
0.26950	58.00
0.28617	58.00
0.30283	58.00
0.31950	58.00
0.33617	58.00
0.35283	58.00
0.36950	58.00
0.38617	58.00
0.40283	58.00
0.41950	58.00
0.43617	58.00
0.45283	58.00
0.46950	58.00
0.48617	58.00
0.50283	58.00
0.51950	58.00
0.53617	58.00
0.55283	58.00
0.56950	58.00
0.58617	58.00
0.60283	58.00
0.61950	58.00
0.63617	58.00
0.65283	58.00
0.66950	58.00
0.68617	58.00
0.70283	58.00
0.71950	58.00
0.73617	58.00
0.75283	58.00
0.76950	58.00
0.78617	58.00
0.80283	58.00
0.81950	58.00
0.83617	58.00
0.85283	58.00
0.86950	58.00
0.88617	58.00
0.90283	58.00
0.91950	58.00
0.93617	58.00
0.95283	58.00
0.96950	58.00
0.98617	58.00
1.00283	58.00
1.01950	58.00
1.03617	58.00
1.05283	58.00
1.06950	58.00
1.08617	58.00
1.10283	58.00
1.11950	58.00
1.13617	58.00
1.15283	58.00
1.16950	58.00
1.18617	58.00
1.20283	58.00
1.21950	58.00
1.23617	58.00
1.25283	58.00
1.26950	58.00
1.28617	58.00
1.30283	58.00
1.31950	58.00
1.33617	58.00
1.35283	58.00
1.36950	58.00
1.38617	58.00
1.40283	58.00
1.41950	58.00
1.43617	58.00
1.45283	58.00
1.46950	58.00
1.48617	58.00
1.50283	58.00
1.51950	58.00
1.53617	58.00
1.55283	58.00
1.56950	58.00
1.58617	58.00
1.60283	58.00
1.61950	58.00
1.63617	58.00
1.65283	58.00
1.66950	58.01
1.68617	58.01
1.70283	58.00
1.71950	58.00
1.73617	58.00
1.75283	58.00
1.76950	58.00
1.78617	58.00
1.80283	58.00
1.81950	58.00
1.83617	58.00
1.85283	58.00
1.86950	58.00
1.88617	58.00
1.90283	58.00
1.91950	58.00
1.93617	58.00
1.95283	58.00
1.96950	58.00
1.98617	58.00
2.00283	58.00
2.01950	58.00
2.03617	58.00
2.05283	58.00
2.06950	58.00
2.08617	58.00
2.10283	58.00
2.11950	58.00
2.13617	58.00
2.15283	58.00
2.16950	58.00
2.18617	58.00
2.20283	58.00
2.21950	58.00
2.23617	58.00
2.25283	58.00
2.26950	58.00
2.28617	58.00
2.30283	58.00
2.31950	58.00
2.33617	58.00
2.35283	58.00
2.36950	58.00
2.38617	57.99
2.40283	57.99
2.41950	58.00
2.43617	58.00
2.45283	58.00
2.46950	58.00
2.48617	58.00
2.50283	57.99
2.51950	58.00
2.53617	57.99
2.55283	58.00
2.56950	58.00
2.58617	58.00
2.60283	58.00
2.61950	58.00
2.63617	58.00
2.65283	58.00
2.66950	58.00
2.68617	58.00
2.70283	58.00
2.71950	58.00
2.73617	58.00
2.75283	58.00
2.76950	58.00
2.78617	58.00
2.80283	58.00
2.81950	58.00
2.83617	58.00
2.85283	58.00
2.86950	58.00
2.88617	58.00
2.90283	58.00
2.91950	58.00
2.93617	58.00
2.95283	58.00
2.96950	58.00
2.98617	58.00
3.00283	58.00
3.01950	58.00
3.03617	58.00
3.05283	58.00
3.06950	58.00
3.08617	58.00
3.10283	58.00
3.11950	58.00
3.13617	58.00
3.15283	58.00
3.16950	58.00
3.18617	58.00
3.20283	58.00
3.21950	58.00
3.23617	58.00
3.25283	58.00
3.26950	58.00
3.28617	58.00
3.30283	58.00
3.31950	58.00
3.33617	58.00
3.35283	58.00
3.36950	58.00
3.38617	58.00
3.40283	58.00
3.41950	58.00
3.43617	58.00
3.45283	58.00
3.46950	58.00
3.48617	58.00
3.50283	58.00
3.51950	58.00
3.53617	58.00
3.55283	58.00
3.56950	58.00
3.58617	58.00
3.60283	58.00
3.61950	58.00
3.63617	58.00
3.65283	58.00
3.66950	58.00
3.68617	58.00
3.70283	58.00
3.71950	58.00
3.73617	58.00
3.75283	58.00
3.76950	58.00
3.78617	58.00
3.80283	58.00
3.81950	58.00
3.83617	58.00
3.85283	58.00
3.86950	58.00
3.88617	58.00
3.90283	58.00
3.91950	58.00
3.93617	58.00
3.95283	58.00
3.96950	58.00
3.98617	58.00

[Status Trace (Carrier Gas Flow)]
Interval(msec)	1000
# of Points	240
Start Time(min)	0.003
End Time(min)	3.986
Intensity Units	
Intensity Multiplier	1
R.Time (min)	Intensity
0.00283	34.52
0.01950	34.61
0.03617	34.55
0.05283	34.54
0.06950	34.49
0.08617	34.52
0.10283	34.52
0.11950	34.52
0.13617	34.52
0.15283	34.52
0.16950	34.52
0.18617	34.52
0.20283	34.53
0.21950	34.52
0.23617	34.52
0.25283	34.52
0.26950	34.52
0.28617	34.52
0.30283	34.52
0.31950	34.52
0.33617	34.52
0.35283	34.52
0.36950	34.52
0.38617	34.52
0.40283	34.52
0.41950	34.52
0.43617	34.52
0.45283	34.52
0.46950	34.52
0.48617	34.52
0.50283	34.51
0.51950	34.52
0.53617	34.52
0.55283	34.52
0.56950	34.52
0.58617	34.52
0.60283	34.52
0.61950	34.52
0.63617	34.52
0.65283	34.52
0.66950	34.52
0.68617	34.52
0.70283	34.52
0.71950	34.52
0.73617	34.52
0.75283	34.52
0.76950	34.52
0.78617	34.51
0.80283	34.52
0.81950	34.53
0.83617	34.51
0.85283	34.51
0.86950	34.52
0.88617	34.52
0.90283	34.52
0.91950	34.52
0.93617	34.52
0.95283	34.52
0.96950	34.52
0.98617	34.52
1.00283	34.52
1.01950	34.52
1.03617	34.52
1.05283	34.52
1.06950	34.52
1.08617	34.52
1.10283	34.52
1.11950	34.51
1.13617	34.52
1.15283	34.53
1.16950	34.52
1.18617	34.52
1.20283	34.52
1.21950	34.52
1.23617	34.52
1.25283	34.52
1.26950	34.52
1.28617	34.52
1.30283	34.52
1.31950	34.52
1.33617	34.52
1.35283	34.52
1.36950	34.52
1.38617	34.52
1.40283	34.52
1.41950	34.52
1.43617	34.52
1.45283	34.51
1.46950	34.52
1.48617	34.52
1.50283	34.52
1.51950	34.52
1.53617	34.52
1.55283	34.52
1.56950	34.52
1.58617	34.52
1.60283	34.52
1.61950	34.52
1.63617	34.52
1.65283	34.52
1.66950	34.52
1.68617	34.52
1.70283	34.52
1.71950	34.52
1.73617	34.52
1.75283	34.52
1.76950	34.52
1.78617	34.52
1.80283	34.52
1.81950	34.51
1.83617	34.52
1.85283	34.52
1.86950	34.52
1.88617	34.52
1.90283	34.52
1.91950	34.52
1.93617	34.52
1.95283	34.52
1.96950	34.52
1.98617	34.52
2.00283	34.52
2.01950	34.52
2.03617	34.52
2.05283	34.52
2.06950	34.52
2.08617	34.53
2.10283	34.52
2.11950	34.52
2.13617	34.52
2.15283	34.52
2.16950	34.52
2.18617	34.52
2.20283	34.52
2.21950	34.52
2.23617	34.52
2.25283	34.52
2.26950	34.52
2.28617	34.52
2.30283	34.52
2.31950	34.52
2.33617	34.52
2.35283	34.52
2.36950	34.52
2.38617	34.53
2.40283	34.52
2.41950	34.52
2.43617	34.52
2.45283	34.52
2.46950	34.52
2.48617	34.52
2.50283	34.57
2.51950	34.52
2.53617	34.51
2.55283	34.52
2.56950	34.52
2.58617	34.51
2.60283	34.51
2.61950	34.52
2.63617	34.53
2.65283	34.52
2.66950	34.52
2.68617	34.52
2.70283	34.52
2.71950	34.52
2.73617	34.52
2.75283	34.52
2.76950	34.52
2.78617	34.52
2.80283	34.52
2.81950	34.52
2.83617	34.52
2.85283	34.52
2.86950	34.52
2.88617	34.52
2.90283	34.52
2.91950	34.52
2.93617	34.52
2.95283	34.52
2.96950	34.51
2.98617	34.52
3.00283	34.52
3.01950	34.52
3.03617	34.52
3.05283	34.52
3.06950	34.52
3.08617	34.52
3.10283	34.52
3.11950	34.52
3.13617	34.52
3.15283	34.52
3.16950	34.52
3.18617	34.52
3.20283	34.52
3.21950	34.52
3.23617	34.52
3.25283	34.52
3.26950	34.52
3.28617	34.52
3.30283	34.51
3.31950	34.53
3.33617	34.51
3.35283	34.52
3.36950	34.52
3.38617	34.52
3.40283	34.52
3.41950	34.52
3.43617	34.52
3.45283	34.52
3.46950	34.52
3.48617	34.52
3.50283	34.52
3.51950	34.52
3.53617	34.52
3.55283	34.52
3.56950	34.52
3.58617	34.52
3.60283	34.52
3.61950	34.52
3.63617	34.51
3.65283	34.52
3.66950	34.52
3.68617	34.52
3.70283	34.52
3.71950	34.52
3.73617	34.52
3.75283	34.52
3.76950	34.52
3.78617	34.52
3.80283	34.52
3.81950	34.52
3.83617	34.52
3.85283	34.52
3.86950	34.52
3.88617	34.52
3.90283	34.52
3.91950	34.52
3.93617	34.52
3.95283	34.52
3.96950	34.52
3.98617	34.52

[Status Trace (Column Flow)]
Interval(msec)	1000
# of Points	240
Start Time(min)	0.003
End Time(min)	3.986
Intensity Units	
Intensity Multiplier	1
R.Time (min)	Intensity
0.00283	5.57
0.01950	5.37
0.03617	5.39
0.05283	5.64
0.06950	5.78
0.08617	5.59
0.10283	5.57
0.11950	5.57
0.13617	5.57
0.15283	5.57
0.16950	5.57
0.18617	5.57
0.20283	5.57
0.21950	5.57
0.23617	5.57
0.25283	5.57
0.26950	5.57
0.28617	5.57
0.30283	5.57
0.31950	5.57
0.33617	5.57
0.35283	5.57
0.36950	5.57
0.38617	5.57
0.40283	5.57
0.41950	5.57
0.43617	5.57
0.45283	5.57
0.46950	5.57
0.48617	5.57
0.50283	5.57
0.51950	5.57
0.53617	5.57
0.55283	5.57
0.56950	5.57
0.58617	5.57
0.60283	5.57
0.61950	5.57
0.63617	5.57
0.65283	5.57
0.66950	5.57
0.68617	5.57
0.70283	5.57
0.71950	5.57
0.73617	5.57
0.75283	5.57
0.76950	5.57
0.78617	5.57
0.80283	5.57
0.81950	5.57
0.83617	5.57
0.85283	5.57
0.86950	5.57
0.88617	5.57
0.90283	5.57
0.91950	5.57
0.93617	5.57
0.95283	5.57
0.96950	5.57
0.98617	5.57
1.00283	5.57
1.01950	5.57
1.03617	5.57
1.05283	5.57
1.06950	5.57
1.08617	5.57
1.10283	5.57
1.11950	5.57
1.13617	5.57
1.15283	5.57
1.16950	5.57
1.18617	5.57
1.20283	5.57
1.21950	5.57
1.23617	5.57
1.25283	5.57
1.26950	5.57
1.28617	5.57
1.30283	5.57
1.31950	5.57
1.33617	5.57
1.35283	5.57
1.36950	5.57
1.38617	5.57
1.40283	5.57
1.41950	5.57
1.43617	5.57
1.45283	5.57
1.46950	5.57
1.48617	5.57
1.50283	5.57
1.51950	5.57
1.53617	5.57
1.55283	5.57
1.56950	5.57
1.58617	5.57
1.60283	5.57
1.61950	5.57
1.63617	5.56
1.65283	5.55
1.66950	5.55
1.68617	5.53
1.70283	5.52
1.71950	5.51
1.73617	5.50
1.75283	5.49
1.76950	5.48
1.78617	5.47
1.80283	5.46
1.81950	5.45
1.83617	5.44
1.85283	5.43
1.86950	5.42
1.88617	5.41
1.90283	5.40
1.91950	5.39
1.93617	5.38
1.95283	5.37
1.96950	5.36
1.98617	5.35
2.00283	5.34
2.01950	5.33
2.03617	5.32
2.05283	5.31
2.06950	5.30
2.08617	5.29
2.10283	5.28
2.11950	5.27
2.13617	5.26
2.15283	5.25
2.16950	5.24
2.18617	5.23
2.20283	5.23
2.21950	5.22
2.23617	5.21
2.25283	5.20
2.26950	5.19
2.28617	5.18
2.30283	5.17
2.31950	5.16
2.33617	5.15
2.35283	5.14
2.36950	5.13
2.38617	5.13
2.40283	5.13
2.41950	5.13
2.43617	5.13
2.45283	5.13
2.46950	5.13
2.48617	5.13
2.50283	5.13
2.51950	5.13
2.53617	5.13
2.55283	5.13
2.56950	5.13
2.58617	5.13
2.60283	5.13
2.61950	5.13
2.63617	5.13
2.65283	5.13
2.66950	5.13
2.68617	5.13
2.70283	5.13
2.71950	5.13
2.73617	5.13
2.75283	5.13
2.76950	5.13
2.78617	5.13
2.80283	5.13
2.81950	5.13
2.83617	5.13
2.85283	5.13
2.86950	5.13
2.88617	5.13
2.90283	5.13
2.91950	5.12
2.93617	5.12
2.95283	5.12
2.96950	5.12
2.98617	5.12
3.00283	5.12
3.01950	5.12
3.03617	5.12
3.05283	5.12
3.06950	5.12
3.08617	5.12
3.10283	5.12
3.11950	5.12
3.13617	5.12
3.15283	5.12
3.16950	5.12
3.18617	5.12
3.20283	5.12
3.21950	5.12
3.23617	5.12
3.25283	5.12
3.26950	5.12
3.28617	5.12
3.30283	5.12
3.31950	5.12
3.33617	5.12
3.35283	5.12
3.36950	5.12
3.38617	5.12
3.40283	5.12
3.41950	5.12
3.43617	5.12
3.45283	5.12
3.46950	5.12
3.48617	5.12
3.50283	5.12
3.51950	5.12
3.53617	5.12
3.55283	5.12
3.56950	5.12
3.58617	5.12
3.60283	5.12
3.61950	5.12
3.63617	5.12
3.65283	5.12
3.66950	5.12
3.68617	5.12
3.70283	5.12
3.71950	5.12
3.73617	5.12
3.75283	5.12
3.76950	5.12
3.78617	5.12
3.80283	5.12
3.81950	5.12
3.83617	5.12
3.85283	5.12
3.86950	5.12
3.88617	5.12
3.90283	5.12
3.91950	5.12
3.93617	5.12
3.95283	5.12
3.96950	5.12
3.98617	5.12

[Status Trace (Linear Velocity)]
Interval(msec)	1000
# of Points	240
Start Time(min)	0.003
End Time(min)	3.986
Intensity Units	
Intensity Multiplier	1
R.Time (min)	Intensity
0.00283	39.03
0.01950	37.89
0.03617	37.99
0.05283	39.42
0.06950	40.18
0.08617	39.16
0.10283	39.01
0.11950	39.03
0.13617	39.03
0.15283	39.03
0.16950	39.03
0.18617	39.03
0.20283	39.03
0.21950	39.03
0.23617	39.03
0.25283	39.03
0.26950	39.03
0.28617	39.03
0.30283	39.03
0.31950	39.03
0.33617	39.03
0.35283	39.03
0.36950	39.03
0.38617	39.03
0.40283	39.03
0.41950	39.03
0.43617	39.03
0.45283	39.03
0.46950	39.03
0.48617	39.03
0.50283	39.03
0.51950	39.03
0.53617	39.03
0.55283	39.03
0.56950	39.03
0.58617	39.03
0.60283	39.03
0.61950	39.03
0.63617	39.03
0.65283	39.03
0.66950	39.03
0.68617	39.03
0.70283	39.03
0.71950	39.03
0.73617	39.03
0.75283	39.03
0.76950	39.03
0.78617	39.03
0.80283	39.03
0.81950	39.03
0.83617	39.03
0.85283	39.03
0.86950	39.03
0.88617	39.03
0.90283	39.03
0.91950	39.03
0.93617	39.03
0.95283	39.03
0.96950	39.03
0.98617	39.03
1.00283	39.03
1.01950	39.03
1.03617	39.03
1.05283	39.03
1.06950	39.03
1.08617	39.03
1.10283	39.03
1.11950	39.03
1.13617	39.03
1.15283	39.03
1.16950	39.03
1.18617	39.03
1.20283	39.03
1.21950	39.03
1.23617	39.03
1.25283	39.03
1.26950	39.03
1.28617	39.03
1.30283	39.03
1.31950	39.03
1.33617	39.03
1.35283	39.03
1.36950	39.03
1.38617	39.03
1.40283	39.03
1.41950	39.03
1.43617	39.03
1.45283	39.03
1.46950	39.03
1.48617	39.03
1.50283	39.03
1.51950	39.03
1.53617	39.03
1.55283	39.03
1.56950	39.03
1.58617	39.03
1.60283	39.02
1.61950	39.02
1.63617	39.00
1.65283	38.98
1.66950	38.95
1.68617	38.91
1.70283	38.88
1.71950	38.85
1.73617	38.81
1.75283	38.79
1.76950	38.75
1.78617	38.72
1.80283	38.69
1.81950	38.66
1.83617	38.62
1.85283	38.60
1.86950	38.57
1.88617	38.53
1.90283	38.50
1.91950	38.47
1.93617	38.44
1.95283	38.41
1.96950	38.38
1.98617	38.35
2.00283	38.32
2.01950	38.29
2.03617	38.26
2.05283	38.23
2.06950	38.20
2.08617	38.17
2.10283	38.14
2.11950	38.12
2.13617	38.08
2.15283	38.05
2.16950	38.02
2.18617	37.99
2.20283	37.97
2.21950	37.94
2.23617	37.90
2.25283	37.88
2.26950	37.85
2.28617	37.82
2.30283	37.79
2.31950	37.76
2.33617	37.73
2.35283	37.70
2.36950	37.68
2.38617	37.66
2.40283	37.66
2.41950	37.66
2.43617	37.66
2.45283	37.66
2.46950	37.66
2.48617	37.66
2.50283	37.65
2.51950	37.66
2.53617	37.65
2.55283	37.66
2.56950	37.66
2.58617	37.66
2.60283	37.66
2.61950	37.66
2.63617	37.66
2.65283	37.66
2.66950	37.66
2.68617	37.66
2.70283	37.66
2.71950	37.66
2.73617	37.66
2.75283	37.66
2.76950	37.65
2.78617	37.65
2.80283	37.65
2.81950	37.65
2.83617	37.65
2.85283	37.65
2.86950	37.65
2.88617	37.65
2.90283	37.65
2.91950	37.65
2.93617	37.65
2.95283	37.65
2.96950	37.65
2.98617	37.64
3.00283	37.64
3.01950	37.64
3.03617	37.64
3.05283	37.64
3.06950	37.64
3.08617	37.64
3.10283	37.64
3.11950	37.64
3.13617	37.64
3.15283	37.64
3.16950	37.64
3.18617	37.63
3.20283	37.64
3.21950	37.63
3.23617	37.63
3.25283	37.63
3.26950	37.64
3.28617	37.64
3.30283	37.64
3.31950	37.64
3.33617	37.64
3.35283	37.64
3.36950	37.64
3.38617	37.64
3.40283	37.64
3.41950	37.64
3.43617	37.64
3.45283	37.64
3.46950	37.64
3.48617	37.64
3.50283	37.64
3.51950	37.64
3.53617	37.64
3.55283	37.64
3.56950	37.64
3.58617	37.64
3.60283	37.64
3.61950	37.64
3.63617	37.64
3.65283	37.64
3.66950	37.64
3.68617	37.64
3.70283	37.64
3.71950	37.64
3.73617	37.64
3.75283	37.64
3.76950	37.64
3.78617	37.64
3.80283	37.64
3.81950	37.64
3.83617	37.64
3.85283	37.64
3.86950	37.64
3.88617	37.64
3.90283	37.64
3.91950	37.64
3.93617	37.64
3.95283	37.64
3.96950	37.64
3.98617	37.64

