[Header]
Application Name	LabSolutions
Version	5.110
Data File Name	C:\Users\User\Desktop\GC Analyses\Jack\UIC Prairie Sampling\9.16.22\220916_062.gcd
Output Date	11/29/2022
Output Time	11:10:19 AM

[File Information]
Type	Data File
Generated	11/15/2022 2:12:10 PM
Generated by	System Administrator
Modified	11/15/2022 2:16:23 PM
Modified by	System Administrator

[Sample Information]
Operator Name	System Administrator
Acquired	11/15/2022 2:12:23 PM
Sample Type	1:Standard
Level	1
Sample Name	220916_UICPrairie
Sample ID	220916_UICPrairie
ISTD Amount1	1
ISTD Amount2	1
ISTD Amount3	1
ISTD Amount4	1
ISTD Amount5	1
ISTD Amount6	1
ISTD Amount7	1
ISTD Amount8	1
ISTD Amount9	1
ISTD Amount10	1
ISTD Amount11	1
ISTD Amount12	1
ISTD Amount13	1
ISTD Amount14	1
ISTD Amount15	1
ISTD Amount16	1
ISTD Amount17	1
ISTD Amount18	1
ISTD Amount19	1
ISTD Amount20	1
ISTD Amount21	1
ISTD Amount22	1
ISTD Amount23	1
ISTD Amount24	1
ISTD Amount25	1
ISTD Amount26	1
ISTD Amount27	1
ISTD Amount28	1
ISTD Amount29	1
ISTD Amount30	1
ISTD Amount31	1
ISTD Amount32	1
Sample Amount	1
Dilution Factor	1
Vial#	1
Injection Volume	1
Injection Count	1
Bar Code	

[Original Files]
Data File	C:\Users\User\Desktop\GC Analyses\Jack\UIC Prairie Sampling\9.16.22\220916_062.gcd
Method File	C:\LabSolutions\Data\GHG_4min_2022\ghg3_togas_w_acet_4 min_new_int.gcm
Batch File	
Report Format File	c:\LabSolutions\System\DEFAULT.lsr

[File Description]


[Configuration]
Instrument Name	C0B7VH3-Instrument1
Instrument #	1
Line #	1
# of Detectors	3
Detector ID	DET#1	DET#2	DET#3
Detector Name	FID	PTCD	ECD
# of Channels	1	1	1

[Peak Table(Ch1)]
# of Peaks	3
Peak#	R.Time	I.Time	F.Time	Area	Height	A/H	Conc.	Mark	ID#	Name	k'	Plate #	Plate Ht.	Tailing	Resolution	Sep.Factor	Area Ratio	Height Ratio	Conc. %	Norm Conc.
1	1.479	1.435	1.538	15672	7086	2.212	100.000	   	1	CO	0.000	8549	17.547	1.175	0.000	0.000	0	0	16.667	16.667
2	1.571	1.538	1.630	5132	2570	1.997	100.000	 V 	2	CH4	0.062	11142	13.463	0.000	1.484	0.000	0	0	16.667	16.667
3	2.000	1.952	2.367	1207384	584464	2.066	400.000	   	3	CO2	0.352	17389	8.626	1.237	7.138	5.680	0	0	66.667	66.667

[Peak Table(Ch2)]
# of Peaks	0

[Peak Table(Ch3)]
# of Peaks	3
Peak#	R.Time	I.Time	F.Time	Area	Height	A/H	Conc.	Mark	ID#	Name	k'	Plate #	Plate Ht.	Tailing	Resolution	Sep.Factor	Area Ratio	Height Ratio	Conc. %	Norm Conc.
1	2.458	1.252	2.506	10402	386	26.958	0.000	   			0.000	80	1886.159	0.000	0.000	0.000	0	0	0.000	0.000
2	2.524	2.506	2.656	1886	291	6.481	0.000	 V 			0.027	619	242.212	0.000	0.088	0.000	0	0	0.000	0.000
3	2.884	2.667	3.111	21416	5412	3.957	1.000	   	1	N2O	0.173	13134	11.421	1.557	1.419	6.444	0	0	100.000	100.000

[Compound Results(Ch1)]
# of IDs	6
ID#	Name	R.Time	Area	Height	Conc.	Curve	3rd	2nd	1st	Constant	Area Ratio	Height Ratio	Conc. %	Norm Conc.
1	CO	1.479	15672	7086	100.000	Linear	0.000000e+00	0.000000e+00	1.567200e+002	0.000000e+00	0	0	16.667	16.667
2	CH4	1.571	5132	2570	100.000	Linear	0.000000e+00	0.000000e+00	5.132110e+001	0.000000e+00	0	0	16.667	16.667
3	CO2	2.000	1207384	584464	400.000	Linear	0.000000e+00	0.000000e+00	3.018460e+003	0.000000e+00	0	0	66.667	66.667
4	Ethylene	0.000	0	0	0.000	Linear	0.000000e+00	0.000000e+00	0.000000e+00	0.000000e+00	0	0	0.000	0.000
5	Acetylene	0.000	0	0	0.000	Linear	0.000000e+00	0.000000e+00	0.000000e+00	0.000000e+00	0	0	0.000	0.000
6	Ethane	0.000	0	0	0.000	Linear	0.000000e+00	0.000000e+00	0.000000e+00	0.000000e+00	0	0	0.000	0.000

[Compound Results(Ch2)]
# of IDs	5
ID#	Name	R.Time	Area	Height	Conc.	Curve	3rd	2nd	1st	Constant	Area Ratio	Height Ratio	Conc. %	Norm Conc.
1	Hydrogen	0.000	0	0	0.000	Linear	0.000000e+00	0.000000e+00	0.000000e+00	0.000000e+00	0	0	0.000	0.000
2	Oxygen	0.000	0	0	0.000	Linear	0.000000e+00	0.000000e+00	0.000000e+00	0.000000e+00	0	0	0.000	0.000
3	Nitrogen	0.000	0	0	0.000	Linear	0.000000e+00	0.000000e+00	0.000000e+00	0.000000e+00	0	0	0.000	0.000
4	Methane	0.000	0	0	0.000	Linear	0.000000e+00	0.000000e+00	0.000000e+00	0.000000e+00	0	0	0.000	0.000
5	Carbon Monoxide	0.000	0	0	0.000	Linear	0.000000e+00	0.000000e+00	0.000000e+00	0.000000e+00	0	0	0.000	0.000

[Compound Results(Ch3)]
# of IDs	2
ID#	Name	R.Time	Area	Height	Conc.	Curve	3rd	2nd	1st	Constant	Area Ratio	Height Ratio	Conc. %	Norm Conc.
1	N2O	2.884	21416	5412	1.000	Linear	0.000000e+00	0.000000e+00	2.141616e+004	0.000000e+00	0	0	100.000	100.000
2	SF6	0.000	0	0	0.000	Linear	0.000000e+00	0.000000e+00	0.000000e+00	0.000000e+00	0	0	0.000	0.000

[Group Results(Ch1)]
# of Groups	0

[Group Results(Ch2)]
# of Groups	0

[Group Results(Ch3)]
# of Groups	0

[Chromatogram (Ch1)]
Interval(msec)	220
# of Points	1091
Start Time(min)	0.002
End Time(min)	3.998
R.Time (min)	Intensity
0.00167	-16
0.00533	-17
0.00900	-18
0.01267	-16
0.01633	-13
0.02000	-11
0.02367	-13
0.02733	-14
0.03100	-13
0.03467	-13
0.03833	-15
0.04200	-15
0.04567	-12
0.04933	-6
0.05300	1
0.05667	10
0.06033	13
0.06400	12
0.06767	9
0.07133	10
0.07500	11
0.07867	12
0.08233	13
0.08600	10
0.08967	3
0.09333	-4
0.09700	-9
0.10067	-13
0.10433	-17
0.10800	-14
0.11167	-9
0.11533	-6
0.11900	-5
0.12267	-2
0.12633	4
0.13000	10
0.13367	10
0.13733	5
0.14100	-4
0.14467	-12
0.14833	-15
0.15200	-12
0.15567	-7
0.15933	-3
0.16300	-1
0.16667	-4
0.17033	-13
0.17400	-26
0.17767	-39
0.18133	-45
0.18500	-45
0.18867	-40
0.19233	-33
0.19600	-27
0.19967	-25
0.20333	-26
0.20700	-28
0.21067	-27
0.21433	-20
0.21800	-14
0.22167	-16
0.22533	-21
0.22900	-21
0.23267	-19
0.23633	-19
0.24000	-21
0.24367	-22
0.24733	-20
0.25100	-19
0.25467	-25
0.25833	-31
0.26200	-39
0.26567	-46
0.26933	-48
0.27300	-47
0.27667	-45
0.28033	-42
0.28400	-40
0.28767	-38
0.29133	-38
0.29500	-36
0.29867	-33
0.30233	-29
0.30600	-27
0.30967	-27
0.31333	-28
0.31700	-30
0.32067	-32
0.32433	-36
0.32800	-39
0.33167	-38
0.33533	-36
0.33900	-36
0.34267	-37
0.34633	-39
0.35000	-42
0.35367	-41
0.35733	-37
0.36100	-32
0.36467	-28
0.36833	-29
0.37200	-35
0.37567	-42
0.37933	-50
0.38300	-54
0.38667	-52
0.39033	-47
0.39400	-42
0.39767	-38
0.40133	-34
0.40500	-32
0.40867	-31
0.41233	-28
0.41600	-26
0.41967	-26
0.42333	-28
0.42700	-30
0.43067	-33
0.43433	-39
0.43800	-42
0.44167	-43
0.44533	-45
0.44900	-48
0.45267	-49
0.45633	-49
0.46000	-49
0.46367	-50
0.46733	-51
0.47100	-52
0.47467	-52
0.47833	-52
0.48200	-54
0.48567	-57
0.48933	-60
0.49300	-61
0.49667	-58
0.50033	-50
0.50400	-43
0.50767	-42
0.51133	-45
0.51500	-50
0.51867	-53
0.52233	-55
0.52600	-55
0.52967	-53
0.53333	-52
0.53700	-50
0.54067	-47
0.54433	-43
0.54800	-42
0.55167	-48
0.55533	-53
0.55900	-55
0.56267	-54
0.56633	-52
0.57000	-50
0.57367	-47
0.57733	-44
0.58100	-42
0.58467	-41
0.58833	-43
0.59200	-47
0.59567	-50
0.59933	-50
0.60300	-50
0.60667	-53
0.61033	-58
0.61400	-60
0.61767	-60
0.62133	-57
0.62500	-52
0.62867	-48
0.63233	-47
0.63600	-46
0.63967	-47
0.64333	-49
0.64700	-54
0.65067	-56
0.65433	-57
0.65800	-56
0.66167	-54
0.66533	-52
0.66900	-51
0.67267	-52
0.67633	-57
0.68000	-62
0.68367	-66
0.68733	-65
0.69100	-57
0.69467	-51
0.69833	-46
0.70200	-42
0.70567	-41
0.70933	-43
0.71300	-48
0.71667	-55
0.72033	-61
0.72400	-64
0.72767	-62
0.73133	-56
0.73500	-53
0.73867	-56
0.74233	-63
0.74600	-70
0.74967	-75
0.75333	-81
0.75700	-85
0.76067	-87
0.76433	-86
0.76800	-85
0.77167	-80
0.77533	-78
0.77900	-78
0.78267	-77
0.78633	-74
0.79000	-72
0.79367	-70
0.79733	-67
0.80100	-67
0.80467	-69
0.80833	-70
0.81200	-71
0.81567	-78
0.81933	-88
0.82300	-99
0.82667	-105
0.83033	-104
0.83400	-97
0.83767	-88
0.84133	-79
0.84500	-73
0.84867	-73
0.85233	-77
0.85600	-81
0.85967	-83
0.86333	-84
0.86700	-84
0.87067	-84
0.87433	-84
0.87800	-84
0.88167	-82
0.88533	-80
0.88900	-82
0.89267	-84
0.89633	-84
0.90000	-81
0.90367	-75
0.90733	-70
0.91100	-69
0.91467	-71
0.91833	-75
0.92200	-78
0.92567	-82
0.92933	-87
0.93300	-92
0.93667	-94
0.94033	-92
0.94400	-86
0.94767	-80
0.95133	-78
0.95500	-78
0.95867	-81
0.96233	-88
0.96600	-95
0.96967	-99
0.97333	-100
0.97700	-96
0.98067	-92
0.98433	-91
0.98800	-90
0.99167	-92
0.99533	-90
0.99900	-86
1.00267	-81
1.00633	-77
1.01000	-77
1.01367	-81
1.01733	-86
1.02100	-89
1.02467	-89
1.02833	-90
1.03200	-88
1.03567	-82
1.03933	-75
1.04300	-72
1.04667	-74
1.05033	-79
1.05400	-82
1.05767	-80
1.06133	-75
1.06500	-74
1.06867	-77
1.07233	-81
1.07600	-86
1.07967	-90
1.08333	-93
1.08700	-95
1.09067	-93
1.09433	-89
1.09800	-83
1.10167	-74
1.10533	-68
1.10900	-70
1.11267	-78
1.11633	-87
1.12000	-95
1.12367	-102
1.12733	-104
1.13100	-107
1.13467	-110
1.13833	-107
1.14200	-99
1.14567	-89
1.14933	-83
1.15300	-83
1.15667	-84
1.16033	-85
1.16400	-86
1.16767	-86
1.17133	-91
1.17500	-97
1.17867	-100
1.18233	-96
1.18600	-88
1.18967	-82
1.19333	-81
1.19700	-84
1.20067	-88
1.20433	-92
1.20800	-96
1.21167	-99
1.21533	-101
1.21900	-101
1.22267	-99
1.22633	-100
1.23000	-103
1.23367	-109
1.23733	-113
1.24100	-111
1.24467	-106
1.24833	-102
1.25200	-104
1.25567	-107
1.25933	-108
1.26300	-109
1.26667	-109
1.27033	-105
1.27400	-97
1.27767	-90
1.28133	-87
1.28500	-91
1.28867	-96
1.29233	-99
1.29600	-101
1.29967	-101
1.30333	-99
1.30700	-98
1.31067	-101
1.31433	-102
1.31800	-100
1.32167	-97
1.32533	-93
1.32900	-87
1.33267	-81
1.33633	-80
1.34000	-90
1.34367	-105
1.34733	-120
1.35100	-128
1.35467	-128
1.35833	-124
1.36200	-119
1.36567	-116
1.36933	-111
1.37300	-106
1.37667	-105
1.38033	-106
1.38400	-108
1.38767	-108
1.39133	-105
1.39500	-99
1.39867	-95
1.40233	-96
1.40600	-99
1.40967	-105
1.41333	-108
1.41700	-110
1.42067	-110
1.42433	-107
1.42800	-104
1.43167	-104
1.43533	-102
1.43900	-91
1.44267	-29
1.44633	152
1.45000	493
1.45367	1088
1.45733	2056
1.46100	3308
1.46467	4586
1.46833	5674
1.47200	6472
1.47567	6925
1.47933	6984
1.48300	6618
1.48667	5869
1.49033	4878
1.49400	3831
1.49767	2880
1.50133	2098
1.50500	1495
1.50867	1048
1.51233	724
1.51600	493
1.51967	334
1.52333	228
1.52700	155
1.53067	101
1.53433	58
1.53800	31
1.54167	39
1.54533	139
1.54900	396
1.55267	807
1.55633	1291
1.56000	1749
1.56367	2120
1.56733	2370
1.57100	2470
1.57467	2383
1.57833	2114
1.58200	1726
1.58567	1304
1.58933	924
1.59300	616
1.59667	381
1.60033	211
1.60400	97
1.60767	24
1.61133	-21
1.61500	-48
1.61867	-66
1.62233	-80
1.62600	-92
1.62967	-100
1.63333	-104
1.63700	-107
1.64067	-112
1.64433	-113
1.64800	-108
1.65167	-98
1.65533	-92
1.65900	-95
1.66267	-103
1.66633	-111
1.67000	-114
1.67367	-117
1.67733	-122
1.68100	-127
1.68467	-130
1.68833	-132
1.69200	-132
1.69567	-132
1.69933	-131
1.70300	-130
1.70667	-132
1.71033	-134
1.71400	-133
1.71767	-129
1.72133	-125
1.72500	-118
1.72867	-111
1.73233	-110
1.73600	-113
1.73967	-117
1.74333	-122
1.74700	-128
1.75067	-133
1.75433	-137
1.75800	-141
1.76167	-143
1.76533	-142
1.76900	-138
1.77267	-132
1.77633	-128
1.78000	-125
1.78367	-126
1.78733	-128
1.79100	-127
1.79467	-126
1.79833	-123
1.80200	-119
1.80567	-114
1.80933	-109
1.81300	-110
1.81667	-117
1.82033	-126
1.82400	-133
1.82767	-135
1.83133	-135
1.83500	-133
1.83867	-132
1.84233	-132
1.84600	-132
1.84967	-129
1.85333	-125
1.85700	-126
1.86067	-131
1.86433	-134
1.86800	-135
1.87167	-139
1.87533	-144
1.87900	-147
1.88267	-145
1.88633	-138
1.89000	-129
1.89367	-122
1.89733	-122
1.90100	-126
1.90467	-129
1.90833	-133
1.91200	-134
1.91567	-129
1.91933	-120
1.92300	-115
1.92667	-113
1.93033	-114
1.93400	-115
1.93767	-119
1.94133	-124
1.94500	-125
1.94867	-122
1.95233	-116
1.95600	-91
1.95967	74
1.96333	974
1.96700	4756
1.97067	16800
1.97433	46245
1.97800	102610
1.98167	188488
1.98533	294756
1.98900	403866
1.99267	497403
1.99633	560679
2.00000	584375
2.00367	565805
2.00733	510454
2.01100	430845
2.01467	342507
2.01833	258908
2.02200	188182
2.02567	133015
2.02933	92417
2.03300	63732
2.03667	44002
2.04033	30656
2.04400	21700
2.04767	15689
2.05133	11632
2.05500	8859
2.05867	6930
2.06233	5565
2.06600	4578
2.06967	3850
2.07333	3300
2.07700	2871
2.08067	2526
2.08433	2244
2.08800	2014
2.09167	1826
2.09533	1671
2.09900	1540
2.10267	1426
2.10633	1326
2.11000	1238
2.11367	1158
2.11733	1086
2.12100	1019
2.12467	958
2.12833	902
2.13200	853
2.13567	809
2.13933	768
2.14300	731
2.14667	694
2.15033	660
2.15400	629
2.15767	600
2.16133	574
2.16500	553
2.16867	534
2.17233	513
2.17600	489
2.17967	465
2.18333	443
2.18700	427
2.19067	413
2.19433	402
2.19800	390
2.20167	374
2.20533	355
2.20900	338
2.21267	324
2.21633	314
2.22000	305
2.22367	295
2.22733	286
2.23100	281
2.23467	276
2.23833	269
2.24200	265
2.24567	265
2.24933	263
2.25300	258
2.25667	250
2.26033	243
2.26400	236
2.26767	231
2.27133	225
2.27500	218
2.27867	213
2.28233	210
2.28600	207
2.28967	202
2.29333	196
2.29700	188
2.30067	180
2.30433	170
2.30800	160
2.31167	155
2.31533	153
2.31900	154
2.32267	154
2.32633	155
2.33000	155
2.33367	152
2.33733	146
2.34100	139
2.34467	134
2.34833	131
2.35200	130
2.35567	130
2.35933	128
2.36300	123
2.36667	115
2.37033	109
2.37400	103
2.37767	98
2.38133	97
2.38500	98
2.38867	100
2.39233	104
2.39600	109
2.39967	116
2.40333	123
2.40700	125
2.41067	122
2.41433	117
2.41800	110
2.42167	104
2.42533	98
2.42900	91
2.43267	84
2.43633	82
2.44000	83
2.44367	84
2.44733	84
2.45100	86
2.45467	90
2.45833	94
2.46200	97
2.46567	96
2.46933	94
2.47300	93
2.47667	92
2.48033	91
2.48400	90
2.48767	87
2.49133	84
2.49500	84
2.49867	86
2.50233	89
2.50600	88
2.50967	83
2.51333	75
2.51700	69
2.52067	68
2.52433	70
2.52800	70
2.53167	72
2.53533	77
2.53900	83
2.54267	86
2.54633	83
2.55000	75
2.55367	66
2.55733	57
2.56100	51
2.56467	48
2.56833	48
2.57200	48
2.57567	49
2.57933	52
2.58300	54
2.58667	59
2.59033	67
2.59400	76
2.59767	81
2.60133	79
2.60500	72
2.60867	63
2.61233	54
2.61600	46
2.61967	41
2.62333	38
2.62700	37
2.63067	38
2.63433	39
2.63800	42
2.64167	44
2.64533	48
2.64900	55
2.65267	57
2.65633	54
2.66000	48
2.66367	44
2.66733	42
2.67100	41
2.67467	38
2.67833	38
2.68200	40
2.68567	41
2.68933	41
2.69300	38
2.69667	34
2.70033	33
2.70400	32
2.70767	32
2.71133	41
2.71500	54
2.71867	58
2.72233	53
2.72600	42
2.72967	29
2.73333	19
2.73700	15
2.74067	18
2.74433	23
2.74800	25
2.75167	24
2.75533	20
2.75900	17
2.76267	19
2.76633	21
2.77000	18
2.77367	18
2.77733	21
2.78100	26
2.78467	33
2.78833	40
2.79200	45
2.79567	50
2.79933	52
2.80300	51
2.80667	49
2.81033	48
2.81400	49
2.81767	46
2.82133	43
2.82500	38
2.82867	35
2.83233	35
2.83600	34
2.83967	31
2.84333	26
2.84700	24
2.85067	27
2.85433	33
2.85800	40
2.86167	48
2.86533	52
2.86900	52
2.87267	49
2.87633	43
2.88000	36
2.88367	29
2.88733	26
2.89100	31
2.89467	39
2.89833	48
2.90200	56
2.90567	57
2.90933	54
2.91300	50
2.91667	45
2.92033	41
2.92400	39
2.92767	39
2.93133	40
2.93500	40
2.93867	41
2.94233	42
2.94600	40
2.94967	36
2.95333	33
2.95700	31
2.96067	31
2.96433	32
2.96800	36
2.97167	45
2.97533	56
2.97900	61
2.98267	61
2.98633	58
2.99000	55
2.99367	54
2.99733	54
3.00100	59
3.00467	68
3.00833	73
3.01200	74
3.01567	75
3.01933	76
3.02300	72
3.02667	64
3.03033	55
3.03400	47
3.03767	41
3.04133	37
3.04500	36
3.04867	35
3.05233	37
3.05600	41
3.05967	47
3.06333	54
3.06700	60
3.07067	63
3.07433	57
3.07800	45
3.08167	35
3.08533	31
3.08900	33
3.09267	40
3.09633	45
3.10000	46
3.10367	43
3.10733	41
3.11100	40
3.11467	43
3.11833	46
3.12200	45
3.12567	44
3.12933	44
3.13300	44
3.13667	41
3.14033	36
3.14400	33
3.14767	32
3.15133	33
3.15500	39
3.15867	43
3.16233	44
3.16600	41
3.16967	35
3.17333	29
3.17700	28
3.18067	29
3.18433	31
3.18800	34
3.19167	38
3.19533	43
3.19900	47
3.20267	55
3.20633	63
3.21000	67
3.21367	69
3.21733	67
3.22100	63
3.22467	59
3.22833	51
3.23200	41
3.23567	37
3.23933	35
3.24300	38
3.24667	43
3.25033	47
3.25400	51
3.25767	52
3.26133	49
3.26500	45
3.26867	42
3.27233	39
3.27600	34
3.27967	30
3.28333	24
3.28700	21
3.29067	22
3.29433	24
3.29800	27
3.30167	26
3.30533	25
3.30900	25
3.31267	29
3.31633	32
3.32000	35
3.32367	39
3.32733	46
3.33100	53
3.33467	55
3.33833	53
3.34200	51
3.34567	44
3.34933	38
3.35300	34
3.35667	28
3.36033	22
3.36400	20
3.36767	21
3.37133	23
3.37500	26
3.37867	29
3.38233	32
3.38600	36
3.38967	35
3.39333	30
3.39700	24
3.40067	19
3.40433	15
3.40800	15
3.41167	20
3.41533	25
3.41900	31
3.42267	38
3.42633	43
3.43000	45
3.43367	44
3.43733	42
3.44100	40
3.44467	39
3.44833	38
3.45200	35
3.45567	31
3.45933	28
3.46300	22
3.46667	16
3.47033	13
3.47400	14
3.47767	16
3.48133	18
3.48500	22
3.48867	23
3.49233	22
3.49600	21
3.49967	24
3.50333	26
3.50700	28
3.51067	28
3.51433	27
3.51800	24
3.52167	20
3.52533	19
3.52900	21
3.53267	19
3.53633	14
3.54000	9
3.54367	5
3.54733	1
3.55100	-0
3.55467	0
3.55833	3
3.56200	10
3.56567	16
3.56933	21
3.57300	24
3.57667	26
3.58033	26
3.58400	22
3.58767	18
3.59133	15
3.59500	16
3.59867	20
3.60233	25
3.60600	26
3.60967	26
3.61333	25
3.61700	27
3.62067	30
3.62433	29
3.62800	24
3.63167	16
3.63533	8
3.63900	0
3.64267	-6
3.64633	-7
3.65000	-1
3.65367	10
3.65733	21
3.66100	27
3.66467	25
3.66833	20
3.67200	15
3.67567	11
3.67933	8
3.68300	6
3.68667	6
3.69033	8
3.69400	10
3.69767	9
3.70133	9
3.70500	8
3.70867	7
3.71233	6
3.71600	6
3.71967	7
3.72333	8
3.72700	9
3.73067	12
3.73433	18
3.73800	23
3.74167	28
3.74533	31
3.74900	32
3.75267	31
3.75633	26
3.76000	22
3.76367	18
3.76733	13
3.77100	10
3.77467	10
3.77833	10
3.78200	10
3.78567	9
3.78933	8
3.79300	6
3.79667	6
3.80033	10
3.80400	18
3.80767	27
3.81133	30
3.81500	27
3.81867	24
3.82233	22
3.82600	21
3.82967	18
3.83333	17
3.83700	15
3.84067	13
3.84433	14
3.84800	16
3.85167	17
3.85533	15
3.85900	13
3.86267	9
3.86633	6
3.87000	3
3.87367	-1
3.87733	-5
3.88100	-6
3.88467	-2
3.88833	4
3.89200	10
3.89567	16
3.89933	17
3.90300	14
3.90667	8
3.91033	4
3.91400	5
3.91767	8
3.92133	10
3.92500	11
3.92867	11
3.93233	10
3.93600	8
3.93967	6
3.94333	7
3.94700	8
3.95067	8
3.95433	8
3.95800	9
3.96167	11
3.96533	10
3.96900	8
3.97267	9
3.97633	10
3.98000	14
3.98367	18
3.98733	20
3.99100	18
3.99467	12
3.99833	4

[Chromatogram (Ch2)]
Interval(msec)	220
# of Points	1091
Start Time(min)	0.002
End Time(min)	3.998
R.Time (min)	Intensity
0.00167	-1
0.00533	-1
0.00900	-2
0.01267	-2
0.01633	-2
0.02000	-2
0.02367	-2
0.02733	-2
0.03100	-2
0.03467	-2
0.03833	-2
0.04200	-2
0.04567	-2
0.04933	-2
0.05300	-2
0.05667	-1
0.06033	-1
0.06400	-1
0.06767	-1
0.07133	-1
0.07500	-1
0.07867	-0
0.08233	-0
0.08600	0
0.08967	1
0.09333	1
0.09700	1
0.10067	2
0.10433	2
0.10800	3
0.11167	3
0.11533	3
0.11900	3
0.12267	3
0.12633	3
0.13000	2
0.13367	2
0.13733	2
0.14100	2
0.14467	2
0.14833	2
0.15200	2
0.15567	2
0.15933	2
0.16300	2
0.16667	2
0.17033	1
0.17400	1
0.17767	1
0.18133	0
0.18500	0
0.18867	-0
0.19233	-0
0.19600	-0
0.19967	-0
0.20333	-1
0.20700	-1
0.21067	-1
0.21433	-1
0.21800	-1
0.22167	-1
0.22533	-1
0.22900	-1
0.23267	-2
0.23633	-2
0.24000	-2
0.24367	-2
0.24733	-2
0.25100	-2
0.25467	-3
0.25833	-3
0.26200	-3
0.26567	-3
0.26933	-3
0.27300	-3
0.27667	-4
0.28033	-4
0.28400	-5
0.28767	-5
0.29133	-5
0.29500	-5
0.29867	-5
0.30233	-5
0.30600	-5
0.30967	-5
0.31333	-4
0.31700	-4
0.32067	-4
0.32433	-3
0.32800	-3
0.33167	-3
0.33533	-3
0.33900	-2
0.34267	-2
0.34633	-2
0.35000	-1
0.35367	-1
0.35733	-1
0.36100	-1
0.36467	-1
0.36833	-1
0.37200	-1
0.37567	-1
0.37933	-1
0.38300	-0
0.38667	-0
0.39033	-0
0.39400	-0
0.39767	-0
0.40133	-0
0.40500	-1
0.40867	-1
0.41233	-1
0.41600	-1
0.41967	-1
0.42333	-1
0.42700	-1
0.43067	-1
0.43433	-1
0.43800	-1
0.44167	-1
0.44533	-1
0.44900	-1
0.45267	-1
0.45633	-1
0.46000	-0
0.46367	-0
0.46733	-0
0.47100	-1
0.47467	-1
0.47833	-2
0.48200	-2
0.48567	-3
0.48933	-3
0.49300	-3
0.49667	-3
0.50033	-4
0.50400	-4
0.50767	-4
0.51133	-4
0.51500	-4
0.51867	-4
0.52233	-3
0.52600	-3
0.52967	-3
0.53333	-3
0.53700	-3
0.54067	-2
0.54433	-2
0.54800	-2
0.55167	-1
0.55533	-1
0.55900	-1
0.56267	-1
0.56633	-1
0.57000	-1
0.57367	-1
0.57733	-1
0.58100	-1
0.58467	-0
0.58833	-0
0.59200	-0
0.59567	0
0.59933	0
0.60300	-0
0.60667	-0
0.61033	-0
0.61400	-0
0.61767	-0
0.62133	-0
0.62500	-0
0.62867	-0
0.63233	-0
0.63600	-0
0.63967	-0
0.64333	-1
0.64700	-1
0.65067	-1
0.65433	-1
0.65800	-1
0.66167	-1
0.66533	-1
0.66900	-1
0.67267	-1
0.67633	-1
0.68000	-1
0.68367	-1
0.68733	-2
0.69100	-2
0.69467	-2
0.69833	-3
0.70200	-3
0.70567	-3
0.70933	-4
0.71300	-4
0.71667	-4
0.72033	-5
0.72400	-5
0.72767	-5
0.73133	-5
0.73500	-5
0.73867	-5
0.74233	-5
0.74600	-5
0.74967	-5
0.75333	-5
0.75700	-5
0.76067	-4
0.76433	-4
0.76800	-4
0.77167	-3
0.77533	-3
0.77900	-2
0.78267	-1
0.78633	-1
0.79000	-1
0.79367	-0
0.79733	-0
0.80100	-0
0.80467	-0
0.80833	-0
0.81200	-0
0.81567	-0
0.81933	-0
0.82300	-1
0.82667	-1
0.83033	-1
0.83400	-1
0.83767	-2
0.84133	-2
0.84500	-2
0.84867	-2
0.85233	-3
0.85600	-3
0.85967	-3
0.86333	-3
0.86700	-3
0.87067	-3
0.87433	-3
0.87800	-3
0.88167	-3
0.88533	-3
0.88900	-3
0.89267	-3
0.89633	-3
0.90000	-3
0.90367	-3
0.90733	-4
0.91100	-4
0.91467	-4
0.91833	-4
0.92200	-4
0.92567	-3
0.92933	-3
0.93300	-3
0.93667	-3
0.94033	-3
0.94400	-4
0.94767	-4
0.95133	-3
0.95500	-3
0.95867	-3
0.96233	-2
0.96600	-2
0.96967	-1
0.97333	-1
0.97700	-1
0.98067	-1
0.98433	-1
0.98800	-0
0.99167	-0
0.99533	-0
0.99900	-1
1.00267	-1
1.00633	-1
1.01000	-1
1.01367	-1
1.01733	-1
1.02100	-1
1.02467	-1
1.02833	-1
1.03200	-0
1.03567	-0
1.03933	-0
1.04300	-0
1.04667	-0
1.05033	-1
1.05400	-1
1.05767	-1
1.06133	-1
1.06500	-2
1.06867	-2
1.07233	-2
1.07600	-2
1.07967	-2
1.08333	-3
1.08700	-3
1.09067	-3
1.09433	-3
1.09800	-3
1.10167	-3
1.10533	-3
1.10900	-3
1.11267	-4
1.11633	-4
1.12000	-5
1.12367	-5
1.12733	-5
1.13100	-6
1.13467	-6
1.13833	-6
1.14200	-5
1.14567	-5
1.14933	-5
1.15300	-5
1.15667	-4
1.16033	-4
1.16400	-3
1.16767	-3
1.17133	-3
1.17500	-2
1.17867	-2
1.18233	-2
1.18600	-2
1.18967	-2
1.19333	-1
1.19700	-1
1.20067	-1
1.20433	-1
1.20800	-1
1.21167	-2
1.21533	-2
1.21900	-3
1.22267	-3
1.22633	-4
1.23000	-4
1.23367	-5
1.23733	-6
1.24100	-6
1.24467	-6
1.24833	-7
1.25200	-7
1.25567	-6
1.25933	-6
1.26300	-6
1.26667	-5
1.27033	-4
1.27400	-4
1.27767	-4
1.28133	-4
1.28500	-4
1.28867	-4
1.29233	-3
1.29600	-3
1.29967	-3
1.30333	-3
1.30700	-3
1.31067	-3
1.31433	-3
1.31800	-3
1.32167	-2
1.32533	-2
1.32900	-2
1.33267	-2
1.33633	-2
1.34000	-2
1.34367	-2
1.34733	-3
1.35100	-3
1.35467	-3
1.35833	-3
1.36200	-3
1.36567	-2
1.36933	-2
1.37300	-2
1.37667	-2
1.38033	-2
1.38400	-2
1.38767	-2
1.39133	-2
1.39500	-2
1.39867	-2
1.40233	-2
1.40600	-2
1.40967	-2
1.41333	-2
1.41700	-1
1.42067	-1
1.42433	-1
1.42800	-1
1.43167	-1
1.43533	-1
1.43900	-1
1.44267	-1
1.44633	-1
1.45000	-1
1.45367	-2
1.45733	-2
1.46100	-3
1.46467	-3
1.46833	-3
1.47200	-3
1.47567	-4
1.47933	-4
1.48300	-4
1.48667	-4
1.49033	-4
1.49400	-4
1.49767	-4
1.50133	-4
1.50500	-4
1.50867	-4
1.51233	-4
1.51600	-4
1.51967	-4
1.52333	-4
1.52700	-3
1.53067	-3
1.53433	-3
1.53800	-3
1.54167	-3
1.54533	-3
1.54900	-3
1.55267	-3
1.55633	-3
1.56000	-3
1.56367	-3
1.56733	-3
1.57100	-3
1.57467	-3
1.57833	-3
1.58200	-3
1.58567	-4
1.58933	-4
1.59300	-4
1.59667	-5
1.60033	-6
1.60400	-7
1.60767	-8
1.61133	-10
1.61500	-12
1.61867	-14
1.62233	-17
1.62600	-20
1.62967	-23
1.63333	-26
1.63700	-30
1.64067	-34
1.64433	-38
1.64800	-42
1.65167	-46
1.65533	-50
1.65900	-53
1.66267	-57
1.66633	-61
1.67000	-66
1.67367	-70
1.67733	-75
1.68100	-80
1.68467	-84
1.68833	-88
1.69200	-92
1.69567	-95
1.69933	-98
1.70300	-101
1.70667	-103
1.71033	-105
1.71400	-107
1.71767	-109
1.72133	-110
1.72500	-111
1.72867	-112
1.73233	-113
1.73600	-114
1.73967	-115
1.74333	-116
1.74700	-117
1.75067	-118
1.75433	-118
1.75800	-119
1.76167	-120
1.76533	-120
1.76900	-120
1.77267	-121
1.77633	-121
1.78000	-122
1.78367	-123
1.78733	-123
1.79100	-124
1.79467	-124
1.79833	-125
1.80200	-125
1.80567	-125
1.80933	-125
1.81300	-125
1.81667	-124
1.82033	-123
1.82400	-122
1.82767	-121
1.83133	-120
1.83500	-120
1.83867	-120
1.84233	-121
1.84600	-121
1.84967	-122
1.85333	-123
1.85700	-123
1.86067	-124
1.86433	-124
1.86800	-124
1.87167	-124
1.87533	-124
1.87900	-124
1.88267	-124
1.88633	-125
1.89000	-125
1.89367	-125
1.89733	-125
1.90100	-125
1.90467	-124
1.90833	-124
1.91200	-123
1.91567	-123
1.91933	-123
1.92300	-122
1.92667	-122
1.93033	-121
1.93400	-120
1.93767	-120
1.94133	-120
1.94500	-119
1.94867	-119
1.95233	-118
1.95600	-118
1.95967	-117
1.96333	-117
1.96700	-117
1.97067	-117
1.97433	-117
1.97800	-117
1.98167	-117
1.98533	-117
1.98900	-117
1.99267	-117
1.99633	-116
2.00000	-116
2.00367	-116
2.00733	-116
2.01100	-115
2.01467	-115
2.01833	-115
2.02200	-115
2.02567	-115
2.02933	-115
2.03300	-115
2.03667	-115
2.04033	-115
2.04400	-115
2.04767	-114
2.05133	-113
2.05500	-113
2.05867	-113
2.06233	-112
2.06600	-112
2.06967	-111
2.07333	-111
2.07700	-111
2.08067	-110
2.08433	-110
2.08800	-110
2.09167	-109
2.09533	-109
2.09900	-109
2.10267	-108
2.10633	-108
2.11000	-108
2.11367	-108
2.11733	-108
2.12100	-108
2.12467	-108
2.12833	-108
2.13200	-108
2.13567	-108
2.13933	-107
2.14300	-107
2.14667	-106
2.15033	-106
2.15400	-106
2.15767	-106
2.16133	-106
2.16500	-106
2.16867	-105
2.17233	-104
2.17600	-104
2.17967	-103
2.18333	-102
2.18700	-102
2.19067	-102
2.19433	-101
2.19800	-101
2.20167	-101
2.20533	-101
2.20900	-101
2.21267	-100
2.21633	-100
2.22000	-99
2.22367	-98
2.22733	-97
2.23100	-96
2.23467	-96
2.23833	-96
2.24200	-96
2.24567	-96
2.24933	-96
2.25300	-96
2.25667	-95
2.26033	-95
2.26400	-94
2.26767	-93
2.27133	-93
2.27500	-92
2.27867	-92
2.28233	-92
2.28600	-92
2.28967	-92
2.29333	-92
2.29700	-91
2.30067	-91
2.30433	-91
2.30800	-90
2.31167	-90
2.31533	-90
2.31900	-90
2.32267	-90
2.32633	-90
2.33000	-90
2.33367	-90
2.33733	-90
2.34100	-89
2.34467	-88
2.34833	-87
2.35200	-86
2.35567	-85
2.35933	-85
2.36300	-84
2.36667	-83
2.37033	-82
2.37400	-81
2.37767	-79
2.38133	-77
2.38500	-74
2.38867	-71
2.39233	-67
2.39600	-62
2.39967	-58
2.40333	-53
2.40700	-49
2.41067	-44
2.41433	-41
2.41800	-37
2.42167	-34
2.42533	-31
2.42900	-28
2.43267	-26
2.43633	-23
2.44000	-20
2.44367	-17
2.44733	-15
2.45100	-13
2.45467	-11
2.45833	-9
2.46200	-8
2.46567	-7
2.46933	-7
2.47300	-6
2.47667	-6
2.48033	-5
2.48400	-4
2.48767	-3
2.49133	-2
2.49500	-1
2.49867	-0
2.50233	1
2.50600	2
2.50967	3
2.51333	4
2.51700	5
2.52067	6
2.52433	7
2.52800	7
2.53167	8
2.53533	8
2.53900	9
2.54267	9
2.54633	10
2.55000	10
2.55367	11
2.55733	12
2.56100	12
2.56467	13
2.56833	13
2.57200	13
2.57567	13
2.57933	13
2.58300	14
2.58667	13
2.59033	13
2.59400	13
2.59767	14
2.60133	14
2.60500	14
2.60867	14
2.61233	14
2.61600	14
2.61967	14
2.62333	14
2.62700	15
2.63067	15
2.63433	15
2.63800	15
2.64167	15
2.64533	15
2.64900	15
2.65267	16
2.65633	16
2.66000	16
2.66367	16
2.66733	16
2.67100	16
2.67467	16
2.67833	16
2.68200	17
2.68567	17
2.68933	17
2.69300	18
2.69667	18
2.70033	19
2.70400	19
2.70767	20
2.71133	20
2.71500	21
2.71867	21
2.72233	21
2.72600	22
2.72967	22
2.73333	22
2.73700	22
2.74067	22
2.74433	22
2.74800	21
2.75167	21
2.75533	21
2.75900	21
2.76267	21
2.76633	21
2.77000	21
2.77367	22
2.77733	22
2.78100	22
2.78467	22
2.78833	23
2.79200	23
2.79567	23
2.79933	23
2.80300	22
2.80667	22
2.81033	22
2.81400	22
2.81767	22
2.82133	22
2.82500	22
2.82867	22
2.83233	23
2.83600	23
2.83967	23
2.84333	23
2.84700	22
2.85067	21
2.85433	19
2.85800	15
2.86167	8
2.86533	-1
2.86900	-14
2.87267	-30
2.87633	-50
2.88000	-74
2.88367	-102
2.88733	-133
2.89100	-168
2.89467	-207
2.89833	-248
2.90200	-292
2.90567	-338
2.90933	-386
2.91300	-435
2.91667	-485
2.92033	-536
2.92400	-586
2.92767	-637
2.93133	-687
2.93500	-737
2.93867	-786
2.94233	-836
2.94600	-890
2.94967	-950
2.95333	-1012
2.95700	-1065
2.96067	-1099
2.96433	-1107
2.96800	-1088
2.97167	-1047
2.97533	-987
2.97900	-915
2.98267	-836
2.98633	-755
2.99000	-675
2.99367	-598
2.99733	-526
3.00100	-460
3.00467	-399
3.00833	-346
3.01200	-298
3.01567	-256
3.01933	-219
3.02300	-186
3.02667	-158
3.03033	-134
3.03400	-113
3.03767	-95
3.04133	-79
3.04500	-66
3.04867	-55
3.05233	-46
3.05600	-38
3.05967	-31
3.06333	-24
3.06700	-19
3.07067	-15
3.07433	-11
3.07800	-8
3.08167	-5
3.08533	-3
3.08900	-1
3.09267	0
3.09633	2
3.10000	3
3.10367	4
3.10733	5
3.11100	6
3.11467	7
3.11833	7
3.12200	8
3.12567	9
3.12933	9
3.13300	10
3.13667	10
3.14033	11
3.14400	12
3.14767	12
3.15133	13
3.15500	14
3.15867	14
3.16233	15
3.16600	15
3.16967	16
3.17333	17
3.17700	17
3.18067	18
3.18433	18
3.18800	18
3.19167	19
3.19533	19
3.19900	19
3.20267	20
3.20633	20
3.21000	20
3.21367	21
3.21733	21
3.22100	21
3.22467	21
3.22833	22
3.23200	22
3.23567	22
3.23933	22
3.24300	22
3.24667	23
3.25033	23
3.25400	23
3.25767	23
3.26133	24
3.26500	24
3.26867	24
3.27233	24
3.27600	24
3.27967	23
3.28333	23
3.28700	23
3.29067	23
3.29433	23
3.29800	23
3.30167	23
3.30533	23
3.30900	23
3.31267	23
3.31633	23
3.32000	23
3.32367	23
3.32733	24
3.33100	24
3.33467	24
3.33833	24
3.34200	23
3.34567	23
3.34933	23
3.35300	22
3.35667	22
3.36033	22
3.36400	22
3.36767	22
3.37133	22
3.37500	23
3.37867	23
3.38233	23
3.38600	23
3.38967	23
3.39333	23
3.39700	23
3.40067	23
3.40433	23
3.40800	23
3.41167	23
3.41533	23
3.41900	23
3.42267	23
3.42633	23
3.43000	23
3.43367	23
3.43733	23
3.44100	22
3.44467	22
3.44833	22
3.45200	22
3.45567	22
3.45933	22
3.46300	23
3.46667	23
3.47033	23
3.47400	23
3.47767	23
3.48133	23
3.48500	23
3.48867	23
3.49233	23
3.49600	23
3.49967	23
3.50333	23
3.50700	23
3.51067	23
3.51433	23
3.51800	22
3.52167	22
3.52533	22
3.52900	23
3.53267	23
3.53633	23
3.54000	23
3.54367	23
3.54733	23
3.55100	23
3.55467	23
3.55833	23
3.56200	24
3.56567	24
3.56933	24
3.57300	24
3.57667	24
3.58033	24
3.58400	24
3.58767	24
3.59133	24
3.59500	24
3.59867	24
3.60233	24
3.60600	24
3.60967	24
3.61333	24
3.61700	24
3.62067	24
3.62433	24
3.62800	24
3.63167	25
3.63533	25
3.63900	25
3.64267	24
3.64633	24
3.65000	24
3.65367	24
3.65733	24
3.66100	24
3.66467	24
3.66833	24
3.67200	24
3.67567	24
3.67933	23
3.68300	23
3.68667	23
3.69033	23
3.69400	23
3.69767	23
3.70133	23
3.70500	23
3.70867	24
3.71233	24
3.71600	24
3.71967	24
3.72333	24
3.72700	24
3.73067	24
3.73433	24
3.73800	24
3.74167	24
3.74533	24
3.74900	24
3.75267	23
3.75633	23
3.76000	23
3.76367	23
3.76733	22
3.77100	22
3.77467	22
3.77833	22
3.78200	22
3.78567	22
3.78933	22
3.79300	22
3.79667	22
3.80033	22
3.80400	22
3.80767	22
3.81133	22
3.81500	22
3.81867	23
3.82233	23
3.82600	23
3.82967	24
3.83333	24
3.83700	25
3.84067	25
3.84433	25
3.84800	26
3.85167	26
3.85533	27
3.85900	27
3.86267	27
3.86633	27
3.87000	27
3.87367	27
3.87733	27
3.88100	28
3.88467	28
3.88833	28
3.89200	28
3.89567	28
3.89933	28
3.90300	28
3.90667	28
3.91033	28
3.91400	28
3.91767	28
3.92133	28
3.92500	28
3.92867	28
3.93233	28
3.93600	28
3.93967	28
3.94333	28
3.94700	27
3.95067	27
3.95433	27
3.95800	27
3.96167	27
3.96533	26
3.96900	26
3.97267	26
3.97633	26
3.98000	26
3.98367	26
3.98733	26
3.99100	26
3.99467	26
3.99833	25

[Chromatogram (Ch3)]
Interval(msec)	220
# of Points	1091
Start Time(min)	0.002
End Time(min)	3.998
R.Time (min)	Intensity
0.00167	2
0.00533	5
0.00900	8
0.01267	10
0.01633	8
0.02000	6
0.02367	4
0.02733	3
0.03100	3
0.03467	1
0.03833	0
0.04200	-2
0.04567	-4
0.04933	-4
0.05300	-3
0.05667	-1
0.06033	1
0.06400	4
0.06767	6
0.07133	7
0.07500	9
0.07867	10
0.08233	9
0.08600	7
0.08967	7
0.09333	5
0.09700	3
0.10067	2
0.10433	2
0.10800	1
0.11167	-0
0.11533	-1
0.11900	1
0.12267	3
0.12633	6
0.13000	7
0.13367	6
0.13733	6
0.14100	6
0.14467	7
0.14833	9
0.15200	9
0.15567	8
0.15933	7
0.16300	7
0.16667	7
0.17033	8
0.17400	11
0.17767	11
0.18133	8
0.18500	7
0.18867	7
0.19233	6
0.19600	7
0.19967	6
0.20333	7
0.20700	8
0.21067	10
0.21433	12
0.21800	11
0.22167	8
0.22533	5
0.22900	7
0.23267	8
0.23633	8
0.24000	7
0.24367	4
0.24733	5
0.25100	4
0.25467	5
0.25833	6
0.26200	7
0.26567	8
0.26933	8
0.27300	7
0.27667	10
0.28033	12
0.28400	12
0.28767	13
0.29133	15
0.29500	16
0.29867	17
0.30233	18
0.30600	17
0.30967	15
0.31333	15
0.31700	14
0.32067	13
0.32433	12
0.32800	9
0.33167	6
0.33533	5
0.33900	6
0.34267	9
0.34633	10
0.35000	8
0.35367	8
0.35733	11
0.36100	16
0.36467	20
0.36833	20
0.37200	20
0.37567	21
0.37933	19
0.38300	18
0.38667	17
0.39033	17
0.39400	17
0.39767	17
0.40133	18
0.40500	17
0.40867	17
0.41233	15
0.41600	15
0.41967	16
0.42333	16
0.42700	15
0.43067	16
0.43433	16
0.43800	17
0.44167	17
0.44533	17
0.44900	16
0.45267	18
0.45633	20
0.46000	20
0.46367	19
0.46733	19
0.47100	18
0.47467	18
0.47833	16
0.48200	16
0.48567	17
0.48933	18
0.49300	18
0.49667	21
0.50033	24
0.50400	26
0.50767	27
0.51133	26
0.51500	24
0.51867	23
0.52233	22
0.52600	23
0.52967	26
0.53333	26
0.53700	26
0.54067	26
0.54433	28
0.54800	28
0.55167	27
0.55533	27
0.55900	27
0.56267	26
0.56633	27
0.57000	28
0.57367	29
0.57733	27
0.58100	27
0.58467	28
0.58833	26
0.59200	24
0.59567	25
0.59933	26
0.60300	26
0.60667	25
0.61033	23
0.61400	24
0.61767	26
0.62133	28
0.62500	28
0.62867	29
0.63233	29
0.63600	27
0.63967	27
0.64333	28
0.64700	29
0.65067	29
0.65433	29
0.65800	28
0.66167	30
0.66533	32
0.66900	34
0.67267	33
0.67633	33
0.68000	33
0.68367	32
0.68733	29
0.69100	28
0.69467	29
0.69833	28
0.70200	27
0.70567	25
0.70933	24
0.71300	25
0.71667	26
0.72033	30
0.72400	31
0.72767	30
0.73133	30
0.73500	29
0.73867	29
0.74233	28
0.74600	28
0.74967	28
0.75333	29
0.75700	29
0.76067	30
0.76433	31
0.76800	29
0.77167	29
0.77533	28
0.77900	28
0.78267	29
0.78633	30
0.79000	29
0.79367	31
0.79733	32
0.80100	32
0.80467	31
0.80833	30
0.81200	28
0.81567	28
0.81933	31
0.82300	32
0.82667	32
0.83033	31
0.83400	31
0.83767	32
0.84133	31
0.84500	31
0.84867	29
0.85233	28
0.85600	27
0.85967	28
0.86333	30
0.86700	33
0.87067	34
0.87433	34
0.87800	34
0.88167	34
0.88533	32
0.88900	30
0.89267	28
0.89633	27
0.90000	25
0.90367	26
0.90733	28
0.91100	30
0.91467	31
0.91833	32
0.92200	32
0.92567	33
0.92933	34
0.93300	36
0.93667	36
0.94033	33
0.94400	31
0.94767	30
0.95133	32
0.95500	32
0.95867	30
0.96233	30
0.96600	33
0.96967	35
0.97333	35
0.97700	34
0.98067	33
0.98433	31
0.98800	29
0.99167	29
0.99533	28
0.99900	29
1.00267	32
1.00633	36
1.01000	38
1.01367	37
1.01733	37
1.02100	38
1.02467	39
1.02833	38
1.03200	36
1.03567	35
1.03933	33
1.04300	31
1.04667	30
1.05033	33
1.05400	35
1.05767	36
1.06133	35
1.06500	36
1.06867	38
1.07233	40
1.07600	41
1.07967	39
1.08333	38
1.08700	36
1.09067	36
1.09433	35
1.09800	34
1.10167	36
1.10533	37
1.10900	35
1.11267	33
1.11633	32
1.12000	32
1.12367	34
1.12733	34
1.13100	36
1.13467	37
1.13833	38
1.14200	38
1.14567	38
1.14933	36
1.15300	35
1.15667	33
1.16033	33
1.16400	35
1.16767	35
1.17133	33
1.17500	32
1.17867	34
1.18233	35
1.18600	36
1.18967	35
1.19333	34
1.19700	35
1.20067	37
1.20433	36
1.20800	35
1.21167	33
1.21533	31
1.21900	33
1.22267	36
1.22633	36
1.23000	35
1.23367	35
1.23733	36
1.24100	36
1.24467	34
1.24833	32
1.25200	31
1.25567	33
1.25933	33
1.26300	31
1.26667	30
1.27033	32
1.27400	32
1.27767	32
1.28133	34
1.28500	34
1.28867	35
1.29233	35
1.29600	34
1.29967	34
1.30333	34
1.30700	33
1.31067	31
1.31433	31
1.31800	33
1.32167	34
1.32533	35
1.32900	36
1.33267	37
1.33633	36
1.34000	35
1.34367	32
1.34733	32
1.35100	33
1.35467	32
1.35833	33
1.36200	33
1.36567	31
1.36933	30
1.37300	31
1.37667	32
1.38033	32
1.38400	33
1.38767	35
1.39133	36
1.39500	37
1.39867	37
1.40233	37
1.40600	35
1.40967	35
1.41333	36
1.41700	36
1.42067	37
1.42433	38
1.42800	39
1.43167	39
1.43533	38
1.43900	36
1.44267	35
1.44633	37
1.45000	40
1.45367	43
1.45733	42
1.46100	40
1.46467	38
1.46833	37
1.47200	36
1.47567	37
1.47933	37
1.48300	36
1.48667	32
1.49033	31
1.49400	30
1.49767	30
1.50133	30
1.50500	30
1.50867	33
1.51233	35
1.51600	34
1.51967	32
1.52333	32
1.52700	34
1.53067	35
1.53433	35
1.53800	35
1.54167	36
1.54533	37
1.54900	32
1.55267	26
1.55633	23
1.56000	23
1.56367	25
1.56733	26
1.57100	29
1.57467	27
1.57833	28
1.58200	28
1.58567	29
1.58933	28
1.59300	30
1.59667	32
1.60033	32
1.60400	33
1.60767	35
1.61133	36
1.61500	36
1.61867	34
1.62233	34
1.62600	34
1.62967	34
1.63333	34
1.63700	35
1.64067	35
1.64433	35
1.64800	34
1.65167	33
1.65533	34
1.65900	36
1.66267	37
1.66633	38
1.67000	40
1.67367	41
1.67733	41
1.68100	41
1.68467	42
1.68833	42
1.69200	42
1.69567	40
1.69933	39
1.70300	41
1.70667	42
1.71033	42
1.71400	41
1.71767	41
1.72133	42
1.72500	43
1.72867	43
1.73233	44
1.73600	44
1.73967	43
1.74333	42
1.74700	43
1.75067	44
1.75433	45
1.75800	47
1.76167	48
1.76533	51
1.76900	52
1.77267	51
1.77633	50
1.78000	49
1.78367	49
1.78733	49
1.79100	49
1.79467	51
1.79833	51
1.80200	51
1.80567	51
1.80933	50
1.81300	50
1.81667	51
1.82033	50
1.82400	48
1.82767	47
1.83133	47
1.83500	49
1.83867	53
1.84233	56
1.84600	59
1.84967	60
1.85333	59
1.85700	58
1.86067	58
1.86433	58
1.86800	59
1.87167	59
1.87533	58
1.87900	57
1.88267	55
1.88633	53
1.89000	54
1.89367	53
1.89733	50
1.90100	50
1.90467	53
1.90833	55
1.91200	57
1.91567	58
1.91933	56
1.92300	56
1.92667	57
1.93033	58
1.93400	60
1.93767	59
1.94133	59
1.94500	60
1.94867	59
1.95233	61
1.95600	61
1.95967	61
1.96333	59
1.96700	56
1.97067	59
1.97433	62
1.97800	66
1.98167	65
1.98533	65
1.98900	67
1.99267	69
1.99633	70
2.00000	71
2.00367	70
2.00733	71
2.01100	72
2.01467	70
2.01833	70
2.02200	72
2.02567	70
2.02933	71
2.03300	74
2.03667	76
2.04033	73
2.04400	72
2.04767	73
2.05133	74
2.05500	75
2.05867	76
2.06233	77
2.06600	77
2.06967	79
2.07333	81
2.07700	79
2.08067	79
2.08433	80
2.08800	81
2.09167	82
2.09533	82
2.09900	83
2.10267	84
2.10633	82
2.11000	82
2.11367	84
2.11733	86
2.12100	86
2.12467	87
2.12833	90
2.13200	94
2.13567	94
2.13933	95
2.14300	96
2.14667	97
2.15033	98
2.15400	97
2.15767	96
2.16133	97
2.16500	97
2.16867	97
2.17233	96
2.17600	97
2.17967	98
2.18333	100
2.18700	103
2.19067	103
2.19433	103
2.19800	104
2.20167	104
2.20533	103
2.20900	104
2.21267	106
2.21633	108
2.22000	107
2.22367	106
2.22733	105
2.23100	105
2.23467	106
2.23833	106
2.24200	105
2.24567	106
2.24933	109
2.25300	111
2.25667	108
2.26033	106
2.26400	105
2.26767	104
2.27133	105
2.27500	106
2.27867	109
2.28233	112
2.28600	112
2.28967	112
2.29333	112
2.29700	112
2.30067	113
2.30433	114
2.30800	114
2.31167	116
2.31533	115
2.31900	115
2.32267	114
2.32633	114
2.33000	116
2.33367	118
2.33733	119
2.34100	121
2.34467	121
2.34833	118
2.35200	118
2.35567	118
2.35933	120
2.36300	122
2.36667	123
2.37033	123
2.37400	123
2.37767	123
2.38133	123
2.38500	123
2.38867	121
2.39233	121
2.39600	123
2.39967	124
2.40333	128
2.40700	133
2.41067	138
2.41433	142
2.41800	142
2.42167	141
2.42533	140
2.42900	139
2.43267	138
2.43633	138
2.44000	140
2.44367	149
2.44733	176
2.45100	204
2.45467	222
2.45833	225
2.46200	216
2.46567	203
2.46933	191
2.47300	183
2.47667	174
2.48033	163
2.48400	149
2.48767	136
2.49133	124
2.49500	114
2.49867	107
2.50233	105
2.50600	105
2.50967	107
2.51333	111
2.51700	114
2.52067	118
2.52433	119
2.52800	117
2.53167	113
2.53533	107
2.53900	102
2.54267	96
2.54633	88
2.55000	81
2.55367	76
2.55733	72
2.56100	69
2.56467	67
2.56833	66
2.57200	65
2.57567	66
2.57933	65
2.58300	64
2.58667	62
2.59033	62
2.59400	61
2.59767	58
2.60133	55
2.60500	51
2.60867	43
2.61233	32
2.61600	17
2.61967	-5
2.62333	-32
2.62700	-59
2.63067	-86
2.63433	-110
2.63800	-132
2.64167	-153
2.64533	-169
2.64900	-180
2.65267	-188
2.65633	-193
2.66000	-196
2.66367	-194
2.66733	-190
2.67100	-186
2.67467	-181
2.67833	-176
2.68200	-169
2.68567	-161
2.68933	-152
2.69300	-146
2.69667	-139
2.70033	-131
2.70400	-124
2.70767	-117
2.71133	-111
2.71500	-106
2.71867	-101
2.72233	-95
2.72600	-90
2.72967	-82
2.73333	-74
2.73700	-67
2.74067	-59
2.74433	-56
2.74800	-54
2.75167	-51
2.75533	-49
2.75900	-45
2.76267	-42
2.76633	-39
2.77000	-36
2.77367	-35
2.77733	-33
2.78100	-30
2.78467	-25
2.78833	-22
2.79200	-24
2.79567	-25
2.79933	-23
2.80300	-20
2.80667	-18
2.81033	-13
2.81400	-8
2.81767	-4
2.82133	1
2.82500	8
2.82867	20
2.83233	45
2.83600	96
2.83967	196
2.84333	366
2.84700	634
2.85067	1013
2.85433	1503
2.85800	2087
2.86167	2732
2.86533	3394
2.86900	4022
2.87267	4559
2.87633	4969
2.88000	5230
2.88367	5330
2.88733	5282
2.89100	5107
2.89467	4833
2.89833	4496
2.90200	4125
2.90567	3735
2.90933	3349
2.91300	2981
2.91667	2635
2.92033	2317
2.92400	2031
2.92767	1774
2.93133	1546
2.93500	1342
2.93867	1161
2.94233	1007
2.94600	873
2.94967	754
2.95333	652
2.95700	563
2.96067	488
2.96433	424
2.96800	368
2.97167	319
2.97533	276
2.97900	236
2.98267	203
2.98633	175
2.99000	153
2.99367	137
2.99733	127
3.00100	117
3.00467	105
3.00833	92
3.01200	79
3.01567	68
3.01933	60
3.02300	50
3.02667	45
3.03033	40
3.03400	38
3.03767	36
3.04133	33
3.04500	31
3.04867	31
3.05233	31
3.05600	31
3.05967	31
3.06333	31
3.06700	32
3.07067	30
3.07433	27
3.07800	27
3.08167	27
3.08533	27
3.08900	25
3.09267	24
3.09633	25
3.10000	27
3.10367	29
3.10733	30
3.11100	32
3.11467	33
3.11833	32
3.12200	32
3.12567	34
3.12933	35
3.13300	36
3.13667	34
3.14033	32
3.14400	32
3.14767	34
3.15133	35
3.15500	35
3.15867	34
3.16233	34
3.16600	33
3.16967	32
3.17333	32
3.17700	31
3.18067	33
3.18433	37
3.18800	38
3.19167	37
3.19533	38
3.19900	40
3.20267	41
3.20633	42
3.21000	44
3.21367	47
3.21733	49
3.22100	51
3.22467	50
3.22833	52
3.23200	54
3.23567	56
3.23933	57
3.24300	56
3.24667	55
3.25033	54
3.25400	54
3.25767	54
3.26133	54
3.26500	54
3.26867	55
3.27233	58
3.27600	60
3.27967	62
3.28333	64
3.28700	65
3.29067	66
3.29433	67
3.29800	69
3.30167	67
3.30533	65
3.30900	65
3.31267	65
3.31633	66
3.32000	66
3.32367	65
3.32733	64
3.33100	66
3.33467	68
3.33833	69
3.34200	69
3.34567	70
3.34933	71
3.35300	69
3.35667	67
3.36033	67
3.36400	67
3.36767	64
3.37133	63
3.37500	63
3.37867	63
3.38233	64
3.38600	65
3.38967	66
3.39333	67
3.39700	67
3.40067	66
3.40433	66
3.40800	65
3.41167	64
3.41533	63
3.41900	63
3.42267	62
3.42633	63
3.43000	62
3.43367	63
3.43733	63
3.44100	65
3.44467	66
3.44833	66
3.45200	66
3.45567	66
3.45933	64
3.46300	62
3.46667	61
3.47033	59
3.47400	56
3.47767	53
3.48133	53
3.48500	53
3.48867	54
3.49233	57
3.49600	60
3.49967	60
3.50333	59
3.50700	59
3.51067	58
3.51433	57
3.51800	58
3.52167	59
3.52533	58
3.52900	58
3.53267	57
3.53633	53
3.54000	52
3.54367	54
3.54733	55
3.55100	54
3.55467	55
3.55833	57
3.56200	55
3.56567	53
3.56933	52
3.57300	52
3.57667	52
3.58033	50
3.58400	48
3.58767	46
3.59133	46
3.59500	48
3.59867	49
3.60233	47
3.60600	49
3.60967	49
3.61333	49
3.61700	49
3.62067	50
3.62433	51
3.62800	51
3.63167	52
3.63533	52
3.63900	50
3.64267	50
3.64633	51
3.65000	50
3.65367	50
3.65733	49
3.66100	49
3.66467	50
3.66833	52
3.67200	52
3.67567	50
3.67933	50
3.68300	49
3.68667	47
3.69033	47
3.69400	47
3.69767	47
3.70133	49
3.70500	50
3.70867	51
3.71233	49
3.71600	47
3.71967	46
3.72333	45
3.72700	46
3.73067	47
3.73433	46
3.73800	45
3.74167	46
3.74533	48
3.74900	49
3.75267	49
3.75633	49
3.76000	47
3.76367	45
3.76733	46
3.77100	46
3.77467	46
3.77833	48
3.78200	47
3.78567	45
3.78933	43
3.79300	44
3.79667	45
3.80033	46
3.80400	44
3.80767	43
3.81133	43
3.81500	43
3.81867	44
3.82233	45
3.82600	45
3.82967	47
3.83333	46
3.83700	46
3.84067	46
3.84433	44
3.84800	41
3.85167	41
3.85533	41
3.85900	42
3.86267	44
3.86633	46
3.87000	47
3.87367	47
3.87733	45
3.88100	44
3.88467	42
3.88833	41
3.89200	42
3.89567	41
3.89933	38
3.90300	33
3.90667	31
3.91033	30
3.91400	29
3.91767	29
3.92133	30
3.92500	31
3.92867	30
3.93233	28
3.93600	28
3.93967	28
3.94333	26
3.94700	25
3.95067	25
3.95433	24
3.95800	25
3.96167	29
3.96533	31
3.96900	32
3.97267	37
3.97633	43
3.98000	46
3.98367	50
3.98733	52
3.99100	53
3.99467	56
3.99833	57

[Status Trace (Column Oven Temperature)]
Interval(msec)	1000
# of Points	240
Start Time(min)	0.005
End Time(min)	3.988
Intensity Units	
Intensity Multiplier	1
R.Time (min)	Intensity
0.00467	35.00
0.02133	35.00
0.03800	35.01
0.05467	35.00
0.07133	35.00
0.08800	35.00
0.10467	34.98
0.12133	34.98
0.13800	34.98
0.15467	34.98
0.17133	34.98
0.18800	34.98
0.20467	34.97
0.22133	34.98
0.23800	34.99
0.25467	35.00
0.27133	35.01
0.28800	35.03
0.30467	35.02
0.32133	35.02
0.33800	35.01
0.35467	35.01
0.37133	35.00
0.38800	35.00
0.40467	34.99
0.42133	34.99
0.43800	34.99
0.45467	34.99
0.47133	34.99
0.48800	35.00
0.50467	35.01
0.52133	35.01
0.53800	35.00
0.55467	35.00
0.57133	34.99
0.58800	34.98
0.60467	34.98
0.62133	34.97
0.63800	34.97
0.65467	34.98
0.67133	34.98
0.68800	34.98
0.70467	34.99
0.72133	35.01
0.73800	35.02
0.75467	35.02
0.77133	35.01
0.78800	35.00
0.80467	34.99
0.82133	34.98
0.83800	34.98
0.85467	34.99
0.87133	34.99
0.88800	34.99
0.90467	35.00
0.92133	35.01
0.93800	35.01
0.95467	35.01
0.97133	35.00
0.98800	34.99
1.00467	35.00
1.02133	34.98
1.03800	34.98
1.05467	34.98
1.07133	34.99
1.08800	35.00
1.10467	35.00
1.12133	35.01
1.13800	35.02
1.15467	35.01
1.17133	35.00
1.18800	34.99
1.20467	34.99
1.22133	35.00
1.23800	35.02
1.25467	35.02
1.27133	35.01
1.28800	35.01
1.30467	35.00
1.32133	35.00
1.33800	34.99
1.35467	35.00
1.37133	34.99
1.38800	34.98
1.40467	34.97
1.42133	34.97
1.43800	34.97
1.45467	34.97
1.47133	34.98
1.48800	34.98
1.50467	34.98
1.52133	34.98
1.53800	34.98
1.55467	34.98
1.57133	34.98
1.58800	34.99
1.60467	35.04
1.62133	35.16
1.63800	35.34
1.65467	35.57
1.67133	35.89
1.68800	36.24
1.70467	36.60
1.72133	36.94
1.73800	37.28
1.75467	37.61
1.77133	37.94
1.78800	38.28
1.80467	38.62
1.82133	38.92
1.83800	39.26
1.85467	39.59
1.87133	39.92
1.88800	40.26
1.90467	40.58
1.92133	40.91
1.93800	41.22
1.95467	41.55
1.97133	41.89
1.98800	42.21
2.00467	42.55
2.02133	42.87
2.03800	43.18
2.05467	43.51
2.07133	43.84
2.08800	44.17
2.10467	44.49
2.12133	44.83
2.13800	45.15
2.15467	45.49
2.17133	45.79
2.18800	46.12
2.20467	46.47
2.22133	46.79
2.23800	47.11
2.25467	47.44
2.27133	47.75
2.28800	48.09
2.30467	48.41
2.32133	48.78
2.33800	49.10
2.35467	49.37
2.37133	49.58
2.38800	49.68
2.40467	49.67
2.42133	49.71
2.43800	49.71
2.45467	49.70
2.47133	49.76
2.48800	49.77
2.50467	49.79
2.52133	49.79
2.53800	49.80
2.55467	49.80
2.57133	49.82
2.58800	49.81
2.60467	49.82
2.62133	49.83
2.63800	49.84
2.65467	49.85
2.67133	49.86
2.68800	49.86
2.70467	49.85
2.72133	49.86
2.73800	49.86
2.75467	49.86
2.77133	49.86
2.78800	49.87
2.80467	49.88
2.82133	49.89
2.83800	49.90
2.85467	49.91
2.87133	49.92
2.88800	49.93
2.90467	49.95
2.92133	49.97
2.93800	49.98
2.95467	49.99
2.97133	50.01
2.98800	50.03
3.00467	50.04
3.02133	50.04
3.03800	50.04
3.05467	50.05
3.07133	50.06
3.08800	50.08
3.10467	50.09
3.12133	50.10
3.13800	50.11
3.15467	50.11
3.17133	50.10
3.18800	50.09
3.20467	50.08
3.22133	50.06
3.23800	50.05
3.25467	50.04
3.27133	50.04
3.28800	50.03
3.30467	50.03
3.32133	50.02
3.33800	50.03
3.35467	50.04
3.37133	50.04
3.38800	50.04
3.40467	50.05
3.42133	50.04
3.43800	50.06
3.45467	50.06
3.47133	50.07
3.48800	50.06
3.50467	50.06
3.52133	50.07
3.53800	50.07
3.55467	50.07
3.57133	50.07
3.58800	50.07
3.60467	50.07
3.62133	50.06
3.63800	50.07
3.65467	50.07
3.67133	50.07
3.68800	50.08
3.70467	50.08
3.72133	50.08
3.73800	50.07
3.75467	50.08
3.77133	50.10
3.78800	50.11
3.80467	50.11
3.82133	50.10
3.83800	50.08
3.85467	50.05
3.87133	50.03
3.88800	50.01
3.90467	50.00
3.92133	49.98
3.93800	49.97
3.95467	49.97
3.97133	49.97
3.98800	49.97

[Status Trace (Injection Unit Temperature)]
Interval(msec)	1000
# of Points	240
Start Time(min)	0.005
End Time(min)	3.988
Intensity Units	
Intensity Multiplier	1
R.Time (min)	Intensity
0.00467	99.98
0.02133	99.98
0.03800	99.98
0.05467	99.98
0.07133	99.98
0.08800	99.98
0.10467	99.97
0.12133	99.97
0.13800	99.98
0.15467	99.98
0.17133	99.98
0.18800	99.98
0.20467	99.97
0.22133	99.98
0.23800	99.98
0.25467	99.98
0.27133	99.98
0.28800	99.98
0.30467	99.98
0.32133	99.98
0.33800	99.98
0.35467	99.98
0.37133	99.98
0.38800	99.98
0.40467	99.98
0.42133	99.98
0.43800	99.98
0.45467	99.98
0.47133	99.98
0.48800	99.98
0.50467	99.98
0.52133	99.98
0.53800	99.98
0.55467	99.98
0.57133	99.98
0.58800	99.98
0.60467	99.98
0.62133	99.98
0.63800	99.98
0.65467	99.98
0.67133	99.99
0.68800	99.98
0.70467	99.99
0.72133	99.98
0.73800	99.98
0.75467	99.99
0.77133	99.98
0.78800	99.99
0.80467	99.98
0.82133	99.99
0.83800	99.99
0.85467	99.99
0.87133	99.99
0.88800	99.98
0.90467	99.99
0.92133	99.99
0.93800	99.98
0.95467	99.99
0.97133	99.98
0.98800	99.99
1.00467	99.99
1.02133	99.99
1.03800	99.99
1.05467	99.99
1.07133	99.98
1.08800	99.99
1.10467	99.99
1.12133	99.99
1.13800	99.99
1.15467	99.99
1.17133	99.98
1.18800	99.99
1.20467	99.98
1.22133	99.99
1.23800	99.99
1.25467	99.99
1.27133	99.99
1.28800	99.99
1.30467	99.98
1.32133	99.99
1.33800	99.99
1.35467	99.99
1.37133	99.99
1.38800	99.99
1.40467	99.99
1.42133	99.99
1.43800	99.99
1.45467	99.99
1.47133	99.99
1.48800	99.99
1.50467	99.99
1.52133	99.99
1.53800	99.99
1.55467	99.98
1.57133	99.98
1.58800	99.99
1.60467	99.99
1.62133	99.99
1.63800	99.99
1.65467	99.99
1.67133	99.99
1.68800	99.99
1.70467	99.99
1.72133	99.99
1.73800	99.99
1.75467	99.98
1.77133	99.98
1.78800	99.99
1.80467	99.99
1.82133	99.98
1.83800	99.98
1.85467	99.98
1.87133	99.98
1.88800	99.99
1.90467	99.98
1.92133	99.98
1.93800	99.98
1.95467	99.98
1.97133	99.98
1.98800	99.98
2.00467	99.98
2.02133	99.98
2.03800	99.98
2.05467	99.98
2.07133	99.97
2.08800	99.98
2.10467	99.98
2.12133	99.97
2.13800	99.98
2.15467	99.97
2.17133	99.97
2.18800	99.97
2.20467	99.97
2.22133	99.97
2.23800	99.97
2.25467	99.97
2.27133	99.97
2.28800	99.97
2.30467	99.97
2.32133	99.96
2.33800	99.97
2.35467	99.96
2.37133	99.97
2.38800	99.97
2.40467	99.97
2.42133	99.97
2.43800	99.97
2.45467	99.97
2.47133	99.97
2.48800	99.97
2.50467	99.97
2.52133	99.97
2.53800	99.97
2.55467	99.97
2.57133	99.97
2.58800	99.97
2.60467	99.98
2.62133	99.98
2.63800	99.98
2.65467	99.97
2.67133	99.98
2.68800	99.98
2.70467	99.98
2.72133	99.99
2.73800	99.99
2.75467	99.99
2.77133	99.99
2.78800	99.99
2.80467	100.00
2.82133	99.99
2.83800	100.00
2.85467	100.00
2.87133	100.00
2.88800	100.00
2.90467	100.00
2.92133	100.01
2.93800	100.00
2.95467	100.01
2.97133	100.02
2.98800	100.01
3.00467	100.01
3.02133	100.01
3.03800	100.02
3.05467	100.02
3.07133	100.02
3.08800	100.02
3.10467	100.02
3.12133	100.02
3.13800	100.03
3.15467	100.03
3.17133	100.02
3.18800	100.03
3.20467	100.03
3.22133	100.03
3.23800	100.03
3.25467	100.04
3.27133	100.03
3.28800	100.03
3.30467	100.04
3.32133	100.04
3.33800	100.04
3.35467	100.04
3.37133	100.04
3.38800	100.04
3.40467	100.04
3.42133	100.04
3.43800	100.05
3.45467	100.04
3.47133	100.04
3.48800	100.05
3.50467	100.05
3.52133	100.05
3.53800	100.05
3.55467	100.05
3.57133	100.05
3.58800	100.05
3.60467	100.05
3.62133	100.05
3.63800	100.05
3.65467	100.05
3.67133	100.05
3.68800	100.05
3.70467	100.05
3.72133	100.06
3.73800	100.05
3.75467	100.06
3.77133	100.06
3.78800	100.05
3.80467	100.05
3.82133	100.05
3.83800	100.05
3.85467	100.06
3.87133	100.05
3.88800	100.05
3.90467	100.05
3.92133	100.05
3.93800	100.05
3.95467	100.04
3.97133	100.06
3.98800	100.05

[Status Trace (Carrier Gas Pressure)]
Interval(msec)	1000
# of Points	240
Start Time(min)	0.005
End Time(min)	3.988
Intensity Units	
Intensity Multiplier	1
R.Time (min)	Intensity
0.00467	58.00
0.02133	55.93
0.03800	56.63
0.05467	58.84
0.07133	59.81
0.08800	58.21
0.10467	57.97
0.12133	58.01
0.13800	58.01
0.15467	58.01
0.17133	58.00
0.18800	58.00
0.20467	58.00
0.22133	58.00
0.23800	58.00
0.25467	58.00
0.27133	58.00
0.28800	58.00
0.30467	58.00
0.32133	58.00
0.33800	58.00
0.35467	58.00
0.37133	58.00
0.38800	58.00
0.40467	58.00
0.42133	58.00
0.43800	58.00
0.45467	58.00
0.47133	58.00
0.48800	58.00
0.50467	58.00
0.52133	58.00
0.53800	58.00
0.55467	58.00
0.57133	58.00
0.58800	58.00
0.60467	58.00
0.62133	58.00
0.63800	58.00
0.65467	58.00
0.67133	58.00
0.68800	58.00
0.70467	58.00
0.72133	58.00
0.73800	58.00
0.75467	58.00
0.77133	58.00
0.78800	58.00
0.80467	58.00
0.82133	58.00
0.83800	58.00
0.85467	58.00
0.87133	58.00
0.88800	58.00
0.90467	58.00
0.92133	58.00
0.93800	58.00
0.95467	58.00
0.97133	58.00
0.98800	58.00
1.00467	58.00
1.02133	58.00
1.03800	58.00
1.05467	58.00
1.07133	58.00
1.08800	58.00
1.10467	58.00
1.12133	58.00
1.13800	58.00
1.15467	58.00
1.17133	58.00
1.18800	58.00
1.20467	58.00
1.22133	58.00
1.23800	58.00
1.25467	58.00
1.27133	58.00
1.28800	58.00
1.30467	58.00
1.32133	58.00
1.33800	58.00
1.35467	58.00
1.37133	58.00
1.38800	58.00
1.40467	58.00
1.42133	58.00
1.43800	58.00
1.45467	58.00
1.47133	58.00
1.48800	58.00
1.50467	58.00
1.52133	58.00
1.53800	58.00
1.55467	58.00
1.57133	58.00
1.58800	58.00
1.60467	58.00
1.62133	58.00
1.63800	58.00
1.65467	58.00
1.67133	58.01
1.68800	58.01
1.70467	58.00
1.72133	58.00
1.73800	58.00
1.75467	58.00
1.77133	58.00
1.78800	58.00
1.80467	58.00
1.82133	58.00
1.83800	58.00
1.85467	58.00
1.87133	58.00
1.88800	58.00
1.90467	58.00
1.92133	58.00
1.93800	58.00
1.95467	58.00
1.97133	58.00
1.98800	58.00
2.00467	58.00
2.02133	58.00
2.03800	58.00
2.05467	58.00
2.07133	58.00
2.08800	58.00
2.10467	58.00
2.12133	58.00
2.13800	58.00
2.15467	58.00
2.17133	58.00
2.18800	58.00
2.20467	58.00
2.22133	58.00
2.23800	58.00
2.25467	58.00
2.27133	58.00
2.28800	58.00
2.30467	58.00
2.32133	58.00
2.33800	58.00
2.35467	58.00
2.37133	58.00
2.38800	57.99
2.40467	57.99
2.42133	58.00
2.43800	58.00
2.45467	58.00
2.47133	58.00
2.48800	58.00
2.50467	57.99
2.52133	57.99
2.53800	58.00
2.55467	58.00
2.57133	58.00
2.58800	58.00
2.60467	58.00
2.62133	58.00
2.63800	58.00
2.65467	58.00
2.67133	58.00
2.68800	58.00
2.70467	58.00
2.72133	58.00
2.73800	58.00
2.75467	58.00
2.77133	58.00
2.78800	58.00
2.80467	58.00
2.82133	58.00
2.83800	58.00
2.85467	58.00
2.87133	58.00
2.88800	58.00
2.90467	58.00
2.92133	58.00
2.93800	58.00
2.95467	58.00
2.97133	58.00
2.98800	58.00
3.00467	58.00
3.02133	58.00
3.03800	58.00
3.05467	58.00
3.07133	58.00
3.08800	58.00
3.10467	58.00
3.12133	58.00
3.13800	58.00
3.15467	58.00
3.17133	58.00
3.18800	58.00
3.20467	58.00
3.22133	58.00
3.23800	58.00
3.25467	58.00
3.27133	58.00
3.28800	58.00
3.30467	58.00
3.32133	58.00
3.33800	58.00
3.35467	58.00
3.37133	58.00
3.38800	58.00
3.40467	58.00
3.42133	58.00
3.43800	58.00
3.45467	58.00
3.47133	58.00
3.48800	58.00
3.50467	58.00
3.52133	58.00
3.53800	58.00
3.55467	58.00
3.57133	58.00
3.58800	58.00
3.60467	58.00
3.62133	58.00
3.63800	58.00
3.65467	58.00
3.67133	58.00
3.68800	58.00
3.70467	58.00
3.72133	58.00
3.73800	58.00
3.75467	58.00
3.77133	58.00
3.78800	58.00
3.80467	58.00
3.82133	58.00
3.83800	58.00
3.85467	58.00
3.87133	58.00
3.88800	58.00
3.90467	58.00
3.92133	58.00
3.93800	58.00
3.95467	58.00
3.97133	58.00
3.98800	58.00

[Status Trace (Carrier Gas Flow)]
Interval(msec)	1000
# of Points	240
Start Time(min)	0.005
End Time(min)	3.988
Intensity Units	
Intensity Multiplier	1
R.Time (min)	Intensity
0.00467	34.52
0.02133	34.56
0.03800	34.54
0.05467	34.55
0.07133	34.49
0.08800	34.52
0.10467	34.52
0.12133	34.52
0.13800	34.52
0.15467	34.52
0.17133	34.52
0.18800	34.52
0.20467	34.52
0.22133	34.52
0.23800	34.52
0.25467	34.52
0.27133	34.52
0.28800	34.52
0.30467	34.52
0.32133	34.52
0.33800	34.52
0.35467	34.52
0.37133	34.52
0.38800	34.52
0.40467	34.52
0.42133	34.52
0.43800	34.52
0.45467	34.52
0.47133	34.52
0.48800	34.52
0.50467	34.52
0.52133	34.52
0.53800	34.52
0.55467	34.52
0.57133	34.52
0.58800	34.52
0.60467	34.52
0.62133	34.52
0.63800	34.52
0.65467	34.52
0.67133	34.52
0.68800	34.52
0.70467	34.52
0.72133	34.52
0.73800	34.52
0.75467	34.52
0.77133	34.52
0.78800	34.52
0.80467	34.52
0.82133	34.52
0.83800	34.52
0.85467	34.52
0.87133	34.52
0.88800	34.52
0.90467	34.52
0.92133	34.52
0.93800	34.52
0.95467	34.52
0.97133	34.52
0.98800	34.52
1.00467	34.52
1.02133	34.52
1.03800	34.52
1.05467	34.52
1.07133	34.52
1.08800	34.52
1.10467	34.52
1.12133	34.52
1.13800	34.52
1.15467	34.52
1.17133	34.52
1.18800	34.52
1.20467	34.52
1.22133	34.52
1.23800	34.52
1.25467	34.52
1.27133	34.52
1.28800	34.52
1.30467	34.52
1.32133	34.52
1.33800	34.52
1.35467	34.52
1.37133	34.52
1.38800	34.52
1.40467	34.52
1.42133	34.52
1.43800	34.52
1.45467	34.52
1.47133	34.52
1.48800	34.52
1.50467	34.52
1.52133	34.52
1.53800	34.52
1.55467	34.52
1.57133	34.52
1.58800	34.52
1.60467	34.52
1.62133	34.52
1.63800	34.52
1.65467	34.52
1.67133	34.52
1.68800	34.52
1.70467	34.52
1.72133	34.52
1.73800	34.52
1.75467	34.52
1.77133	34.52
1.78800	34.52
1.80467	34.52
1.82133	34.52
1.83800	34.52
1.85467	34.52
1.87133	34.52
1.88800	34.52
1.90467	34.52
1.92133	34.52
1.93800	34.52
1.95467	34.52
1.97133	34.52
1.98800	34.52
2.00467	34.52
2.02133	34.52
2.03800	34.52
2.05467	34.52
2.07133	34.52
2.08800	34.52
2.10467	34.52
2.12133	34.52
2.13800	34.52
2.15467	34.52
2.17133	34.52
2.18800	34.52
2.20467	34.52
2.22133	34.52
2.23800	34.52
2.25467	34.52
2.27133	34.52
2.28800	34.52
2.30467	34.52
2.32133	34.52
2.33800	34.52
2.35467	34.52
2.37133	34.52
2.38800	34.53
2.40467	34.52
2.42133	34.52
2.43800	34.52
2.45467	34.52
2.47133	34.52
2.48800	34.52
2.50467	34.58
2.52133	34.52
2.53800	34.52
2.55467	34.52
2.57133	34.52
2.58800	34.52
2.60467	34.52
2.62133	34.52
2.63800	34.52
2.65467	34.52
2.67133	34.52
2.68800	34.52
2.70467	34.52
2.72133	34.52
2.73800	34.52
2.75467	34.52
2.77133	34.52
2.78800	34.52
2.80467	34.52
2.82133	34.52
2.83800	34.52
2.85467	34.52
2.87133	34.52
2.88800	34.52
2.90467	34.52
2.92133	34.52
2.93800	34.52
2.95467	34.52
2.97133	34.52
2.98800	34.52
3.00467	34.52
3.02133	34.52
3.03800	34.52
3.05467	34.52
3.07133	34.52
3.08800	34.52
3.10467	34.52
3.12133	34.52
3.13800	34.52
3.15467	34.52
3.17133	34.52
3.18800	34.52
3.20467	34.52
3.22133	34.51
3.23800	34.52
3.25467	34.52
3.27133	34.52
3.28800	34.52
3.30467	34.52
3.32133	34.52
3.33800	34.52
3.35467	34.52
3.37133	34.51
3.38800	34.52
3.40467	34.52
3.42133	34.52
3.43800	34.52
3.45467	34.52
3.47133	34.52
3.48800	34.52
3.50467	34.52
3.52133	34.52
3.53800	34.52
3.55467	34.52
3.57133	34.52
3.58800	34.52
3.60467	34.52
3.62133	34.52
3.63800	34.52
3.65467	34.52
3.67133	34.52
3.68800	34.52
3.70467	34.52
3.72133	34.52
3.73800	34.52
3.75467	34.52
3.77133	34.52
3.78800	34.52
3.80467	34.52
3.82133	34.52
3.83800	34.52
3.85467	34.52
3.87133	34.52
3.88800	34.52
3.90467	34.52
3.92133	34.52
3.93800	34.52
3.95467	34.52
3.97133	34.52
3.98800	34.52

[Status Trace (Column Flow)]
Interval(msec)	1000
# of Points	240
Start Time(min)	0.005
End Time(min)	3.988
Intensity Units	
Intensity Multiplier	1
R.Time (min)	Intensity
0.00467	5.52
0.02133	5.28
0.03800	5.36
0.05467	5.62
0.07133	5.73
0.08800	5.55
0.10467	5.52
0.12133	5.52
0.13800	5.52
0.15467	5.52
0.17133	5.52
0.18800	5.52
0.20467	5.52
0.22133	5.52
0.23800	5.52
0.25467	5.52
0.27133	5.52
0.28800	5.52
0.30467	5.52
0.32133	5.52
0.33800	5.52
0.35467	5.52
0.37133	5.52
0.38800	5.52
0.40467	5.52
0.42133	5.52
0.43800	5.52
0.45467	5.52
0.47133	5.52
0.48800	5.52
0.50467	5.52
0.52133	5.52
0.53800	5.52
0.55467	5.52
0.57133	5.52
0.58800	5.52
0.60467	5.52
0.62133	5.52
0.63800	5.52
0.65467	5.52
0.67133	5.52
0.68800	5.52
0.70467	5.52
0.72133	5.52
0.73800	5.52
0.75467	5.52
0.77133	5.52
0.78800	5.52
0.80467	5.52
0.82133	5.52
0.83800	5.52
0.85467	5.52
0.87133	5.52
0.88800	5.52
0.90467	5.52
0.92133	5.52
0.93800	5.52
0.95467	5.52
0.97133	5.52
0.98800	5.52
1.00467	5.52
1.02133	5.52
1.03800	5.52
1.05467	5.52
1.07133	5.52
1.08800	5.52
1.10467	5.52
1.12133	5.52
1.13800	5.52
1.15467	5.52
1.17133	5.52
1.18800	5.52
1.20467	5.52
1.22133	5.52
1.23800	5.52
1.25467	5.52
1.27133	5.52
1.28800	5.52
1.30467	5.52
1.32133	5.52
1.33800	5.52
1.35467	5.52
1.37133	5.52
1.38800	5.52
1.40467	5.52
1.42133	5.52
1.43800	5.52
1.45467	5.52
1.47133	5.52
1.48800	5.52
1.50467	5.52
1.52133	5.52
1.53800	5.52
1.55467	5.52
1.57133	5.52
1.58800	5.52
1.60467	5.52
1.62133	5.52
1.63800	5.51
1.65467	5.50
1.67133	5.50
1.68800	5.48
1.70467	5.47
1.72133	5.46
1.73800	5.45
1.75467	5.44
1.77133	5.43
1.78800	5.42
1.80467	5.41
1.82133	5.40
1.83800	5.39
1.85467	5.38
1.87133	5.37
1.88800	5.36
1.90467	5.35
1.92133	5.34
1.93800	5.33
1.95467	5.32
1.97133	5.31
1.98800	5.30
2.00467	5.29
2.02133	5.28
2.03800	5.27
2.05467	5.26
2.07133	5.25
2.08800	5.24
2.10467	5.23
2.12133	5.23
2.13800	5.22
2.15467	5.21
2.17133	5.20
2.18800	5.19
2.20467	5.18
2.22133	5.17
2.23800	5.16
2.25467	5.15
2.27133	5.14
2.28800	5.13
2.30467	5.12
2.32133	5.11
2.33800	5.10
2.35467	5.10
2.37133	5.09
2.38800	5.09
2.40467	5.09
2.42133	5.09
2.43800	5.09
2.45467	5.09
2.47133	5.09
2.48800	5.08
2.50467	5.08
2.52133	5.08
2.53800	5.08
2.55467	5.08
2.57133	5.08
2.58800	5.08
2.60467	5.08
2.62133	5.08
2.63800	5.08
2.65467	5.08
2.67133	5.08
2.68800	5.08
2.70467	5.08
2.72133	5.08
2.73800	5.08
2.75467	5.08
2.77133	5.08
2.78800	5.08
2.80467	5.08
2.82133	5.08
2.83800	5.08
2.85467	5.08
2.87133	5.08
2.88800	5.08
2.90467	5.08
2.92133	5.08
2.93800	5.08
2.95467	5.08
2.97133	5.08
2.98800	5.08
3.00467	5.08
3.02133	5.08
3.03800	5.08
3.05467	5.08
3.07133	5.08
3.08800	5.08
3.10467	5.08
3.12133	5.08
3.13800	5.08
3.15467	5.08
3.17133	5.08
3.18800	5.08
3.20467	5.08
3.22133	5.08
3.23800	5.08
3.25467	5.08
3.27133	5.08
3.28800	5.08
3.30467	5.08
3.32133	5.08
3.33800	5.08
3.35467	5.08
3.37133	5.08
3.38800	5.08
3.40467	5.08
3.42133	5.08
3.43800	5.08
3.45467	5.08
3.47133	5.08
3.48800	5.08
3.50467	5.08
3.52133	5.08
3.53800	5.08
3.55467	5.08
3.57133	5.08
3.58800	5.08
3.60467	5.08
3.62133	5.08
3.63800	5.08
3.65467	5.08
3.67133	5.08
3.68800	5.08
3.70467	5.08
3.72133	5.08
3.73800	5.08
3.75467	5.08
3.77133	5.08
3.78800	5.08
3.80467	5.08
3.82133	5.08
3.83800	5.08
3.85467	5.08
3.87133	5.08
3.88800	5.08
3.90467	5.08
3.92133	5.08
3.93800	5.08
3.95467	5.08
3.97133	5.08
3.98800	5.08

[Status Trace (Linear Velocity)]
Interval(msec)	1000
# of Points	240
Start Time(min)	0.005
End Time(min)	3.988
Intensity Units	
Intensity Multiplier	1
R.Time (min)	Intensity
0.00467	39.02
0.02133	37.66
0.03800	38.12
0.05467	39.57
0.07133	40.20
0.08800	39.15
0.10467	39.00
0.12133	39.02
0.13800	39.03
0.15467	39.02
0.17133	39.02
0.18800	39.02
0.20467	39.02
0.22133	39.02
0.23800	39.02
0.25467	39.02
0.27133	39.02
0.28800	39.01
0.30467	39.02
0.32133	39.02
0.33800	39.02
0.35467	39.02
0.37133	39.02
0.38800	39.02
0.40467	39.02
0.42133	39.02
0.43800	39.02
0.45467	39.02
0.47133	39.02
0.48800	39.02
0.50467	39.02
0.52133	39.02
0.53800	39.02
0.55467	39.02
0.57133	39.02
0.58800	39.02
0.60467	39.02
0.62133	39.02
0.63800	39.02
0.65467	39.02
0.67133	39.02
0.68800	39.02
0.70467	39.02
0.72133	39.02
0.73800	39.01
0.75467	39.01
0.77133	39.02
0.78800	39.02
0.80467	39.02
0.82133	39.02
0.83800	39.02
0.85467	39.02
0.87133	39.02
0.88800	39.02
0.90467	39.02
0.92133	39.02
0.93800	39.02
0.95467	39.02
0.97133	39.02
0.98800	39.02
1.00467	39.02
1.02133	39.02
1.03800	39.02
1.05467	39.02
1.07133	39.02
1.08800	39.02
1.10467	39.02
1.12133	39.02
1.13800	39.01
1.15467	39.02
1.17133	39.02
1.18800	39.02
1.20467	39.02
1.22133	39.02
1.23800	39.02
1.25467	39.01
1.27133	39.02
1.28800	39.02
1.30467	39.02
1.32133	39.02
1.33800	39.02
1.35467	39.02
1.37133	39.02
1.38800	39.02
1.40467	39.02
1.42133	39.02
1.43800	39.02
1.45467	39.02
1.47133	39.02
1.48800	39.02
1.50467	39.02
1.52133	39.02
1.53800	39.02
1.55467	39.02
1.57133	39.02
1.58800	39.02
1.60467	39.01
1.62133	39.01
1.63800	38.99
1.65467	38.96
1.67133	38.94
1.68800	38.90
1.70467	38.86
1.72133	38.84
1.73800	38.80
1.75467	38.77
1.77133	38.74
1.78800	38.70
1.80467	38.67
1.82133	38.64
1.83800	38.61
1.85467	38.58
1.87133	38.55
1.88800	38.52
1.90467	38.49
1.92133	38.46
1.93800	38.43
1.95467	38.40
1.97133	38.37
1.98800	38.34
2.00467	38.31
2.02133	38.28
2.03800	38.25
2.05467	38.22
2.07133	38.19
2.08800	38.16
2.10467	38.13
2.12133	38.10
2.13800	38.07
2.15467	38.04
2.17133	38.01
2.18800	37.98
2.20467	37.95
2.22133	37.92
2.23800	37.89
2.25467	37.86
2.27133	37.83
2.28800	37.80
2.30467	37.77
2.32133	37.74
2.33800	37.71
2.35467	37.69
2.37133	37.67
2.38800	37.66
2.40467	37.66
2.42133	37.66
2.43800	37.66
2.45467	37.66
2.47133	37.65
2.48800	37.65
2.50467	37.64
2.52133	37.64
2.53800	37.65
2.55467	37.65
2.57133	37.65
2.58800	37.65
2.60467	37.65
2.62133	37.65
2.63800	37.65
2.65467	37.65
2.67133	37.64
2.68800	37.64
2.70467	37.65
2.72133	37.65
2.73800	37.65
2.75467	37.64
2.77133	37.64
2.78800	37.64
2.80467	37.64
2.82133	37.64
2.83800	37.64
2.85467	37.64
2.87133	37.64
2.88800	37.64
2.90467	37.64
2.92133	37.64
2.93800	37.63
2.95467	37.63
2.97133	37.63
2.98800	37.63
3.00467	37.63
3.02133	37.63
3.03800	37.63
3.05467	37.63
3.07133	37.63
3.08800	37.63
3.10467	37.62
3.12133	37.62
3.13800	37.62
3.15467	37.62
3.17133	37.62
3.18800	37.62
3.20467	37.63
3.22133	37.63
3.23800	37.63
3.25467	37.63
3.27133	37.63
3.28800	37.63
3.30467	37.63
3.32133	37.63
3.33800	37.63
3.35467	37.63
3.37133	37.63
3.38800	37.63
3.40467	37.63
3.42133	37.63
3.43800	37.63
3.45467	37.63
3.47133	37.63
3.48800	37.63
3.50467	37.63
3.52133	37.63
3.53800	37.63
3.55467	37.63
3.57133	37.63
3.58800	37.63
3.60467	37.63
3.62133	37.63
3.63800	37.63
3.65467	37.63
3.67133	37.63
3.68800	37.63
3.70467	37.63
3.72133	37.63
3.73800	37.63
3.75467	37.63
3.77133	37.62
3.78800	37.62
3.80467	37.62
3.82133	37.62
3.83800	37.63
3.85467	37.63
3.87133	37.63
3.88800	37.63
3.90467	37.63
3.92133	37.63
3.93800	37.63
3.95467	37.64
3.97133	37.64
3.98800	37.64

