[Header]
Application Name	LabSolutions
Version	5.110
Data File Name	C:\Users\User\Desktop\GC Analyses\Jack\UIC Prairie Sampling\9.16.22\220916_083.gcd
Output Date	11/29/2022
Output Time	11:10:20 AM

[File Information]
Type	Data File
Generated	11/16/2022 12:46:02 PM
Generated by	System Administrator
Modified	11/16/2022 12:50:28 PM
Modified by	System Administrator

[Sample Information]
Operator Name	System Administrator
Acquired	11/16/2022 12:46:28 PM
Sample Type	1:Standard
Level	1
Sample Name	220916_UICPrairie
Sample ID	220916_UICPrairie
ISTD Amount1	1
ISTD Amount2	1
ISTD Amount3	1
ISTD Amount4	1
ISTD Amount5	1
ISTD Amount6	1
ISTD Amount7	1
ISTD Amount8	1
ISTD Amount9	1
ISTD Amount10	1
ISTD Amount11	1
ISTD Amount12	1
ISTD Amount13	1
ISTD Amount14	1
ISTD Amount15	1
ISTD Amount16	1
ISTD Amount17	1
ISTD Amount18	1
ISTD Amount19	1
ISTD Amount20	1
ISTD Amount21	1
ISTD Amount22	1
ISTD Amount23	1
ISTD Amount24	1
ISTD Amount25	1
ISTD Amount26	1
ISTD Amount27	1
ISTD Amount28	1
ISTD Amount29	1
ISTD Amount30	1
ISTD Amount31	1
ISTD Amount32	1
Sample Amount	1
Dilution Factor	1
Vial#	1
Injection Volume	1
Injection Count	1
Bar Code	

[Original Files]
Data File	C:\Users\User\Desktop\GC Analyses\Jack\UIC Prairie Sampling\9.16.22\220916_083.gcd
Method File	C:\LabSolutions\Data\GHG_4min_2022\ghg3_togas_w_acet_4 min_new_int.gcm
Batch File	
Report Format File	c:\LabSolutions\System\DEFAULT.lsr

[File Description]


[Configuration]
Instrument Name	C0B7VH3-Instrument1
Instrument #	1
Line #	1
# of Detectors	3
Detector ID	DET#1	DET#2	DET#3
Detector Name	FID	PTCD	ECD
# of Channels	1	1	1

[Peak Table(Ch1)]
# of Peaks	3
Peak#	R.Time	I.Time	F.Time	Area	Height	A/H	Conc.	Mark	ID#	Name	k'	Plate #	Plate Ht.	Tailing	Resolution	Sep.Factor	Area Ratio	Height Ratio	Conc. %	Norm Conc.
1	1.479	1.439	1.538	12941	5795	2.233	100.000	   	1	CO	0.000	8390	17.877	1.160	0.000	0.000	0	0	16.667	16.667
2	1.571	1.538	1.641	5025	2496	2.013	100.000	 V 	2	CH4	0.062	11148	13.455	1.147	1.477	0.000	0	0	16.667	16.667
3	2.000	1.952	2.392	1060683	510987	2.076	400.000	   	3	CO2	0.352	17601	8.522	1.207	7.161	5.680	0	0	66.667	66.667

[Peak Table(Ch2)]
# of Peaks	0

[Peak Table(Ch3)]
# of Peaks	5
Peak#	R.Time	I.Time	F.Time	Area	Height	A/H	Conc.	Mark	ID#	Name	k'	Plate #	Plate Ht.	Tailing	Resolution	Sep.Factor	Area Ratio	Height Ratio	Conc. %	Norm Conc.
1	0.728	0.401	1.190	484	20	24.591	0.000	   			0.000	309	484.761	1.204	0.000	0.000	0	0	0.000	0.000
2	2.462	2.275	2.502	1551	298	5.201	0.000	   			2.383	2848	52.668	0.000	9.910	0.000	0	0	0.000	0.000
3	2.521	2.502	2.565	878	257	3.416	0.000	 V 			2.464	844	177.681	0.000	0.221	1.034	0	0	0.000	0.000
4	2.605	2.565	2.653	914	243	3.762	0.000	 V 			2.580	1356	110.579	0.000	0.268	1.047	0	0	0.000	0.000
5	2.884	2.671	3.962	54448	6028	9.032	1.000	   	1	N2O	2.963	10481	14.311	3.798	1.409	1.148	0	0	100.000	100.000

[Compound Results(Ch1)]
# of IDs	6
ID#	Name	R.Time	Area	Height	Conc.	Curve	3rd	2nd	1st	Constant	Area Ratio	Height Ratio	Conc. %	Norm Conc.
1	CO	1.479	12941	5795	100.000	Linear	0.000000e+00	0.000000e+00	1.294100e+002	0.000000e+00	0	0	16.667	16.667
2	CH4	1.571	5025	2496	100.000	Linear	0.000000e+00	0.000000e+00	5.025189e+001	0.000000e+00	0	0	16.667	16.667
3	CO2	2.000	1060683	510987	400.000	Linear	0.000000e+00	0.000000e+00	2.651708e+003	0.000000e+00	0	0	66.667	66.667
4	Ethylene	0.000	0	0	0.000	Linear	0.000000e+00	0.000000e+00	0.000000e+00	0.000000e+00	0	0	0.000	0.000
5	Acetylene	0.000	0	0	0.000	Linear	0.000000e+00	0.000000e+00	0.000000e+00	0.000000e+00	0	0	0.000	0.000
6	Ethane	0.000	0	0	0.000	Linear	0.000000e+00	0.000000e+00	0.000000e+00	0.000000e+00	0	0	0.000	0.000

[Compound Results(Ch2)]
# of IDs	5
ID#	Name	R.Time	Area	Height	Conc.	Curve	3rd	2nd	1st	Constant	Area Ratio	Height Ratio	Conc. %	Norm Conc.
1	Hydrogen	0.000	0	0	0.000	Linear	0.000000e+00	0.000000e+00	0.000000e+00	0.000000e+00	0	0	0.000	0.000
2	Oxygen	0.000	0	0	0.000	Linear	0.000000e+00	0.000000e+00	0.000000e+00	0.000000e+00	0	0	0.000	0.000
3	Nitrogen	0.000	0	0	0.000	Linear	0.000000e+00	0.000000e+00	0.000000e+00	0.000000e+00	0	0	0.000	0.000
4	Methane	0.000	0	0	0.000	Linear	0.000000e+00	0.000000e+00	0.000000e+00	0.000000e+00	0	0	0.000	0.000
5	Carbon Monoxide	0.000	0	0	0.000	Linear	0.000000e+00	0.000000e+00	0.000000e+00	0.000000e+00	0	0	0.000	0.000

[Compound Results(Ch3)]
# of IDs	2
ID#	Name	R.Time	Area	Height	Conc.	Curve	3rd	2nd	1st	Constant	Area Ratio	Height Ratio	Conc. %	Norm Conc.
1	N2O	2.884	54448	6028	1.000	Linear	0.000000e+00	0.000000e+00	5.444762e+004	0.000000e+00	0	0	100.000	100.000
2	SF6	0.000	0	0	0.000	Linear	0.000000e+00	0.000000e+00	0.000000e+00	0.000000e+00	0	0	0.000	0.000

[Group Results(Ch1)]
# of Groups	0

[Group Results(Ch2)]
# of Groups	0

[Group Results(Ch3)]
# of Groups	0

[Chromatogram (Ch1)]
Interval(msec)	220
# of Points	1091
Start Time(min)	0.002
End Time(min)	3.998
R.Time (min)	Intensity
0.00167	-17
0.00533	-28
0.00900	-34
0.01267	-34
0.01633	-28
0.02000	-22
0.02367	-20
0.02733	-21
0.03100	-19
0.03467	-15
0.03833	-14
0.04200	-18
0.04567	-25
0.04933	-31
0.05300	-34
0.05667	-36
0.06033	-36
0.06400	-33
0.06767	-26
0.07133	-13
0.07500	1
0.07867	7
0.08233	5
0.08600	-2
0.08967	-5
0.09333	-3
0.09700	4
0.10067	12
0.10433	19
0.10800	23
0.11167	25
0.11533	22
0.11900	17
0.12267	12
0.12633	6
0.13000	-1
0.13367	-5
0.13733	-5
0.14100	-4
0.14467	-2
0.14833	2
0.15200	8
0.15567	12
0.15933	12
0.16300	14
0.16667	14
0.17033	12
0.17400	10
0.17767	12
0.18133	20
0.18500	28
0.18867	30
0.19233	28
0.19600	21
0.19967	15
0.20333	11
0.20700	7
0.21067	5
0.21433	8
0.21800	11
0.22167	11
0.22533	11
0.22900	12
0.23267	13
0.23633	14
0.24000	17
0.24367	22
0.24733	29
0.25100	33
0.25467	33
0.25833	32
0.26200	28
0.26567	24
0.26933	22
0.27300	25
0.27667	31
0.28033	35
0.28400	34
0.28767	29
0.29133	21
0.29500	11
0.29867	3
0.30233	1
0.30600	2
0.30967	7
0.31333	12
0.31700	16
0.32067	17
0.32433	18
0.32800	17
0.33167	14
0.33533	14
0.33900	18
0.34267	22
0.34633	23
0.35000	18
0.35367	9
0.35733	3
0.36100	0
0.36467	-2
0.36833	-2
0.37200	-3
0.37567	-3
0.37933	-0
0.38300	5
0.38667	12
0.39033	17
0.39400	17
0.39767	12
0.40133	7
0.40500	5
0.40867	5
0.41233	7
0.41600	10
0.41967	14
0.42333	15
0.42700	11
0.43067	7
0.43433	3
0.43800	-2
0.44167	-6
0.44533	-10
0.44900	-16
0.45267	-22
0.45633	-24
0.46000	-24
0.46367	-20
0.46733	-16
0.47100	-14
0.47467	-12
0.47833	-12
0.48200	-10
0.48567	-6
0.48933	-1
0.49300	2
0.49667	4
0.50033	5
0.50400	2
0.50767	-2
0.51133	-4
0.51500	-6
0.51867	-6
0.52233	-4
0.52600	1
0.52967	3
0.53333	1
0.53700	-7
0.54067	-18
0.54433	-25
0.54800	-29
0.55167	-32
0.55533	-35
0.55900	-36
0.56267	-34
0.56633	-28
0.57000	-20
0.57367	-12
0.57733	-7
0.58100	-8
0.58467	-12
0.58833	-14
0.59200	-18
0.59567	-19
0.59933	-17
0.60300	-16
0.60667	-14
0.61033	-14
0.61400	-17
0.61767	-22
0.62133	-24
0.62500	-23
0.62867	-22
0.63233	-18
0.63600	-14
0.63967	-12
0.64333	-13
0.64700	-16
0.65067	-14
0.65433	-11
0.65800	-14
0.66167	-22
0.66533	-30
0.66900	-36
0.67267	-39
0.67633	-35
0.68000	-27
0.68367	-21
0.68733	-18
0.69100	-22
0.69467	-31
0.69833	-39
0.70200	-43
0.70567	-44
0.70933	-44
0.71300	-44
0.71667	-45
0.72033	-44
0.72400	-42
0.72767	-41
0.73133	-37
0.73500	-32
0.73867	-29
0.74233	-27
0.74600	-25
0.74967	-24
0.75333	-21
0.75700	-21
0.76067	-24
0.76433	-28
0.76800	-29
0.77167	-27
0.77533	-21
0.77900	-12
0.78267	-4
0.78633	-2
0.79000	-9
0.79367	-21
0.79733	-32
0.80100	-39
0.80467	-43
0.80833	-45
0.81200	-43
0.81567	-38
0.81933	-31
0.82300	-27
0.82667	-23
0.83033	-20
0.83400	-22
0.83767	-26
0.84133	-22
0.84500	-18
0.84867	-18
0.85233	-22
0.85600	-28
0.85967	-32
0.86333	-34
0.86700	-34
0.87067	-31
0.87433	-31
0.87800	-38
0.88167	-48
0.88533	-52
0.88900	-50
0.89267	-48
0.89633	-49
0.90000	-50
0.90367	-52
0.90733	-51
0.91100	-42
0.91467	-34
0.91833	-34
0.92200	-37
0.92567	-41
0.92933	-46
0.93300	-50
0.93667	-55
0.94033	-59
0.94400	-59
0.94767	-53
0.95133	-49
0.95500	-51
0.95867	-58
0.96233	-67
0.96600	-72
0.96967	-72
0.97333	-68
0.97700	-61
0.98067	-52
0.98433	-43
0.98800	-43
0.99167	-48
0.99533	-55
0.99900	-60
1.00267	-62
1.00633	-62
1.01000	-63
1.01367	-62
1.01733	-57
1.02100	-52
1.02467	-48
1.02833	-50
1.03200	-54
1.03567	-54
1.03933	-52
1.04300	-53
1.04667	-59
1.05033	-66
1.05400	-71
1.05767	-70
1.06133	-68
1.06500	-65
1.06867	-60
1.07233	-54
1.07600	-51
1.07967	-52
1.08333	-56
1.08700	-57
1.09067	-54
1.09433	-57
1.09800	-62
1.10167	-64
1.10533	-64
1.10900	-65
1.11267	-70
1.11633	-73
1.12000	-72
1.12367	-69
1.12733	-65
1.13100	-64
1.13467	-66
1.13833	-70
1.14200	-73
1.14567	-79
1.14933	-88
1.15300	-95
1.15667	-96
1.16033	-91
1.16400	-86
1.16767	-83
1.17133	-82
1.17500	-77
1.17867	-70
1.18233	-65
1.18600	-64
1.18967	-64
1.19333	-66
1.19700	-70
1.20067	-71
1.20433	-67
1.20800	-61
1.21167	-60
1.21533	-61
1.21900	-64
1.22267	-61
1.22633	-55
1.23000	-51
1.23367	-52
1.23733	-56
1.24100	-61
1.24467	-66
1.24833	-68
1.25200	-72
1.25567	-75
1.25933	-77
1.26300	-78
1.26667	-75
1.27033	-72
1.27400	-73
1.27767	-77
1.28133	-80
1.28500	-78
1.28867	-72
1.29233	-64
1.29600	-56
1.29967	-50
1.30333	-50
1.30700	-54
1.31067	-63
1.31433	-73
1.31800	-83
1.32167	-91
1.32533	-95
1.32900	-97
1.33267	-98
1.33633	-99
1.34000	-95
1.34367	-90
1.34733	-85
1.35100	-82
1.35467	-78
1.35833	-79
1.36200	-79
1.36567	-79
1.36933	-77
1.37300	-76
1.37667	-73
1.38033	-70
1.38400	-70
1.38767	-72
1.39133	-73
1.39500	-74
1.39867	-72
1.40233	-73
1.40600	-76
1.40967	-78
1.41333	-75
1.41700	-70
1.42067	-64
1.42433	-57
1.42800	-53
1.43167	-56
1.43533	-64
1.43900	-61
1.44267	-4
1.44633	177
1.45000	507
1.45367	1045
1.45733	1866
1.46100	2887
1.46467	3904
1.46833	4754
1.47200	5366
1.47567	5705
1.47933	5729
1.48300	5405
1.48667	4773
1.49033	3952
1.49400	3097
1.49767	2327
1.50133	1701
1.50500	1223
1.50867	867
1.51233	604
1.51600	415
1.51967	280
1.52333	187
1.52700	124
1.53067	78
1.53433	45
1.53800	26
1.54167	44
1.54533	158
1.54900	430
1.55267	849
1.55633	1327
1.56000	1768
1.56367	2116
1.56733	2342
1.57100	2417
1.57467	2312
1.57833	2034
1.58200	1647
1.58567	1241
1.58933	885
1.59300	604
1.59667	398
1.60033	247
1.60400	136
1.60767	56
1.61133	2
1.61500	-29
1.61867	-46
1.62233	-54
1.62600	-60
1.62967	-69
1.63333	-79
1.63700	-86
1.64067	-89
1.64433	-94
1.64800	-101
1.65167	-108
1.65533	-113
1.65900	-111
1.66267	-102
1.66633	-91
1.67000	-86
1.67367	-90
1.67733	-98
1.68100	-107
1.68467	-110
1.68833	-109
1.69200	-111
1.69567	-114
1.69933	-116
1.70300	-116
1.70667	-115
1.71033	-109
1.71400	-104
1.71767	-101
1.72133	-100
1.72500	-100
1.72867	-100
1.73233	-98
1.73600	-94
1.73967	-90
1.74333	-87
1.74700	-85
1.75067	-86
1.75433	-91
1.75800	-94
1.76167	-96
1.76533	-100
1.76900	-102
1.77267	-105
1.77633	-106
1.78000	-103
1.78367	-100
1.78733	-99
1.79100	-100
1.79467	-103
1.79833	-104
1.80200	-105
1.80567	-105
1.80933	-106
1.81300	-107
1.81667	-108
1.82033	-107
1.82400	-104
1.82767	-102
1.83133	-104
1.83500	-106
1.83867	-106
1.84233	-101
1.84600	-96
1.84967	-94
1.85333	-97
1.85700	-101
1.86067	-101
1.86433	-100
1.86800	-102
1.87167	-103
1.87533	-101
1.87900	-95
1.88267	-89
1.88633	-86
1.89000	-87
1.89367	-86
1.89733	-85
1.90100	-84
1.90467	-85
1.90833	-88
1.91200	-91
1.91567	-94
1.91933	-95
1.92300	-93
1.92667	-90
1.93033	-87
1.93400	-86
1.93767	-89
1.94133	-93
1.94500	-94
1.94867	-93
1.95233	-90
1.95600	-58
1.95967	156
1.96333	1250
1.96700	5589
1.97067	18655
1.97433	48954
1.97800	104127
1.98167	184428
1.98533	279610
1.98900	373224
1.99267	449914
1.99633	498129
2.00000	510920
2.00367	487085
2.00733	432890
2.01100	360348
2.01467	283106
2.01833	212075
2.02200	153240
2.02567	108053
2.02933	75157
2.03300	52065
2.03667	36233
2.04033	25528
2.04400	18333
2.04767	13491
2.05133	10205
2.05500	7941
2.05867	6352
2.06233	5212
2.06600	4374
2.06967	3741
2.07333	3249
2.07700	2859
2.08067	2548
2.08433	2293
2.08800	2078
2.09167	1893
2.09533	1735
2.09900	1602
2.10267	1489
2.10633	1391
2.11000	1310
2.11367	1241
2.11733	1178
2.12100	1114
2.12467	1049
2.12833	989
2.13200	936
2.13567	888
2.13933	843
2.14300	801
2.14667	763
2.15033	730
2.15400	703
2.15767	678
2.16133	654
2.16500	631
2.16867	608
2.17233	587
2.17600	565
2.17967	541
2.18333	520
2.18700	502
2.19067	485
2.19433	468
2.19800	453
2.20167	437
2.20533	424
2.20900	411
2.21267	397
2.21633	384
2.22000	373
2.22367	363
2.22733	352
2.23100	342
2.23467	337
2.23833	335
2.24200	332
2.24567	324
2.24933	313
2.25300	301
2.25667	290
2.26033	282
2.26400	276
2.26767	272
2.27133	266
2.27500	255
2.27867	241
2.28233	230
2.28600	222
2.28967	219
2.29333	216
2.29700	215
2.30067	215
2.30433	215
2.30800	216
2.31167	215
2.31533	209
2.31900	203
2.32267	201
2.32633	204
2.33000	207
2.33367	208
2.33733	205
2.34100	196
2.34467	184
2.34833	172
2.35200	163
2.35567	161
2.35933	158
2.36300	152
2.36667	145
2.37033	142
2.37400	144
2.37767	148
2.38133	151
2.38500	146
2.38867	138
2.39233	129
2.39600	126
2.39967	129
2.40333	132
2.40700	135
2.41067	136
2.41433	134
2.41800	130
2.42167	129
2.42533	130
2.42900	133
2.43267	136
2.43633	134
2.44000	130
2.44367	125
2.44733	121
2.45100	119
2.45467	119
2.45833	119
2.46200	120
2.46567	122
2.46933	124
2.47300	127
2.47667	129
2.48033	129
2.48400	125
2.48767	120
2.49133	116
2.49500	116
2.49867	122
2.50233	129
2.50600	135
2.50967	135
2.51333	129
2.51700	120
2.52067	116
2.52433	117
2.52800	119
2.53167	120
2.53533	121
2.53900	119
2.54267	116
2.54633	110
2.55000	102
2.55367	95
2.55733	90
2.56100	88
2.56467	90
2.56833	92
2.57200	94
2.57567	97
2.57933	96
2.58300	92
2.58667	85
2.59033	78
2.59400	75
2.59767	75
2.60133	79
2.60500	83
2.60867	87
2.61233	88
2.61600	85
2.61967	83
2.62333	82
2.62700	79
2.63067	75
2.63433	75
2.63800	75
2.64167	71
2.64533	66
2.64900	64
2.65267	63
2.65633	62
2.66000	63
2.66367	64
2.66733	66
2.67100	68
2.67467	72
2.67833	76
2.68200	77
2.68567	76
2.68933	75
2.69300	74
2.69667	72
2.70033	71
2.70400	71
2.70767	70
2.71133	65
2.71500	59
2.71867	55
2.72233	54
2.72600	55
2.72967	60
2.73333	68
2.73700	77
2.74067	84
2.74433	83
2.74800	78
2.75167	72
2.75533	70
2.75900	73
2.76267	77
2.76633	77
2.77000	74
2.77367	71
2.77733	69
2.78100	65
2.78467	61
2.78833	62
2.79200	64
2.79567	67
2.79933	70
2.80300	73
2.80667	77
2.81033	82
2.81400	88
2.81767	91
2.82133	91
2.82500	86
2.82867	76
2.83233	67
2.83600	63
2.83967	63
2.84333	63
2.84700	61
2.85067	57
2.85433	57
2.85800	60
2.86167	65
2.86533	67
2.86900	69
2.87267	72
2.87633	74
2.88000	80
2.88367	86
2.88733	91
2.89100	91
2.89467	85
2.89833	81
2.90200	76
2.90567	69
2.90933	60
2.91300	53
2.91667	50
2.92033	49
2.92400	46
2.92767	44
2.93133	42
2.93500	42
2.93867	44
2.94233	47
2.94600	51
2.94967	51
2.95333	49
2.95700	50
2.96067	53
2.96433	57
2.96800	60
2.97167	64
2.97533	68
2.97900	74
2.98267	79
2.98633	83
2.99000	85
2.99367	89
2.99733	92
3.00100	95
3.00467	96
3.00833	97
3.01200	96
3.01567	92
3.01933	86
3.02300	79
3.02667	75
3.03033	71
3.03400	68
3.03767	67
3.04133	68
3.04500	69
3.04867	68
3.05233	67
3.05600	67
3.05967	69
3.06333	73
3.06700	78
3.07067	84
3.07433	88
3.07800	88
3.08167	84
3.08533	81
3.08900	81
3.09267	81
3.09633	76
3.10000	67
3.10367	59
3.10733	56
3.11100	56
3.11467	57
3.11833	60
3.12200	65
3.12567	70
3.12933	73
3.13300	75
3.13667	76
3.14033	76
3.14400	75
3.14767	76
3.15133	78
3.15500	79
3.15867	77
3.16233	73
3.16600	69
3.16967	67
3.17333	66
3.17700	66
3.18067	63
3.18433	61
3.18800	60
3.19167	60
3.19533	60
3.19900	57
3.20267	55
3.20633	56
3.21000	59
3.21367	60
3.21733	60
3.22100	60
3.22467	63
3.22833	67
3.23200	66
3.23567	63
3.23933	65
3.24300	68
3.24667	67
3.25033	65
3.25400	63
3.25767	60
3.26133	60
3.26500	60
3.26867	61
3.27233	64
3.27600	68
3.27967	70
3.28333	69
3.28700	69
3.29067	70
3.29433	68
3.29800	63
3.30167	58
3.30533	57
3.30900	59
3.31267	59
3.31633	59
3.32000	56
3.32367	53
3.32733	52
3.33100	54
3.33467	57
3.33833	63
3.34200	65
3.34567	63
3.34933	58
3.35300	52
3.35667	48
3.36033	49
3.36400	53
3.36767	60
3.37133	69
3.37500	75
3.37867	75
3.38233	72
3.38600	67
3.38967	59
3.39333	50
3.39700	44
3.40067	41
3.40433	43
3.40800	46
3.41167	49
3.41533	51
3.41900	55
3.42267	62
3.42633	68
3.43000	72
3.43367	73
3.43733	72
3.44100	71
3.44467	75
3.44833	80
3.45200	79
3.45567	74
3.45933	71
3.46300	71
3.46667	71
3.47033	70
3.47400	67
3.47767	63
3.48133	60
3.48500	55
3.48867	51
3.49233	49
3.49600	51
3.49967	51
3.50333	50
3.50700	49
3.51067	53
3.51433	64
3.51800	74
3.52167	75
3.52533	70
3.52900	60
3.53267	50
3.53633	44
3.54000	40
3.54367	36
3.54733	35
3.55100	39
3.55467	48
3.55833	59
3.56200	67
3.56567	70
3.56933	73
3.57300	75
3.57667	77
3.58033	78
3.58400	76
3.58767	74
3.59133	68
3.59500	58
3.59867	48
3.60233	42
3.60600	39
3.60967	42
3.61333	48
3.61700	54
3.62067	59
3.62433	64
3.62800	71
3.63167	75
3.63533	76
3.63900	73
3.64267	69
3.64633	65
3.65000	63
3.65367	62
3.65733	63
3.66100	63
3.66467	65
3.66833	70
3.67200	75
3.67567	78
3.67933	76
3.68300	72
3.68667	67
3.69033	66
3.69400	70
3.69767	75
3.70133	77
3.70500	75
3.70867	69
3.71233	65
3.71600	61
3.71967	60
3.72333	60
3.72700	61
3.73067	64
3.73433	69
3.73800	74
3.74167	75
3.74533	72
3.74900	69
3.75267	62
3.75633	58
3.76000	62
3.76367	67
3.76733	70
3.77100	71
3.77467	73
3.77833	74
3.78200	73
3.78567	70
3.78933	70
3.79300	71
3.79667	74
3.80033	73
3.80400	67
3.80767	60
3.81133	54
3.81500	53
3.81867	56
3.82233	58
3.82600	59
3.82967	63
3.83333	66
3.83700	67
3.84067	68
3.84433	74
3.84800	83
3.85167	90
3.85533	90
3.85900	84
3.86267	77
3.86633	72
3.87000	70
3.87367	68
3.87733	67
3.88100	68
3.88467	71
3.88833	71
3.89200	70
3.89567	71
3.89933	73
3.90300	71
3.90667	68
3.91033	64
3.91400	59
3.91767	55
3.92133	56
3.92500	59
3.92867	61
3.93233	63
3.93600	64
3.93967	62
3.94333	58
3.94700	59
3.95067	63
3.95433	68
3.95800	71
3.96167	68
3.96533	66
3.96900	66
3.97267	69
3.97633	71
3.98000	70
3.98367	67
3.98733	63
3.99100	57
3.99467	53
3.99833	52

[Chromatogram (Ch2)]
Interval(msec)	220
# of Points	1091
Start Time(min)	0.002
End Time(min)	3.998
R.Time (min)	Intensity
0.00167	-0
0.00533	-0
0.00900	-0
0.01267	-0
0.01633	-0
0.02000	-1
0.02367	-1
0.02733	-1
0.03100	-1
0.03467	-1
0.03833	-1
0.04200	-1
0.04567	-1
0.04933	-1
0.05300	-1
0.05667	-1
0.06033	-1
0.06400	-1
0.06767	-1
0.07133	-1
0.07500	-1
0.07867	-1
0.08233	-1
0.08600	-1
0.08967	-1
0.09333	-2
0.09700	-2
0.10067	-2
0.10433	-3
0.10800	-3
0.11167	-4
0.11533	-4
0.11900	-5
0.12267	-5
0.12633	-5
0.13000	-5
0.13367	-6
0.13733	-5
0.14100	-5
0.14467	-5
0.14833	-5
0.15200	-4
0.15567	-4
0.15933	-4
0.16300	-3
0.16667	-3
0.17033	-3
0.17400	-2
0.17767	-2
0.18133	-1
0.18500	-1
0.18867	-1
0.19233	-1
0.19600	-1
0.19967	-0
0.20333	-0
0.20700	-0
0.21067	-0
0.21433	-0
0.21800	-0
0.22167	0
0.22533	0
0.22900	1
0.23267	1
0.23633	1
0.24000	1
0.24367	1
0.24733	1
0.25100	1
0.25467	1
0.25833	2
0.26200	1
0.26567	1
0.26933	1
0.27300	1
0.27667	1
0.28033	2
0.28400	2
0.28767	2
0.29133	1
0.29500	1
0.29867	1
0.30233	1
0.30600	0
0.30967	0
0.31333	0
0.31700	-0
0.32067	-0
0.32433	-0
0.32800	-0
0.33167	-1
0.33533	-1
0.33900	-1
0.34267	-1
0.34633	-1
0.35000	-2
0.35367	-2
0.35733	-2
0.36100	-2
0.36467	-2
0.36833	-2
0.37200	-2
0.37567	-2
0.37933	-2
0.38300	-2
0.38667	-1
0.39033	-1
0.39400	-1
0.39767	-1
0.40133	-1
0.40500	-1
0.40867	-1
0.41233	-1
0.41600	-1
0.41967	-1
0.42333	-2
0.42700	-2
0.43067	-1
0.43433	-1
0.43800	-1
0.44167	-1
0.44533	-1
0.44900	-2
0.45267	-2
0.45633	-2
0.46000	-2
0.46367	-3
0.46733	-3
0.47100	-3
0.47467	-3
0.47833	-2
0.48200	-3
0.48567	-3
0.48933	-3
0.49300	-3
0.49667	-3
0.50033	-3
0.50400	-4
0.50767	-4
0.51133	-4
0.51500	-4
0.51867	-4
0.52233	-4
0.52600	-4
0.52967	-4
0.53333	-4
0.53700	-3
0.54067	-3
0.54433	-3
0.54800	-2
0.55167	-2
0.55533	-1
0.55900	-1
0.56267	-0
0.56633	0
0.57000	1
0.57367	1
0.57733	1
0.58100	1
0.58467	1
0.58833	1
0.59200	1
0.59567	1
0.59933	1
0.60300	1
0.60667	1
0.61033	1
0.61400	0
0.61767	0
0.62133	0
0.62500	0
0.62867	0
0.63233	0
0.63600	0
0.63967	0
0.64333	0
0.64700	0
0.65067	-0
0.65433	-0
0.65800	-1
0.66167	-1
0.66533	-2
0.66900	-2
0.67267	-2
0.67633	-1
0.68000	-1
0.68367	-1
0.68733	-1
0.69100	-2
0.69467	-2
0.69833	-2
0.70200	-2
0.70567	-3
0.70933	-3
0.71300	-3
0.71667	-3
0.72033	-3
0.72400	-3
0.72767	-3
0.73133	-2
0.73500	-2
0.73867	-2
0.74233	-2
0.74600	-2
0.74967	-2
0.75333	-2
0.75700	-2
0.76067	-2
0.76433	-2
0.76800	-2
0.77167	-2
0.77533	-2
0.77900	-2
0.78267	-2
0.78633	-2
0.79000	-3
0.79367	-3
0.79733	-3
0.80100	-3
0.80467	-4
0.80833	-4
0.81200	-4
0.81567	-4
0.81933	-4
0.82300	-4
0.82667	-4
0.83033	-4
0.83400	-3
0.83767	-3
0.84133	-3
0.84500	-2
0.84867	-2
0.85233	-1
0.85600	-1
0.85967	-1
0.86333	-0
0.86700	-0
0.87067	-0
0.87433	0
0.87800	0
0.88167	0
0.88533	0
0.88900	-0
0.89267	-0
0.89633	-0
0.90000	-1
0.90367	-1
0.90733	-1
0.91100	-1
0.91467	-1
0.91833	-0
0.92200	-0
0.92567	-0
0.92933	-0
0.93300	-1
0.93667	-1
0.94033	-1
0.94400	-1
0.94767	-1
0.95133	-1
0.95500	-1
0.95867	-1
0.96233	-1
0.96600	-1
0.96967	-2
0.97333	-2
0.97700	-2
0.98067	-2
0.98433	-2
0.98800	-2
0.99167	-2
0.99533	-2
0.99900	-3
1.00267	-3
1.00633	-3
1.01000	-3
1.01367	-4
1.01733	-4
1.02100	-4
1.02467	-4
1.02833	-4
1.03200	-4
1.03567	-4
1.03933	-4
1.04300	-3
1.04667	-3
1.05033	-3
1.05400	-3
1.05767	-3
1.06133	-3
1.06500	-3
1.06867	-3
1.07233	-3
1.07600	-2
1.07967	-2
1.08333	-2
1.08700	-1
1.09067	-1
1.09433	-1
1.09800	-1
1.10167	-1
1.10533	-0
1.10900	-0
1.11267	0
1.11633	0
1.12000	0
1.12367	0
1.12733	0
1.13100	0
1.13467	0
1.13833	0
1.14200	0
1.14567	0
1.14933	0
1.15300	0
1.15667	0
1.16033	0
1.16400	0
1.16767	0
1.17133	0
1.17500	-0
1.17867	-0
1.18233	-0
1.18600	-1
1.18967	-1
1.19333	-1
1.19700	-2
1.20067	-2
1.20433	-2
1.20800	-3
1.21167	-3
1.21533	-3
1.21900	-3
1.22267	-4
1.22633	-4
1.23000	-4
1.23367	-4
1.23733	-4
1.24100	-4
1.24467	-4
1.24833	-4
1.25200	-4
1.25567	-4
1.25933	-4
1.26300	-4
1.26667	-4
1.27033	-4
1.27400	-3
1.27767	-3
1.28133	-3
1.28500	-3
1.28867	-3
1.29233	-3
1.29600	-3
1.29967	-3
1.30333	-4
1.30700	-3
1.31067	-3
1.31433	-3
1.31800	-3
1.32167	-3
1.32533	-3
1.32900	-3
1.33267	-3
1.33633	-3
1.34000	-3
1.34367	-3
1.34733	-4
1.35100	-4
1.35467	-4
1.35833	-4
1.36200	-5
1.36567	-5
1.36933	-5
1.37300	-5
1.37667	-6
1.38033	-6
1.38400	-6
1.38767	-6
1.39133	-6
1.39500	-7
1.39867	-7
1.40233	-7
1.40600	-7
1.40967	-7
1.41333	-8
1.41700	-7
1.42067	-7
1.42433	-7
1.42800	-7
1.43167	-6
1.43533	-5
1.43900	-5
1.44267	-4
1.44633	-4
1.45000	-4
1.45367	-3
1.45733	-3
1.46100	-3
1.46467	-3
1.46833	-3
1.47200	-3
1.47567	-3
1.47933	-3
1.48300	-3
1.48667	-3
1.49033	-2
1.49400	-2
1.49767	-2
1.50133	-2
1.50500	-2
1.50867	-1
1.51233	-1
1.51600	-1
1.51967	-0
1.52333	-0
1.52700	-0
1.53067	-0
1.53433	0
1.53800	0
1.54167	-0
1.54533	-0
1.54900	-0
1.55267	-1
1.55633	-1
1.56000	-1
1.56367	-2
1.56733	-2
1.57100	-2
1.57467	-2
1.57833	-2
1.58200	-2
1.58567	-2
1.58933	-3
1.59300	-3
1.59667	-4
1.60033	-5
1.60400	-6
1.60767	-7
1.61133	-9
1.61500	-11
1.61867	-13
1.62233	-15
1.62600	-18
1.62967	-21
1.63333	-24
1.63700	-28
1.64067	-31
1.64433	-35
1.64800	-38
1.65167	-42
1.65533	-46
1.65900	-50
1.66267	-54
1.66633	-59
1.67000	-63
1.67367	-68
1.67733	-73
1.68100	-78
1.68467	-83
1.68833	-88
1.69200	-92
1.69567	-96
1.69933	-99
1.70300	-101
1.70667	-104
1.71033	-106
1.71400	-107
1.71767	-108
1.72133	-109
1.72500	-110
1.72867	-111
1.73233	-112
1.73600	-113
1.73967	-114
1.74333	-115
1.74700	-116
1.75067	-117
1.75433	-118
1.75800	-118
1.76167	-119
1.76533	-119
1.76900	-119
1.77267	-118
1.77633	-118
1.78000	-117
1.78367	-117
1.78733	-117
1.79100	-117
1.79467	-118
1.79833	-118
1.80200	-119
1.80567	-120
1.80933	-121
1.81300	-122
1.81667	-122
1.82033	-123
1.82400	-123
1.82767	-123
1.83133	-123
1.83500	-123
1.83867	-123
1.84233	-123
1.84600	-123
1.84967	-124
1.85333	-124
1.85700	-124
1.86067	-124
1.86433	-124
1.86800	-124
1.87167	-124
1.87533	-123
1.87900	-123
1.88267	-123
1.88633	-123
1.89000	-123
1.89367	-122
1.89733	-122
1.90100	-122
1.90467	-122
1.90833	-122
1.91200	-122
1.91567	-122
1.91933	-122
1.92300	-121
1.92667	-121
1.93033	-121
1.93400	-120
1.93767	-120
1.94133	-120
1.94500	-120
1.94867	-120
1.95233	-120
1.95600	-120
1.95967	-121
1.96333	-120
1.96700	-120
1.97067	-119
1.97433	-118
1.97800	-117
1.98167	-117
1.98533	-116
1.98900	-116
1.99267	-116
1.99633	-116
2.00000	-116
2.00367	-116
2.00733	-116
2.01100	-115
2.01467	-114
2.01833	-114
2.02200	-113
2.02567	-113
2.02933	-112
2.03300	-112
2.03667	-112
2.04033	-112
2.04400	-112
2.04767	-112
2.05133	-111
2.05500	-111
2.05867	-110
2.06233	-110
2.06600	-109
2.06967	-109
2.07333	-108
2.07700	-108
2.08067	-108
2.08433	-108
2.08800	-107
2.09167	-107
2.09533	-107
2.09900	-107
2.10267	-107
2.10633	-106
2.11000	-106
2.11367	-106
2.11733	-106
2.12100	-106
2.12467	-106
2.12833	-105
2.13200	-105
2.13567	-105
2.13933	-104
2.14300	-104
2.14667	-103
2.15033	-103
2.15400	-103
2.15767	-103
2.16133	-103
2.16500	-102
2.16867	-102
2.17233	-102
2.17600	-102
2.17967	-101
2.18333	-101
2.18700	-100
2.19067	-100
2.19433	-100
2.19800	-99
2.20167	-99
2.20533	-98
2.20900	-97
2.21267	-97
2.21633	-97
2.22000	-96
2.22367	-96
2.22733	-96
2.23100	-96
2.23467	-97
2.23833	-97
2.24200	-96
2.24567	-96
2.24933	-96
2.25300	-95
2.25667	-94
2.26033	-94
2.26400	-93
2.26767	-92
2.27133	-91
2.27500	-91
2.27867	-90
2.28233	-90
2.28600	-89
2.28967	-89
2.29333	-88
2.29700	-88
2.30067	-88
2.30433	-88
2.30800	-88
2.31167	-89
2.31533	-89
2.31900	-90
2.32267	-90
2.32633	-89
2.33000	-89
2.33367	-88
2.33733	-87
2.34100	-86
2.34467	-85
2.34833	-85
2.35200	-84
2.35567	-84
2.35933	-84
2.36300	-84
2.36667	-83
2.37033	-83
2.37400	-81
2.37767	-79
2.38133	-77
2.38500	-73
2.38867	-69
2.39233	-65
2.39600	-61
2.39967	-56
2.40333	-51
2.40700	-46
2.41067	-42
2.41433	-37
2.41800	-33
2.42167	-30
2.42533	-27
2.42900	-24
2.43267	-22
2.43633	-20
2.44000	-18
2.44367	-16
2.44733	-14
2.45100	-12
2.45467	-10
2.45833	-8
2.46200	-6
2.46567	-4
2.46933	-2
2.47300	-1
2.47667	-0
2.48033	1
2.48400	2
2.48767	2
2.49133	3
2.49500	4
2.49867	4
2.50233	5
2.50600	5
2.50967	6
2.51333	6
2.51700	7
2.52067	7
2.52433	8
2.52800	8
2.53167	9
2.53533	9
2.53900	9
2.54267	10
2.54633	10
2.55000	11
2.55367	12
2.55733	13
2.56100	14
2.56467	14
2.56833	15
2.57200	15
2.57567	16
2.57933	16
2.58300	16
2.58667	16
2.59033	16
2.59400	16
2.59767	16
2.60133	16
2.60500	16
2.60867	16
2.61233	16
2.61600	16
2.61967	16
2.62333	16
2.62700	16
2.63067	17
2.63433	17
2.63800	17
2.64167	17
2.64533	18
2.64900	18
2.65267	18
2.65633	18
2.66000	18
2.66367	18
2.66733	19
2.67100	19
2.67467	20
2.67833	20
2.68200	21
2.68567	21
2.68933	22
2.69300	22
2.69667	23
2.70033	22
2.70400	22
2.70767	22
2.71133	21
2.71500	21
2.71867	21
2.72233	21
2.72600	21
2.72967	21
2.73333	21
2.73700	21
2.74067	22
2.74433	22
2.74800	23
2.75167	23
2.75533	24
2.75900	24
2.76267	24
2.76633	24
2.77000	24
2.77367	24
2.77733	24
2.78100	24
2.78467	24
2.78833	24
2.79200	24
2.79567	24
2.79933	24
2.80300	24
2.80667	24
2.81033	24
2.81400	24
2.81767	24
2.82133	23
2.82500	23
2.82867	23
2.83233	23
2.83600	23
2.83967	23
2.84333	23
2.84700	22
2.85067	21
2.85433	19
2.85800	15
2.86167	9
2.86533	0
2.86900	-11
2.87267	-27
2.87633	-46
2.88000	-69
2.88367	-96
2.88733	-128
2.89100	-162
2.89467	-200
2.89833	-241
2.90200	-285
2.90567	-331
2.90933	-379
2.91300	-428
2.91667	-478
2.92033	-529
2.92400	-579
2.92767	-630
2.93133	-681
2.93500	-730
2.93867	-779
2.94233	-829
2.94600	-882
2.94967	-941
2.95333	-1002
2.95700	-1056
2.96067	-1092
2.96433	-1103
2.96800	-1087
2.97167	-1047
2.97533	-989
2.97900	-918
2.98267	-839
2.98633	-758
2.99000	-678
2.99367	-601
2.99733	-528
3.00100	-461
3.00467	-401
3.00833	-346
3.01200	-297
3.01567	-255
3.01933	-217
3.02300	-184
3.02667	-156
3.03033	-132
3.03400	-111
3.03767	-93
3.04133	-77
3.04500	-64
3.04867	-53
3.05233	-43
3.05600	-35
3.05967	-28
3.06333	-23
3.06700	-18
3.07067	-13
3.07433	-10
3.07800	-6
3.08167	-4
3.08533	-1
3.08900	1
3.09267	2
3.09633	4
3.10000	5
3.10367	7
3.10733	8
3.11100	9
3.11467	9
3.11833	10
3.12200	11
3.12567	11
3.12933	12
3.13300	12
3.13667	13
3.14033	13
3.14400	13
3.14767	14
3.15133	14
3.15500	14
3.15867	14
3.16233	15
3.16600	15
3.16967	16
3.17333	16
3.17700	16
3.18067	17
3.18433	17
3.18800	17
3.19167	18
3.19533	18
3.19900	18
3.20267	19
3.20633	20
3.21000	20
3.21367	21
3.21733	21
3.22100	21
3.22467	22
3.22833	22
3.23200	22
3.23567	22
3.23933	22
3.24300	23
3.24667	23
3.25033	23
3.25400	24
3.25767	24
3.26133	24
3.26500	25
3.26867	25
3.27233	25
3.27600	25
3.27967	26
3.28333	26
3.28700	25
3.29067	25
3.29433	25
3.29800	25
3.30167	25
3.30533	25
3.30900	25
3.31267	25
3.31633	25
3.32000	25
3.32367	25
3.32733	25
3.33100	25
3.33467	25
3.33833	25
3.34200	25
3.34567	25
3.34933	25
3.35300	25
3.35667	25
3.36033	25
3.36400	25
3.36767	25
3.37133	25
3.37500	25
3.37867	25
3.38233	25
3.38600	25
3.38967	24
3.39333	24
3.39700	24
3.40067	24
3.40433	24
3.40800	24
3.41167	24
3.41533	24
3.41900	24
3.42267	24
3.42633	24
3.43000	24
3.43367	24
3.43733	24
3.44100	24
3.44467	25
3.44833	25
3.45200	24
3.45567	24
3.45933	24
3.46300	24
3.46667	24
3.47033	23
3.47400	23
3.47767	23
3.48133	23
3.48500	23
3.48867	23
3.49233	22
3.49600	23
3.49967	23
3.50333	23
3.50700	23
3.51067	23
3.51433	24
3.51800	24
3.52167	24
3.52533	25
3.52900	25
3.53267	25
3.53633	25
3.54000	25
3.54367	25
3.54733	25
3.55100	25
3.55467	25
3.55833	25
3.56200	25
3.56567	25
3.56933	25
3.57300	25
3.57667	25
3.58033	25
3.58400	25
3.58767	25
3.59133	25
3.59500	25
3.59867	25
3.60233	25
3.60600	25
3.60967	25
3.61333	25
3.61700	25
3.62067	25
3.62433	25
3.62800	25
3.63167	25
3.63533	25
3.63900	25
3.64267	25
3.64633	25
3.65000	25
3.65367	25
3.65733	25
3.66100	25
3.66467	25
3.66833	25
3.67200	25
3.67567	25
3.67933	25
3.68300	25
3.68667	24
3.69033	25
3.69400	25
3.69767	25
3.70133	24
3.70500	24
3.70867	24
3.71233	25
3.71600	25
3.71967	26
3.72333	26
3.72700	27
3.73067	27
3.73433	27
3.73800	27
3.74167	27
3.74533	27
3.74900	27
3.75267	27
3.75633	27
3.76000	27
3.76367	27
3.76733	27
3.77100	27
3.77467	27
3.77833	27
3.78200	27
3.78567	26
3.78933	26
3.79300	27
3.79667	27
3.80033	27
3.80400	27
3.80767	26
3.81133	26
3.81500	26
3.81867	26
3.82233	26
3.82600	26
3.82967	26
3.83333	26
3.83700	26
3.84067	26
3.84433	26
3.84800	26
3.85167	26
3.85533	26
3.85900	26
3.86267	26
3.86633	26
3.87000	26
3.87367	26
3.87733	26
3.88100	25
3.88467	25
3.88833	25
3.89200	25
3.89567	25
3.89933	25
3.90300	25
3.90667	25
3.91033	25
3.91400	24
3.91767	24
3.92133	24
3.92500	24
3.92867	24
3.93233	24
3.93600	24
3.93967	24
3.94333	24
3.94700	24
3.95067	24
3.95433	24
3.95800	24
3.96167	24
3.96533	24
3.96900	24
3.97267	24
3.97633	24
3.98000	24
3.98367	24
3.98733	25
3.99100	25
3.99467	25
3.99833	25

[Chromatogram (Ch3)]
Interval(msec)	220
# of Points	1091
Start Time(min)	0.002
End Time(min)	3.998
R.Time (min)	Intensity
0.00167	0
0.00533	1
0.00900	1
0.01267	1
0.01633	2
0.02000	2
0.02367	2
0.02733	4
0.03100	5
0.03467	7
0.03833	7
0.04200	2
0.04567	1
0.04933	3
0.05300	4
0.05667	4
0.06033	4
0.06400	4
0.06767	5
0.07133	5
0.07500	4
0.07867	6
0.08233	8
0.08600	7
0.08967	6
0.09333	6
0.09700	6
0.10067	6
0.10433	7
0.10800	9
0.11167	11
0.11533	12
0.11900	11
0.12267	9
0.12633	9
0.13000	9
0.13367	10
0.13733	10
0.14100	12
0.14467	12
0.14833	12
0.15200	11
0.15567	12
0.15933	12
0.16300	11
0.16667	13
0.17033	14
0.17400	13
0.17767	14
0.18133	15
0.18500	17
0.18867	16
0.19233	14
0.19600	13
0.19967	15
0.20333	16
0.20700	17
0.21067	19
0.21433	20
0.21800	21
0.22167	19
0.22533	18
0.22900	15
0.23267	15
0.23633	16
0.24000	17
0.24367	18
0.24733	17
0.25100	16
0.25467	17
0.25833	18
0.26200	17
0.26567	16
0.26933	15
0.27300	15
0.27667	16
0.28033	17
0.28400	19
0.28767	19
0.29133	18
0.29500	18
0.29867	21
0.30233	24
0.30600	23
0.30967	23
0.31333	25
0.31700	24
0.32067	22
0.32433	23
0.32800	22
0.33167	21
0.33533	21
0.33900	22
0.34267	23
0.34633	23
0.35000	21
0.35367	21
0.35733	23
0.36100	23
0.36467	22
0.36833	24
0.37200	23
0.37567	23
0.37933	23
0.38300	22
0.38667	22
0.39033	24
0.39400	23
0.39767	22
0.40133	22
0.40500	25
0.40867	27
0.41233	29
0.41600	29
0.41967	28
0.42333	29
0.42700	32
0.43067	35
0.43433	35
0.43800	35
0.44167	35
0.44533	33
0.44900	31
0.45267	34
0.45633	36
0.46000	39
0.46367	39
0.46733	38
0.47100	35
0.47467	32
0.47833	30
0.48200	30
0.48567	31
0.48933	34
0.49300	36
0.49667	37
0.50033	39
0.50400	39
0.50767	38
0.51133	38
0.51500	37
0.51867	36
0.52233	35
0.52600	34
0.52967	35
0.53333	35
0.53700	33
0.54067	32
0.54433	31
0.54800	30
0.55167	31
0.55533	32
0.55900	34
0.56267	37
0.56633	38
0.57000	39
0.57367	40
0.57733	40
0.58100	41
0.58467	40
0.58833	38
0.59200	38
0.59567	40
0.59933	40
0.60300	41
0.60667	42
0.61033	42
0.61400	41
0.61767	42
0.62133	40
0.62500	38
0.62867	37
0.63233	37
0.63600	39
0.63967	39
0.64333	38
0.64700	36
0.65067	36
0.65433	37
0.65800	39
0.66167	38
0.66533	37
0.66900	38
0.67267	38
0.67633	36
0.68000	36
0.68367	36
0.68733	38
0.69100	41
0.69467	43
0.69833	43
0.70200	45
0.70567	47
0.70933	49
0.71300	48
0.71667	48
0.72033	49
0.72400	50
0.72767	51
0.73133	50
0.73500	49
0.73867	47
0.74233	45
0.74600	45
0.74967	47
0.75333	49
0.75700	50
0.76067	49
0.76433	47
0.76800	45
0.77167	43
0.77533	43
0.77900	45
0.78267	46
0.78633	47
0.79000	46
0.79367	47
0.79733	46
0.80100	44
0.80467	45
0.80833	45
0.81200	46
0.81567	47
0.81933	45
0.82300	46
0.82667	46
0.83033	47
0.83400	46
0.83767	46
0.84133	47
0.84500	48
0.84867	49
0.85233	48
0.85600	48
0.85967	48
0.86333	47
0.86700	48
0.87067	47
0.87433	46
0.87800	44
0.88167	41
0.88533	40
0.88900	41
0.89267	44
0.89633	47
0.90000	49
0.90367	46
0.90733	43
0.91100	42
0.91467	41
0.91833	41
0.92200	43
0.92567	44
0.92933	46
0.93300	45
0.93667	45
0.94033	46
0.94400	46
0.94767	46
0.95133	48
0.95500	48
0.95867	50
0.96233	50
0.96600	49
0.96967	48
0.97333	48
0.97700	47
0.98067	47
0.98433	47
0.98800	49
0.99167	50
0.99533	50
0.99900	49
1.00267	48
1.00633	48
1.01000	50
1.01367	51
1.01733	52
1.02100	54
1.02467	52
1.02833	49
1.03200	50
1.03567	49
1.03933	47
1.04300	45
1.04667	45
1.05033	48
1.05400	48
1.05767	49
1.06133	49
1.06500	48
1.06867	47
1.07233	49
1.07600	52
1.07967	51
1.08333	51
1.08700	49
1.09067	48
1.09433	50
1.09800	49
1.10167	48
1.10533	49
1.10900	50
1.11267	51
1.11633	51
1.12000	51
1.12367	51
1.12733	52
1.13100	51
1.13467	51
1.13833	50
1.14200	53
1.14567	55
1.14933	57
1.15300	56
1.15667	53
1.16033	51
1.16400	51
1.16767	49
1.17133	49
1.17500	46
1.17867	45
1.18233	46
1.18600	45
1.18967	44
1.19333	44
1.19700	46
1.20067	47
1.20433	47
1.20800	47
1.21167	47
1.21533	47
1.21900	49
1.22267	49
1.22633	48
1.23000	48
1.23367	47
1.23733	48
1.24100	49
1.24467	49
1.24833	48
1.25200	46
1.25567	45
1.25933	47
1.26300	50
1.26667	53
1.27033	54
1.27400	52
1.27767	51
1.28133	51
1.28500	50
1.28867	49
1.29233	49
1.29600	49
1.29967	48
1.30333	49
1.30700	48
1.31067	46
1.31433	45
1.31800	46
1.32167	48
1.32533	49
1.32900	51
1.33267	52
1.33633	50
1.34000	48
1.34367	50
1.34733	51
1.35100	50
1.35467	51
1.35833	52
1.36200	51
1.36567	51
1.36933	50
1.37300	50
1.37667	51
1.38033	49
1.38400	49
1.38767	48
1.39133	47
1.39500	46
1.39867	46
1.40233	46
1.40600	48
1.40967	49
1.41333	50
1.41700	50
1.42067	46
1.42433	45
1.42800	46
1.43167	47
1.43533	47
1.43900	48
1.44267	48
1.44633	47
1.45000	45
1.45367	44
1.45733	45
1.46100	48
1.46467	51
1.46833	51
1.47200	50
1.47567	50
1.47933	51
1.48300	50
1.48667	48
1.49033	47
1.49400	49
1.49767	50
1.50133	50
1.50500	51
1.50867	51
1.51233	52
1.51600	53
1.51967	55
1.52333	55
1.52700	54
1.53067	51
1.53433	52
1.53800	51
1.54167	49
1.54533	46
1.54900	45
1.55267	41
1.55633	38
1.56000	37
1.56367	37
1.56733	38
1.57100	41
1.57467	43
1.57833	43
1.58200	42
1.58567	42
1.58933	42
1.59300	41
1.59667	39
1.60033	42
1.60400	44
1.60767	46
1.61133	48
1.61500	49
1.61867	49
1.62233	46
1.62600	45
1.62967	46
1.63333	46
1.63700	46
1.64067	47
1.64433	49
1.64800	50
1.65167	53
1.65533	55
1.65900	59
1.66267	60
1.66633	62
1.67000	62
1.67367	60
1.67733	59
1.68100	58
1.68467	55
1.68833	55
1.69200	54
1.69567	52
1.69933	52
1.70300	54
1.70667	54
1.71033	56
1.71400	56
1.71767	56
1.72133	58
1.72500	59
1.72867	60
1.73233	61
1.73600	62
1.73967	62
1.74333	61
1.74700	62
1.75067	61
1.75433	60
1.75800	60
1.76167	61
1.76533	63
1.76900	63
1.77267	63
1.77633	62
1.78000	63
1.78367	65
1.78733	66
1.79100	67
1.79467	68
1.79833	68
1.80200	68
1.80567	69
1.80933	69
1.81300	70
1.81667	70
1.82033	70
1.82400	70
1.82767	70
1.83133	68
1.83500	70
1.83867	72
1.84233	73
1.84600	72
1.84967	70
1.85333	69
1.85700	69
1.86067	72
1.86433	73
1.86800	74
1.87167	75
1.87533	75
1.87900	75
1.88267	73
1.88633	73
1.89000	73
1.89367	75
1.89733	76
1.90100	79
1.90467	79
1.90833	79
1.91200	79
1.91567	79
1.91933	76
1.92300	75
1.92667	76
1.93033	79
1.93400	81
1.93767	83
1.94133	83
1.94500	84
1.94867	84
1.95233	83
1.95600	84
1.95967	82
1.96333	79
1.96700	79
1.97067	79
1.97433	81
1.97800	83
1.98167	84
1.98533	85
1.98900	84
1.99267	88
1.99633	92
2.00000	93
2.00367	93
2.00733	93
2.01100	93
2.01467	95
2.01833	95
2.02200	93
2.02567	93
2.02933	91
2.03300	94
2.03667	97
2.04033	98
2.04400	100
2.04767	101
2.05133	103
2.05500	102
2.05867	101
2.06233	102
2.06600	103
2.06967	105
2.07333	106
2.07700	106
2.08067	105
2.08433	107
2.08800	107
2.09167	108
2.09533	109
2.09900	110
2.10267	109
2.10633	109
2.11000	109
2.11367	110
2.11733	111
2.12100	113
2.12467	114
2.12833	115
2.13200	115
2.13567	116
2.13933	117
2.14300	118
2.14667	119
2.15033	121
2.15400	123
2.15767	125
2.16133	125
2.16500	125
2.16867	125
2.17233	123
2.17600	121
2.17967	120
2.18333	120
2.18700	122
2.19067	122
2.19433	122
2.19800	122
2.20167	124
2.20533	127
2.20900	129
2.21267	131
2.21633	129
2.22000	129
2.22367	129
2.22733	129
2.23100	130
2.23467	133
2.23833	135
2.24200	136
2.24567	139
2.24933	140
2.25300	139
2.25667	137
2.26033	136
2.26400	137
2.26767	140
2.27133	141
2.27500	141
2.27867	141
2.28233	140
2.28600	141
2.28967	143
2.29333	144
2.29700	145
2.30067	145
2.30433	145
2.30800	144
2.31167	144
2.31533	145
2.31900	146
2.32267	148
2.32633	149
2.33000	150
2.33367	152
2.33733	154
2.34100	154
2.34467	155
2.34833	157
2.35200	159
2.35567	160
2.35933	159
2.36300	159
2.36667	161
2.37033	163
2.37400	162
2.37767	162
2.38133	160
2.38500	158
2.38867	157
2.39233	158
2.39600	161
2.39967	165
2.40333	168
2.40700	170
2.41067	170
2.41433	173
2.41800	174
2.42167	175
2.42533	177
2.42900	176
2.43267	177
2.43633	179
2.44000	182
2.44367	197
2.44733	235
2.45100	281
2.45467	319
2.45833	338
2.46200	338
2.46567	333
2.46933	329
2.47300	323
2.47667	316
2.48033	305
2.48400	294
2.48767	280
2.49133	268
2.49500	258
2.49867	253
2.50233	252
2.50600	253
2.50967	256
2.51333	261
2.51700	264
2.52067	265
2.52433	262
2.52800	256
2.53167	247
2.53533	239
2.53900	230
2.54267	222
2.54633	215
2.55000	207
2.55367	202
2.55733	200
2.56100	197
2.56467	195
2.56833	195
2.57200	198
2.57567	199
2.57933	202
2.58300	203
2.58667	203
2.59033	202
2.59400	203
2.59767	205
2.60133	206
2.60500	205
2.60867	199
2.61233	188
2.61600	173
2.61967	151
2.62333	122
2.62700	92
2.63067	60
2.63433	30
2.63800	2
2.64167	-21
2.64533	-40
2.64900	-55
2.65267	-64
2.65633	-69
2.66000	-70
2.66367	-71
2.66733	-69
2.67100	-63
2.67467	-56
2.67833	-51
2.68200	-42
2.68567	-34
2.68933	-27
2.69300	-22
2.69667	-18
2.70033	-10
2.70400	-2
2.70767	8
2.71133	14
2.71500	20
2.71867	26
2.72233	32
2.72600	37
2.72967	43
2.73333	47
2.73700	52
2.74067	58
2.74433	64
2.74800	70
2.75167	70
2.75533	68
2.75900	77
2.76267	100
2.76633	135
2.77000	175
2.77367	216
2.77733	260
2.78100	308
2.78467	360
2.78833	414
2.79200	464
2.79567	509
2.79933	552
2.80300	591
2.80667	628
2.81033	660
2.81400	689
2.81767	714
2.82133	737
2.82500	758
2.82867	781
2.83233	815
2.83600	871
2.83967	967
2.84333	1128
2.84700	1380
2.85067	1737
2.85433	2204
2.85800	2768
2.86167	3397
2.86533	4049
2.86900	4671
2.87267	5213
2.87633	5638
2.88000	5916
2.88367	6033
2.88733	5998
2.89100	5836
2.89467	5577
2.89833	5250
2.90200	4885
2.90567	4506
2.90933	4128
2.91300	3763
2.91667	3423
2.92033	3108
2.92400	2825
2.92767	2571
2.93133	2346
2.93500	2147
2.93867	1970
2.94233	1815
2.94600	1682
2.94967	1567
2.95333	1467
2.95700	1380
2.96067	1304
2.96433	1237
2.96800	1182
2.97167	1136
2.97533	1096
2.97900	1061
2.98267	1033
2.98633	1008
2.99000	987
2.99367	972
2.99733	958
3.00100	945
3.00467	935
3.00833	925
3.01200	918
3.01567	912
3.01933	904
3.02300	900
3.02667	897
3.03033	894
3.03400	888
3.03767	885
3.04133	884
3.04500	885
3.04867	885
3.05233	884
3.05600	883
3.05967	882
3.06333	881
3.06700	880
3.07067	877
3.07433	874
3.07800	872
3.08167	869
3.08533	866
3.08900	866
3.09267	865
3.09633	865
3.10000	863
3.10367	863
3.10733	862
3.11100	860
3.11467	858
3.11833	859
3.12200	858
3.12567	858
3.12933	858
3.13300	858
3.13667	859
3.14033	859
3.14400	857
3.14767	854
3.15133	851
3.15500	848
3.15867	845
3.16233	846
3.16600	848
3.16967	850
3.17333	850
3.17700	850
3.18067	850
3.18433	849
3.18800	848
3.19167	845
3.19533	842
3.19900	838
3.20267	833
3.20633	829
3.21000	829
3.21367	831
3.21733	832
3.22100	833
3.22467	833
3.22833	833
3.23200	830
3.23567	826
3.23933	822
3.24300	819
3.24667	816
3.25033	813
3.25400	810
3.25767	806
3.26133	802
3.26500	798
3.26867	796
3.27233	794
3.27600	790
3.27967	785
3.28333	783
3.28700	783
3.29067	781
3.29433	779
3.29800	778
3.30167	776
3.30533	773
3.30900	771
3.31267	766
3.31633	760
3.32000	758
3.32367	755
3.32733	752
3.33100	749
3.33467	746
3.33833	743
3.34200	740
3.34567	738
3.34933	735
3.35300	731
3.35667	727
3.36033	722
3.36400	717
3.36767	710
3.37133	707
3.37500	702
3.37867	697
3.38233	696
3.38600	695
3.38967	691
3.39333	686
3.39700	681
3.40067	678
3.40433	675
3.40800	672
3.41167	669
3.41533	666
3.41900	663
3.42267	660
3.42633	655
3.43000	651
3.43367	648
3.43733	645
3.44100	645
3.44467	642
3.44833	639
3.45200	639
3.45567	636
3.45933	631
3.46300	626
3.46667	621
3.47033	617
3.47400	612
3.47767	609
3.48133	608
3.48500	606
3.48867	604
3.49233	603
3.49600	602
3.49967	600
3.50333	595
3.50700	590
3.51067	585
3.51433	581
3.51800	578
3.52167	575
3.52533	572
3.52900	570
3.53267	564
3.53633	560
3.54000	556
3.54367	554
3.54733	553
3.55100	550
3.55467	547
3.55833	545
3.56200	544
3.56567	543
3.56933	540
3.57300	537
3.57667	534
3.58033	530
3.58400	527
3.58767	526
3.59133	523
3.59500	520
3.59867	517
3.60233	516
3.60600	515
3.60967	510
3.61333	506
3.61700	502
3.62067	498
3.62433	495
3.62800	494
3.63167	493
3.63533	490
3.63900	488
3.64267	489
3.64633	491
3.65000	489
3.65367	487
3.65733	484
3.66100	481
3.66467	478
3.66833	477
3.67200	476
3.67567	473
3.67933	470
3.68300	468
3.68667	468
3.69033	465
3.69400	461
3.69767	458
3.70133	457
3.70500	457
3.70867	455
3.71233	451
3.71600	448
3.71967	446
3.72333	444
3.72700	441
3.73067	439
3.73433	438
3.73800	436
3.74167	436
3.74533	438
3.74900	438
3.75267	436
3.75633	434
3.76000	434
3.76367	432
3.76733	428
3.77100	424
3.77467	420
3.77833	416
3.78200	415
3.78567	416
3.78933	416
3.79300	413
3.79667	409
3.80033	408
3.80400	406
3.80767	406
3.81133	408
3.81500	408
3.81867	406
3.82233	403
3.82600	401
3.82967	398
3.83333	395
3.83700	395
3.84067	394
3.84433	391
3.84800	392
3.85167	393
3.85533	391
3.85900	388
3.86267	385
3.86633	385
3.87000	387
3.87367	388
3.87733	386
3.88100	382
3.88467	379
3.88833	377
3.89200	376
3.89567	374
3.89933	372
3.90300	371
3.90667	371
3.91033	371
3.91400	371
3.91767	369
3.92133	369
3.92500	368
3.92867	368
3.93233	369
3.93600	371
3.93967	369
3.94333	367
3.94700	364
3.95067	363
3.95433	360
3.95800	357
3.96167	354
3.96533	354
3.96900	355
3.97267	356
3.97633	353
3.98000	351
3.98367	349
3.98733	347
3.99100	347
3.99467	346
3.99833	344

[Status Trace (Column Oven Temperature)]
Interval(msec)	1000
# of Points	240
Start Time(min)	0.013
End Time(min)	3.996
Intensity Units	
Intensity Multiplier	1
R.Time (min)	Intensity
0.01283	34.97
0.02950	34.98
0.04617	34.98
0.06283	34.98
0.07950	34.99
0.09617	35.01
0.11283	35.03
0.12950	35.05
0.14617	35.05
0.16283	35.05
0.17950	35.04
0.19617	35.04
0.21283	35.02
0.22950	35.00
0.24617	34.98
0.26283	34.98
0.27950	34.97
0.29617	34.96
0.31283	34.96
0.32950	34.96
0.34617	34.97
0.36283	34.97
0.37950	34.97
0.39617	34.98
0.41283	34.98
0.42950	34.99
0.44617	34.99
0.46283	34.99
0.47950	35.00
0.49617	35.01
0.51283	35.03
0.52950	35.03
0.54617	35.01
0.56283	35.01
0.57950	35.00
0.59617	34.99
0.61283	34.98
0.62950	34.97
0.64617	34.97
0.66283	34.97
0.67950	34.98
0.69617	34.99
0.71283	34.99
0.72950	34.99
0.74617	34.99
0.76283	34.99
0.77950	35.00
0.79617	35.01
0.81283	35.01
0.82950	35.00
0.84617	34.99
0.86283	34.99
0.87950	34.99
0.89617	34.99
0.91283	34.99
0.92950	34.99
0.94617	34.98
0.96283	34.99
0.97950	35.00
0.99617	35.00
1.01283	35.01
1.02950	35.01
1.04617	35.03
1.06283	35.02
1.07950	35.01
1.09617	35.01
1.11283	34.99
1.12950	34.98
1.14617	34.98
1.16283	34.97
1.17950	34.96
1.19617	34.96
1.21283	34.98
1.22950	34.98
1.24617	34.98
1.26283	34.99
1.27950	34.99
1.29617	34.99
1.31283	34.99
1.32950	35.00
1.34617	35.00
1.36283	35.00
1.37950	35.01
1.39617	35.02
1.41283	35.03
1.42950	35.03
1.44617	35.02
1.46283	35.02
1.47950	35.01
1.49617	35.01
1.51283	35.00
1.52950	35.00
1.54617	35.00
1.56283	35.00
1.57950	35.00
1.59617	35.02
1.61283	35.09
1.62950	35.24
1.64617	35.44
1.66283	35.71
1.67950	36.07
1.69617	36.44
1.71283	36.77
1.72950	37.10
1.74617	37.45
1.76283	37.77
1.77950	38.09
1.79617	38.42
1.81283	38.77
1.82950	39.09
1.84617	39.43
1.86283	39.76
1.87950	40.09
1.89617	40.41
1.91283	40.75
1.92950	41.06
1.94617	41.40
1.96283	41.74
1.97950	42.04
1.99617	42.39
2.01283	42.71
2.02950	43.04
2.04617	43.36
2.06283	43.68
2.07950	44.00
2.09617	44.33
2.11283	44.66
2.12950	44.99
2.14617	45.31
2.16283	45.64
2.17950	45.97
2.19617	46.30
2.21283	46.61
2.22950	46.93
2.24617	47.28
2.26283	47.59
2.27950	47.92
2.29617	48.24
2.31283	48.62
2.32950	48.93
2.34617	49.23
2.36283	49.53
2.37950	49.68
2.39617	49.72
2.41283	49.71
2.42950	49.73
2.44617	49.74
2.46283	49.74
2.47950	49.76
2.49617	49.77
2.51283	49.79
2.52950	49.81
2.54617	49.82
2.56283	49.82
2.57950	49.82
2.59617	49.81
2.61283	49.83
2.62950	49.84
2.64617	49.85
2.66283	49.86
2.67950	49.85
2.69617	49.84
2.71283	49.87
2.72950	49.88
2.74617	49.87
2.76283	49.87
2.77950	49.87
2.79617	49.88
2.81283	49.89
2.82950	49.91
2.84617	49.93
2.86283	49.94
2.87950	49.96
2.89617	49.98
2.91283	50.00
2.92950	50.02
2.94617	50.02
2.96283	50.02
2.97950	50.01
2.99617	50.01
3.01283	50.01
3.02950	50.01
3.04617	50.03
3.06283	50.04
3.07950	50.05
3.09617	50.06
3.11283	50.06
3.12950	50.08
3.14617	50.08
3.16283	50.10
3.17950	50.11
3.19617	50.10
3.21283	50.10
3.22950	50.09
3.24617	50.09
3.26283	50.07
3.27950	50.06
3.29617	50.05
3.31283	50.05
3.32950	50.05
3.34617	50.05
3.36283	50.05
3.37950	50.05
3.39617	50.06
3.41283	50.05
3.42950	50.05
3.44617	50.05
3.46283	50.07
3.47950	50.08
3.49617	50.09
3.51283	50.09
3.52950	50.09
3.54617	50.09
3.56283	50.09
3.57950	50.08
3.59617	50.08
3.61283	50.08
3.62950	50.09
3.64617	50.08
3.66283	50.09
3.67950	50.10
3.69617	50.10
3.71283	50.09
3.72950	50.08
3.74617	50.06
3.76283	50.05
3.77950	50.04
3.79617	50.05
3.81283	50.04
3.82950	50.03
3.84617	50.03
3.86283	50.02
3.87950	50.04
3.89617	50.04
3.91283	50.04
3.92950	50.05
3.94617	50.06
3.96283	50.07
3.97950	50.06
3.99617	50.06

[Status Trace (Injection Unit Temperature)]
Interval(msec)	1000
# of Points	240
Start Time(min)	0.013
End Time(min)	3.996
Intensity Units	
Intensity Multiplier	1
R.Time (min)	Intensity
0.01283	99.98
0.02950	99.98
0.04617	99.98
0.06283	99.98
0.07950	99.98
0.09617	99.98
0.11283	99.98
0.12950	99.98
0.14617	99.98
0.16283	99.98
0.17950	99.98
0.19617	99.98
0.21283	99.97
0.22950	99.98
0.24617	99.97
0.26283	99.98
0.27950	99.98
0.29617	99.98
0.31283	99.98
0.32950	99.98
0.34617	99.98
0.36283	99.98
0.37950	99.98
0.39617	99.98
0.41283	99.98
0.42950	99.98
0.44617	99.98
0.46283	99.98
0.47950	99.98
0.49617	99.98
0.51283	99.98
0.52950	99.98
0.54617	99.98
0.56283	99.99
0.57950	99.98
0.59617	99.98
0.61283	99.98
0.62950	99.98
0.64617	99.97
0.66283	99.98
0.67950	99.98
0.69617	99.99
0.71283	99.98
0.72950	99.99
0.74617	99.98
0.76283	99.98
0.77950	99.99
0.79617	99.98
0.81283	99.98
0.82950	99.98
0.84617	99.99
0.86283	99.99
0.87950	99.99
0.89617	99.99
0.91283	99.99
0.92950	99.99
0.94617	99.99
0.96283	99.99
0.97950	99.99
0.99617	99.99
1.01283	99.99
1.02950	99.99
1.04617	99.99
1.06283	99.99
1.07950	99.98
1.09617	99.98
1.11283	99.99
1.12950	99.99
1.14617	99.99
1.16283	99.99
1.17950	99.99
1.19617	99.98
1.21283	99.98
1.22950	99.99
1.24617	99.99
1.26283	99.99
1.27950	99.98
1.29617	99.99
1.31283	99.99
1.32950	99.99
1.34617	99.99
1.36283	99.99
1.37950	99.99
1.39617	99.99
1.41283	99.99
1.42950	99.99
1.44617	99.99
1.46283	99.99
1.47950	99.99
1.49617	99.98
1.51283	99.99
1.52950	99.98
1.54617	99.98
1.56283	99.99
1.57950	99.98
1.59617	99.98
1.61283	99.99
1.62950	99.99
1.64617	99.98
1.66283	99.98
1.67950	99.98
1.69617	99.99
1.71283	99.99
1.72950	99.99
1.74617	99.99
1.76283	99.98
1.77950	99.98
1.79617	99.99
1.81283	99.98
1.82950	99.98
1.84617	99.98
1.86283	99.98
1.87950	99.98
1.89617	99.98
1.91283	99.97
1.92950	99.98
1.94617	99.98
1.96283	99.98
1.97950	99.97
1.99617	99.98
2.01283	99.97
2.02950	99.98
2.04617	99.98
2.06283	99.97
2.07950	99.97
2.09617	99.97
2.11283	99.97
2.12950	99.97
2.14617	99.97
2.16283	99.97
2.17950	99.97
2.19617	99.97
2.21283	99.97
2.22950	99.97
2.24617	99.96
2.26283	99.97
2.27950	99.97
2.29617	99.97
2.31283	99.96
2.32950	99.97
2.34617	99.97
2.36283	99.97
2.37950	99.97
2.39617	99.97
2.41283	99.97
2.42950	99.97
2.44617	99.97
2.46283	99.97
2.47950	99.97
2.49617	99.98
2.51283	99.97
2.52950	99.97
2.54617	99.97
2.56283	99.97
2.57950	99.97
2.59617	99.97
2.61283	99.98
2.62950	99.98
2.64617	99.98
2.66283	99.98
2.67950	99.98
2.69617	99.98
2.71283	99.98
2.72950	99.99
2.74617	99.98
2.76283	99.99
2.77950	99.99
2.79617	99.99
2.81283	100.00
2.82950	100.00
2.84617	100.00
2.86283	100.00
2.87950	100.00
2.89617	100.01
2.91283	100.01
2.92950	100.01
2.94617	100.01
2.96283	100.01
2.97950	100.01
2.99617	100.01
3.01283	100.01
3.02950	100.01
3.04617	100.02
3.06283	100.01
3.07950	100.02
3.09617	100.01
3.11283	100.02
3.12950	100.02
3.14617	100.02
3.16283	100.02
3.17950	100.01
3.19617	100.03
3.21283	100.02
3.22950	100.03
3.24617	100.03
3.26283	100.02
3.27950	100.03
3.29617	100.03
3.31283	100.03
3.32950	100.03
3.34617	100.03
3.36283	100.02
3.37950	100.03
3.39617	100.03
3.41283	100.04
3.42950	100.04
3.44617	100.03
3.46283	100.04
3.47950	100.04
3.49617	100.04
3.51283	100.04
3.52950	100.04
3.54617	100.04
3.56283	100.04
3.57950	100.04
3.59617	100.04
3.61283	100.04
3.62950	100.04
3.64617	100.04
3.66283	100.04
3.67950	100.04
3.69617	100.04
3.71283	100.05
3.72950	100.04
3.74617	100.04
3.76283	100.05
3.77950	100.04
3.79617	100.05
3.81283	100.05
3.82950	100.05
3.84617	100.04
3.86283	100.04
3.87950	100.05
3.89617	100.05
3.91283	100.05
3.92950	100.05
3.94617	100.05
3.96283	100.05
3.97950	100.04
3.99617	100.05

[Status Trace (Carrier Gas Pressure)]
Interval(msec)	1000
# of Points	240
Start Time(min)	0.013
End Time(min)	3.996
Intensity Units	
Intensity Multiplier	1
R.Time (min)	Intensity
0.01283	57.97
0.02950	55.13
0.04617	57.66
0.06283	59.70
0.07950	58.90
0.09617	58.00
0.11283	57.99
0.12950	58.01
0.14617	58.01
0.16283	58.01
0.17950	58.00
0.19617	58.00
0.21283	58.00
0.22950	58.00
0.24617	58.00
0.26283	58.00
0.27950	58.00
0.29617	58.00
0.31283	58.00
0.32950	58.00
0.34617	58.00
0.36283	58.00
0.37950	58.00
0.39617	58.00
0.41283	58.00
0.42950	58.00
0.44617	58.00
0.46283	58.00
0.47950	58.00
0.49617	58.00
0.51283	58.00
0.52950	58.00
0.54617	58.00
0.56283	58.00
0.57950	58.00
0.59617	58.00
0.61283	58.00
0.62950	58.00
0.64617	58.00
0.66283	58.00
0.67950	58.00
0.69617	58.00
0.71283	58.00
0.72950	58.00
0.74617	58.00
0.76283	58.00
0.77950	58.00
0.79617	58.00
0.81283	58.00
0.82950	58.00
0.84617	58.00
0.86283	58.00
0.87950	58.00
0.89617	58.00
0.91283	58.00
0.92950	58.00
0.94617	58.00
0.96283	58.00
0.97950	58.00
0.99617	58.00
1.01283	58.00
1.02950	58.00
1.04617	58.00
1.06283	58.00
1.07950	58.00
1.09617	58.00
1.11283	58.00
1.12950	58.00
1.14617	58.00
1.16283	58.00
1.17950	58.00
1.19617	58.00
1.21283	58.00
1.22950	58.00
1.24617	58.00
1.26283	58.00
1.27950	58.00
1.29617	58.00
1.31283	58.00
1.32950	58.00
1.34617	58.00
1.36283	58.00
1.37950	58.00
1.39617	58.00
1.41283	58.00
1.42950	58.00
1.44617	58.00
1.46283	58.00
1.47950	58.00
1.49617	58.00
1.51283	58.00
1.52950	58.00
1.54617	58.00
1.56283	58.00
1.57950	58.00
1.59617	58.00
1.61283	58.00
1.62950	58.00
1.64617	58.00
1.66283	58.01
1.67950	58.01
1.69617	58.00
1.71283	58.00
1.72950	58.00
1.74617	58.00
1.76283	58.00
1.77950	58.00
1.79617	58.00
1.81283	58.00
1.82950	58.00
1.84617	58.00
1.86283	58.00
1.87950	58.00
1.89617	58.00
1.91283	58.00
1.92950	58.00
1.94617	58.00
1.96283	58.00
1.97950	58.00
1.99617	58.00
2.01283	58.00
2.02950	58.00
2.04617	58.00
2.06283	58.00
2.07950	58.00
2.09617	58.00
2.11283	58.00
2.12950	58.00
2.14617	58.00
2.16283	58.00
2.17950	58.00
2.19617	58.00
2.21283	58.00
2.22950	58.00
2.24617	58.00
2.26283	58.00
2.27950	58.00
2.29617	58.00
2.31283	58.00
2.32950	58.00
2.34617	58.00
2.36283	58.00
2.37950	57.99
2.39617	57.99
2.41283	58.00
2.42950	58.00
2.44617	58.00
2.46283	58.00
2.47950	58.00
2.49617	58.00
2.51283	57.99
2.52950	57.98
2.54617	58.00
2.56283	58.00
2.57950	58.00
2.59617	58.00
2.61283	58.00
2.62950	58.00
2.64617	58.00
2.66283	58.00
2.67950	58.00
2.69617	58.00
2.71283	58.00
2.72950	58.00
2.74617	58.00
2.76283	58.00
2.77950	58.00
2.79617	58.00
2.81283	58.00
2.82950	58.00
2.84617	58.00
2.86283	58.00
2.87950	58.00
2.89617	58.00
2.91283	58.00
2.92950	58.00
2.94617	58.00
2.96283	58.00
2.97950	58.00
2.99617	58.00
3.01283	58.00
3.02950	58.00
3.04617	58.00
3.06283	58.00
3.07950	58.00
3.09617	58.00
3.11283	58.00
3.12950	58.00
3.14617	58.00
3.16283	58.00
3.17950	58.00
3.19617	58.00
3.21283	58.00
3.22950	58.00
3.24617	58.00
3.26283	58.00
3.27950	58.00
3.29617	58.00
3.31283	58.00
3.32950	58.00
3.34617	58.00
3.36283	58.00
3.37950	58.00
3.39617	58.00
3.41283	58.00
3.42950	58.00
3.44617	58.00
3.46283	58.00
3.47950	58.00
3.49617	58.00
3.51283	58.00
3.52950	58.00
3.54617	58.00
3.56283	58.00
3.57950	58.00
3.59617	58.00
3.61283	58.00
3.62950	58.00
3.64617	58.00
3.66283	58.00
3.67950	58.00
3.69617	58.00
3.71283	58.00
3.72950	58.00
3.74617	58.00
3.76283	58.00
3.77950	58.00
3.79617	58.00
3.81283	58.00
3.82950	58.00
3.84617	58.00
3.86283	58.00
3.87950	58.00
3.89617	58.00
3.91283	58.00
3.92950	58.00
3.94617	58.00
3.96283	58.00
3.97950	58.00
3.99617	58.00

[Status Trace (Carrier Gas Flow)]
Interval(msec)	1000
# of Points	240
Start Time(min)	0.013
End Time(min)	3.996
Intensity Units	
Intensity Multiplier	1
R.Time (min)	Intensity
0.01283	34.62
0.02950	34.54
0.04617	34.55
0.06283	34.54
0.07950	34.50
0.09617	34.51
0.11283	34.52
0.12950	34.52
0.14617	34.52
0.16283	34.52
0.17950	34.52
0.19617	34.52
0.21283	34.52
0.22950	34.52
0.24617	34.52
0.26283	34.52
0.27950	34.52
0.29617	34.52
0.31283	34.52
0.32950	34.52
0.34617	34.52
0.36283	34.52
0.37950	34.52
0.39617	34.52
0.41283	34.52
0.42950	34.52
0.44617	34.52
0.46283	34.52
0.47950	34.52
0.49617	34.52
0.51283	34.52
0.52950	34.52
0.54617	34.52
0.56283	34.52
0.57950	34.52
0.59617	34.52
0.61283	34.52
0.62950	34.52
0.64617	34.52
0.66283	34.52
0.67950	34.52
0.69617	34.52
0.71283	34.52
0.72950	34.52
0.74617	34.52
0.76283	34.52
0.77950	34.52
0.79617	34.52
0.81283	34.52
0.82950	34.52
0.84617	34.52
0.86283	34.52
0.87950	34.52
0.89617	34.52
0.91283	34.52
0.92950	34.52
0.94617	34.52
0.96283	34.52
0.97950	34.52
0.99617	34.52
1.01283	34.52
1.02950	34.52
1.04617	34.52
1.06283	34.52
1.07950	34.52
1.09617	34.52
1.11283	34.52
1.12950	34.52
1.14617	34.52
1.16283	34.52
1.17950	34.52
1.19617	34.52
1.21283	34.52
1.22950	34.52
1.24617	34.52
1.26283	34.52
1.27950	34.52
1.29617	34.52
1.31283	34.52
1.32950	34.52
1.34617	34.52
1.36283	34.52
1.37950	34.52
1.39617	34.52
1.41283	34.52
1.42950	34.52
1.44617	34.52
1.46283	34.52
1.47950	34.52
1.49617	34.52
1.51283	34.52
1.52950	34.52
1.54617	34.52
1.56283	34.52
1.57950	34.52
1.59617	34.52
1.61283	34.52
1.62950	34.52
1.64617	34.52
1.66283	34.52
1.67950	34.52
1.69617	34.52
1.71283	34.52
1.72950	34.52
1.74617	34.52
1.76283	34.52
1.77950	34.52
1.79617	34.52
1.81283	34.52
1.82950	34.52
1.84617	34.52
1.86283	34.52
1.87950	34.52
1.89617	34.52
1.91283	34.52
1.92950	34.52
1.94617	34.52
1.96283	34.52
1.97950	34.52
1.99617	34.52
2.01283	34.52
2.02950	34.52
2.04617	34.52
2.06283	34.52
2.07950	34.52
2.09617	34.52
2.11283	34.52
2.12950	34.52
2.14617	34.52
2.16283	34.52
2.17950	34.52
2.19617	34.52
2.21283	34.52
2.22950	34.52
2.24617	34.52
2.26283	34.52
2.27950	34.52
2.29617	34.52
2.31283	34.52
2.32950	34.52
2.34617	34.52
2.36283	34.52
2.37950	34.52
2.39617	34.52
2.41283	34.52
2.42950	34.52
2.44617	34.52
2.46283	34.52
2.47950	34.52
2.49617	34.52
2.51283	34.50
2.52950	34.52
2.54617	34.52
2.56283	34.51
2.57950	34.51
2.59617	34.52
2.61283	34.52
2.62950	34.52
2.64617	34.52
2.66283	34.52
2.67950	34.51
2.69617	34.52
2.71283	34.53
2.72950	34.52
2.74617	34.52
2.76283	34.53
2.77950	34.51
2.79617	34.52
2.81283	34.53
2.82950	34.53
2.84617	34.52
2.86283	34.52
2.87950	34.51
2.89617	34.52
2.91283	34.52
2.92950	34.52
2.94617	34.52
2.96283	34.52
2.97950	34.52
2.99617	34.52
3.01283	34.52
3.02950	34.52
3.04617	34.52
3.06283	34.52
3.07950	34.52
3.09617	34.52
3.11283	34.52
3.12950	34.52
3.14617	34.52
3.16283	34.52
3.17950	34.52
3.19617	34.52
3.21283	34.52
3.22950	34.52
3.24617	34.52
3.26283	34.52
3.27950	34.52
3.29617	34.52
3.31283	34.52
3.32950	34.52
3.34617	34.52
3.36283	34.52
3.37950	34.52
3.39617	34.52
3.41283	34.52
3.42950	34.52
3.44617	34.52
3.46283	34.52
3.47950	34.52
3.49617	34.52
3.51283	34.52
3.52950	34.52
3.54617	34.52
3.56283	34.52
3.57950	34.52
3.59617	34.52
3.61283	34.52
3.62950	34.52
3.64617	34.52
3.66283	34.52
3.67950	34.52
3.69617	34.52
3.71283	34.52
3.72950	34.52
3.74617	34.52
3.76283	34.52
3.77950	34.52
3.79617	34.52
3.81283	34.52
3.82950	34.52
3.84617	34.52
3.86283	34.52
3.87950	34.52
3.89617	34.52
3.91283	34.52
3.92950	34.52
3.94617	34.52
3.96283	34.52
3.97950	34.52
3.99617	34.55

[Status Trace (Column Flow)]
Interval(msec)	1000
# of Points	240
Start Time(min)	0.013
End Time(min)	3.996
Intensity Units	
Intensity Multiplier	1
R.Time (min)	Intensity
0.01283	5.51
0.02950	5.18
0.04617	5.48
0.06283	5.71
0.07950	5.62
0.09617	5.51
0.11283	5.51
0.12950	5.51
0.14617	5.51
0.16283	5.51
0.17950	5.51
0.19617	5.51
0.21283	5.51
0.22950	5.51
0.24617	5.51
0.26283	5.51
0.27950	5.51
0.29617	5.52
0.31283	5.52
0.32950	5.52
0.34617	5.52
0.36283	5.51
0.37950	5.51
0.39617	5.51
0.41283	5.51
0.42950	5.51
0.44617	5.51
0.46283	5.51
0.47950	5.51
0.49617	5.51
0.51283	5.51
0.52950	5.51
0.54617	5.51
0.56283	5.51
0.57950	5.51
0.59617	5.51
0.61283	5.51
0.62950	5.51
0.64617	5.52
0.66283	5.51
0.67950	5.51
0.69617	5.51
0.71283	5.51
0.72950	5.51
0.74617	5.51
0.76283	5.51
0.77950	5.51
0.79617	5.51
0.81283	5.51
0.82950	5.51
0.84617	5.51
0.86283	5.51
0.87950	5.51
0.89617	5.51
0.91283	5.51
0.92950	5.51
0.94617	5.51
0.96283	5.51
0.97950	5.51
0.99617	5.51
1.01283	5.51
1.02950	5.51
1.04617	5.51
1.06283	5.51
1.07950	5.51
1.09617	5.51
1.11283	5.51
1.12950	5.51
1.14617	5.51
1.16283	5.51
1.17950	5.52
1.19617	5.52
1.21283	5.51
1.22950	5.51
1.24617	5.51
1.26283	5.51
1.27950	5.51
1.29617	5.51
1.31283	5.51
1.32950	5.51
1.34617	5.51
1.36283	5.51
1.37950	5.51
1.39617	5.51
1.41283	5.51
1.42950	5.51
1.44617	5.51
1.46283	5.51
1.47950	5.51
1.49617	5.51
1.51283	5.51
1.52950	5.51
1.54617	5.51
1.56283	5.51
1.57950	5.51
1.59617	5.51
1.61283	5.51
1.62950	5.51
1.64617	5.50
1.66283	5.49
1.67950	5.48
1.69617	5.47
1.71283	5.46
1.72950	5.45
1.74617	5.44
1.76283	5.43
1.77950	5.42
1.79617	5.41
1.81283	5.40
1.82950	5.39
1.84617	5.38
1.86283	5.37
1.87950	5.36
1.89617	5.35
1.91283	5.34
1.92950	5.33
1.94617	5.32
1.96283	5.31
1.97950	5.30
1.99617	5.29
2.01283	5.28
2.02950	5.27
2.04617	5.26
2.06283	5.25
2.07950	5.24
2.09617	5.23
2.11283	5.22
2.12950	5.21
2.14617	5.20
2.16283	5.19
2.17950	5.18
2.19617	5.18
2.21283	5.17
2.22950	5.16
2.24617	5.15
2.26283	5.14
2.27950	5.13
2.29617	5.12
2.31283	5.11
2.32950	5.10
2.34617	5.09
2.36283	5.08
2.37950	5.08
2.39617	5.08
2.41283	5.08
2.42950	5.08
2.44617	5.08
2.46283	5.08
2.47950	5.08
2.49617	5.08
2.51283	5.08
2.52950	5.07
2.54617	5.08
2.56283	5.08
2.57950	5.08
2.59617	5.08
2.61283	5.08
2.62950	5.08
2.64617	5.08
2.66283	5.08
2.67950	5.08
2.69617	5.08
2.71283	5.08
2.72950	5.07
2.74617	5.07
2.76283	5.08
2.77950	5.08
2.79617	5.07
2.81283	5.07
2.82950	5.07
2.84617	5.07
2.86283	5.07
2.87950	5.07
2.89617	5.07
2.91283	5.07
2.92950	5.07
2.94617	5.07
2.96283	5.07
2.97950	5.07
2.99617	5.07
3.01283	5.07
3.02950	5.07
3.04617	5.07
3.06283	5.07
3.07950	5.07
3.09617	5.07
3.11283	5.07
3.12950	5.07
3.14617	5.07
3.16283	5.07
3.17950	5.07
3.19617	5.07
3.21283	5.07
3.22950	5.07
3.24617	5.07
3.26283	5.07
3.27950	5.07
3.29617	5.07
3.31283	5.07
3.32950	5.07
3.34617	5.07
3.36283	5.07
3.37950	5.07
3.39617	5.07
3.41283	5.07
3.42950	5.07
3.44617	5.07
3.46283	5.07
3.47950	5.07
3.49617	5.07
3.51283	5.07
3.52950	5.07
3.54617	5.07
3.56283	5.07
3.57950	5.07
3.59617	5.07
3.61283	5.07
3.62950	5.07
3.64617	5.07
3.66283	5.07
3.67950	5.07
3.69617	5.07
3.71283	5.07
3.72950	5.07
3.74617	5.07
3.76283	5.07
3.77950	5.07
3.79617	5.07
3.81283	5.07
3.82950	5.07
3.84617	5.07
3.86283	5.07
3.87950	5.07
3.89617	5.07
3.91283	5.07
3.92950	5.07
3.94617	5.07
3.96283	5.07
3.97950	5.07
3.99617	5.07

[Status Trace (Linear Velocity)]
Interval(msec)	1000
# of Points	240
Start Time(min)	0.013
End Time(min)	3.996
Intensity Units	
Intensity Multiplier	1
R.Time (min)	Intensity
0.01283	39.00
0.02950	37.13
0.04617	38.80
0.06283	40.13
0.07950	39.60
0.09617	39.01
0.11283	39.01
0.12950	39.02
0.14617	39.01
0.16283	39.01
0.17950	39.01
0.19617	39.01
0.21283	39.01
0.22950	39.02
0.24617	39.02
0.26283	39.02
0.27950	39.02
0.29617	39.02
0.31283	39.02
0.32950	39.02
0.34617	39.02
0.36283	39.02
0.37950	39.02
0.39617	39.02
0.41283	39.02
0.42950	39.02
0.44617	39.02
0.46283	39.02
0.47950	39.01
0.49617	39.01
0.51283	39.01
0.52950	39.01
0.54617	39.01
0.56283	39.01
0.57950	39.01
0.59617	39.02
0.61283	39.02
0.62950	39.02
0.64617	39.02
0.66283	39.02
0.67950	39.02
0.69617	39.02
0.71283	39.02
0.72950	39.02
0.74617	39.02
0.76283	39.02
0.77950	39.02
0.79617	39.01
0.81283	39.01
0.82950	39.01
0.84617	39.02
0.86283	39.02
0.87950	39.02
0.89617	39.02
0.91283	39.02
0.92950	39.02
0.94617	39.02
0.96283	39.02
0.97950	39.02
0.99617	39.01
1.01283	39.01
1.02950	39.01
1.04617	39.01
1.06283	39.01
1.07950	39.01
1.09617	39.01
1.11283	39.02
1.12950	39.02
1.14617	39.02
1.16283	39.02
1.17950	39.02
1.19617	39.02
1.21283	39.02
1.22950	39.02
1.24617	39.02
1.26283	39.02
1.27950	39.02
1.29617	39.02
1.31283	39.02
1.32950	39.02
1.34617	39.02
1.36283	39.01
1.37950	39.01
1.39617	39.01
1.41283	39.01
1.42950	39.01
1.44617	39.01
1.46283	39.01
1.47950	39.01
1.49617	39.01
1.51283	39.01
1.52950	39.02
1.54617	39.01
1.56283	39.02
1.57950	39.01
1.59617	39.01
1.61283	39.01
1.62950	39.00
1.64617	38.98
1.66283	38.95
1.67950	38.92
1.69617	38.88
1.71283	38.84
1.72950	38.81
1.74617	38.78
1.76283	38.75
1.77950	38.72
1.79617	38.69
1.81283	38.66
1.82950	38.62
1.84617	38.59
1.86283	38.56
1.87950	38.53
1.89617	38.50
1.91283	38.47
1.92950	38.44
1.94617	38.41
1.96283	38.38
1.97950	38.35
1.99617	38.32
2.01283	38.29
2.02950	38.26
2.04617	38.23
2.06283	38.20
2.07950	38.17
2.09617	38.14
2.11283	38.11
2.12950	38.08
2.14617	38.05
2.16283	38.02
2.17950	37.99
2.19617	37.96
2.21283	37.93
2.22950	37.90
2.24617	37.87
2.26283	37.84
2.27950	37.82
2.29617	37.79
2.31283	37.75
2.32950	37.72
2.34617	37.70
2.36283	37.67
2.37950	37.66
2.39617	37.65
2.41283	37.65
2.42950	37.66
2.44617	37.65
2.46283	37.65
2.47950	37.65
2.49617	37.65
2.51283	37.65
2.52950	37.64
2.54617	37.65
2.56283	37.65
2.57950	37.65
2.59617	37.65
2.61283	37.65
2.62950	37.64
2.64617	37.64
2.66283	37.64
2.67950	37.64
2.69617	37.64
2.71283	37.64
2.72950	37.64
2.74617	37.64
2.76283	37.64
2.77950	37.64
2.79617	37.64
2.81283	37.64
2.82950	37.64
2.84617	37.64
2.86283	37.64
2.87950	37.63
2.89617	37.63
2.91283	37.63
2.92950	37.63
2.94617	37.63
2.96283	37.63
2.97950	37.63
2.99617	37.63
3.01283	37.63
3.02950	37.63
3.04617	37.63
3.06283	37.63
3.07950	37.63
3.09617	37.63
3.11283	37.63
3.12950	37.62
3.14617	37.62
3.16283	37.62
3.17950	37.62
3.19617	37.62
3.21283	37.62
3.22950	37.62
3.24617	37.62
3.26283	37.62
3.27950	37.63
3.29617	37.63
3.31283	37.63
3.32950	37.63
3.34617	37.63
3.36283	37.63
3.37950	37.63
3.39617	37.63
3.41283	37.63
3.42950	37.63
3.44617	37.63
3.46283	37.62
3.47950	37.62
3.49617	37.62
3.51283	37.62
3.52950	37.62
3.54617	37.62
3.56283	37.62
3.57950	37.62
3.59617	37.62
3.61283	37.62
3.62950	37.62
3.64617	37.62
3.66283	37.62
3.67950	37.62
3.69617	37.62
3.71283	37.62
3.72950	37.62
3.74617	37.63
3.76283	37.63
3.77950	37.63
3.79617	37.63
3.81283	37.63
3.82950	37.63
3.84617	37.63
3.86283	37.63
3.87950	37.63
3.89617	37.63
3.91283	37.63
3.92950	37.63
3.94617	37.63
3.96283	37.62
3.97950	37.63
3.99617	37.63

