[Header]
Application Name	LabSolutions
Version	5.110
Data File Name	C:\Users\User\Desktop\GC Analyses\Jack\UIC Prairie Sampling\9.16.22\220916_043.gcd
Output Date	11/29/2022
Output Time	11:10:18 AM

[File Information]
Type	Data File
Generated	11/15/2022 9:40:07 AM
Generated by	System Administrator
Modified	11/15/2022 9:44:26 AM
Modified by	System Administrator

[Sample Information]
Operator Name	System Administrator
Acquired	11/15/2022 9:40:25 AM
Sample Type	1:Standard
Level	1
Sample Name	220916_UICPrairie
Sample ID	220916_UICPrairie
ISTD Amount1	1
ISTD Amount2	1
ISTD Amount3	1
ISTD Amount4	1
ISTD Amount5	1
ISTD Amount6	1
ISTD Amount7	1
ISTD Amount8	1
ISTD Amount9	1
ISTD Amount10	1
ISTD Amount11	1
ISTD Amount12	1
ISTD Amount13	1
ISTD Amount14	1
ISTD Amount15	1
ISTD Amount16	1
ISTD Amount17	1
ISTD Amount18	1
ISTD Amount19	1
ISTD Amount20	1
ISTD Amount21	1
ISTD Amount22	1
ISTD Amount23	1
ISTD Amount24	1
ISTD Amount25	1
ISTD Amount26	1
ISTD Amount27	1
ISTD Amount28	1
ISTD Amount29	1
ISTD Amount30	1
ISTD Amount31	1
ISTD Amount32	1
Sample Amount	1
Dilution Factor	1
Vial#	1
Injection Volume	1
Injection Count	1
Bar Code	

[Original Files]
Data File	C:\Users\User\Desktop\GC Analyses\Jack\UIC Prairie Sampling\9.16.22\220916_043.gcd
Method File	C:\LabSolutions\Data\GHG_4min_2022\ghg3_togas_w_acet_4 min_new_int.gcm
Batch File	
Report Format File	c:\LabSolutions\System\DEFAULT.lsr

[File Description]


[Configuration]
Instrument Name	C0B7VH3-Instrument1
Instrument #	1
Line #	1
# of Detectors	3
Detector ID	DET#1	DET#2	DET#3
Detector Name	FID	PTCD	ECD
# of Channels	1	1	1

[Peak Table(Ch1)]
# of Peaks	3
Peak#	R.Time	I.Time	F.Time	Area	Height	A/H	Conc.	Mark	ID#	Name	k'	Plate #	Plate Ht.	Tailing	Resolution	Sep.Factor	Area Ratio	Height Ratio	Conc. %	Norm Conc.
1	1.468	1.443	1.534	3346	1150	2.910	100.000	   	1	CO	0.000	5962	25.160	1.700	0.000	0.000	0	0	16.667	16.667
2	1.571	1.534	1.637	21281	10712	1.987	100.000	 V 	2	CH4	0.070	11318	13.253	1.202	1.519	0.000	0	0	16.667	16.667
3	2.000	1.952	2.418	2192190	1048057	2.092	400.000	   	3	CO2	0.362	17456	8.593	1.225	7.173	5.179	0	0	66.667	66.667

[Peak Table(Ch2)]
# of Peaks	0

[Peak Table(Ch3)]
# of Peaks	3
Peak#	R.Time	I.Time	F.Time	Area	Height	A/H	Conc.	Mark	ID#	Name	k'	Plate #	Plate Ht.	Tailing	Resolution	Sep.Factor	Area Ratio	Height Ratio	Conc. %	Norm Conc.
1	2.462	2.308	2.649	3740	298	12.568	0.000	   			0.000	1735	86.447	1.132	0.000	0.000	0	0	0.000	0.000
2	2.884	2.664	3.074	66489	16521	4.024	1.000	   	1	N2O	0.171	12376	12.120	1.603	2.480	0.000	0	0	50.000	50.000
3	3.261	3.074	3.995	13945	465	29.959	1.000	 V 	2	SF6	0.325	260	577.892	0.000	0.827	1.896	0	0	50.000	50.000

[Compound Results(Ch1)]
# of IDs	6
ID#	Name	R.Time	Area	Height	Conc.	Curve	3rd	2nd	1st	Constant	Area Ratio	Height Ratio	Conc. %	Norm Conc.
1	CO	1.468	3346	1150	100.000	Linear	0.000000e+00	0.000000e+00	3.345656e+001	0.000000e+00	0	0	16.667	16.667
2	CH4	1.571	21281	10712	100.000	Linear	0.000000e+00	0.000000e+00	2.128077e+002	0.000000e+00	0	0	16.667	16.667
3	CO2	2.000	2192190	1048057	400.000	Linear	0.000000e+00	0.000000e+00	5.480474e+003	0.000000e+00	0	0	66.667	66.667
4	Ethylene	0.000	0	0	0.000	Linear	0.000000e+00	0.000000e+00	0.000000e+00	0.000000e+00	0	0	0.000	0.000
5	Acetylene	0.000	0	0	0.000	Linear	0.000000e+00	0.000000e+00	0.000000e+00	0.000000e+00	0	0	0.000	0.000
6	Ethane	0.000	0	0	0.000	Linear	0.000000e+00	0.000000e+00	0.000000e+00	0.000000e+00	0	0	0.000	0.000

[Compound Results(Ch2)]
# of IDs	5
ID#	Name	R.Time	Area	Height	Conc.	Curve	3rd	2nd	1st	Constant	Area Ratio	Height Ratio	Conc. %	Norm Conc.
1	Hydrogen	0.000	0	0	0.000	Linear	0.000000e+00	0.000000e+00	0.000000e+00	0.000000e+00	0	0	0.000	0.000
2	Oxygen	0.000	0	0	0.000	Linear	0.000000e+00	0.000000e+00	0.000000e+00	0.000000e+00	0	0	0.000	0.000
3	Nitrogen	0.000	0	0	0.000	Linear	0.000000e+00	0.000000e+00	0.000000e+00	0.000000e+00	0	0	0.000	0.000
4	Methane	0.000	0	0	0.000	Linear	0.000000e+00	0.000000e+00	0.000000e+00	0.000000e+00	0	0	0.000	0.000
5	Carbon Monoxide	0.000	0	0	0.000	Linear	0.000000e+00	0.000000e+00	0.000000e+00	0.000000e+00	0	0	0.000	0.000

[Compound Results(Ch3)]
# of IDs	2
ID#	Name	R.Time	Area	Height	Conc.	Curve	3rd	2nd	1st	Constant	Area Ratio	Height Ratio	Conc. %	Norm Conc.
1	N2O	2.884	66489	16521	1.000	Linear	0.000000e+00	0.000000e+00	6.648876e+004	0.000000e+00	0	0	50.000	50.000
2	SF6	3.261	13945	465	1.000	Linear	0.000000e+00	0.000000e+00	1.394457e+004	0.000000e+00	0	0	50.000	50.000

[Group Results(Ch1)]
# of Groups	0

[Group Results(Ch2)]
# of Groups	0

[Group Results(Ch3)]
# of Groups	0

[Chromatogram (Ch1)]
Interval(msec)	220
# of Points	1091
Start Time(min)	0.002
End Time(min)	3.998
R.Time (min)	Intensity
0.00167	-1
0.00533	-1
0.00900	3
0.01267	7
0.01633	10
0.02000	13
0.02367	14
0.02733	13
0.03100	12
0.03467	16
0.03833	20
0.04200	23
0.04567	24
0.04933	24
0.05300	24
0.05667	23
0.06033	20
0.06400	16
0.06767	9
0.07133	1
0.07500	-6
0.07867	-9
0.08233	-12
0.08600	-15
0.08967	-16
0.09333	-16
0.09700	-18
0.10067	-19
0.10433	-18
0.10800	-14
0.11167	-11
0.11533	-9
0.11900	-7
0.12267	-9
0.12633	-13
0.13000	-16
0.13367	-17
0.13733	-15
0.14100	-11
0.14467	-10
0.14833	-11
0.15200	-11
0.15567	-11
0.15933	-11
0.16300	-12
0.16667	-10
0.17033	-8
0.17400	-10
0.17767	-14
0.18133	-15
0.18500	-14
0.18867	-15
0.19233	-15
0.19600	-11
0.19967	-4
0.20333	2
0.20700	4
0.21067	3
0.21433	1
0.21800	-3
0.22167	-11
0.22533	-19
0.22900	-25
0.23267	-30
0.23633	-34
0.24000	-32
0.24367	-26
0.24733	-17
0.25100	-8
0.25467	-2
0.25833	0
0.26200	2
0.26567	4
0.26933	2
0.27300	-3
0.27667	-9
0.28033	-16
0.28400	-24
0.28767	-30
0.29133	-32
0.29500	-33
0.29867	-35
0.30233	-34
0.30600	-32
0.30967	-28
0.31333	-24
0.31700	-21
0.32067	-18
0.32433	-17
0.32800	-15
0.33167	-12
0.33533	-9
0.33900	-9
0.34267	-13
0.34633	-19
0.35000	-26
0.35367	-30
0.35733	-31
0.36100	-30
0.36467	-24
0.36833	-16
0.37200	-8
0.37567	-6
0.37933	-7
0.38300	-8
0.38667	-15
0.39033	-24
0.39400	-34
0.39767	-42
0.40133	-47
0.40500	-47
0.40867	-44
0.41233	-41
0.41600	-39
0.41967	-37
0.42333	-34
0.42700	-26
0.43067	-18
0.43433	-12
0.43800	-9
0.44167	-8
0.44533	-10
0.44900	-13
0.45267	-16
0.45633	-18
0.46000	-18
0.46367	-17
0.46733	-13
0.47100	-9
0.47467	-6
0.47833	-7
0.48200	-12
0.48567	-19
0.48933	-24
0.49300	-30
0.49667	-35
0.50033	-40
0.50400	-46
0.50767	-56
0.51133	-62
0.51500	-63
0.51867	-59
0.52233	-52
0.52600	-45
0.52967	-37
0.53333	-31
0.53700	-29
0.54067	-28
0.54433	-28
0.54800	-29
0.55167	-32
0.55533	-35
0.55900	-39
0.56267	-42
0.56633	-40
0.57000	-35
0.57367	-31
0.57733	-29
0.58100	-30
0.58467	-34
0.58833	-37
0.59200	-37
0.59567	-34
0.59933	-31
0.60300	-30
0.60667	-33
0.61033	-37
0.61400	-43
0.61767	-46
0.62133	-47
0.62500	-46
0.62867	-44
0.63233	-44
0.63600	-44
0.63967	-43
0.64333	-42
0.64700	-40
0.65067	-36
0.65433	-31
0.65800	-26
0.66167	-20
0.66533	-14
0.66900	-13
0.67267	-14
0.67633	-16
0.68000	-20
0.68367	-26
0.68733	-31
0.69100	-33
0.69467	-33
0.69833	-31
0.70200	-29
0.70567	-31
0.70933	-37
0.71300	-46
0.71667	-52
0.72033	-53
0.72400	-51
0.72767	-49
0.73133	-49
0.73500	-49
0.73867	-47
0.74233	-42
0.74600	-37
0.74967	-32
0.75333	-31
0.75700	-32
0.76067	-35
0.76433	-36
0.76800	-36
0.77167	-35
0.77533	-35
0.77900	-34
0.78267	-32
0.78633	-33
0.79000	-37
0.79367	-41
0.79733	-43
0.80100	-43
0.80467	-40
0.80833	-36
0.81200	-32
0.81567	-29
0.81933	-27
0.82300	-28
0.82667	-35
0.83033	-44
0.83400	-55
0.83767	-61
0.84133	-60
0.84500	-52
0.84867	-44
0.85233	-38
0.85600	-38
0.85967	-38
0.86333	-39
0.86700	-41
0.87067	-42
0.87433	-44
0.87800	-46
0.88167	-45
0.88533	-45
0.88900	-45
0.89267	-47
0.89633	-52
0.90000	-57
0.90367	-57
0.90733	-51
0.91100	-43
0.91467	-37
0.91833	-34
0.92200	-32
0.92567	-35
0.92933	-41
0.93300	-47
0.93667	-48
0.94033	-45
0.94400	-41
0.94767	-40
0.95133	-45
0.95500	-49
0.95867	-53
0.96233	-58
0.96600	-62
0.96967	-65
0.97333	-67
0.97700	-67
0.98067	-63
0.98433	-61
0.98800	-62
0.99167	-62
0.99533	-62
0.99900	-63
1.00267	-62
1.00633	-60
1.01000	-56
1.01367	-52
1.01733	-48
1.02100	-46
1.02467	-47
1.02833	-48
1.03200	-46
1.03567	-46
1.03933	-50
1.04300	-55
1.04667	-58
1.05033	-59
1.05400	-62
1.05767	-62
1.06133	-58
1.06500	-53
1.06867	-50
1.07233	-50
1.07600	-52
1.07967	-54
1.08333	-58
1.08700	-62
1.09067	-63
1.09433	-64
1.09800	-62
1.10167	-58
1.10533	-52
1.10900	-48
1.11267	-47
1.11633	-50
1.12000	-52
1.12367	-55
1.12733	-57
1.13100	-58
1.13467	-59
1.13833	-59
1.14200	-64
1.14567	-70
1.14933	-76
1.15300	-76
1.15667	-73
1.16033	-73
1.16400	-74
1.16767	-75
1.17133	-78
1.17500	-77
1.17867	-74
1.18233	-69
1.18600	-65
1.18967	-62
1.19333	-60
1.19700	-61
1.20067	-59
1.20433	-56
1.20800	-54
1.21167	-52
1.21533	-50
1.21900	-47
1.22267	-44
1.22633	-42
1.23000	-43
1.23367	-48
1.23733	-55
1.24100	-62
1.24467	-65
1.24833	-67
1.25200	-72
1.25567	-75
1.25933	-75
1.26300	-74
1.26667	-73
1.27033	-73
1.27400	-74
1.27767	-73
1.28133	-71
1.28500	-68
1.28867	-66
1.29233	-65
1.29600	-65
1.29967	-64
1.30333	-62
1.30700	-62
1.31067	-64
1.31433	-65
1.31800	-64
1.32167	-62
1.32533	-61
1.32900	-55
1.33267	-46
1.33633	-38
1.34000	-36
1.34367	-40
1.34733	-48
1.35100	-58
1.35467	-65
1.35833	-70
1.36200	-71
1.36567	-71
1.36933	-74
1.37300	-78
1.37667	-83
1.38033	-83
1.38400	-78
1.38767	-73
1.39133	-71
1.39500	-72
1.39867	-73
1.40233	-76
1.40600	-79
1.40967	-81
1.41333	-79
1.41700	-71
1.42067	-58
1.42433	-48
1.42800	-43
1.43167	-47
1.43533	-56
1.43900	-57
1.44267	-11
1.44633	153
1.45000	423
1.45367	701
1.45733	914
1.46100	1046
1.46467	1111
1.46833	1129
1.47200	1122
1.47567	1102
1.47933	1070
1.48300	1021
1.48667	946
1.49033	845
1.49400	723
1.49767	596
1.50133	478
1.50500	374
1.50867	285
1.51233	210
1.51600	146
1.51967	91
1.52333	48
1.52700	15
1.53067	-8
1.53433	-22
1.53800	-8
1.54167	133
1.54533	651
1.54900	1825
1.55267	3642
1.55633	5733
1.56000	7674
1.56367	9216
1.56733	10246
1.57100	10656
1.57467	10312
1.57833	9215
1.58200	7605
1.58567	5850
1.58933	4253
1.59300	2962
1.59667	1995
1.60033	1307
1.60400	838
1.60767	523
1.61133	314
1.61500	173
1.61867	80
1.62233	17
1.62600	-27
1.62967	-55
1.63333	-72
1.63700	-80
1.64067	-79
1.64433	-76
1.64800	-74
1.65167	-77
1.65533	-85
1.65900	-92
1.66267	-97
1.66633	-99
1.67000	-98
1.67367	-94
1.67733	-91
1.68100	-90
1.68467	-92
1.68833	-93
1.69200	-94
1.69567	-96
1.69933	-101
1.70300	-105
1.70667	-108
1.71033	-109
1.71400	-108
1.71767	-107
1.72133	-109
1.72500	-112
1.72867	-116
1.73233	-120
1.73600	-122
1.73967	-123
1.74333	-120
1.74700	-115
1.75067	-105
1.75433	-93
1.75800	-83
1.76167	-77
1.76533	-74
1.76900	-76
1.77267	-81
1.77633	-87
1.78000	-91
1.78367	-93
1.78733	-94
1.79100	-93
1.79467	-92
1.79833	-91
1.80200	-90
1.80567	-87
1.80933	-83
1.81300	-82
1.81667	-81
1.82033	-77
1.82400	-69
1.82767	-58
1.83133	-49
1.83500	-42
1.83867	-40
1.84233	-43
1.84600	-49
1.84967	-55
1.85333	-61
1.85700	-67
1.86067	-69
1.86433	-69
1.86800	-69
1.87167	-67
1.87533	-67
1.87900	-69
1.88267	-70
1.88633	-70
1.89000	-67
1.89367	-61
1.89733	-52
1.90100	-47
1.90467	-45
1.90833	-45
1.91200	-44
1.91567	-44
1.91933	-43
1.92300	-42
1.92667	-41
1.93033	-38
1.93400	-35
1.93767	-36
1.94133	-43
1.94500	-48
1.94867	-49
1.95233	-41
1.95600	12
1.95967	353
1.96333	2181
1.96700	9771
1.97067	33856
1.97433	92532
1.97800	203064
1.98167	366666
1.98533	561892
1.98900	755049
1.99267	914149
1.99633	1016129
2.00000	1048049
2.00367	1007946
2.00733	906365
2.01100	764433
2.01467	608261
2.01833	460600
2.02200	335406
2.02567	237461
2.02933	165184
2.03300	113995
2.03667	78721
2.04033	54824
2.04400	38776
2.04767	28016
2.05133	20768
2.05500	15837
2.05867	12429
2.06233	10023
2.06600	8284
2.06967	6995
2.07333	6018
2.07700	5260
2.08067	4657
2.08433	4167
2.08800	3766
2.09167	3432
2.09533	3150
2.09900	2910
2.10267	2701
2.10633	2517
2.11000	2353
2.11367	2208
2.11733	2077
2.12100	1961
2.12467	1856
2.12833	1763
2.13200	1679
2.13567	1601
2.13933	1531
2.14300	1468
2.14667	1411
2.15033	1356
2.15400	1303
2.15767	1252
2.16133	1200
2.16500	1149
2.16867	1101
2.17233	1056
2.17600	1015
2.17967	977
2.18333	946
2.18700	923
2.19067	904
2.19433	883
2.19800	861
2.20167	839
2.20533	815
2.20900	788
2.21267	762
2.21633	739
2.22000	722
2.22367	709
2.22733	696
2.23100	681
2.23467	665
2.23833	646
2.24200	624
2.24567	601
2.24933	580
2.25300	566
2.25667	555
2.26033	547
2.26400	539
2.26767	531
2.27133	524
2.27500	520
2.27867	516
2.28233	511
2.28600	504
2.28967	492
2.29333	478
2.29700	462
2.30067	448
2.30433	438
2.30800	432
2.31167	428
2.31533	424
2.31900	418
2.32267	410
2.32633	399
2.33000	391
2.33367	386
2.33733	385
2.34100	381
2.34467	372
2.34833	363
2.35200	357
2.35567	356
2.35933	356
2.36300	356
2.36667	354
2.37033	351
2.37400	347
2.37767	342
2.38133	336
2.38500	329
2.38867	321
2.39233	312
2.39600	303
2.39967	298
2.40333	290
2.40700	283
2.41067	279
2.41433	278
2.41800	280
2.42167	287
2.42533	295
2.42900	300
2.43267	302
2.43633	300
2.44000	295
2.44367	292
2.44733	292
2.45100	293
2.45467	293
2.45833	290
2.46200	285
2.46567	280
2.46933	277
2.47300	272
2.47667	264
2.48033	259
2.48400	255
2.48767	251
2.49133	246
2.49500	241
2.49867	238
2.50233	236
2.50600	234
2.50967	233
2.51333	236
2.51700	239
2.52067	239
2.52433	238
2.52800	234
2.53167	231
2.53533	232
2.53900	235
2.54267	237
2.54633	236
2.55000	233
2.55367	230
2.55733	228
2.56100	226
2.56467	226
2.56833	227
2.57200	229
2.57567	230
2.57933	230
2.58300	230
2.58667	228
2.59033	223
2.59400	218
2.59767	214
2.60133	210
2.60500	206
2.60867	202
2.61233	198
2.61600	193
2.61967	183
2.62333	171
2.62700	162
2.63067	161
2.63433	167
2.63800	177
2.64167	186
2.64533	190
2.64900	188
2.65267	186
2.65633	185
2.66000	183
2.66367	180
2.66733	178
2.67100	176
2.67467	176
2.67833	174
2.68200	172
2.68567	167
2.68933	163
2.69300	162
2.69667	161
2.70033	161
2.70400	163
2.70767	165
2.71133	166
2.71500	167
2.71867	166
2.72233	165
2.72600	165
2.72967	165
2.73333	165
2.73700	166
2.74067	170
2.74433	176
2.74800	182
2.75167	184
2.75533	181
2.75900	174
2.76267	168
2.76633	165
2.77000	163
2.77367	161
2.77733	160
2.78100	161
2.78467	162
2.78833	162
2.79200	161
2.79567	159
2.79933	161
2.80300	163
2.80667	166
2.81033	167
2.81400	166
2.81767	163
2.82133	159
2.82500	155
2.82867	152
2.83233	150
2.83600	150
2.83967	152
2.84333	157
2.84700	162
2.85067	164
2.85433	165
2.85800	165
2.86167	158
2.86533	149
2.86900	144
2.87267	139
2.87633	133
2.88000	135
2.88367	146
2.88733	155
2.89100	159
2.89467	163
2.89833	164
2.90200	162
2.90567	163
2.90933	164
2.91300	161
2.91667	156
2.92033	151
2.92400	150
2.92767	149
2.93133	148
2.93500	149
2.93867	151
2.94233	155
2.94600	158
2.94967	163
2.95333	165
2.95700	167
2.96067	170
2.96433	172
2.96800	172
2.97167	174
2.97533	173
2.97900	171
2.98267	166
2.98633	158
2.99000	151
2.99367	150
2.99733	150
3.00100	153
3.00467	160
3.00833	166
3.01200	166
3.01567	161
3.01933	158
3.02300	157
3.02667	153
3.03033	148
3.03400	148
3.03767	148
3.04133	149
3.04500	152
3.04867	157
3.05233	162
3.05600	163
3.05967	162
3.06333	160
3.06700	161
3.07067	162
3.07433	162
3.07800	159
3.08167	157
3.08533	159
3.08900	162
3.09267	164
3.09633	169
3.10000	172
3.10367	172
3.10733	169
3.11100	166
3.11467	166
3.11833	169
3.12200	170
3.12567	165
3.12933	159
3.13300	161
3.13667	162
3.14033	162
3.14400	160
3.14767	162
3.15133	163
3.15500	164
3.15867	165
3.16233	168
3.16600	171
3.16967	175
3.17333	178
3.17700	175
3.18067	169
3.18433	160
3.18800	152
3.19167	146
3.19533	139
3.19900	134
3.20267	134
3.20633	137
3.21000	142
3.21367	150
3.21733	158
3.22100	157
3.22467	153
3.22833	148
3.23200	145
3.23567	142
3.23933	137
3.24300	133
3.24667	131
3.25033	129
3.25400	128
3.25767	129
3.26133	134
3.26500	142
3.26867	149
3.27233	152
3.27600	150
3.27967	146
3.28333	145
3.28700	150
3.29067	158
3.29433	164
3.29800	167
3.30167	165
3.30533	158
3.30900	153
3.31267	153
3.31633	154
3.32000	153
3.32367	150
3.32733	148
3.33100	147
3.33467	151
3.33833	156
3.34200	159
3.34567	159
3.34933	158
3.35300	155
3.35667	151
3.36033	149
3.36400	148
3.36767	145
3.37133	142
3.37500	140
3.37867	137
3.38233	138
3.38600	142
3.38967	149
3.39333	153
3.39700	155
3.40067	153
3.40433	149
3.40800	147
3.41167	146
3.41533	144
3.41900	144
3.42267	146
3.42633	145
3.43000	142
3.43367	140
3.43733	141
3.44100	141
3.44467	141
3.44833	146
3.45200	151
3.45567	151
3.45933	145
3.46300	136
3.46667	126
3.47033	115
3.47400	111
3.47767	115
3.48133	122
3.48500	128
3.48867	137
3.49233	148
3.49600	157
3.49967	164
3.50333	166
3.50700	162
3.51067	158
3.51433	158
3.51800	157
3.52167	153
3.52533	148
3.52900	142
3.53267	138
3.53633	136
3.54000	134
3.54367	129
3.54733	124
3.55100	119
3.55467	116
3.55833	117
3.56200	122
3.56567	127
3.56933	126
3.57300	125
3.57667	127
3.58033	133
3.58400	137
3.58767	139
3.59133	143
3.59500	147
3.59867	147
3.60233	143
3.60600	139
3.60967	133
3.61333	129
3.61700	132
3.62067	134
3.62433	132
3.62800	128
3.63167	123
3.63533	120
3.63900	121
3.64267	122
3.64633	120
3.65000	117
3.65367	114
3.65733	116
3.66100	120
3.66467	125
3.66833	127
3.67200	128
3.67567	127
3.67933	126
3.68300	127
3.68667	130
3.69033	132
3.69400	131
3.69767	129
3.70133	129
3.70500	131
3.70867	134
3.71233	137
3.71600	139
3.71967	140
3.72333	137
3.72700	130
3.73067	126
3.73433	124
3.73800	122
3.74167	123
3.74533	127
3.74900	131
3.75267	133
3.75633	134
3.76000	136
3.76367	138
3.76733	145
3.77100	153
3.77467	157
3.77833	155
3.78200	148
3.78567	138
3.78933	129
3.79300	122
3.79667	116
3.80033	111
3.80400	111
3.80767	113
3.81133	116
3.81500	119
3.81867	120
3.82233	119
3.82600	121
3.82967	124
3.83333	124
3.83700	127
3.84067	129
3.84433	132
3.84800	130
3.85167	124
3.85533	121
3.85900	124
3.86267	129
3.86633	135
3.87000	137
3.87367	135
3.87733	131
3.88100	127
3.88467	123
3.88833	119
3.89200	120
3.89567	124
3.89933	127
3.90300	125
3.90667	124
3.91033	126
3.91400	129
3.91767	132
3.92133	134
3.92500	133
3.92867	130
3.93233	127
3.93600	124
3.93967	120
3.94333	117
3.94700	115
3.95067	117
3.95433	118
3.95800	118
3.96167	118
3.96533	120
3.96900	123
3.97267	126
3.97633	127
3.98000	126
3.98367	122
3.98733	117
3.99100	116
3.99467	120
3.99833	126

[Chromatogram (Ch2)]
Interval(msec)	220
# of Points	1091
Start Time(min)	0.002
End Time(min)	3.998
R.Time (min)	Intensity
0.00167	0
0.00533	0
0.00900	-0
0.01267	-0
0.01633	-1
0.02000	-1
0.02367	-1
0.02733	-1
0.03100	-1
0.03467	-1
0.03833	-1
0.04200	-1
0.04567	-0
0.04933	-0
0.05300	-0
0.05667	-0
0.06033	-0
0.06400	0
0.06767	0
0.07133	-0
0.07500	-0
0.07867	-0
0.08233	-0
0.08600	-0
0.08967	0
0.09333	1
0.09700	1
0.10067	1
0.10433	1
0.10800	1
0.11167	1
0.11533	1
0.11900	1
0.12267	1
0.12633	1
0.13000	0
0.13367	-0
0.13733	-0
0.14100	-0
0.14467	-0
0.14833	-0
0.15200	-0
0.15567	-1
0.15933	-1
0.16300	-1
0.16667	-1
0.17033	-0
0.17400	-0
0.17767	0
0.18133	0
0.18500	0
0.18867	0
0.19233	0
0.19600	0
0.19967	1
0.20333	1
0.20700	1
0.21067	1
0.21433	1
0.21800	1
0.22167	2
0.22533	2
0.22900	2
0.23267	2
0.23633	2
0.24000	2
0.24367	2
0.24733	2
0.25100	1
0.25467	1
0.25833	1
0.26200	1
0.26567	0
0.26933	0
0.27300	-0
0.27667	-0
0.28033	-0
0.28400	-1
0.28767	-1
0.29133	-1
0.29500	-1
0.29867	-1
0.30233	-2
0.30600	-2
0.30967	-2
0.31333	-3
0.31700	-3
0.32067	-3
0.32433	-3
0.32800	-3
0.33167	-3
0.33533	-3
0.33900	-4
0.34267	-4
0.34633	-4
0.35000	-4
0.35367	-3
0.35733	-3
0.36100	-3
0.36467	-3
0.36833	-2
0.37200	-2
0.37567	-2
0.37933	-2
0.38300	-2
0.38667	-2
0.39033	-2
0.39400	-2
0.39767	-2
0.40133	-2
0.40500	-2
0.40867	-2
0.41233	-2
0.41600	-2
0.41967	-2
0.42333	-2
0.42700	-2
0.43067	-2
0.43433	-2
0.43800	-1
0.44167	-1
0.44533	-1
0.44900	-1
0.45267	-1
0.45633	-0
0.46000	-0
0.46367	0
0.46733	0
0.47100	0
0.47467	0
0.47833	0
0.48200	0
0.48567	-0
0.48933	-0
0.49300	-0
0.49667	-1
0.50033	-1
0.50400	-1
0.50767	-1
0.51133	-1
0.51500	-1
0.51867	-2
0.52233	-2
0.52600	-2
0.52967	-2
0.53333	-2
0.53700	-1
0.54067	-1
0.54433	-1
0.54800	-1
0.55167	-1
0.55533	-2
0.55900	-2
0.56267	-2
0.56633	-2
0.57000	-3
0.57367	-3
0.57733	-3
0.58100	-3
0.58467	-3
0.58833	-3
0.59200	-3
0.59567	-2
0.59933	-2
0.60300	-2
0.60667	-2
0.61033	-2
0.61400	-2
0.61767	-2
0.62133	-2
0.62500	-2
0.62867	-2
0.63233	-2
0.63600	-2
0.63967	-2
0.64333	-2
0.64700	-2
0.65067	-2
0.65433	-2
0.65800	-2
0.66167	-2
0.66533	-2
0.66900	-2
0.67267	-2
0.67633	-3
0.68000	-3
0.68367	-3
0.68733	-4
0.69100	-4
0.69467	-4
0.69833	-4
0.70200	-4
0.70567	-4
0.70933	-4
0.71300	-5
0.71667	-5
0.72033	-5
0.72400	-5
0.72767	-4
0.73133	-4
0.73500	-4
0.73867	-3
0.74233	-3
0.74600	-3
0.74967	-2
0.75333	-2
0.75700	-2
0.76067	-2
0.76433	-2
0.76800	-2
0.77167	-2
0.77533	-3
0.77900	-3
0.78267	-3
0.78633	-3
0.79000	-3
0.79367	-4
0.79733	-4
0.80100	-4
0.80467	-5
0.80833	-5
0.81200	-5
0.81567	-4
0.81933	-4
0.82300	-4
0.82667	-4
0.83033	-5
0.83400	-5
0.83767	-5
0.84133	-5
0.84500	-6
0.84867	-6
0.85233	-6
0.85600	-6
0.85967	-6
0.86333	-7
0.86700	-7
0.87067	-7
0.87433	-7
0.87800	-7
0.88167	-7
0.88533	-6
0.88900	-6
0.89267	-6
0.89633	-6
0.90000	-5
0.90367	-5
0.90733	-5
0.91100	-5
0.91467	-5
0.91833	-5
0.92200	-5
0.92567	-5
0.92933	-5
0.93300	-5
0.93667	-5
0.94033	-4
0.94400	-4
0.94767	-4
0.95133	-4
0.95500	-4
0.95867	-4
0.96233	-4
0.96600	-4
0.96967	-4
0.97333	-3
0.97700	-3
0.98067	-3
0.98433	-3
0.98800	-3
0.99167	-3
0.99533	-3
0.99900	-3
1.00267	-3
1.00633	-3
1.01000	-3
1.01367	-3
1.01733	-3
1.02100	-3
1.02467	-4
1.02833	-4
1.03200	-4
1.03567	-4
1.03933	-4
1.04300	-4
1.04667	-4
1.05033	-4
1.05400	-5
1.05767	-5
1.06133	-5
1.06500	-5
1.06867	-5
1.07233	-6
1.07600	-6
1.07967	-6
1.08333	-6
1.08700	-6
1.09067	-6
1.09433	-6
1.09800	-7
1.10167	-7
1.10533	-7
1.10900	-7
1.11267	-7
1.11633	-8
1.12000	-8
1.12367	-8
1.12733	-8
1.13100	-8
1.13467	-8
1.13833	-7
1.14200	-7
1.14567	-6
1.14933	-6
1.15300	-6
1.15667	-6
1.16033	-6
1.16400	-6
1.16767	-6
1.17133	-6
1.17500	-6
1.17867	-6
1.18233	-6
1.18600	-6
1.18967	-6
1.19333	-6
1.19700	-5
1.20067	-5
1.20433	-5
1.20800	-5
1.21167	-5
1.21533	-5
1.21900	-5
1.22267	-5
1.22633	-5
1.23000	-5
1.23367	-5
1.23733	-5
1.24100	-5
1.24467	-5
1.24833	-5
1.25200	-5
1.25567	-5
1.25933	-5
1.26300	-5
1.26667	-5
1.27033	-6
1.27400	-6
1.27767	-5
1.28133	-5
1.28500	-5
1.28867	-5
1.29233	-5
1.29600	-5
1.29967	-4
1.30333	-4
1.30700	-5
1.31067	-5
1.31433	-5
1.31800	-5
1.32167	-5
1.32533	-5
1.32900	-5
1.33267	-5
1.33633	-5
1.34000	-6
1.34367	-6
1.34733	-6
1.35100	-7
1.35467	-7
1.35833	-7
1.36200	-7
1.36567	-7
1.36933	-7
1.37300	-7
1.37667	-7
1.38033	-7
1.38400	-7
1.38767	-7
1.39133	-7
1.39500	-7
1.39867	-7
1.40233	-7
1.40600	-7
1.40967	-6
1.41333	-6
1.41700	-6
1.42067	-6
1.42433	-6
1.42800	-6
1.43167	-6
1.43533	-6
1.43900	-6
1.44267	-6
1.44633	-6
1.45000	-6
1.45367	-6
1.45733	-6
1.46100	-6
1.46467	-6
1.46833	-6
1.47200	-6
1.47567	-6
1.47933	-6
1.48300	-6
1.48667	-6
1.49033	-6
1.49400	-6
1.49767	-6
1.50133	-6
1.50500	-6
1.50867	-6
1.51233	-5
1.51600	-5
1.51967	-6
1.52333	-6
1.52700	-6
1.53067	-6
1.53433	-6
1.53800	-6
1.54167	-7
1.54533	-7
1.54900	-7
1.55267	-7
1.55633	-7
1.56000	-7
1.56367	-7
1.56733	-7
1.57100	-7
1.57467	-7
1.57833	-7
1.58200	-7
1.58567	-7
1.58933	-7
1.59300	-8
1.59667	-9
1.60033	-9
1.60400	-11
1.60767	-12
1.61133	-14
1.61500	-15
1.61867	-18
1.62233	-20
1.62600	-23
1.62967	-26
1.63333	-30
1.63700	-33
1.64067	-37
1.64433	-40
1.64800	-44
1.65167	-47
1.65533	-50
1.65900	-54
1.66267	-58
1.66633	-62
1.67000	-67
1.67367	-72
1.67733	-77
1.68100	-83
1.68467	-88
1.68833	-93
1.69200	-98
1.69567	-102
1.69933	-106
1.70300	-109
1.70667	-111
1.71033	-113
1.71400	-114
1.71767	-115
1.72133	-116
1.72500	-116
1.72867	-117
1.73233	-117
1.73600	-118
1.73967	-119
1.74333	-120
1.74700	-121
1.75067	-121
1.75433	-122
1.75800	-123
1.76167	-123
1.76533	-123
1.76900	-123
1.77267	-122
1.77633	-122
1.78000	-121
1.78367	-121
1.78733	-121
1.79100	-121
1.79467	-121
1.79833	-122
1.80200	-123
1.80567	-125
1.80933	-126
1.81300	-127
1.81667	-128
1.82033	-128
1.82400	-128
1.82767	-129
1.83133	-129
1.83500	-129
1.83867	-129
1.84233	-129
1.84600	-129
1.84967	-129
1.85333	-128
1.85700	-128
1.86067	-128
1.86433	-128
1.86800	-127
1.87167	-128
1.87533	-128
1.87900	-127
1.88267	-127
1.88633	-127
1.89000	-127
1.89367	-127
1.89733	-127
1.90100	-126
1.90467	-126
1.90833	-126
1.91200	-125
1.91567	-125
1.91933	-125
1.92300	-125
1.92667	-125
1.93033	-125
1.93400	-124
1.93767	-124
1.94133	-124
1.94500	-124
1.94867	-123
1.95233	-123
1.95600	-122
1.95967	-121
1.96333	-121
1.96700	-120
1.97067	-120
1.97433	-120
1.97800	-120
1.98167	-120
1.98533	-120
1.98900	-121
1.99267	-120
1.99633	-120
2.00000	-120
2.00367	-119
2.00733	-119
2.01100	-118
2.01467	-118
2.01833	-118
2.02200	-117
2.02567	-117
2.02933	-117
2.03300	-117
2.03667	-117
2.04033	-117
2.04400	-117
2.04767	-117
2.05133	-117
2.05500	-116
2.05867	-116
2.06233	-115
2.06600	-115
2.06967	-115
2.07333	-115
2.07700	-115
2.08067	-114
2.08433	-114
2.08800	-114
2.09167	-114
2.09533	-114
2.09900	-113
2.10267	-113
2.10633	-113
2.11000	-112
2.11367	-112
2.11733	-111
2.12100	-111
2.12467	-110
2.12833	-110
2.13200	-110
2.13567	-110
2.13933	-110
2.14300	-110
2.14667	-110
2.15033	-109
2.15400	-109
2.15767	-109
2.16133	-109
2.16500	-108
2.16867	-108
2.17233	-108
2.17600	-108
2.17967	-108
2.18333	-108
2.18700	-107
2.19067	-107
2.19433	-107
2.19800	-107
2.20167	-107
2.20533	-106
2.20900	-106
2.21267	-105
2.21633	-104
2.22000	-104
2.22367	-103
2.22733	-102
2.23100	-102
2.23467	-101
2.23833	-101
2.24200	-100
2.24567	-100
2.24933	-99
2.25300	-99
2.25667	-99
2.26033	-98
2.26400	-98
2.26767	-97
2.27133	-96
2.27500	-96
2.27867	-96
2.28233	-96
2.28600	-96
2.28967	-96
2.29333	-97
2.29700	-97
2.30067	-96
2.30433	-96
2.30800	-95
2.31167	-94
2.31533	-94
2.31900	-94
2.32267	-93
2.32633	-93
2.33000	-92
2.33367	-92
2.33733	-91
2.34100	-92
2.34467	-92
2.34833	-93
2.35200	-94
2.35567	-95
2.35933	-95
2.36300	-95
2.36667	-95
2.37033	-94
2.37400	-92
2.37767	-89
2.38133	-86
2.38500	-83
2.38867	-79
2.39233	-74
2.39600	-70
2.39967	-65
2.40333	-59
2.40700	-54
2.41067	-49
2.41433	-45
2.41800	-40
2.42167	-37
2.42533	-33
2.42900	-30
2.43267	-27
2.43633	-25
2.44000	-23
2.44367	-21
2.44733	-19
2.45100	-17
2.45467	-15
2.45833	-14
2.46200	-12
2.46567	-11
2.46933	-9
2.47300	-8
2.47667	-6
2.48033	-5
2.48400	-4
2.48767	-4
2.49133	-3
2.49500	-2
2.49867	-2
2.50233	-1
2.50600	-0
2.50967	0
2.51333	0
2.51700	1
2.52067	1
2.52433	1
2.52800	2
2.53167	2
2.53533	2
2.53900	3
2.54267	4
2.54633	4
2.55000	5
2.55367	6
2.55733	6
2.56100	7
2.56467	7
2.56833	8
2.57200	8
2.57567	9
2.57933	9
2.58300	10
2.58667	10
2.59033	10
2.59400	11
2.59767	11
2.60133	11
2.60500	11
2.60867	11
2.61233	11
2.61600	11
2.61967	11
2.62333	11
2.62700	11
2.63067	12
2.63433	12
2.63800	13
2.64167	13
2.64533	14
2.64900	14
2.65267	15
2.65633	15
2.66000	15
2.66367	14
2.66733	14
2.67100	14
2.67467	14
2.67833	13
2.68200	13
2.68567	13
2.68933	13
2.69300	14
2.69667	14
2.70033	14
2.70400	14
2.70767	15
2.71133	15
2.71500	15
2.71867	16
2.72233	16
2.72600	16
2.72967	17
2.73333	17
2.73700	17
2.74067	17
2.74433	17
2.74800	17
2.75167	18
2.75533	18
2.75900	18
2.76267	18
2.76633	19
2.77000	19
2.77367	18
2.77733	18
2.78100	18
2.78467	17
2.78833	17
2.79200	17
2.79567	16
2.79933	16
2.80300	16
2.80667	16
2.81033	15
2.81400	15
2.81767	15
2.82133	15
2.82500	15
2.82867	15
2.83233	15
2.83600	15
2.83967	15
2.84333	15
2.84700	14
2.85067	12
2.85433	9
2.85800	3
2.86167	-5
2.86533	-17
2.86900	-33
2.87267	-54
2.87633	-80
2.88000	-111
2.88367	-147
2.88733	-187
2.89100	-233
2.89467	-284
2.89833	-339
2.90200	-399
2.90567	-462
2.90933	-529
2.91300	-599
2.91667	-672
2.92033	-747
2.92400	-825
2.92767	-905
2.93133	-987
2.93500	-1070
2.93867	-1155
2.94233	-1241
2.94600	-1329
2.94967	-1416
2.95333	-1492
2.95700	-1546
2.96067	-1566
2.96433	-1551
2.96800	-1503
2.97167	-1428
2.97533	-1333
2.97900	-1226
2.98267	-1114
2.98633	-1002
2.99000	-893
2.99367	-790
2.99733	-695
3.00100	-608
3.00467	-529
3.00833	-459
3.01200	-397
3.01567	-343
3.01933	-295
3.02300	-254
3.02667	-218
3.03033	-187
3.03400	-160
3.03767	-137
3.04133	-117
3.04500	-100
3.04867	-85
3.05233	-73
3.05600	-63
3.05967	-54
3.06333	-46
3.06700	-40
3.07067	-34
3.07433	-29
3.07800	-25
3.08167	-21
3.08533	-19
3.08900	-16
3.09267	-14
3.09633	-12
3.10000	-10
3.10367	-9
3.10733	-7
3.11100	-6
3.11467	-4
3.11833	-3
3.12200	-2
3.12567	-1
3.12933	0
3.13300	1
3.13667	1
3.14033	2
3.14400	2
3.14767	3
3.15133	4
3.15500	4
3.15867	5
3.16233	6
3.16600	6
3.16967	7
3.17333	8
3.17700	8
3.18067	9
3.18433	10
3.18800	10
3.19167	11
3.19533	11
3.19900	12
3.20267	12
3.20633	13
3.21000	13
3.21367	13
3.21733	14
3.22100	14
3.22467	14
3.22833	15
3.23200	15
3.23567	15
3.23933	16
3.24300	16
3.24667	16
3.25033	16
3.25400	17
3.25767	17
3.26133	17
3.26500	17
3.26867	17
3.27233	17
3.27600	17
3.27967	17
3.28333	17
3.28700	17
3.29067	17
3.29433	17
3.29800	17
3.30167	17
3.30533	17
3.30900	17
3.31267	17
3.31633	17
3.32000	17
3.32367	17
3.32733	17
3.33100	17
3.33467	16
3.33833	16
3.34200	16
3.34567	16
3.34933	16
3.35300	16
3.35667	16
3.36033	16
3.36400	16
3.36767	16
3.37133	16
3.37500	16
3.37867	16
3.38233	16
3.38600	16
3.38967	16
3.39333	17
3.39700	17
3.40067	16
3.40433	16
3.40800	16
3.41167	16
3.41533	16
3.41900	16
3.42267	16
3.42633	16
3.43000	16
3.43367	16
3.43733	16
3.44100	16
3.44467	16
3.44833	16
3.45200	16
3.45567	16
3.45933	16
3.46300	16
3.46667	16
3.47033	17
3.47400	17
3.47767	17
3.48133	16
3.48500	16
3.48867	17
3.49233	17
3.49600	17
3.49967	17
3.50333	17
3.50700	16
3.51067	16
3.51433	16
3.51800	16
3.52167	16
3.52533	16
3.52900	16
3.53267	16
3.53633	16
3.54000	16
3.54367	16
3.54733	16
3.55100	16
3.55467	16
3.55833	16
3.56200	16
3.56567	16
3.56933	16
3.57300	16
3.57667	16
3.58033	17
3.58400	17
3.58767	17
3.59133	17
3.59500	17
3.59867	17
3.60233	17
3.60600	16
3.60967	16
3.61333	16
3.61700	16
3.62067	16
3.62433	16
3.62800	16
3.63167	16
3.63533	16
3.63900	16
3.64267	17
3.64633	17
3.65000	17
3.65367	17
3.65733	17
3.66100	17
3.66467	18
3.66833	17
3.67200	17
3.67567	17
3.67933	17
3.68300	17
3.68667	17
3.69033	17
3.69400	17
3.69767	17
3.70133	17
3.70500	16
3.70867	16
3.71233	16
3.71600	16
3.71967	17
3.72333	17
3.72700	17
3.73067	17
3.73433	17
3.73800	17
3.74167	18
3.74533	18
3.74900	18
3.75267	19
3.75633	19
3.76000	19
3.76367	19
3.76733	19
3.77100	19
3.77467	19
3.77833	19
3.78200	19
3.78567	19
3.78933	19
3.79300	19
3.79667	19
3.80033	19
3.80400	19
3.80767	19
3.81133	19
3.81500	19
3.81867	19
3.82233	19
3.82600	19
3.82967	19
3.83333	19
3.83700	19
3.84067	19
3.84433	19
3.84800	19
3.85167	19
3.85533	19
3.85900	18
3.86267	18
3.86633	18
3.87000	18
3.87367	18
3.87733	18
3.88100	18
3.88467	18
3.88833	18
3.89200	18
3.89567	18
3.89933	18
3.90300	18
3.90667	18
3.91033	18
3.91400	18
3.91767	18
3.92133	18
3.92500	18
3.92867	18
3.93233	18
3.93600	18
3.93967	18
3.94333	18
3.94700	18
3.95067	18
3.95433	18
3.95800	18
3.96167	18
3.96533	18
3.96900	18
3.97267	18
3.97633	18
3.98000	18
3.98367	18
3.98733	18
3.99100	18
3.99467	19
3.99833	19

[Chromatogram (Ch3)]
Interval(msec)	220
# of Points	1091
Start Time(min)	0.002
End Time(min)	3.998
R.Time (min)	Intensity
0.00167	0
0.00533	-1
0.00900	-3
0.01267	-3
0.01633	-3
0.02000	-4
0.02367	-4
0.02733	-2
0.03100	-2
0.03467	-5
0.03833	-5
0.04200	-3
0.04567	-1
0.04933	2
0.05300	2
0.05667	2
0.06033	3
0.06400	3
0.06767	5
0.07133	7
0.07500	7
0.07867	7
0.08233	7
0.08600	6
0.08967	5
0.09333	4
0.09700	6
0.10067	7
0.10433	8
0.10800	7
0.11167	7
0.11533	8
0.11900	8
0.12267	6
0.12633	5
0.13000	4
0.13367	3
0.13733	2
0.14100	3
0.14467	4
0.14833	4
0.15200	5
0.15567	5
0.15933	6
0.16300	7
0.16667	8
0.17033	7
0.17400	5
0.17767	3
0.18133	5
0.18500	6
0.18867	7
0.19233	7
0.19600	8
0.19967	7
0.20333	6
0.20700	4
0.21067	5
0.21433	6
0.21800	6
0.22167	5
0.22533	3
0.22900	3
0.23267	4
0.23633	7
0.24000	9
0.24367	7
0.24733	5
0.25100	3
0.25467	2
0.25833	3
0.26200	5
0.26567	8
0.26933	9
0.27300	7
0.27667	6
0.28033	6
0.28400	8
0.28767	10
0.29133	10
0.29500	10
0.29867	10
0.30233	12
0.30600	13
0.30967	12
0.31333	10
0.31700	9
0.32067	9
0.32433	7
0.32800	8
0.33167	9
0.33533	10
0.33900	13
0.34267	12
0.34633	11
0.35000	10
0.35367	8
0.35733	7
0.36100	7
0.36467	8
0.36833	8
0.37200	7
0.37567	5
0.37933	4
0.38300	5
0.38667	6
0.39033	8
0.39400	10
0.39767	12
0.40133	15
0.40500	16
0.40867	17
0.41233	16
0.41600	15
0.41967	12
0.42333	11
0.42700	12
0.43067	12
0.43433	11
0.43800	12
0.44167	13
0.44533	12
0.44900	11
0.45267	11
0.45633	12
0.46000	14
0.46367	14
0.46733	12
0.47100	12
0.47467	12
0.47833	13
0.48200	12
0.48567	12
0.48933	10
0.49300	12
0.49667	15
0.50033	15
0.50400	12
0.50767	9
0.51133	8
0.51500	9
0.51867	9
0.52233	9
0.52600	9
0.52967	8
0.53333	9
0.53700	10
0.54067	12
0.54433	14
0.54800	13
0.55167	13
0.55533	14
0.55900	12
0.56267	9
0.56633	6
0.57000	5
0.57367	6
0.57733	9
0.58100	12
0.58467	14
0.58833	15
0.59200	14
0.59567	13
0.59933	12
0.60300	14
0.60667	15
0.61033	14
0.61400	13
0.61767	12
0.62133	14
0.62500	17
0.62867	19
0.63233	21
0.63600	20
0.63967	18
0.64333	17
0.64700	15
0.65067	12
0.65433	11
0.65800	10
0.66167	8
0.66533	7
0.66900	9
0.67267	13
0.67633	14
0.68000	15
0.68367	14
0.68733	14
0.69100	16
0.69467	16
0.69833	15
0.70200	13
0.70567	12
0.70933	12
0.71300	12
0.71667	12
0.72033	13
0.72400	13
0.72767	14
0.73133	15
0.73500	15
0.73867	14
0.74233	12
0.74600	13
0.74967	15
0.75333	15
0.75700	12
0.76067	11
0.76433	12
0.76800	14
0.77167	15
0.77533	16
0.77900	16
0.78267	17
0.78633	18
0.79000	19
0.79367	19
0.79733	18
0.80100	16
0.80467	15
0.80833	14
0.81200	14
0.81567	14
0.81933	16
0.82300	16
0.82667	15
0.83033	13
0.83400	12
0.83767	14
0.84133	15
0.84500	16
0.84867	18
0.85233	19
0.85600	21
0.85967	22
0.86333	21
0.86700	19
0.87067	17
0.87433	16
0.87800	17
0.88167	17
0.88533	19
0.88900	20
0.89267	21
0.89633	20
0.90000	19
0.90367	18
0.90733	16
0.91100	16
0.91467	16
0.91833	17
0.92200	17
0.92567	17
0.92933	17
0.93300	15
0.93667	12
0.94033	11
0.94400	8
0.94767	8
0.95133	7
0.95500	8
0.95867	11
0.96233	13
0.96600	15
0.96967	16
0.97333	15
0.97700	14
0.98067	15
0.98433	14
0.98800	13
0.99167	11
0.99533	11
0.99900	14
1.00267	16
1.00633	16
1.01000	19
1.01367	19
1.01733	17
1.02100	14
1.02467	14
1.02833	13
1.03200	12
1.03567	12
1.03933	12
1.04300	14
1.04667	15
1.05033	16
1.05400	18
1.05767	19
1.06133	18
1.06500	16
1.06867	15
1.07233	13
1.07600	11
1.07967	12
1.08333	14
1.08700	12
1.09067	12
1.09433	13
1.09800	13
1.10167	11
1.10533	7
1.10900	8
1.11267	10
1.11633	11
1.12000	11
1.12367	11
1.12733	11
1.13100	9
1.13467	8
1.13833	10
1.14200	12
1.14567	12
1.14933	13
1.15300	15
1.15667	17
1.16033	20
1.16400	21
1.16767	20
1.17133	17
1.17500	16
1.17867	15
1.18233	14
1.18600	13
1.18967	13
1.19333	14
1.19700	13
1.20067	13
1.20433	14
1.20800	15
1.21167	16
1.21533	16
1.21900	16
1.22267	13
1.22633	11
1.23000	10
1.23367	10
1.23733	11
1.24100	12
1.24467	12
1.24833	12
1.25200	13
1.25567	15
1.25933	15
1.26300	14
1.26667	15
1.27033	15
1.27400	14
1.27767	14
1.28133	11
1.28500	10
1.28867	10
1.29233	10
1.29600	11
1.29967	13
1.30333	13
1.30700	14
1.31067	14
1.31433	15
1.31800	16
1.32167	17
1.32533	16
1.32900	13
1.33267	13
1.33633	13
1.34000	12
1.34367	13
1.34733	15
1.35100	18
1.35467	19
1.35833	18
1.36200	17
1.36567	17
1.36933	15
1.37300	13
1.37667	10
1.38033	10
1.38400	10
1.38767	11
1.39133	13
1.39500	15
1.39867	15
1.40233	15
1.40600	14
1.40967	12
1.41333	12
1.41700	13
1.42067	16
1.42433	17
1.42800	17
1.43167	16
1.43533	16
1.43900	17
1.44267	18
1.44633	16
1.45000	15
1.45367	13
1.45733	12
1.46100	13
1.46467	15
1.46833	15
1.47200	13
1.47567	12
1.47933	14
1.48300	15
1.48667	13
1.49033	12
1.49400	10
1.49767	5
1.50133	4
1.50500	5
1.50867	8
1.51233	12
1.51600	15
1.51967	15
1.52333	16
1.52700	15
1.53067	15
1.53433	18
1.53800	18
1.54167	17
1.54533	17
1.54900	15
1.55267	15
1.55633	14
1.56000	15
1.56367	15
1.56733	14
1.57100	15
1.57467	13
1.57833	11
1.58200	11
1.58567	12
1.58933	11
1.59300	11
1.59667	11
1.60033	10
1.60400	11
1.60767	12
1.61133	14
1.61500	17
1.61867	20
1.62233	21
1.62600	22
1.62967	20
1.63333	19
1.63700	20
1.64067	19
1.64433	16
1.64800	15
1.65167	16
1.65533	18
1.65900	20
1.66267	22
1.66633	23
1.67000	22
1.67367	21
1.67733	21
1.68100	21
1.68467	23
1.68833	24
1.69200	24
1.69567	25
1.69933	26
1.70300	29
1.70667	29
1.71033	29
1.71400	29
1.71767	28
1.72133	27
1.72500	26
1.72867	26
1.73233	25
1.73600	25
1.73967	27
1.74333	29
1.74700	30
1.75067	34
1.75433	37
1.75800	39
1.76167	39
1.76533	39
1.76900	37
1.77267	37
1.77633	39
1.78000	39
1.78367	37
1.78733	38
1.79100	38
1.79467	39
1.79833	38
1.80200	35
1.80567	34
1.80933	37
1.81300	40
1.81667	42
1.82033	44
1.82400	44
1.82767	44
1.83133	44
1.83500	44
1.83867	44
1.84233	44
1.84600	44
1.84967	43
1.85333	43
1.85700	43
1.86067	41
1.86433	42
1.86800	45
1.87167	48
1.87533	49
1.87900	51
1.88267	51
1.88633	52
1.89000	52
1.89367	52
1.89733	51
1.90100	52
1.90467	53
1.90833	54
1.91200	54
1.91567	56
1.91933	57
1.92300	58
1.92667	58
1.93033	58
1.93400	57
1.93767	59
1.94133	59
1.94500	59
1.94867	60
1.95233	59
1.95600	57
1.95967	56
1.96333	56
1.96700	58
1.97067	60
1.97433	62
1.97800	67
1.98167	69
1.98533	70
1.98900	70
1.99267	70
1.99633	72
2.00000	72
2.00367	71
2.00733	72
2.01100	75
2.01467	77
2.01833	76
2.02200	76
2.02567	77
2.02933	77
2.03300	76
2.03667	76
2.04033	78
2.04400	80
2.04767	82
2.05133	81
2.05500	81
2.05867	82
2.06233	81
2.06600	82
2.06967	83
2.07333	86
2.07700	89
2.08067	90
2.08433	90
2.08800	90
2.09167	90
2.09533	90
2.09900	90
2.10267	90
2.10633	91
2.11000	91
2.11367	91
2.11733	92
2.12100	94
2.12467	95
2.12833	96
2.13200	96
2.13567	98
2.13933	99
2.14300	100
2.14667	101
2.15033	102
2.15400	103
2.15767	102
2.16133	101
2.16500	102
2.16867	104
2.17233	105
2.17600	105
2.17967	105
2.18333	109
2.18700	113
2.19067	116
2.19433	116
2.19800	115
2.20167	115
2.20533	116
2.20900	118
2.21267	117
2.21633	116
2.22000	116
2.22367	116
2.22733	118
2.23100	118
2.23467	118
2.23833	117
2.24200	119
2.24567	119
2.24933	121
2.25300	121
2.25667	122
2.26033	123
2.26400	126
2.26767	129
2.27133	131
2.27500	133
2.27867	134
2.28233	135
2.28600	135
2.28967	135
2.29333	136
2.29700	137
2.30067	137
2.30433	138
2.30800	140
2.31167	143
2.31533	144
2.31900	144
2.32267	142
2.32633	140
2.33000	138
2.33367	138
2.33733	139
2.34100	144
2.34467	148
2.34833	150
2.35200	151
2.35567	153
2.35933	156
2.36300	157
2.36667	156
2.37033	155
2.37400	155
2.37767	155
2.38133	154
2.38500	154
2.38867	152
2.39233	150
2.39600	151
2.39967	152
2.40333	156
2.40700	158
2.41067	160
2.41433	161
2.41800	163
2.42167	163
2.42533	164
2.42900	165
2.43267	166
2.43633	169
2.44000	170
2.44367	179
2.44733	203
2.45100	231
2.45467	255
2.45833	266
2.46200	266
2.46567	262
2.46933	256
2.47300	251
2.47667	245
2.48033	237
2.48400	230
2.48767	220
2.49133	209
2.49500	201
2.49867	195
2.50233	189
2.50600	183
2.50967	180
2.51333	180
2.51700	181
2.52067	179
2.52433	175
2.52800	170
2.53167	163
2.53533	157
2.53900	152
2.54267	148
2.54633	141
2.55000	139
2.55367	136
2.55733	133
2.56100	129
2.56467	125
2.56833	125
2.57200	123
2.57567	120
2.57933	118
2.58300	115
2.58667	113
2.59033	111
2.59400	111
2.59767	112
2.60133	108
2.60500	99
2.60867	81
2.61233	56
2.61600	24
2.61967	-13
2.62333	-52
2.62700	-89
2.63067	-124
2.63433	-156
2.63800	-185
2.64167	-208
2.64533	-226
2.64900	-239
2.65267	-247
2.65633	-252
2.66000	-251
2.66367	-247
2.66733	-243
2.67100	-236
2.67467	-226
2.67833	-214
2.68200	-202
2.68567	-191
2.68933	-181
2.69300	-172
2.69667	-162
2.70033	-153
2.70400	-146
2.70767	-137
2.71133	-128
2.71500	-119
2.71867	-111
2.72233	-102
2.72600	-95
2.72967	-90
2.73333	-85
2.73700	-78
2.74067	-72
2.74433	-68
2.74800	-63
2.75167	-57
2.75533	-50
2.75900	-46
2.76267	-44
2.76633	-43
2.77000	-38
2.77367	-34
2.77733	-32
2.78100	-29
2.78467	-26
2.78833	-24
2.79200	-21
2.79567	-20
2.79933	-19
2.80300	-18
2.80667	-18
2.81033	-17
2.81400	-16
2.81767	-11
2.82133	-4
2.82500	13
2.82867	54
2.83233	151
2.83600	350
2.83967	717
2.84333	1325
2.84700	2230
2.85067	3462
2.85433	5004
2.85800	6801
2.86167	8745
2.86533	10707
2.86900	12541
2.87267	14111
2.87633	15305
2.88000	16054
2.88367	16342
2.88733	16199
2.89100	15690
2.89467	14904
2.89833	13925
2.90200	12832
2.90567	11690
2.90933	10551
2.91300	9454
2.91667	8419
2.92033	7458
2.92400	6579
2.92767	5783
2.93133	5070
2.93500	4437
2.93867	3873
2.94233	3372
2.94600	2928
2.94967	2539
2.95333	2199
2.95700	1903
2.96067	1646
2.96433	1421
2.96800	1227
2.97167	1058
2.97533	912
2.97900	786
2.98267	675
2.98633	580
2.99000	501
2.99367	433
2.99733	373
3.00100	319
3.00467	272
3.00833	233
3.01200	203
3.01567	179
3.01933	160
3.02300	140
3.02667	120
3.03033	103
3.03400	89
3.03767	76
3.04133	67
3.04500	59
3.04867	53
3.05233	47
3.05600	40
3.05967	35
3.06333	29
3.06700	23
3.07067	17
3.07433	15
3.07800	17
3.08167	23
3.08533	29
3.08900	36
3.09267	42
3.09633	47
3.10000	51
3.10367	55
3.10733	58
3.11100	59
3.11467	59
3.11833	55
3.12200	59
3.12567	67
3.12933	78
3.13300	90
3.13667	100
3.14033	115
3.14400	132
3.14767	150
3.15133	167
3.15500	188
3.15867	208
3.16233	225
3.16600	241
3.16967	256
3.17333	271
3.17700	286
3.18067	298
3.18433	309
3.18800	318
3.19167	325
3.19533	334
3.19900	342
3.20267	348
3.20633	350
3.21000	353
3.21367	356
3.21733	359
3.22100	364
3.22467	369
3.22833	375
3.23200	381
3.23567	387
3.23933	391
3.24300	394
3.24667	397
3.25033	398
3.25400	399
3.25767	401
3.26133	402
3.26500	401
3.26867	400
3.27233	400
3.27600	399
3.27967	396
3.28333	396
3.28700	398
3.29067	400
3.29433	403
3.29800	404
3.30167	405
3.30533	404
3.30900	404
3.31267	404
3.31633	405
3.32000	406
3.32367	405
3.32733	406
3.33100	407
3.33467	406
3.33833	404
3.34200	404
3.34567	402
3.34933	402
3.35300	401
3.35667	401
3.36033	399
3.36400	398
3.36767	396
3.37133	396
3.37500	397
3.37867	396
3.38233	392
3.38600	390
3.38967	391
3.39333	391
3.39700	391
3.40067	389
3.40433	385
3.40800	382
3.41167	379
3.41533	376
3.41900	372
3.42267	368
3.42633	367
3.43000	365
3.43367	362
3.43733	364
3.44100	364
3.44467	362
3.44833	360
3.45200	359
3.45567	356
3.45933	354
3.46300	353
3.46667	354
3.47033	353
3.47400	353
3.47767	351
3.48133	348
3.48500	345
3.48867	344
3.49233	341
3.49600	337
3.49967	336
3.50333	335
3.50700	334
3.51067	332
3.51433	329
3.51800	324
3.52167	320
3.52533	318
3.52900	317
3.53267	317
3.53633	315
3.54000	312
3.54367	309
3.54733	306
3.55100	305
3.55467	307
3.55833	305
3.56200	303
3.56567	301
3.56933	300
3.57300	296
3.57667	295
3.58033	295
3.58400	295
3.58767	294
3.59133	292
3.59500	291
3.59867	288
3.60233	286
3.60600	283
3.60967	281
3.61333	280
3.61700	277
3.62067	274
3.62433	275
3.62800	277
3.63167	276
3.63533	275
3.63900	273
3.64267	272
3.64633	271
3.65000	270
3.65367	267
3.65733	265
3.66100	263
3.66467	262
3.66833	261
3.67200	259
3.67567	258
3.67933	258
3.68300	260
3.68667	262
3.69033	264
3.69400	264
3.69767	261
3.70133	258
3.70500	255
3.70867	252
3.71233	251
3.71600	248
3.71967	246
3.72333	245
3.72700	245
3.73067	244
3.73433	243
3.73800	241
3.74167	239
3.74533	238
3.74900	237
3.75267	234
3.75633	232
3.76000	232
3.76367	230
3.76733	227
3.77100	224
3.77467	221
3.77833	219
3.78200	217
3.78567	217
3.78933	219
3.79300	221
3.79667	221
3.80033	219
3.80400	218
3.80767	216
3.81133	216
3.81500	216
3.81867	216
3.82233	216
3.82600	213
3.82967	208
3.83333	205
3.83700	202
3.84067	202
3.84433	203
3.84800	203
3.85167	203
3.85533	203
3.85900	203
3.86267	202
3.86633	200
3.87000	199
3.87367	198
3.87733	197
3.88100	197
3.88467	197
3.88833	195
3.89200	190
3.89567	188
3.89933	188
3.90300	189
3.90667	189
3.91033	188
3.91400	188
3.91767	190
3.92133	191
3.92500	191
3.92867	189
3.93233	188
3.93600	186
3.93967	182
3.94333	179
3.94700	176
3.95067	175
3.95433	174
3.95800	172
3.96167	172
3.96533	172
3.96900	170
3.97267	169
3.97633	168
3.98000	166
3.98367	164
3.98733	163
3.99100	163
3.99467	162
3.99833	161

[Status Trace (Column Oven Temperature)]
Interval(msec)	1000
# of Points	240
Start Time(min)	0.005
End Time(min)	3.989
Intensity Units	
Intensity Multiplier	1
R.Time (min)	Intensity
0.00533	35.01
0.02200	35.01
0.03867	35.01
0.05533	35.01
0.07200	35.01
0.08867	35.00
0.10533	35.00
0.12200	35.00
0.13867	35.00
0.15533	35.00
0.17200	35.00
0.18867	34.99
0.20533	34.98
0.22200	34.97
0.23867	34.97
0.25533	34.97
0.27200	34.97
0.28867	34.98
0.30533	34.99
0.32200	34.99
0.33867	35.00
0.35533	35.00
0.37200	35.00
0.38867	35.00
0.40533	35.01
0.42200	35.00
0.43867	35.00
0.45533	34.99
0.47200	34.98
0.48867	34.98
0.50533	34.97
0.52200	34.97
0.53867	34.98
0.55533	34.98
0.57200	34.97
0.58867	34.97
0.60533	34.97
0.62200	34.98
0.63867	34.98
0.65533	34.98
0.67200	34.98
0.68867	34.98
0.70533	34.99
0.72200	34.99
0.73867	34.99
0.75533	34.98
0.77200	34.98
0.78867	34.97
0.80533	34.97
0.82200	34.98
0.83867	34.98
0.85533	34.99
0.87200	35.00
0.88867	35.00
0.90533	35.00
0.92200	34.99
0.93867	34.99
0.95533	34.99
0.97200	34.98
0.98867	34.98
1.00533	34.98
1.02200	34.98
1.03867	34.98
1.05533	34.98
1.07200	34.99
1.08867	34.99
1.10533	35.00
1.12200	35.01
1.13867	35.01
1.15533	35.00
1.17200	35.00
1.18867	35.00
1.20533	34.99
1.22200	34.99
1.23867	34.99
1.25533	34.99
1.27200	34.99
1.28867	35.00
1.30533	34.99
1.32200	34.99
1.33867	35.00
1.35533	35.00
1.37200	35.00
1.38867	35.00
1.40533	35.00
1.42200	35.00
1.43867	35.00
1.45533	34.99
1.47200	34.99
1.48867	34.98
1.50533	34.99
1.52200	34.99
1.53867	34.99
1.55533	35.00
1.57200	35.01
1.58867	35.01
1.60533	35.06
1.62200	35.17
1.63867	35.35
1.65533	35.58
1.67200	35.90
1.68867	36.29
1.70533	36.63
1.72200	36.96
1.73867	37.30
1.75533	37.65
1.77200	37.95
1.78867	38.27
1.80533	38.62
1.82200	38.95
1.83867	39.29
1.85533	39.61
1.87200	39.95
1.88867	40.28
1.90533	40.59
1.92200	40.92
1.93867	41.26
1.95533	41.56
1.97200	41.89
1.98867	42.21
2.00533	42.55
2.02200	42.88
2.03867	43.20
2.05533	43.52
2.07200	43.85
2.08867	44.17
2.10533	44.52
2.12200	44.84
2.13867	45.16
2.15533	45.49
2.17200	45.82
2.18867	46.15
2.20533	46.49
2.22200	46.80
2.23867	47.13
2.25533	47.46
2.27200	47.78
2.28867	48.11
2.30533	48.45
2.32200	48.77
2.33867	49.11
2.35533	49.45
2.37200	49.68
2.38867	49.77
2.40533	49.76
2.42200	49.75
2.43867	49.77
2.45533	49.78
2.47200	49.78
2.48867	49.78
2.50533	49.78
2.52200	49.80
2.53867	49.82
2.55533	49.82
2.57200	49.83
2.58867	49.83
2.60533	49.84
2.62200	49.85
2.63867	49.84
2.65533	49.84
2.67200	49.87
2.68867	49.87
2.70533	49.86
2.72200	49.86
2.73867	49.86
2.75533	49.85
2.77200	49.85
2.78867	49.86
2.80533	49.88
2.82200	49.90
2.83867	49.90
2.85533	49.92
2.87200	49.93
2.88867	49.95
2.90533	49.96
2.92200	49.98
2.93867	49.98
2.95533	49.99
2.97200	50.01
2.98867	50.02
3.00533	50.04
3.02200	50.05
3.03867	50.06
3.05533	50.06
3.07200	50.07
3.08867	50.08
3.10533	50.10
3.12200	50.10
3.13867	50.11
3.15533	50.11
3.17200	50.10
3.18867	50.09
3.20533	50.08
3.22200	50.07
3.23867	50.05
3.25533	50.04
3.27200	50.02
3.28867	50.02
3.30533	50.01
3.32200	50.02
3.33867	50.01
3.35533	50.01
3.37200	50.02
3.38867	50.02
3.40533	50.03
3.42200	50.03
3.43867	50.03
3.45533	50.03
3.47200	50.03
3.48867	50.05
3.50533	50.06
3.52200	50.06
3.53867	50.07
3.55533	50.08
3.57200	50.08
3.58867	50.08
3.60533	50.08
3.62200	50.09
3.63867	50.09
3.65533	50.08
3.67200	50.08
3.68867	50.09
3.70533	50.10
3.72200	50.10
3.73867	50.10
3.75533	50.09
3.77200	50.09
3.78867	50.08
3.80533	50.08
3.82200	50.07
3.83867	50.07
3.85533	50.07
3.87200	50.06
3.88867	50.06
3.90533	50.05
3.92200	50.05
3.93867	50.05
3.95533	50.06
3.97200	50.05
3.98867	50.05

[Status Trace (Injection Unit Temperature)]
Interval(msec)	1000
# of Points	240
Start Time(min)	0.005
End Time(min)	3.989
Intensity Units	
Intensity Multiplier	1
R.Time (min)	Intensity
0.00533	99.98
0.02200	99.98
0.03867	99.98
0.05533	99.98
0.07200	99.98
0.08867	99.98
0.10533	99.99
0.12200	99.98
0.13867	99.98
0.15533	99.98
0.17200	99.98
0.18867	99.98
0.20533	99.99
0.22200	99.98
0.23867	99.98
0.25533	99.99
0.27200	99.98
0.28867	99.99
0.30533	99.98
0.32200	99.98
0.33867	99.98
0.35533	99.98
0.37200	99.99
0.38867	99.99
0.40533	99.98
0.42200	99.98
0.43867	99.98
0.45533	99.98
0.47200	99.99
0.48867	99.99
0.50533	99.99
0.52200	99.99
0.53867	99.99
0.55533	99.99
0.57200	99.99
0.58867	99.98
0.60533	99.98
0.62200	99.99
0.63867	99.99
0.65533	99.99
0.67200	99.99
0.68867	99.98
0.70533	99.98
0.72200	99.99
0.73867	99.99
0.75533	99.99
0.77200	99.99
0.78867	99.98
0.80533	99.99
0.82200	99.99
0.83867	99.99
0.85533	99.99
0.87200	99.99
0.88867	99.99
0.90533	99.99
0.92200	99.99
0.93867	99.98
0.95533	99.99
0.97200	99.99
0.98867	99.99
1.00533	99.99
1.02200	99.99
1.03867	99.99
1.05533	99.98
1.07200	99.98
1.08867	99.98
1.10533	99.99
1.12200	99.99
1.13867	99.99
1.15533	99.98
1.17200	99.99
1.18867	99.98
1.20533	99.98
1.22200	99.99
1.23867	99.99
1.25533	99.99
1.27200	99.99
1.28867	99.99
1.30533	99.98
1.32200	99.99
1.33867	99.98
1.35533	99.99
1.37200	99.99
1.38867	99.99
1.40533	99.99
1.42200	99.99
1.43867	99.99
1.45533	99.99
1.47200	99.99
1.48867	99.99
1.50533	99.99
1.52200	99.99
1.53867	99.99
1.55533	99.99
1.57200	99.99
1.58867	99.99
1.60533	99.99
1.62200	99.99
1.63867	99.99
1.65533	99.99
1.67200	99.99
1.68867	99.99
1.70533	99.99
1.72200	99.99
1.73867	100.00
1.75533	99.99
1.77200	99.99
1.78867	99.99
1.80533	99.99
1.82200	100.00
1.83867	99.99
1.85533	99.99
1.87200	99.99
1.88867	99.99
1.90533	99.99
1.92200	99.99
1.93867	99.99
1.95533	99.98
1.97200	99.99
1.98867	99.98
2.00533	99.98
2.02200	99.98
2.03867	99.98
2.05533	99.98
2.07200	99.98
2.08867	99.98
2.10533	99.98
2.12200	99.97
2.13867	99.97
2.15533	99.97
2.17200	99.98
2.18867	99.97
2.20533	99.97
2.22200	99.97
2.23867	99.97
2.25533	99.97
2.27200	99.97
2.28867	99.97
2.30533	99.97
2.32200	99.97
2.33867	99.97
2.35533	99.97
2.37200	99.97
2.38867	99.96
2.40533	99.97
2.42200	99.97
2.43867	99.97
2.45533	99.97
2.47200	99.97
2.48867	99.97
2.50533	99.97
2.52200	99.97
2.53867	99.98
2.55533	99.97
2.57200	99.98
2.58867	99.98
2.60533	99.98
2.62200	99.98
2.63867	99.98
2.65533	99.99
2.67200	99.98
2.68867	99.99
2.70533	99.99
2.72200	99.99
2.73867	100.00
2.75533	99.98
2.77200	99.99
2.78867	99.99
2.80533	100.00
2.82200	100.00
2.83867	100.00
2.85533	100.00
2.87200	100.00
2.88867	100.00
2.90533	100.01
2.92200	100.01
2.93867	100.01
2.95533	100.01
2.97200	100.01
2.98867	100.02
3.00533	100.01
3.02200	100.02
3.03867	100.02
3.05533	100.02
3.07200	100.02
3.08867	100.02
3.10533	100.03
3.12200	100.02
3.13867	100.03
3.15533	100.03
3.17200	100.03
3.18867	100.03
3.20533	100.03
3.22200	100.03
3.23867	100.03
3.25533	100.03
3.27200	100.04
3.28867	100.04
3.30533	100.04
3.32200	100.04
3.33867	100.04
3.35533	100.04
3.37200	100.04
3.38867	100.04
3.40533	100.04
3.42200	100.04
3.43867	100.04
3.45533	100.04
3.47200	100.05
3.48867	100.05
3.50533	100.05
3.52200	100.05
3.53867	100.05
3.55533	100.05
3.57200	100.05
3.58867	100.05
3.60533	100.05
3.62200	100.05
3.63867	100.05
3.65533	100.06
3.67200	100.06
3.68867	100.06
3.70533	100.06
3.72200	100.06
3.73867	100.06
3.75533	100.06
3.77200	100.06
3.78867	100.06
3.80533	100.06
3.82200	100.06
3.83867	100.06
3.85533	100.06
3.87200	100.06
3.88867	100.06
3.90533	100.06
3.92200	100.06
3.93867	100.06
3.95533	100.06
3.97200	100.05
3.98867	100.06

[Status Trace (Carrier Gas Pressure)]
Interval(msec)	1000
# of Points	240
Start Time(min)	0.005
End Time(min)	3.989
Intensity Units	
Intensity Multiplier	1
R.Time (min)	Intensity
0.00533	58.00
0.02200	55.71
0.03867	56.68
0.05533	58.89
0.07200	59.69
0.08867	58.18
0.10533	57.98
0.12200	58.01
0.13867	58.01
0.15533	58.01
0.17200	58.00
0.18867	58.00
0.20533	58.00
0.22200	58.00
0.23867	58.00
0.25533	58.00
0.27200	58.00
0.28867	58.00
0.30533	58.00
0.32200	58.00
0.33867	58.00
0.35533	58.00
0.37200	58.00
0.38867	58.00
0.40533	58.00
0.42200	58.00
0.43867	58.00
0.45533	58.00
0.47200	58.00
0.48867	58.00
0.50533	58.00
0.52200	58.00
0.53867	58.00
0.55533	58.00
0.57200	58.00
0.58867	58.00
0.60533	58.00
0.62200	58.00
0.63867	58.00
0.65533	58.00
0.67200	58.00
0.68867	58.00
0.70533	58.00
0.72200	58.00
0.73867	58.00
0.75533	58.00
0.77200	58.00
0.78867	58.00
0.80533	58.00
0.82200	58.00
0.83867	58.00
0.85533	58.00
0.87200	58.00
0.88867	58.00
0.90533	58.00
0.92200	58.00
0.93867	58.00
0.95533	58.00
0.97200	58.00
0.98867	58.00
1.00533	58.00
1.02200	58.00
1.03867	58.00
1.05533	58.00
1.07200	58.00
1.08867	58.00
1.10533	58.00
1.12200	58.00
1.13867	58.00
1.15533	58.00
1.17200	58.00
1.18867	58.00
1.20533	58.00
1.22200	58.00
1.23867	58.00
1.25533	58.00
1.27200	58.00
1.28867	58.00
1.30533	58.00
1.32200	58.00
1.33867	58.00
1.35533	58.00
1.37200	58.00
1.38867	58.00
1.40533	58.00
1.42200	58.00
1.43867	58.00
1.45533	58.00
1.47200	58.00
1.48867	58.00
1.50533	58.00
1.52200	58.00
1.53867	58.00
1.55533	58.00
1.57200	58.00
1.58867	58.00
1.60533	58.00
1.62200	58.00
1.63867	58.00
1.65533	58.00
1.67200	58.01
1.68867	58.01
1.70533	58.00
1.72200	58.00
1.73867	58.00
1.75533	58.00
1.77200	58.00
1.78867	58.00
1.80533	58.00
1.82200	58.00
1.83867	58.00
1.85533	58.00
1.87200	58.00
1.88867	58.00
1.90533	58.00
1.92200	58.00
1.93867	58.00
1.95533	58.00
1.97200	58.00
1.98867	58.00
2.00533	58.00
2.02200	58.00
2.03867	58.00
2.05533	58.00
2.07200	58.00
2.08867	58.00
2.10533	58.00
2.12200	58.00
2.13867	58.00
2.15533	58.00
2.17200	58.00
2.18867	58.00
2.20533	58.00
2.22200	58.00
2.23867	58.00
2.25533	58.00
2.27200	58.00
2.28867	58.00
2.30533	58.00
2.32200	58.00
2.33867	58.00
2.35533	58.00
2.37200	58.00
2.38867	57.99
2.40533	57.99
2.42200	58.00
2.43867	58.00
2.45533	58.00
2.47200	58.00
2.48867	58.00
2.50533	57.99
2.52200	57.98
2.53867	58.00
2.55533	58.00
2.57200	58.00
2.58867	58.00
2.60533	58.00
2.62200	58.00
2.63867	58.00
2.65533	58.00
2.67200	58.00
2.68867	58.00
2.70533	58.00
2.72200	58.00
2.73867	58.00
2.75533	58.00
2.77200	58.00
2.78867	58.00
2.80533	58.00
2.82200	58.00
2.83867	58.00
2.85533	58.00
2.87200	58.00
2.88867	58.00
2.90533	58.00
2.92200	58.00
2.93867	58.00
2.95533	58.00
2.97200	58.00
2.98867	58.00
3.00533	58.00
3.02200	58.00
3.03867	58.00
3.05533	58.00
3.07200	58.00
3.08867	58.00
3.10533	58.00
3.12200	58.00
3.13867	58.00
3.15533	58.00
3.17200	58.00
3.18867	58.00
3.20533	58.00
3.22200	58.00
3.23867	58.00
3.25533	58.00
3.27200	58.00
3.28867	58.00
3.30533	58.00
3.32200	58.00
3.33867	58.00
3.35533	58.00
3.37200	58.00
3.38867	58.00
3.40533	58.00
3.42200	58.00
3.43867	58.00
3.45533	58.00
3.47200	58.00
3.48867	58.00
3.50533	58.00
3.52200	58.00
3.53867	58.00
3.55533	58.00
3.57200	58.00
3.58867	58.00
3.60533	58.00
3.62200	58.00
3.63867	58.00
3.65533	58.00
3.67200	58.00
3.68867	58.00
3.70533	58.00
3.72200	58.00
3.73867	58.00
3.75533	58.00
3.77200	58.00
3.78867	58.00
3.80533	58.00
3.82200	58.00
3.83867	58.00
3.85533	58.00
3.87200	58.00
3.88867	58.00
3.90533	58.00
3.92200	58.00
3.93867	58.00
3.95533	58.00
3.97200	58.00
3.98867	58.00

[Status Trace (Carrier Gas Flow)]
Interval(msec)	1000
# of Points	240
Start Time(min)	0.005
End Time(min)	3.989
Intensity Units	
Intensity Multiplier	1
R.Time (min)	Intensity
0.00533	34.52
0.02200	34.55
0.03867	34.53
0.05533	34.55
0.07200	34.49
0.08867	34.51
0.10533	34.52
0.12200	34.52
0.13867	34.52
0.15533	34.54
0.17200	34.52
0.18867	34.52
0.20533	34.52
0.22200	34.52
0.23867	34.52
0.25533	34.52
0.27200	34.52
0.28867	34.52
0.30533	34.52
0.32200	34.52
0.33867	34.52
0.35533	34.52
0.37200	34.52
0.38867	34.52
0.40533	34.52
0.42200	34.52
0.43867	34.52
0.45533	34.52
0.47200	34.52
0.48867	34.52
0.50533	34.52
0.52200	34.52
0.53867	34.52
0.55533	34.52
0.57200	34.52
0.58867	34.52
0.60533	34.52
0.62200	34.52
0.63867	34.52
0.65533	34.52
0.67200	34.52
0.68867	34.52
0.70533	34.52
0.72200	34.52
0.73867	34.52
0.75533	34.52
0.77200	34.52
0.78867	34.52
0.80533	34.51
0.82200	34.52
0.83867	34.52
0.85533	34.51
0.87200	34.51
0.88867	34.51
0.90533	34.52
0.92200	34.51
0.93867	34.52
0.95533	34.52
0.97200	34.52
0.98867	34.52
1.00533	34.52
1.02200	34.53
1.03867	34.52
1.05533	34.52
1.07200	34.52
1.08867	34.52
1.10533	34.52
1.12200	34.52
1.13867	34.52
1.15533	34.52
1.17200	34.52
1.18867	34.52
1.20533	34.52
1.22200	34.52
1.23867	34.52
1.25533	34.52
1.27200	34.52
1.28867	34.52
1.30533	34.52
1.32200	34.52
1.33867	34.52
1.35533	34.52
1.37200	34.52
1.38867	34.52
1.40533	34.52
1.42200	34.52
1.43867	34.52
1.45533	34.52
1.47200	34.52
1.48867	34.52
1.50533	34.52
1.52200	34.51
1.53867	34.52
1.55533	34.51
1.57200	34.52
1.58867	34.52
1.60533	34.51
1.62200	34.52
1.63867	34.53
1.65533	34.53
1.67200	34.51
1.68867	34.52
1.70533	34.52
1.72200	34.52
1.73867	34.52
1.75533	34.52
1.77200	34.52
1.78867	34.52
1.80533	34.52
1.82200	34.52
1.83867	34.52
1.85533	34.52
1.87200	34.52
1.88867	34.52
1.90533	34.52
1.92200	34.52
1.93867	34.49
1.95533	34.52
1.97200	34.52
1.98867	34.52
2.00533	34.52
2.02200	34.52
2.03867	34.52
2.05533	34.52
2.07200	34.52
2.08867	34.52
2.10533	34.52
2.12200	34.52
2.13867	34.52
2.15533	34.52
2.17200	34.52
2.18867	34.52
2.20533	34.52
2.22200	34.51
2.23867	34.52
2.25533	34.52
2.27200	34.52
2.28867	34.52
2.30533	34.52
2.32200	34.52
2.33867	34.52
2.35533	34.52
2.37200	34.52
2.38867	34.51
2.40533	34.52
2.42200	34.52
2.43867	34.52
2.45533	34.52
2.47200	34.52
2.48867	34.52
2.50533	34.54
2.52200	34.52
2.53867	34.51
2.55533	34.52
2.57200	34.52
2.58867	34.52
2.60533	34.52
2.62200	34.52
2.63867	34.52
2.65533	34.52
2.67200	34.52
2.68867	34.52
2.70533	34.52
2.72200	34.52
2.73867	34.52
2.75533	34.52
2.77200	34.52
2.78867	34.52
2.80533	34.52
2.82200	34.52
2.83867	34.52
2.85533	34.52
2.87200	34.52
2.88867	34.52
2.90533	34.52
2.92200	34.52
2.93867	34.52
2.95533	34.52
2.97200	34.51
2.98867	34.52
3.00533	34.52
3.02200	34.52
3.03867	34.53
3.05533	34.51
3.07200	34.52
3.08867	34.50
3.10533	34.51
3.12200	34.52
3.13867	34.52
3.15533	34.51
3.17200	34.52
3.18867	34.52
3.20533	34.52
3.22200	34.51
3.23867	34.54
3.25533	34.52
3.27200	34.52
3.28867	34.52
3.30533	34.52
3.32200	34.52
3.33867	34.52
3.35533	34.52
3.37200	34.52
3.38867	34.52
3.40533	34.52
3.42200	34.52
3.43867	34.52
3.45533	34.52
3.47200	34.52
3.48867	34.52
3.50533	34.52
3.52200	34.52
3.53867	34.52
3.55533	34.52
3.57200	34.52
3.58867	34.52
3.60533	34.52
3.62200	34.52
3.63867	34.52
3.65533	34.51
3.67200	34.52
3.68867	34.52
3.70533	34.53
3.72200	34.52
3.73867	34.53
3.75533	34.51
3.77200	34.53
3.78867	34.53
3.80533	34.52
3.82200	34.52
3.83867	34.52
3.85533	34.52
3.87200	34.52
3.88867	34.52
3.90533	34.52
3.92200	34.52
3.93867	34.52
3.95533	34.52
3.97200	34.52
3.98867	34.52

[Status Trace (Column Flow)]
Interval(msec)	1000
# of Points	240
Start Time(min)	0.005
End Time(min)	3.989
Intensity Units	
Intensity Multiplier	1
R.Time (min)	Intensity
0.00533	5.53
0.02200	5.27
0.03867	5.38
0.05533	5.64
0.07200	5.73
0.08867	5.55
0.10533	5.53
0.12200	5.53
0.13867	5.53
0.15533	5.53
0.17200	5.53
0.18867	5.53
0.20533	5.53
0.22200	5.53
0.23867	5.53
0.25533	5.53
0.27200	5.53
0.28867	5.53
0.30533	5.53
0.32200	5.53
0.33867	5.53
0.35533	5.53
0.37200	5.53
0.38867	5.53
0.40533	5.53
0.42200	5.53
0.43867	5.53
0.45533	5.53
0.47200	5.53
0.48867	5.53
0.50533	5.53
0.52200	5.53
0.53867	5.53
0.55533	5.53
0.57200	5.53
0.58867	5.53
0.60533	5.53
0.62200	5.53
0.63867	5.53
0.65533	5.53
0.67200	5.53
0.68867	5.53
0.70533	5.53
0.72200	5.53
0.73867	5.53
0.75533	5.53
0.77200	5.53
0.78867	5.53
0.80533	5.53
0.82200	5.53
0.83867	5.53
0.85533	5.53
0.87200	5.53
0.88867	5.53
0.90533	5.53
0.92200	5.53
0.93867	5.53
0.95533	5.53
0.97200	5.53
0.98867	5.53
1.00533	5.53
1.02200	5.53
1.03867	5.53
1.05533	5.53
1.07200	5.53
1.08867	5.53
1.10533	5.53
1.12200	5.53
1.13867	5.53
1.15533	5.53
1.17200	5.53
1.18867	5.53
1.20533	5.53
1.22200	5.53
1.23867	5.53
1.25533	5.53
1.27200	5.53
1.28867	5.53
1.30533	5.53
1.32200	5.53
1.33867	5.53
1.35533	5.53
1.37200	5.53
1.38867	5.53
1.40533	5.53
1.42200	5.53
1.43867	5.53
1.45533	5.53
1.47200	5.53
1.48867	5.53
1.50533	5.53
1.52200	5.53
1.53867	5.53
1.55533	5.53
1.57200	5.53
1.58867	5.53
1.60533	5.53
1.62200	5.53
1.63867	5.52
1.65533	5.52
1.67200	5.51
1.68867	5.49
1.70533	5.48
1.72200	5.47
1.73867	5.46
1.75533	5.45
1.77200	5.44
1.78867	5.43
1.80533	5.42
1.82200	5.41
1.83867	5.40
1.85533	5.39
1.87200	5.38
1.88867	5.37
1.90533	5.36
1.92200	5.35
1.93867	5.34
1.95533	5.33
1.97200	5.32
1.98867	5.31
2.00533	5.30
2.02200	5.29
2.03867	5.28
2.05533	5.27
2.07200	5.26
2.08867	5.26
2.10533	5.24
2.12200	5.23
2.13867	5.23
2.15533	5.22
2.17200	5.21
2.18867	5.20
2.20533	5.19
2.22200	5.18
2.23867	5.17
2.25533	5.16
2.27200	5.15
2.28867	5.14
2.30533	5.13
2.32200	5.12
2.33867	5.11
2.35533	5.10
2.37200	5.10
2.38867	5.09
2.40533	5.09
2.42200	5.10
2.43867	5.10
2.45533	5.09
2.47200	5.09
2.48867	5.09
2.50533	5.09
2.52200	5.09
2.53867	5.09
2.55533	5.09
2.57200	5.09
2.58867	5.09
2.60533	5.09
2.62200	5.09
2.63867	5.09
2.65533	5.09
2.67200	5.09
2.68867	5.09
2.70533	5.09
2.72200	5.09
2.73867	5.09
2.75533	5.09
2.77200	5.09
2.78867	5.09
2.80533	5.09
2.82200	5.09
2.83867	5.09
2.85533	5.09
2.87200	5.09
2.88867	5.09
2.90533	5.09
2.92200	5.09
2.93867	5.09
2.95533	5.09
2.97200	5.09
2.98867	5.09
3.00533	5.09
3.02200	5.09
3.03867	5.09
3.05533	5.09
3.07200	5.09
3.08867	5.09
3.10533	5.09
3.12200	5.09
3.13867	5.09
3.15533	5.09
3.17200	5.09
3.18867	5.09
3.20533	5.09
3.22200	5.09
3.23867	5.09
3.25533	5.09
3.27200	5.09
3.28867	5.09
3.30533	5.09
3.32200	5.09
3.33867	5.09
3.35533	5.09
3.37200	5.09
3.38867	5.09
3.40533	5.09
3.42200	5.09
3.43867	5.09
3.45533	5.09
3.47200	5.09
3.48867	5.09
3.50533	5.09
3.52200	5.09
3.53867	5.09
3.55533	5.09
3.57200	5.09
3.58867	5.09
3.60533	5.09
3.62200	5.09
3.63867	5.09
3.65533	5.09
3.67200	5.09
3.68867	5.09
3.70533	5.09
3.72200	5.09
3.73867	5.09
3.75533	5.09
3.77200	5.09
3.78867	5.09
3.80533	5.09
3.82200	5.09
3.83867	5.09
3.85533	5.09
3.87200	5.09
3.88867	5.09
3.90533	5.09
3.92200	5.09
3.93867	5.09
3.95533	5.09
3.97200	5.09
3.98867	5.09

[Status Trace (Linear Velocity)]
Interval(msec)	1000
# of Points	240
Start Time(min)	0.005
End Time(min)	3.989
Intensity Units	
Intensity Multiplier	1
R.Time (min)	Intensity
0.00533	39.02
0.02200	37.52
0.03867	38.15
0.05533	39.60
0.07200	40.12
0.08867	39.14
0.10533	39.00
0.12200	39.03
0.13867	39.03
0.15533	39.02
0.17200	39.02
0.18867	39.02
0.20533	39.02
0.22200	39.02
0.23867	39.02
0.25533	39.02
0.27200	39.02
0.28867	39.02
0.30533	39.02
0.32200	39.02
0.33867	39.02
0.35533	39.02
0.37200	39.02
0.38867	39.02
0.40533	39.02
0.42200	39.02
0.43867	39.02
0.45533	39.02
0.47200	39.02
0.48867	39.02
0.50533	39.02
0.52200	39.02
0.53867	39.02
0.55533	39.02
0.57200	39.02
0.58867	39.02
0.60533	39.02
0.62200	39.02
0.63867	39.02
0.65533	39.02
0.67200	39.02
0.68867	39.02
0.70533	39.02
0.72200	39.02
0.73867	39.02
0.75533	39.02
0.77200	39.02
0.78867	39.02
0.80533	39.02
0.82200	39.02
0.83867	39.02
0.85533	39.02
0.87200	39.02
0.88867	39.02
0.90533	39.02
0.92200	39.02
0.93867	39.02
0.95533	39.02
0.97200	39.02
0.98867	39.02
1.00533	39.02
1.02200	39.02
1.03867	39.02
1.05533	39.02
1.07200	39.02
1.08867	39.02
1.10533	39.02
1.12200	39.02
1.13867	39.02
1.15533	39.02
1.17200	39.02
1.18867	39.02
1.20533	39.02
1.22200	39.02
1.23867	39.02
1.25533	39.02
1.27200	39.02
1.28867	39.02
1.30533	39.02
1.32200	39.02
1.33867	39.02
1.35533	39.02
1.37200	39.02
1.38867	39.02
1.40533	39.02
1.42200	39.02
1.43867	39.02
1.45533	39.02
1.47200	39.02
1.48867	39.02
1.50533	39.02
1.52200	39.02
1.53867	39.02
1.55533	39.02
1.57200	39.02
1.58867	39.02
1.60533	39.02
1.62200	39.01
1.63867	38.99
1.65533	38.97
1.67200	38.94
1.68867	38.90
1.70533	38.86
1.72200	38.83
1.73867	38.80
1.75533	38.77
1.77200	38.74
1.78867	38.71
1.80533	38.68
1.82200	38.64
1.83867	38.61
1.85533	38.58
1.87200	38.55
1.88867	38.52
1.90533	38.49
1.92200	38.46
1.93867	38.43
1.95533	38.40
1.97200	38.37
1.98867	38.34
2.00533	38.31
2.02200	38.28
2.03867	38.25
2.05533	38.22
2.07200	38.19
2.08867	38.16
2.10533	38.13
2.12200	38.10
2.13867	38.07
2.15533	38.04
2.17200	38.01
2.18867	37.98
2.20533	37.95
2.22200	37.92
2.23867	37.89
2.25533	37.86
2.27200	37.83
2.28867	37.81
2.30533	37.77
2.32200	37.74
2.33867	37.72
2.35533	37.68
2.37200	37.66
2.38867	37.65
2.40533	37.65
2.42200	37.66
2.43867	37.66
2.45533	37.65
2.47200	37.65
2.48867	37.65
2.50533	37.65
2.52200	37.64
2.53867	37.65
2.55533	37.65
2.57200	37.65
2.58867	37.65
2.60533	37.65
2.62200	37.65
2.63867	37.65
2.65533	37.65
2.67200	37.65
2.68867	37.65
2.70533	37.65
2.72200	37.65
2.73867	37.65
2.75533	37.65
2.77200	37.65
2.78867	37.65
2.80533	37.65
2.82200	37.64
2.83867	37.64
2.85533	37.64
2.87200	37.64
2.88867	37.64
2.90533	37.64
2.92200	37.64
2.93867	37.64
2.95533	37.64
2.97200	37.63
2.98867	37.63
3.00533	37.63
3.02200	37.63
3.03867	37.63
3.05533	37.63
3.07200	37.63
3.08867	37.63
3.10533	37.63
3.12200	37.63
3.13867	37.63
3.15533	37.63
3.17200	37.63
3.18867	37.63
3.20533	37.63
3.22200	37.63
3.23867	37.63
3.25533	37.63
3.27200	37.63
3.28867	37.63
3.30533	37.63
3.32200	37.63
3.33867	37.63
3.35533	37.63
3.37200	37.63
3.38867	37.63
3.40533	37.63
3.42200	37.63
3.43867	37.63
3.45533	37.63
3.47200	37.63
3.48867	37.63
3.50533	37.63
3.52200	37.63
3.53867	37.63
3.55533	37.63
3.57200	37.63
3.58867	37.63
3.60533	37.63
3.62200	37.63
3.63867	37.63
3.65533	37.63
3.67200	37.63
3.68867	37.63
3.70533	37.63
3.72200	37.63
3.73867	37.63
3.75533	37.63
3.77200	37.63
3.78867	37.63
3.80533	37.63
3.82200	37.63
3.83867	37.63
3.85533	37.63
3.87200	37.63
3.88867	37.63
3.90533	37.63
3.92200	37.63
3.93867	37.63
3.95533	37.63
3.97200	37.63
3.98867	37.63

