[Header]
Application Name	LabSolutions
Version	5.110
Data File Name	C:\Users\User\Desktop\GC Analyses\Jack\UIC Prairie Sampling\9.16.22\220916_067.gcd
Output Date	11/29/2022
Output Time	11:10:19 AM

[File Information]
Type	Data File
Generated	11/15/2022 2:53:18 PM
Generated by	System Administrator
Modified	11/15/2022 2:57:34 PM
Modified by	System Administrator

[Sample Information]
Operator Name	System Administrator
Acquired	11/15/2022 2:53:33 PM
Sample Type	1:Standard
Level	1
Sample Name	220916_UICPrairie
Sample ID	220916_UICPrairie
ISTD Amount1	1
ISTD Amount2	1
ISTD Amount3	1
ISTD Amount4	1
ISTD Amount5	1
ISTD Amount6	1
ISTD Amount7	1
ISTD Amount8	1
ISTD Amount9	1
ISTD Amount10	1
ISTD Amount11	1
ISTD Amount12	1
ISTD Amount13	1
ISTD Amount14	1
ISTD Amount15	1
ISTD Amount16	1
ISTD Amount17	1
ISTD Amount18	1
ISTD Amount19	1
ISTD Amount20	1
ISTD Amount21	1
ISTD Amount22	1
ISTD Amount23	1
ISTD Amount24	1
ISTD Amount25	1
ISTD Amount26	1
ISTD Amount27	1
ISTD Amount28	1
ISTD Amount29	1
ISTD Amount30	1
ISTD Amount31	1
ISTD Amount32	1
Sample Amount	1
Dilution Factor	1
Vial#	1
Injection Volume	1
Injection Count	1
Bar Code	

[Original Files]
Data File	C:\Users\User\Desktop\GC Analyses\Jack\UIC Prairie Sampling\9.16.22\220916_067.gcd
Method File	C:\LabSolutions\Data\GHG_4min_2022\ghg3_togas_w_acet_4 min_new_int.gcm
Batch File	
Report Format File	c:\LabSolutions\System\DEFAULT.lsr

[File Description]


[Configuration]
Instrument Name	C0B7VH3-Instrument1
Instrument #	1
Line #	1
# of Detectors	3
Detector ID	DET#1	DET#2	DET#3
Detector Name	FID	PTCD	ECD
# of Channels	1	1	1

[Peak Table(Ch1)]
# of Peaks	3
Peak#	R.Time	I.Time	F.Time	Area	Height	A/H	Conc.	Mark	ID#	Name	k'	Plate #	Plate Ht.	Tailing	Resolution	Sep.Factor	Area Ratio	Height Ratio	Conc. %	Norm Conc.
1	1.476	1.439	1.534	4018	1336	3.007	100.000	   	1	CO	0.000	5702	26.305	0.000	0.000	0.000	0	0	16.667	16.667
2	1.571	1.534	1.644	20126	10150	1.983	100.000	 V 	2	CH4	0.065	11428	13.126	1.174	1.392	0.000	0	0	16.667	16.667
3	2.000	1.952	2.488	2170949	1040328	2.087	400.000	   	3	CO2	0.355	17466	8.588	1.195	7.191	5.500	0	0	66.667	66.667

[Peak Table(Ch2)]
# of Peaks	0

[Peak Table(Ch3)]
# of Peaks	4
Peak#	R.Time	I.Time	F.Time	Area	Height	A/H	Conc.	Mark	ID#	Name	k'	Plate #	Plate Ht.	Tailing	Resolution	Sep.Factor	Area Ratio	Height Ratio	Conc. %	Norm Conc.
1	2.455	2.363	2.488	769	223	3.447	0.000	   			0.000	6606	22.705	0.000	0.000	0.000	0	0	0.000	0.000
2	2.517	2.488	2.539	554	195	2.836	0.000	 V 			0.025	1122	133.701	0.000	0.296	0.000	0	0	0.000	0.000
3	2.601	2.539	2.649	1238	287	4.309	0.000	 V 			0.060	4753	31.561	0.000	0.374	2.353	0	0	0.000	0.000
4	2.884	2.660	3.855	73158	16163	4.526	1.000	   	1	N2O	0.175	12238	12.257	1.639	2.213	2.925	0	0	100.000	100.000

[Compound Results(Ch1)]
# of IDs	6
ID#	Name	R.Time	Area	Height	Conc.	Curve	3rd	2nd	1st	Constant	Area Ratio	Height Ratio	Conc. %	Norm Conc.
1	CO	1.476	4018	1336	100.000	Linear	0.000000e+00	0.000000e+00	4.018403e+001	0.000000e+00	0	0	16.667	16.667
2	CH4	1.571	20126	10150	100.000	Linear	0.000000e+00	0.000000e+00	2.012585e+002	0.000000e+00	0	0	16.667	16.667
3	CO2	2.000	2170949	1040328	400.000	Linear	0.000000e+00	0.000000e+00	5.427373e+003	0.000000e+00	0	0	66.667	66.667
4	Ethylene	0.000	0	0	0.000	Linear	0.000000e+00	0.000000e+00	0.000000e+00	0.000000e+00	0	0	0.000	0.000
5	Acetylene	0.000	0	0	0.000	Linear	0.000000e+00	0.000000e+00	0.000000e+00	0.000000e+00	0	0	0.000	0.000
6	Ethane	0.000	0	0	0.000	Linear	0.000000e+00	0.000000e+00	0.000000e+00	0.000000e+00	0	0	0.000	0.000

[Compound Results(Ch2)]
# of IDs	5
ID#	Name	R.Time	Area	Height	Conc.	Curve	3rd	2nd	1st	Constant	Area Ratio	Height Ratio	Conc. %	Norm Conc.
1	Hydrogen	0.000	0	0	0.000	Linear	0.000000e+00	0.000000e+00	0.000000e+00	0.000000e+00	0	0	0.000	0.000
2	Oxygen	0.000	0	0	0.000	Linear	0.000000e+00	0.000000e+00	0.000000e+00	0.000000e+00	0	0	0.000	0.000
3	Nitrogen	0.000	0	0	0.000	Linear	0.000000e+00	0.000000e+00	0.000000e+00	0.000000e+00	0	0	0.000	0.000
4	Methane	0.000	0	0	0.000	Linear	0.000000e+00	0.000000e+00	0.000000e+00	0.000000e+00	0	0	0.000	0.000
5	Carbon Monoxide	0.000	0	0	0.000	Linear	0.000000e+00	0.000000e+00	0.000000e+00	0.000000e+00	0	0	0.000	0.000

[Compound Results(Ch3)]
# of IDs	2
ID#	Name	R.Time	Area	Height	Conc.	Curve	3rd	2nd	1st	Constant	Area Ratio	Height Ratio	Conc. %	Norm Conc.
1	N2O	2.884	73158	16163	1.000	Linear	0.000000e+00	0.000000e+00	7.315837e+004	0.000000e+00	0	0	100.000	100.000
2	SF6	0.000	0	0	0.000	Linear	0.000000e+00	0.000000e+00	0.000000e+00	0.000000e+00	0	0	0.000	0.000

[Group Results(Ch1)]
# of Groups	0

[Group Results(Ch2)]
# of Groups	0

[Group Results(Ch3)]
# of Groups	0

[Chromatogram (Ch1)]
Interval(msec)	220
# of Points	1091
Start Time(min)	0.002
End Time(min)	3.998
R.Time (min)	Intensity
0.00167	-3
0.00533	-5
0.00900	-5
0.01267	-2
0.01633	4
0.02000	9
0.02367	14
0.02733	17
0.03100	16
0.03467	10
0.03833	2
0.04200	-4
0.04567	-7
0.04933	-9
0.05300	-12
0.05667	-16
0.06033	-18
0.06400	-16
0.06767	-11
0.07133	-1
0.07500	8
0.07867	12
0.08233	15
0.08600	16
0.08967	11
0.09333	5
0.09700	0
0.10067	-1
0.10433	1
0.10800	3
0.11167	0
0.11533	-5
0.11900	-10
0.12267	-12
0.12633	-13
0.13000	-12
0.13367	-10
0.13733	-5
0.14100	-3
0.14467	-5
0.14833	-11
0.15200	-15
0.15567	-16
0.15933	-16
0.16300	-13
0.16667	-10
0.17033	-10
0.17400	-13
0.17767	-18
0.18133	-21
0.18500	-19
0.18867	-16
0.19233	-17
0.19600	-18
0.19967	-17
0.20333	-13
0.20700	-10
0.21067	-9
0.21433	-13
0.21800	-18
0.22167	-20
0.22533	-19
0.22900	-17
0.23267	-14
0.23633	-14
0.24000	-12
0.24367	-9
0.24733	-8
0.25100	-9
0.25467	-12
0.25833	-17
0.26200	-22
0.26567	-27
0.26933	-29
0.27300	-26
0.27667	-20
0.28033	-15
0.28400	-15
0.28767	-18
0.29133	-18
0.29500	-16
0.29867	-14
0.30233	-12
0.30600	-11
0.30967	-11
0.31333	-12
0.31700	-12
0.32067	-9
0.32433	-5
0.32800	-1
0.33167	-1
0.33533	-5
0.33900	-6
0.34267	-7
0.34633	-9
0.35000	-15
0.35367	-21
0.35733	-22
0.36100	-20
0.36467	-13
0.36833	-6
0.37200	-1
0.37567	-1
0.37933	-8
0.38300	-15
0.38667	-17
0.39033	-16
0.39400	-15
0.39767	-13
0.40133	-10
0.40500	-9
0.40867	-10
0.41233	-13
0.41600	-14
0.41967	-12
0.42333	-10
0.42700	-8
0.43067	-10
0.43433	-13
0.43800	-14
0.44167	-13
0.44533	-12
0.44900	-12
0.45267	-13
0.45633	-16
0.46000	-19
0.46367	-20
0.46733	-20
0.47100	-24
0.47467	-34
0.47833	-42
0.48200	-45
0.48567	-42
0.48933	-36
0.49300	-27
0.49667	-18
0.50033	-12
0.50400	-8
0.50767	-6
0.51133	-7
0.51500	-9
0.51867	-8
0.52233	-2
0.52600	5
0.52967	5
0.53333	1
0.53700	-8
0.54067	-18
0.54433	-27
0.54800	-32
0.55167	-34
0.55533	-34
0.55900	-34
0.56267	-33
0.56633	-32
0.57000	-31
0.57367	-29
0.57733	-29
0.58100	-29
0.58467	-29
0.58833	-30
0.59200	-32
0.59567	-33
0.59933	-34
0.60300	-36
0.60667	-42
0.61033	-46
0.61400	-46
0.61767	-44
0.62133	-42
0.62500	-39
0.62867	-35
0.63233	-29
0.63600	-25
0.63967	-20
0.64333	-15
0.64700	-13
0.65067	-13
0.65433	-14
0.65800	-14
0.66167	-13
0.66533	-13
0.66900	-12
0.67267	-11
0.67633	-13
0.68000	-18
0.68367	-19
0.68733	-17
0.69100	-12
0.69467	-9
0.69833	-12
0.70200	-18
0.70567	-26
0.70933	-30
0.71300	-29
0.71667	-26
0.72033	-25
0.72400	-28
0.72767	-31
0.73133	-34
0.73500	-35
0.73867	-37
0.74233	-40
0.74600	-41
0.74967	-39
0.75333	-34
0.75700	-29
0.76067	-32
0.76433	-37
0.76800	-39
0.77167	-38
0.77533	-36
0.77900	-39
0.78267	-41
0.78633	-42
0.79000	-41
0.79367	-39
0.79733	-38
0.80100	-36
0.80467	-34
0.80833	-32
0.81200	-34
0.81567	-37
0.81933	-42
0.82300	-44
0.82667	-44
0.83033	-41
0.83400	-38
0.83767	-33
0.84133	-31
0.84500	-34
0.84867	-39
0.85233	-45
0.85600	-49
0.85967	-47
0.86333	-42
0.86700	-34
0.87067	-27
0.87433	-26
0.87800	-29
0.88167	-33
0.88533	-37
0.88900	-38
0.89267	-39
0.89633	-38
0.90000	-35
0.90367	-33
0.90733	-33
0.91100	-34
0.91467	-32
0.91833	-29
0.92200	-24
0.92567	-20
0.92933	-18
0.93300	-17
0.93667	-18
0.94033	-20
0.94400	-21
0.94767	-23
0.95133	-23
0.95500	-22
0.95867	-22
0.96233	-22
0.96600	-17
0.96967	-10
0.97333	-2
0.97700	1
0.98067	-2
0.98433	-9
0.98800	-18
0.99167	-26
0.99533	-31
0.99900	-35
1.00267	-37
1.00633	-39
1.01000	-43
1.01367	-47
1.01733	-50
1.02100	-51
1.02467	-46
1.02833	-39
1.03200	-34
1.03567	-35
1.03933	-39
1.04300	-41
1.04667	-41
1.05033	-38
1.05400	-35
1.05767	-31
1.06133	-26
1.06500	-25
1.06867	-27
1.07233	-28
1.07600	-27
1.07967	-26
1.08333	-28
1.08700	-31
1.09067	-33
1.09433	-33
1.09800	-34
1.10167	-38
1.10533	-43
1.10900	-46
1.11267	-46
1.11633	-40
1.12000	-31
1.12367	-23
1.12733	-22
1.13100	-26
1.13467	-31
1.13833	-35
1.14200	-38
1.14567	-42
1.14933	-47
1.15300	-52
1.15667	-55
1.16033	-55
1.16400	-53
1.16767	-51
1.17133	-50
1.17500	-45
1.17867	-37
1.18233	-31
1.18600	-29
1.18967	-31
1.19333	-31
1.19700	-31
1.20067	-30
1.20433	-30
1.20800	-32
1.21167	-36
1.21533	-36
1.21900	-32
1.22267	-27
1.22633	-24
1.23000	-26
1.23367	-32
1.23733	-36
1.24100	-39
1.24467	-43
1.24833	-44
1.25200	-43
1.25567	-41
1.25933	-40
1.26300	-40
1.26667	-40
1.27033	-39
1.27400	-36
1.27767	-34
1.28133	-36
1.28500	-39
1.28867	-42
1.29233	-44
1.29600	-45
1.29967	-45
1.30333	-45
1.30700	-45
1.31067	-39
1.31433	-29
1.31800	-15
1.32167	-6
1.32533	-5
1.32900	-13
1.33267	-27
1.33633	-41
1.34000	-52
1.34367	-56
1.34733	-54
1.35100	-48
1.35467	-43
1.35833	-40
1.36200	-40
1.36567	-39
1.36933	-38
1.37300	-35
1.37667	-36
1.38033	-39
1.38400	-43
1.38767	-44
1.39133	-45
1.39500	-49
1.39867	-51
1.40233	-50
1.40600	-47
1.40967	-45
1.41333	-44
1.41700	-42
1.42067	-42
1.42433	-43
1.42800	-45
1.43167	-46
1.43533	-48
1.43900	-40
1.44267	19
1.44633	193
1.45000	458
1.45367	726
1.45733	947
1.46100	1108
1.46467	1209
1.46833	1264
1.47200	1289
1.47567	1299
1.47933	1295
1.48300	1263
1.48667	1182
1.49033	1054
1.49400	900
1.49767	743
1.50133	596
1.50500	468
1.50867	363
1.51233	280
1.51600	214
1.51967	162
1.52333	121
1.52700	89
1.53067	66
1.53433	52
1.53800	64
1.54167	206
1.54533	727
1.54900	1887
1.55267	3643
1.55633	5628
1.56000	7448
1.56367	8877
1.56733	9808
1.57100	10120
1.57467	9701
1.57833	8581
1.58200	7016
1.58567	5357
1.58933	3877
1.59300	2695
1.59667	1818
1.60033	1199
1.60400	776
1.60767	496
1.61133	314
1.61500	194
1.61867	115
1.62233	65
1.62600	33
1.62967	10
1.63333	-6
1.63700	-16
1.64067	-21
1.64433	-24
1.64800	-30
1.65167	-37
1.65533	-38
1.65900	-39
1.66267	-39
1.66633	-39
1.67000	-37
1.67367	-37
1.67733	-38
1.68100	-42
1.68467	-49
1.68833	-57
1.69200	-64
1.69567	-68
1.69933	-72
1.70300	-72
1.70667	-67
1.71033	-60
1.71400	-54
1.71767	-51
1.72133	-54
1.72500	-62
1.72867	-70
1.73233	-75
1.73600	-75
1.73967	-73
1.74333	-72
1.74700	-70
1.75067	-65
1.75433	-59
1.75800	-56
1.76167	-57
1.76533	-58
1.76900	-56
1.77267	-54
1.77633	-53
1.78000	-53
1.78367	-54
1.78733	-55
1.79100	-53
1.79467	-54
1.79833	-57
1.80200	-58
1.80567	-54
1.80933	-48
1.81300	-47
1.81667	-50
1.82033	-56
1.82400	-62
1.82767	-68
1.83133	-70
1.83500	-68
1.83867	-64
1.84233	-60
1.84600	-59
1.84967	-60
1.85333	-61
1.85700	-61
1.86067	-63
1.86433	-67
1.86800	-72
1.87167	-73
1.87533	-69
1.87900	-64
1.88267	-64
1.88633	-67
1.89000	-68
1.89367	-66
1.89733	-64
1.90100	-63
1.90467	-60
1.90833	-57
1.91200	-56
1.91567	-54
1.91933	-50
1.92300	-46
1.92667	-45
1.93033	-48
1.93400	-53
1.93767	-58
1.94133	-60
1.94500	-60
1.94867	-58
1.95233	-49
1.95600	19
1.95967	467
1.96333	2824
1.96700	12230
1.97067	40824
1.97433	107655
1.97800	228470
1.98167	400554
1.98533	598985
1.98900	788364
1.99267	937313
1.99633	1024708
2.00000	1040304
2.00367	984870
2.00733	871565
2.01100	723918
2.01467	568165
2.01833	425265
2.02200	306840
2.02567	215777
2.02933	149429
2.03300	102860
2.03667	70978
2.04033	49471
2.04400	35062
2.04767	25408
2.05133	18901
2.05500	14465
2.05867	11390
2.06233	9215
2.06600	7636
2.06967	6463
2.07333	5572
2.07700	4881
2.08067	4330
2.08433	3885
2.08800	3517
2.09167	3205
2.09533	2940
2.09900	2716
2.10267	2524
2.10633	2354
2.11000	2207
2.11367	2077
2.11733	1961
2.12100	1851
2.12467	1746
2.12833	1649
2.13200	1564
2.13567	1490
2.13933	1423
2.14300	1361
2.14667	1305
2.15033	1255
2.15400	1210
2.15767	1168
2.16133	1127
2.16500	1087
2.16867	1049
2.17233	1013
2.17600	978
2.17967	944
2.18333	913
2.18700	883
2.19067	856
2.19433	830
2.19800	805
2.20167	782
2.20533	762
2.20900	744
2.21267	729
2.21633	714
2.22000	698
2.22367	679
2.22733	656
2.23100	635
2.23467	618
2.23833	604
2.24200	593
2.24567	586
2.24933	582
2.25300	575
2.25667	568
2.26033	558
2.26400	545
2.26767	531
2.27133	518
2.27500	505
2.27867	493
2.28233	484
2.28600	474
2.28967	466
2.29333	461
2.29700	458
2.30067	451
2.30433	439
2.30800	427
2.31167	417
2.31533	406
2.31900	396
2.32267	390
2.32633	385
2.33000	383
2.33367	382
2.33733	382
2.34100	381
2.34467	377
2.34833	371
2.35200	366
2.35567	362
2.35933	359
2.36300	359
2.36667	354
2.37033	346
2.37400	335
2.37767	325
2.38133	318
2.38500	314
2.38867	312
2.39233	312
2.39600	307
2.39967	298
2.40333	294
2.40700	297
2.41067	305
2.41433	308
2.41800	303
2.42167	292
2.42533	284
2.42900	280
2.43267	279
2.43633	279
2.44000	279
2.44367	276
2.44733	272
2.45100	269
2.45467	269
2.45833	269
2.46200	269
2.46567	270
2.46933	270
2.47300	268
2.47667	263
2.48033	253
2.48400	244
2.48767	239
2.49133	239
2.49500	241
2.49867	244
2.50233	246
2.50600	245
2.50967	243
2.51333	245
2.51700	249
2.52067	253
2.52433	252
2.52800	245
2.53167	235
2.53533	227
2.53900	221
2.54267	219
2.54633	218
2.55000	216
2.55367	214
2.55733	211
2.56100	209
2.56467	210
2.56833	209
2.57200	209
2.57567	205
2.57933	198
2.58300	192
2.58667	190
2.59033	187
2.59400	184
2.59767	185
2.60133	188
2.60500	188
2.60867	187
2.61233	189
2.61600	192
2.61967	196
2.62333	198
2.62700	198
2.63067	195
2.63433	192
2.63800	188
2.64167	185
2.64533	181
2.64900	175
2.65267	169
2.65633	164
2.66000	156
2.66367	152
2.66733	153
2.67100	160
2.67467	167
2.67833	170
2.68200	166
2.68567	161
2.68933	160
2.69300	163
2.69667	164
2.70033	161
2.70400	153
2.70767	146
2.71133	139
2.71500	130
2.71867	124
2.72233	127
2.72600	132
2.72967	140
2.73333	146
2.73700	150
2.74067	153
2.74433	156
2.74800	156
2.75167	155
2.75533	152
2.75900	145
2.76267	141
2.76633	141
2.77000	140
2.77367	136
2.77733	132
2.78100	131
2.78467	130
2.78833	131
2.79200	132
2.79567	139
2.79933	146
2.80300	149
2.80667	146
2.81033	141
2.81400	137
2.81767	134
2.82133	132
2.82500	131
2.82867	131
2.83233	133
2.83600	137
2.83967	139
2.84333	138
2.84700	138
2.85067	139
2.85433	139
2.85800	138
2.86167	133
2.86533	128
2.86900	125
2.87267	126
2.87633	129
2.88000	132
2.88367	135
2.88733	138
2.89100	142
2.89467	143
2.89833	141
2.90200	136
2.90567	131
2.90933	129
2.91300	126
2.91667	122
2.92033	122
2.92400	126
2.92767	129
2.93133	129
2.93500	128
2.93867	128
2.94233	126
2.94600	122
2.94967	119
2.95333	118
2.95700	119
2.96067	121
2.96433	121
2.96800	121
2.97167	125
2.97533	130
2.97900	135
2.98267	140
2.98633	144
2.99000	145
2.99367	145
2.99733	146
3.00100	147
3.00467	145
3.00833	142
3.01200	139
3.01567	136
3.01933	133
3.02300	128
3.02667	122
3.03033	120
3.03400	121
3.03767	125
3.04133	129
3.04500	132
3.04867	135
3.05233	137
3.05600	136
3.05967	132
3.06333	131
3.06700	132
3.07067	133
3.07433	132
3.07800	130
3.08167	131
3.08533	133
3.08900	134
3.09267	135
3.09633	138
3.10000	141
3.10367	139
3.10733	129
3.11100	118
3.11467	113
3.11833	111
3.12200	107
3.12567	102
3.12933	98
3.13300	96
3.13667	98
3.14033	104
3.14400	110
3.14767	118
3.15133	125
3.15500	128
3.15867	130
3.16233	131
3.16600	132
3.16967	134
3.17333	133
3.17700	126
3.18067	115
3.18433	107
3.18800	108
3.19167	112
3.19533	118
3.19900	123
3.20267	128
3.20633	130
3.21000	129
3.21367	128
3.21733	125
3.22100	121
3.22467	117
3.22833	114
3.23200	113
3.23567	115
3.23933	116
3.24300	115
3.24667	112
3.25033	108
3.25400	107
3.25767	107
3.26133	108
3.26500	109
3.26867	108
3.27233	107
3.27600	105
3.27967	103
3.28333	102
3.28700	104
3.29067	108
3.29433	109
3.29800	107
3.30167	105
3.30533	105
3.30900	105
3.31267	105
3.31633	106
3.32000	107
3.32367	109
3.32733	114
3.33100	119
3.33467	124
3.33833	126
3.34200	125
3.34567	123
3.34933	124
3.35300	129
3.35667	132
3.36033	132
3.36400	132
3.36767	129
3.37133	125
3.37500	122
3.37867	120
3.38233	118
3.38600	114
3.38967	110
3.39333	106
3.39700	102
3.40067	100
3.40433	99
3.40800	97
3.41167	95
3.41533	96
3.41900	98
3.42267	98
3.42633	96
3.43000	91
3.43367	87
3.43733	85
3.44100	89
3.44467	97
3.44833	106
3.45200	110
3.45567	111
3.45933	111
3.46300	107
3.46667	102
3.47033	97
3.47400	95
3.47767	98
3.48133	99
3.48500	99
3.48867	97
3.49233	97
3.49600	99
3.49967	104
3.50333	108
3.50700	106
3.51067	106
3.51433	110
3.51800	113
3.52167	110
3.52533	105
3.52900	103
3.53267	102
3.53633	101
3.54000	101
3.54367	102
3.54733	101
3.55100	106
3.55467	116
3.55833	125
3.56200	129
3.56567	131
3.56933	127
3.57300	120
3.57667	110
3.58033	100
3.58400	92
3.58767	87
3.59133	85
3.59500	86
3.59867	90
3.60233	96
3.60600	103
3.60967	108
3.61333	112
3.61700	113
3.62067	114
3.62433	113
3.62800	108
3.63167	100
3.63533	92
3.63900	88
3.64267	88
3.64633	89
3.65000	91
3.65367	96
3.65733	104
3.66100	109
3.66467	109
3.66833	107
3.67200	105
3.67567	102
3.67933	100
3.68300	99
3.68667	103
3.69033	107
3.69400	110
3.69767	106
3.70133	98
3.70500	95
3.70867	94
3.71233	89
3.71600	81
3.71967	73
3.72333	67
3.72700	69
3.73067	77
3.73433	90
3.73800	100
3.74167	104
3.74533	102
3.74900	100
3.75267	97
3.75633	96
3.76000	97
3.76367	101
3.76733	104
3.77100	106
3.77467	105
3.77833	101
3.78200	92
3.78567	82
3.78933	75
3.79300	70
3.79667	68
3.80033	71
3.80400	78
3.80767	87
3.81133	96
3.81500	103
3.81867	104
3.82233	100
3.82600	94
3.82967	87
3.83333	84
3.83700	83
3.84067	82
3.84433	82
3.84800	86
3.85167	94
3.85533	102
3.85900	108
3.86267	109
3.86633	105
3.87000	99
3.87367	94
3.87733	92
3.88100	92
3.88467	93
3.88833	96
3.89200	95
3.89567	91
3.89933	86
3.90300	84
3.90667	85
3.91033	88
3.91400	88
3.91767	88
3.92133	90
3.92500	94
3.92867	101
3.93233	105
3.93600	103
3.93967	101
3.94333	97
3.94700	95
3.95067	96
3.95433	97
3.95800	93
3.96167	88
3.96533	86
3.96900	87
3.97267	85
3.97633	78
3.98000	69
3.98367	64
3.98733	65
3.99100	68
3.99467	72
3.99833	77

[Chromatogram (Ch2)]
Interval(msec)	220
# of Points	1091
Start Time(min)	0.002
End Time(min)	3.998
R.Time (min)	Intensity
0.00167	-1
0.00533	-1
0.00900	-1
0.01267	-1
0.01633	-1
0.02000	-1
0.02367	-0
0.02733	-0
0.03100	-0
0.03467	-0
0.03833	-0
0.04200	-0
0.04567	-0
0.04933	-0
0.05300	-0
0.05667	-1
0.06033	-1
0.06400	-1
0.06767	-1
0.07133	-1
0.07500	-1
0.07867	-2
0.08233	-2
0.08600	-2
0.08967	-1
0.09333	-1
0.09700	-1
0.10067	-1
0.10433	-1
0.10800	-1
0.11167	-1
0.11533	-0
0.11900	-0
0.12267	0
0.12633	1
0.13000	1
0.13367	1
0.13733	2
0.14100	2
0.14467	2
0.14833	2
0.15200	2
0.15567	2
0.15933	2
0.16300	2
0.16667	2
0.17033	2
0.17400	2
0.17767	2
0.18133	2
0.18500	2
0.18867	2
0.19233	2
0.19600	1
0.19967	1
0.20333	1
0.20700	1
0.21067	0
0.21433	0
0.21800	0
0.22167	0
0.22533	0
0.22900	0
0.23267	-0
0.23633	-0
0.24000	-1
0.24367	-1
0.24733	-1
0.25100	-1
0.25467	-1
0.25833	-1
0.26200	-1
0.26567	-0
0.26933	-0
0.27300	-0
0.27667	-1
0.28033	-1
0.28400	-1
0.28767	-2
0.29133	-2
0.29500	-2
0.29867	-2
0.30233	-2
0.30600	-2
0.30967	-2
0.31333	-2
0.31700	-2
0.32067	-2
0.32433	-2
0.32800	-2
0.33167	-2
0.33533	-2
0.33900	-2
0.34267	-2
0.34633	-2
0.35000	-1
0.35367	-1
0.35733	-1
0.36100	-1
0.36467	-1
0.36833	-1
0.37200	-1
0.37567	-1
0.37933	-1
0.38300	-1
0.38667	-1
0.39033	-1
0.39400	-1
0.39767	-1
0.40133	-1
0.40500	-0
0.40867	-0
0.41233	-0
0.41600	-0
0.41967	-1
0.42333	-1
0.42700	-1
0.43067	-1
0.43433	-1
0.43800	-1
0.44167	-2
0.44533	-2
0.44900	-2
0.45267	-2
0.45633	-2
0.46000	-2
0.46367	-2
0.46733	-2
0.47100	-1
0.47467	-1
0.47833	-1
0.48200	-1
0.48567	-1
0.48933	-1
0.49300	-1
0.49667	-1
0.50033	-1
0.50400	-1
0.50767	-2
0.51133	-2
0.51500	-2
0.51867	-2
0.52233	-2
0.52600	-1
0.52967	-1
0.53333	-1
0.53700	-1
0.54067	-1
0.54433	-1
0.54800	-1
0.55167	-1
0.55533	-1
0.55900	-2
0.56267	-2
0.56633	-2
0.57000	-2
0.57367	-2
0.57733	-2
0.58100	-2
0.58467	-2
0.58833	-2
0.59200	-2
0.59567	-2
0.59933	-2
0.60300	-3
0.60667	-3
0.61033	-3
0.61400	-3
0.61767	-3
0.62133	-3
0.62500	-3
0.62867	-3
0.63233	-3
0.63600	-3
0.63967	-3
0.64333	-2
0.64700	-2
0.65067	-2
0.65433	-2
0.65800	-2
0.66167	-2
0.66533	-2
0.66900	-2
0.67267	-2
0.67633	-2
0.68000	-1
0.68367	-1
0.68733	-1
0.69100	-1
0.69467	-1
0.69833	-1
0.70200	-1
0.70567	-1
0.70933	-1
0.71300	-1
0.71667	-1
0.72033	-1
0.72400	-1
0.72767	-1
0.73133	-1
0.73500	-1
0.73867	-1
0.74233	-2
0.74600	-2
0.74967	-3
0.75333	-3
0.75700	-3
0.76067	-4
0.76433	-4
0.76800	-5
0.77167	-5
0.77533	-5
0.77900	-5
0.78267	-5
0.78633	-6
0.79000	-6
0.79367	-6
0.79733	-6
0.80100	-6
0.80467	-6
0.80833	-6
0.81200	-6
0.81567	-6
0.81933	-5
0.82300	-5
0.82667	-4
0.83033	-3
0.83400	-3
0.83767	-2
0.84133	-1
0.84500	-1
0.84867	-0
0.85233	-0
0.85600	0
0.85967	1
0.86333	1
0.86700	1
0.87067	1
0.87433	2
0.87800	2
0.88167	2
0.88533	2
0.88900	2
0.89267	2
0.89633	2
0.90000	2
0.90367	1
0.90733	1
0.91100	0
0.91467	-0
0.91833	-1
0.92200	-1
0.92567	-1
0.92933	-1
0.93300	-1
0.93667	-1
0.94033	-0
0.94400	0
0.94767	0
0.95133	1
0.95500	1
0.95867	2
0.96233	2
0.96600	2
0.96967	2
0.97333	2
0.97700	2
0.98067	2
0.98433	2
0.98800	2
0.99167	2
0.99533	1
0.99900	1
1.00267	1
1.00633	1
1.01000	1
1.01367	1
1.01733	0
1.02100	0
1.02467	0
1.02833	0
1.03200	0
1.03567	0
1.03933	0
1.04300	0
1.04667	0
1.05033	-0
1.05400	-0
1.05767	-0
1.06133	-0
1.06500	-0
1.06867	-1
1.07233	-1
1.07600	-1
1.07967	-1
1.08333	-1
1.08700	-1
1.09067	-1
1.09433	-2
1.09800	-2
1.10167	-2
1.10533	-2
1.10900	-3
1.11267	-3
1.11633	-3
1.12000	-3
1.12367	-3
1.12733	-4
1.13100	-4
1.13467	-4
1.13833	-4
1.14200	-4
1.14567	-4
1.14933	-4
1.15300	-4
1.15667	-4
1.16033	-3
1.16400	-3
1.16767	-3
1.17133	-3
1.17500	-2
1.17867	-2
1.18233	-2
1.18600	-3
1.18967	-3
1.19333	-3
1.19700	-3
1.20067	-3
1.20433	-3
1.20800	-3
1.21167	-3
1.21533	-3
1.21900	-3
1.22267	-3
1.22633	-3
1.23000	-3
1.23367	-2
1.23733	-2
1.24100	-2
1.24467	-2
1.24833	-2
1.25200	-3
1.25567	-3
1.25933	-3
1.26300	-4
1.26667	-4
1.27033	-4
1.27400	-5
1.27767	-5
1.28133	-6
1.28500	-6
1.28867	-6
1.29233	-6
1.29600	-5
1.29967	-5
1.30333	-4
1.30700	-4
1.31067	-3
1.31433	-3
1.31800	-2
1.32167	-2
1.32533	-2
1.32900	-2
1.33267	-2
1.33633	-1
1.34000	-1
1.34367	-1
1.34733	-1
1.35100	-0
1.35467	-0
1.35833	0
1.36200	0
1.36567	0
1.36933	0
1.37300	0
1.37667	1
1.38033	1
1.38400	1
1.38767	1
1.39133	1
1.39500	1
1.39867	1
1.40233	0
1.40600	0
1.40967	-0
1.41333	-0
1.41700	-0
1.42067	-0
1.42433	-1
1.42800	-1
1.43167	-1
1.43533	-1
1.43900	-1
1.44267	-1
1.44633	-1
1.45000	-1
1.45367	-1
1.45733	-1
1.46100	-1
1.46467	-2
1.46833	-2
1.47200	-2
1.47567	-2
1.47933	-3
1.48300	-3
1.48667	-3
1.49033	-3
1.49400	-3
1.49767	-3
1.50133	-3
1.50500	-2
1.50867	-2
1.51233	-2
1.51600	-2
1.51967	-1
1.52333	-1
1.52700	-1
1.53067	-1
1.53433	-0
1.53800	-0
1.54167	-0
1.54533	-0
1.54900	-0
1.55267	-1
1.55633	-1
1.56000	-1
1.56367	-1
1.56733	-1
1.57100	-1
1.57467	-1
1.57833	-1
1.58200	-1
1.58567	-1
1.58933	-1
1.59300	-1
1.59667	-2
1.60033	-3
1.60400	-4
1.60767	-5
1.61133	-7
1.61500	-9
1.61867	-11
1.62233	-13
1.62600	-16
1.62967	-19
1.63333	-22
1.63700	-26
1.64067	-30
1.64433	-33
1.64800	-37
1.65167	-41
1.65533	-45
1.65900	-49
1.66267	-53
1.66633	-57
1.67000	-62
1.67367	-67
1.67733	-73
1.68100	-78
1.68467	-83
1.68833	-88
1.69200	-93
1.69567	-97
1.69933	-101
1.70300	-103
1.70667	-106
1.71033	-108
1.71400	-109
1.71767	-111
1.72133	-112
1.72500	-113
1.72867	-113
1.73233	-113
1.73600	-113
1.73967	-113
1.74333	-113
1.74700	-113
1.75067	-112
1.75433	-112
1.75800	-111
1.76167	-111
1.76533	-111
1.76900	-112
1.77267	-113
1.77633	-114
1.78000	-115
1.78367	-116
1.78733	-116
1.79100	-117
1.79467	-118
1.79833	-119
1.80200	-119
1.80567	-120
1.80933	-120
1.81300	-121
1.81667	-121
1.82033	-122
1.82400	-122
1.82767	-122
1.83133	-122
1.83500	-122
1.83867	-122
1.84233	-121
1.84600	-122
1.84967	-122
1.85333	-123
1.85700	-123
1.86067	-124
1.86433	-124
1.86800	-124
1.87167	-124
1.87533	-124
1.87900	-123
1.88267	-122
1.88633	-122
1.89000	-121
1.89367	-121
1.89733	-121
1.90100	-121
1.90467	-121
1.90833	-121
1.91200	-121
1.91567	-120
1.91933	-120
1.92300	-120
1.92667	-119
1.93033	-119
1.93400	-118
1.93767	-118
1.94133	-118
1.94500	-118
1.94867	-118
1.95233	-118
1.95600	-118
1.95967	-117
1.96333	-117
1.96700	-117
1.97067	-117
1.97433	-117
1.97800	-116
1.98167	-116
1.98533	-116
1.98900	-116
1.99267	-116
1.99633	-116
2.00000	-115
2.00367	-115
2.00733	-115
2.01100	-115
2.01467	-114
2.01833	-114
2.02200	-113
2.02567	-113
2.02933	-112
2.03300	-112
2.03667	-111
2.04033	-111
2.04400	-111
2.04767	-111
2.05133	-111
2.05500	-111
2.05867	-111
2.06233	-110
2.06600	-110
2.06967	-109
2.07333	-108
2.07700	-107
2.08067	-106
2.08433	-105
2.08800	-105
2.09167	-104
2.09533	-104
2.09900	-104
2.10267	-103
2.10633	-103
2.11000	-103
2.11367	-103
2.11733	-103
2.12100	-103
2.12467	-103
2.12833	-103
2.13200	-103
2.13567	-103
2.13933	-102
2.14300	-103
2.14667	-103
2.15033	-103
2.15400	-102
2.15767	-102
2.16133	-101
2.16500	-100
2.16867	-100
2.17233	-99
2.17600	-99
2.17967	-99
2.18333	-99
2.18700	-98
2.19067	-98
2.19433	-97
2.19800	-96
2.20167	-96
2.20533	-95
2.20900	-95
2.21267	-95
2.21633	-95
2.22000	-95
2.22367	-95
2.22733	-94
2.23100	-94
2.23467	-93
2.23833	-92
2.24200	-92
2.24567	-91
2.24933	-91
2.25300	-92
2.25667	-92
2.26033	-93
2.26400	-94
2.26767	-95
2.27133	-95
2.27500	-95
2.27867	-94
2.28233	-93
2.28600	-92
2.28967	-92
2.29333	-91
2.29700	-91
2.30067	-90
2.30433	-89
2.30800	-88
2.31167	-87
2.31533	-86
2.31900	-85
2.32267	-85
2.32633	-84
2.33000	-84
2.33367	-84
2.33733	-84
2.34100	-84
2.34467	-84
2.34833	-85
2.35200	-85
2.35567	-85
2.35933	-85
2.36300	-85
2.36667	-84
2.37033	-83
2.37400	-82
2.37767	-80
2.38133	-78
2.38500	-75
2.38867	-72
2.39233	-68
2.39600	-63
2.39967	-58
2.40333	-53
2.40700	-48
2.41067	-43
2.41433	-39
2.41800	-35
2.42167	-31
2.42533	-27
2.42900	-24
2.43267	-21
2.43633	-19
2.44000	-16
2.44367	-14
2.44733	-11
2.45100	-9
2.45467	-7
2.45833	-5
2.46200	-4
2.46567	-3
2.46933	-2
2.47300	-0
2.47667	1
2.48033	2
2.48400	3
2.48767	4
2.49133	5
2.49500	6
2.49867	7
2.50233	8
2.50600	9
2.50967	10
2.51333	11
2.51700	11
2.52067	12
2.52433	12
2.52800	12
2.53167	13
2.53533	13
2.53900	13
2.54267	14
2.54633	15
2.55000	15
2.55367	16
2.55733	16
2.56100	17
2.56467	17
2.56833	18
2.57200	18
2.57567	18
2.57933	18
2.58300	18
2.58667	18
2.59033	17
2.59400	18
2.59767	18
2.60133	18
2.60500	19
2.60867	19
2.61233	19
2.61600	19
2.61967	20
2.62333	20
2.62700	20
2.63067	21
2.63433	21
2.63800	22
2.64167	23
2.64533	23
2.64900	23
2.65267	22
2.65633	22
2.66000	21
2.66367	21
2.66733	20
2.67100	20
2.67467	19
2.67833	19
2.68200	19
2.68567	19
2.68933	20
2.69300	20
2.69667	21
2.70033	21
2.70400	22
2.70767	22
2.71133	23
2.71500	23
2.71867	24
2.72233	24
2.72600	25
2.72967	25
2.73333	26
2.73700	26
2.74067	26
2.74433	26
2.74800	27
2.75167	27
2.75533	27
2.75900	27
2.76267	27
2.76633	26
2.77000	26
2.77367	26
2.77733	25
2.78100	25
2.78467	25
2.78833	25
2.79200	25
2.79567	25
2.79933	25
2.80300	24
2.80667	24
2.81033	24
2.81400	24
2.81767	25
2.82133	25
2.82500	25
2.82867	25
2.83233	25
2.83600	25
2.83967	25
2.84333	24
2.84700	23
2.85067	21
2.85433	17
2.85800	12
2.86167	3
2.86533	-9
2.86900	-25
2.87267	-45
2.87633	-71
2.88000	-101
2.88367	-136
2.88733	-177
2.89100	-222
2.89467	-272
2.89833	-326
2.90200	-384
2.90567	-446
2.90933	-512
2.91300	-580
2.91667	-651
2.92033	-724
2.92400	-799
2.92767	-877
2.93133	-956
2.93500	-1037
2.93867	-1119
2.94233	-1204
2.94600	-1289
2.94967	-1374
2.95333	-1449
2.95700	-1501
2.96067	-1520
2.96433	-1504
2.96800	-1456
2.97167	-1381
2.97533	-1288
2.97900	-1183
2.98267	-1074
2.98633	-964
2.99000	-857
2.99367	-757
2.99733	-664
3.00100	-579
3.00467	-502
3.00833	-434
3.01200	-374
3.01567	-321
3.01933	-275
3.02300	-235
3.02667	-200
3.03033	-170
3.03400	-144
3.03767	-122
3.04133	-102
3.04500	-86
3.04867	-72
3.05233	-60
3.05600	-50
3.05967	-41
3.06333	-33
3.06700	-27
3.07067	-22
3.07433	-17
3.07800	-13
3.08167	-10
3.08533	-7
3.08900	-5
3.09267	-3
3.09633	-1
3.10000	1
3.10367	2
3.10733	3
3.11100	5
3.11467	6
3.11833	7
3.12200	8
3.12567	9
3.12933	10
3.13300	11
3.13667	12
3.14033	12
3.14400	13
3.14767	13
3.15133	13
3.15500	14
3.15867	14
3.16233	15
3.16600	15
3.16967	16
3.17333	16
3.17700	17
3.18067	18
3.18433	18
3.18800	19
3.19167	19
3.19533	20
3.19900	20
3.20267	21
3.20633	22
3.21000	22
3.21367	23
3.21733	24
3.22100	24
3.22467	25
3.22833	25
3.23200	25
3.23567	25
3.23933	25
3.24300	26
3.24667	26
3.25033	26
3.25400	26
3.25767	26
3.26133	26
3.26500	25
3.26867	25
3.27233	25
3.27600	25
3.27967	25
3.28333	25
3.28700	25
3.29067	26
3.29433	26
3.29800	26
3.30167	26
3.30533	26
3.30900	26
3.31267	26
3.31633	26
3.32000	26
3.32367	26
3.32733	25
3.33100	25
3.33467	25
3.33833	26
3.34200	26
3.34567	26
3.34933	26
3.35300	26
3.35667	26
3.36033	26
3.36400	26
3.36767	26
3.37133	26
3.37500	27
3.37867	27
3.38233	27
3.38600	26
3.38967	26
3.39333	26
3.39700	26
3.40067	26
3.40433	26
3.40800	26
3.41167	26
3.41533	26
3.41900	26
3.42267	26
3.42633	26
3.43000	26
3.43367	26
3.43733	26
3.44100	26
3.44467	26
3.44833	26
3.45200	26
3.45567	25
3.45933	25
3.46300	25
3.46667	25
3.47033	25
3.47400	25
3.47767	25
3.48133	26
3.48500	26
3.48867	26
3.49233	26
3.49600	26
3.49967	27
3.50333	27
3.50700	27
3.51067	27
3.51433	27
3.51800	27
3.52167	27
3.52533	26
3.52900	26
3.53267	26
3.53633	27
3.54000	27
3.54367	27
3.54733	27
3.55100	27
3.55467	27
3.55833	27
3.56200	27
3.56567	27
3.56933	27
3.57300	28
3.57667	28
3.58033	28
3.58400	28
3.58767	28
3.59133	28
3.59500	28
3.59867	28
3.60233	28
3.60600	28
3.60967	27
3.61333	27
3.61700	27
3.62067	27
3.62433	27
3.62800	27
3.63167	27
3.63533	27
3.63900	27
3.64267	27
3.64633	27
3.65000	27
3.65367	27
3.65733	27
3.66100	27
3.66467	27
3.66833	27
3.67200	27
3.67567	27
3.67933	27
3.68300	27
3.68667	27
3.69033	27
3.69400	27
3.69767	27
3.70133	27
3.70500	28
3.70867	28
3.71233	28
3.71600	29
3.71967	29
3.72333	29
3.72700	29
3.73067	29
3.73433	28
3.73800	28
3.74167	28
3.74533	28
3.74900	28
3.75267	28
3.75633	28
3.76000	28
3.76367	28
3.76733	29
3.77100	29
3.77467	29
3.77833	29
3.78200	29
3.78567	29
3.78933	28
3.79300	28
3.79667	28
3.80033	28
3.80400	28
3.80767	28
3.81133	28
3.81500	28
3.81867	28
3.82233	28
3.82600	28
3.82967	27
3.83333	27
3.83700	27
3.84067	27
3.84433	27
3.84800	27
3.85167	27
3.85533	27
3.85900	28
3.86267	28
3.86633	28
3.87000	28
3.87367	28
3.87733	28
3.88100	28
3.88467	28
3.88833	28
3.89200	28
3.89567	28
3.89933	28
3.90300	28
3.90667	28
3.91033	28
3.91400	28
3.91767	28
3.92133	28
3.92500	28
3.92867	28
3.93233	29
3.93600	29
3.93967	29
3.94333	29
3.94700	29
3.95067	29
3.95433	29
3.95800	29
3.96167	29
3.96533	29
3.96900	29
3.97267	29
3.97633	29
3.98000	29
3.98367	29
3.98733	29
3.99100	29
3.99467	29
3.99833	28

[Chromatogram (Ch3)]
Interval(msec)	220
# of Points	1091
Start Time(min)	0.002
End Time(min)	3.998
R.Time (min)	Intensity
0.00167	-0
0.00533	-0
0.00900	1
0.01267	4
0.01633	3
0.02000	2
0.02367	0
0.02733	-1
0.03100	-1
0.03467	-0
0.03833	1
0.04200	1
0.04567	1
0.04933	0
0.05300	0
0.05667	-0
0.06033	-0
0.06400	-1
0.06767	-1
0.07133	-2
0.07500	-2
0.07867	-2
0.08233	-2
0.08600	0
0.08967	3
0.09333	3
0.09700	0
0.10067	0
0.10433	1
0.10800	1
0.11167	1
0.11533	-0
0.11900	1
0.12267	1
0.12633	1
0.13000	1
0.13367	1
0.13733	1
0.14100	-1
0.14467	-3
0.14833	-3
0.15200	-4
0.15567	-3
0.15933	-1
0.16300	-1
0.16667	0
0.17033	2
0.17400	4
0.17767	5
0.18133	6
0.18500	4
0.18867	1
0.19233	0
0.19600	-0
0.19967	-2
0.20333	-1
0.20700	0
0.21067	1
0.21433	-0
0.21800	-2
0.22167	-1
0.22533	-5
0.22900	-8
0.23267	-8
0.23633	-7
0.24000	-6
0.24367	-5
0.24733	-5
0.25100	-5
0.25467	-5
0.25833	-6
0.26200	-5
0.26567	-7
0.26933	-8
0.27300	-7
0.27667	-5
0.28033	-4
0.28400	-4
0.28767	-4
0.29133	-4
0.29500	-2
0.29867	-2
0.30233	-3
0.30600	-5
0.30967	-5
0.31333	-5
0.31700	-6
0.32067	-6
0.32433	-6
0.32800	-5
0.33167	-4
0.33533	-3
0.33900	-2
0.34267	-2
0.34633	-1
0.35000	-1
0.35367	-2
0.35733	-3
0.36100	-5
0.36467	-5
0.36833	-6
0.37200	-5
0.37567	-4
0.37933	-4
0.38300	-2
0.38667	-3
0.39033	-5
0.39400	-5
0.39767	-5
0.40133	-7
0.40500	-7
0.40867	-6
0.41233	-6
0.41600	-4
0.41967	-4
0.42333	-4
0.42700	-4
0.43067	-3
0.43433	-2
0.43800	-1
0.44167	-2
0.44533	-5
0.44900	-7
0.45267	-6
0.45633	-5
0.46000	-4
0.46367	-3
0.46733	-4
0.47100	-5
0.47467	-6
0.47833	-6
0.48200	-5
0.48567	-3
0.48933	-3
0.49300	-4
0.49667	-6
0.50033	-6
0.50400	-6
0.50767	-8
0.51133	-8
0.51500	-7
0.51867	-7
0.52233	-6
0.52600	-5
0.52967	-5
0.53333	-5
0.53700	-4
0.54067	-3
0.54433	-5
0.54800	-7
0.55167	-8
0.55533	-7
0.55900	-6
0.56267	-8
0.56633	-9
0.57000	-10
0.57367	-12
0.57733	-14
0.58100	-14
0.58467	-12
0.58833	-10
0.59200	-9
0.59567	-10
0.59933	-9
0.60300	-7
0.60667	-6
0.61033	-7
0.61400	-7
0.61767	-6
0.62133	-5
0.62500	-5
0.62867	-6
0.63233	-7
0.63600	-5
0.63967	-3
0.64333	-3
0.64700	-4
0.65067	-4
0.65433	-5
0.65800	-7
0.66167	-8
0.66533	-9
0.66900	-10
0.67267	-10
0.67633	-10
0.68000	-8
0.68367	-6
0.68733	-6
0.69100	-5
0.69467	-3
0.69833	-2
0.70200	-4
0.70567	-7
0.70933	-9
0.71300	-9
0.71667	-10
0.72033	-10
0.72400	-10
0.72767	-11
0.73133	-13
0.73500	-12
0.73867	-11
0.74233	-9
0.74600	-9
0.74967	-9
0.75333	-9
0.75700	-10
0.76067	-14
0.76433	-14
0.76800	-12
0.77167	-9
0.77533	-8
0.77900	-9
0.78267	-11
0.78633	-12
0.79000	-12
0.79367	-10
0.79733	-9
0.80100	-8
0.80467	-9
0.80833	-8
0.81200	-7
0.81567	-7
0.81933	-6
0.82300	-6
0.82667	-7
0.83033	-6
0.83400	-5
0.83767	-6
0.84133	-7
0.84500	-8
0.84867	-9
0.85233	-10
0.85600	-9
0.85967	-9
0.86333	-9
0.86700	-8
0.87067	-10
0.87433	-12
0.87800	-12
0.88167	-12
0.88533	-12
0.88900	-11
0.89267	-9
0.89633	-8
0.90000	-7
0.90367	-6
0.90733	-7
0.91100	-10
0.91467	-12
0.91833	-14
0.92200	-13
0.92567	-13
0.92933	-15
0.93300	-14
0.93667	-12
0.94033	-10
0.94400	-11
0.94767	-12
0.95133	-12
0.95500	-10
0.95867	-10
0.96233	-11
0.96600	-13
0.96967	-12
0.97333	-10
0.97700	-10
0.98067	-12
0.98433	-11
0.98800	-9
0.99167	-7
0.99533	-6
0.99900	-6
1.00267	-6
1.00633	-7
1.01000	-7
1.01367	-8
1.01733	-9
1.02100	-12
1.02467	-15
1.02833	-16
1.03200	-14
1.03567	-14
1.03933	-15
1.04300	-15
1.04667	-14
1.05033	-15
1.05400	-14
1.05767	-12
1.06133	-13
1.06500	-13
1.06867	-12
1.07233	-10
1.07600	-8
1.07967	-8
1.08333	-9
1.08700	-11
1.09067	-12
1.09433	-12
1.09800	-12
1.10167	-12
1.10533	-13
1.10900	-15
1.11267	-16
1.11633	-15
1.12000	-16
1.12367	-16
1.12733	-16
1.13100	-15
1.13467	-16
1.13833	-15
1.14200	-16
1.14567	-16
1.14933	-15
1.15300	-14
1.15667	-12
1.16033	-11
1.16400	-9
1.16767	-8
1.17133	-7
1.17500	-7
1.17867	-7
1.18233	-10
1.18600	-12
1.18967	-12
1.19333	-14
1.19700	-13
1.20067	-9
1.20433	-7
1.20800	-8
1.21167	-10
1.21533	-7
1.21900	-5
1.22267	-5
1.22633	-6
1.23000	-5
1.23367	-3
1.23733	-4
1.24100	-8
1.24467	-11
1.24833	-14
1.25200	-13
1.25567	-11
1.25933	-8
1.26300	-6
1.26667	-7
1.27033	-8
1.27400	-10
1.27767	-12
1.28133	-11
1.28500	-10
1.28867	-9
1.29233	-9
1.29600	-10
1.29967	-10
1.30333	-11
1.30700	-11
1.31067	-12
1.31433	-11
1.31800	-10
1.32167	-11
1.32533	-12
1.32900	-14
1.33267	-14
1.33633	-13
1.34000	-12
1.34367	-12
1.34733	-14
1.35100	-15
1.35467	-15
1.35833	-15
1.36200	-14
1.36567	-13
1.36933	-11
1.37300	-11
1.37667	-12
1.38033	-12
1.38400	-12
1.38767	-13
1.39133	-14
1.39500	-14
1.39867	-14
1.40233	-14
1.40600	-13
1.40967	-14
1.41333	-16
1.41700	-15
1.42067	-15
1.42433	-14
1.42800	-12
1.43167	-11
1.43533	-10
1.43900	-9
1.44267	-10
1.44633	-10
1.45000	-10
1.45367	-11
1.45733	-12
1.46100	-12
1.46467	-13
1.46833	-11
1.47200	-12
1.47567	-13
1.47933	-13
1.48300	-12
1.48667	-11
1.49033	-10
1.49400	-10
1.49767	-9
1.50133	-8
1.50500	-6
1.50867	-5
1.51233	-6
1.51600	-11
1.51967	-15
1.52333	-17
1.52700	-16
1.53067	-15
1.53433	-14
1.53800	-13
1.54167	-13
1.54533	-12
1.54900	-11
1.55267	-11
1.55633	-14
1.56000	-17
1.56367	-18
1.56733	-17
1.57100	-16
1.57467	-16
1.57833	-16
1.58200	-15
1.58567	-13
1.58933	-13
1.59300	-15
1.59667	-15
1.60033	-13
1.60400	-12
1.60767	-13
1.61133	-13
1.61500	-14
1.61867	-15
1.62233	-13
1.62600	-9
1.62967	-7
1.63333	-7
1.63700	-8
1.64067	-9
1.64433	-8
1.64800	-8
1.65167	-10
1.65533	-12
1.65900	-12
1.66267	-11
1.66633	-8
1.67000	-6
1.67367	-4
1.67733	-4
1.68100	-4
1.68467	-2
1.68833	0
1.69200	2
1.69567	2
1.69933	-0
1.70300	-1
1.70667	-3
1.71033	-3
1.71400	-3
1.71767	-2
1.72133	-1
1.72500	-2
1.72867	-0
1.73233	0
1.73600	-0
1.73967	1
1.74333	3
1.74700	5
1.75067	6
1.75433	3
1.75800	3
1.76167	6
1.76533	6
1.76900	4
1.77267	2
1.77633	-0
1.78000	1
1.78367	4
1.78733	4
1.79100	3
1.79467	3
1.79833	5
1.80200	6
1.80567	7
1.80933	9
1.81300	10
1.81667	11
1.82033	9
1.82400	9
1.82767	9
1.83133	9
1.83500	10
1.83867	10
1.84233	10
1.84600	10
1.84967	7
1.85333	8
1.85700	9
1.86067	10
1.86433	13
1.86800	13
1.87167	11
1.87533	8
1.87900	7
1.88267	6
1.88633	6
1.89000	6
1.89367	8
1.89733	11
1.90100	13
1.90467	14
1.90833	15
1.91200	15
1.91567	14
1.91933	11
1.92300	11
1.92667	12
1.93033	13
1.93400	13
1.93767	14
1.94133	13
1.94500	14
1.94867	17
1.95233	18
1.95600	16
1.95967	17
1.96333	16
1.96700	18
1.97067	19
1.97433	20
1.97800	23
1.98167	24
1.98533	24
1.98900	26
1.99267	29
1.99633	30
2.00000	30
2.00367	31
2.00733	30
2.01100	29
2.01467	26
2.01833	25
2.02200	27
2.02567	30
2.02933	33
2.03300	34
2.03667	33
2.04033	30
2.04400	28
2.04767	30
2.05133	32
2.05500	35
2.05867	37
2.06233	36
2.06600	35
2.06967	35
2.07333	35
2.07700	37
2.08067	37
2.08433	37
2.08800	37
2.09167	37
2.09533	38
2.09900	37
2.10267	37
2.10633	39
2.11000	39
2.11367	40
2.11733	42
2.12100	42
2.12467	41
2.12833	40
2.13200	42
2.13567	46
2.13933	46
2.14300	45
2.14667	47
2.15033	48
2.15400	48
2.15767	49
2.16133	51
2.16500	53
2.16867	56
2.17233	58
2.17600	61
2.17967	63
2.18333	63
2.18700	62
2.19067	62
2.19433	63
2.19800	64
2.20167	65
2.20533	67
2.20900	68
2.21267	68
2.21633	69
2.22000	68
2.22367	68
2.22733	68
2.23100	69
2.23467	69
2.23833	69
2.24200	69
2.24567	71
2.24933	74
2.25300	74
2.25667	73
2.26033	73
2.26400	74
2.26767	74
2.27133	76
2.27500	77
2.27867	77
2.28233	78
2.28600	79
2.28967	80
2.29333	82
2.29700	83
2.30067	84
2.30433	84
2.30800	83
2.31167	84
2.31533	86
2.31900	89
2.32267	90
2.32633	94
2.33000	97
2.33367	100
2.33733	102
2.34100	103
2.34467	102
2.34833	102
2.35200	103
2.35567	102
2.35933	104
2.36300	103
2.36667	104
2.37033	104
2.37400	103
2.37767	103
2.38133	102
2.38500	102
2.38867	103
2.39233	105
2.39600	106
2.39967	107
2.40333	110
2.40700	112
2.41067	114
2.41433	114
2.41800	114
2.42167	118
2.42533	121
2.42900	123
2.43267	126
2.43633	127
2.44000	128
2.44367	139
2.44733	170
2.45100	203
2.45467	217
2.45833	209
2.46200	190
2.46567	176
2.46933	167
2.47300	158
2.47667	144
2.48033	134
2.48400	124
2.48767	116
2.49133	112
2.49500	113
2.49867	113
2.50233	116
2.50600	118
2.50967	120
2.51333	119
2.51700	116
2.52067	108
2.52433	99
2.52800	89
2.53167	79
2.53533	71
2.53900	65
2.54267	61
2.54633	58
2.55000	59
2.55367	59
2.55733	60
2.56100	64
2.56467	65
2.56833	67
2.57200	70
2.57567	75
2.57933	83
2.58300	89
2.58667	96
2.59033	101
2.59400	105
2.59767	108
2.60133	107
2.60500	100
2.60867	85
2.61233	62
2.61600	30
2.61967	-8
2.62333	-47
2.62700	-86
2.63067	-123
2.63433	-157
2.63800	-184
2.64167	-208
2.64533	-225
2.64900	-237
2.65267	-244
2.65633	-245
2.66000	-241
2.66367	-233
2.66733	-224
2.67100	-215
2.67467	-205
2.67833	-193
2.68200	-180
2.68567	-168
2.68933	-155
2.69300	-145
2.69667	-137
2.70033	-128
2.70400	-118
2.70767	-108
2.71133	-95
2.71500	-85
2.71867	-73
2.72233	-62
2.72600	-53
2.72967	-45
2.73333	-37
2.73700	-29
2.74067	-24
2.74433	-17
2.74800	-9
2.75167	-2
2.75533	4
2.75900	10
2.76267	14
2.76633	19
2.77000	28
2.77367	34
2.77733	38
2.78100	41
2.78467	45
2.78833	50
2.79200	54
2.79567	58
2.79933	62
2.80300	66
2.80667	71
2.81033	72
2.81400	73
2.81767	75
2.82133	81
2.82500	98
2.82867	140
2.83233	233
2.83600	427
2.83967	785
2.84333	1374
2.84700	2252
2.85067	3448
2.85433	4948
2.85800	6698
2.86167	8597
2.86533	10513
2.86900	12304
2.87267	13830
2.87633	14983
2.88000	15702
2.88367	15970
2.88733	15821
2.89100	15322
2.89467	14552
2.89833	13594
2.90200	12527
2.90567	11420
2.90933	10320
2.91300	9257
2.91667	8254
2.92033	7326
2.92400	6476
2.92767	5705
2.93133	5012
2.93500	4394
2.93867	3846
2.94233	3363
2.94600	2938
2.94967	2564
2.95333	2237
2.95700	1951
2.96067	1701
2.96433	1484
2.96800	1296
2.97167	1131
2.97533	989
2.97900	867
2.98267	763
2.98633	673
2.99000	598
2.99367	534
2.99733	478
3.00100	427
3.00467	385
3.00833	348
3.01200	317
3.01567	289
3.01933	264
3.02300	241
3.02667	223
3.03033	208
3.03400	196
3.03767	189
3.04133	179
3.04500	171
3.04867	163
3.05233	157
3.05600	154
3.05967	150
3.06333	146
3.06700	141
3.07067	136
3.07433	135
3.07800	137
3.08167	138
3.08533	137
3.08900	136
3.09267	133
3.09633	132
3.10000	130
3.10367	126
3.10733	124
3.11100	124
3.11467	127
3.11833	127
3.12200	128
3.12567	129
3.12933	129
3.13300	129
3.13667	128
3.14033	127
3.14400	126
3.14767	127
3.15133	128
3.15500	129
3.15867	127
3.16233	127
3.16600	127
3.16967	129
3.17333	130
3.17700	129
3.18067	128
3.18433	127
3.18800	127
3.19167	127
3.19533	126
3.19900	126
3.20267	126
3.20633	127
3.21000	127
3.21367	127
3.21733	126
3.22100	125
3.22467	126
3.22833	127
3.23200	127
3.23567	126
3.23933	124
3.24300	122
3.24667	120
3.25033	120
3.25400	118
3.25767	116
3.26133	113
3.26500	111
3.26867	110
3.27233	110
3.27600	111
3.27967	109
3.28333	108
3.28700	109
3.29067	111
3.29433	113
3.29800	111
3.30167	109
3.30533	106
3.30900	104
3.31267	103
3.31633	100
3.32000	97
3.32367	95
3.32733	95
3.33100	93
3.33467	94
3.33833	93
3.34200	90
3.34567	86
3.34933	83
3.35300	81
3.35667	80
3.36033	78
3.36400	76
3.36767	75
3.37133	72
3.37500	71
3.37867	69
3.38233	68
3.38600	68
3.38967	67
3.39333	67
3.39700	66
3.40067	69
3.40433	69
3.40800	67
3.41167	65
3.41533	64
3.41900	64
3.42267	63
3.42633	61
3.43000	59
3.43367	57
3.43733	56
3.44100	52
3.44467	50
3.44833	49
3.45200	50
3.45567	50
3.45933	50
3.46300	49
3.46667	46
3.47033	43
3.47400	41
3.47767	38
3.48133	35
3.48500	32
3.48867	33
3.49233	35
3.49600	36
3.49967	38
3.50333	39
3.50700	39
3.51067	36
3.51433	32
3.51800	28
3.52167	26
3.52533	27
3.52900	29
3.53267	32
3.53633	34
3.54000	32
3.54367	30
3.54733	29
3.55100	29
3.55467	28
3.55833	29
3.56200	28
3.56567	27
3.56933	27
3.57300	27
3.57667	28
3.58033	29
3.58400	26
3.58767	24
3.59133	23
3.59500	23
3.59867	23
3.60233	25
3.60600	28
3.60967	30
3.61333	28
3.61700	24
3.62067	23
3.62433	24
3.62800	24
3.63167	22
3.63533	21
3.63900	22
3.64267	22
3.64633	22
3.65000	20
3.65367	21
3.65733	23
3.66100	25
3.66467	24
3.66833	21
3.67200	19
3.67567	19
3.67933	19
3.68300	18
3.68667	18
3.69033	18
3.69400	18
3.69767	17
3.70133	17
3.70500	20
3.70867	20
3.71233	20
3.71600	21
3.71967	23
3.72333	23
3.72700	21
3.73067	20
3.73433	21
3.73800	22
3.74167	24
3.74533	25
3.74900	24
3.75267	22
3.75633	21
3.76000	21
3.76367	20
3.76733	20
3.77100	19
3.77467	17
3.77833	18
3.78200	17
3.78567	16
3.78933	15
3.79300	15
3.79667	15
3.80033	15
3.80400	14
3.80767	16
3.81133	18
3.81500	20
3.81867	22
3.82233	22
3.82600	21
3.82967	21
3.83333	20
3.83700	19
3.84067	18
3.84433	19
3.84800	20
3.85167	18
3.85533	16
3.85900	17
3.86267	19
3.86633	18
3.87000	18
3.87367	18
3.87733	19
3.88100	22
3.88467	24
3.88833	25
3.89200	27
3.89567	28
3.89933	30
3.90300	29
3.90667	27
3.91033	24
3.91400	23
3.91767	23
3.92133	24
3.92500	24
3.92867	24
3.93233	24
3.93600	25
3.93967	26
3.94333	25
3.94700	29
3.95067	30
3.95433	28
3.95800	28
3.96167	30
3.96533	30
3.96900	30
3.97267	30
3.97633	31
3.98000	30
3.98367	28
3.98733	26
3.99100	27
3.99467	27
3.99833	25

[Status Trace (Column Oven Temperature)]
Interval(msec)	1000
# of Points	240
Start Time(min)	0.002
End Time(min)	3.985
Intensity Units	
Intensity Multiplier	1
R.Time (min)	Intensity
0.00210	35.00
0.01877	35.01
0.03543	35.01
0.05210	35.01
0.06877	35.01
0.08543	35.02
0.10210	35.02
0.11877	35.01
0.13543	35.01
0.15210	34.99
0.16877	34.99
0.18543	34.98
0.20210	34.98
0.21877	34.99
0.23543	34.98
0.25210	34.98
0.26877	34.98
0.28543	34.98
0.30210	34.98
0.31877	35.00
0.33543	35.00
0.35210	35.00
0.36877	34.99
0.38543	34.99
0.40210	34.99
0.41877	34.99
0.43543	34.99
0.45210	34.99
0.46877	34.99
0.48543	34.99
0.50210	34.99
0.51877	34.99
0.53543	34.99
0.55210	35.00
0.56877	35.00
0.58543	35.01
0.60210	35.01
0.61877	35.02
0.63543	35.02
0.65210	35.02
0.66877	35.02
0.68543	35.01
0.70210	35.01
0.71877	35.01
0.73543	35.01
0.75210	35.02
0.76877	35.04
0.78543	35.06
0.80210	35.07
0.81877	35.07
0.83543	35.05
0.85210	35.03
0.86877	35.02
0.88543	35.02
0.90210	35.02
0.91877	35.02
0.93543	35.01
0.95210	35.00
0.96877	34.98
0.98543	34.97
1.00210	34.97
1.01877	34.96
1.03543	34.96
1.05210	34.97
1.06877	34.97
1.08543	34.97
1.10210	34.98
1.11877	34.98
1.13543	34.99
1.15210	35.00
1.16877	34.99
1.18543	34.99
1.20210	34.99
1.21877	35.00
1.23543	35.00
1.25210	35.00
1.26877	35.01
1.28543	35.02
1.30210	35.02
1.31877	35.02
1.33543	35.01
1.35210	35.01
1.36877	35.00
1.38543	34.99
1.40210	34.98
1.41877	34.98
1.43543	34.99
1.45210	34.99
1.46877	34.99
1.48543	34.99
1.50210	34.98
1.51877	34.98
1.53543	34.97
1.55210	34.98
1.56877	34.98
1.58543	34.98
1.60210	35.01
1.61877	35.11
1.63543	35.29
1.65210	35.51
1.66877	35.82
1.68543	36.21
1.70210	36.57
1.71877	36.92
1.73543	37.25
1.75210	37.55
1.76877	37.87
1.78543	38.21
1.80210	38.53
1.81877	38.88
1.83543	39.20
1.85210	39.54
1.86877	39.89
1.88543	40.20
1.90210	40.54
1.91877	40.87
1.93543	41.20
1.95210	41.52
1.96877	41.85
1.98543	42.19
2.00210	42.51
2.01877	42.84
2.03543	43.16
2.05210	43.51
2.06877	43.83
2.08543	44.13
2.10210	44.47
2.11877	44.79
2.13543	45.12
2.15210	45.43
2.16877	45.75
2.18543	46.08
2.20210	46.40
2.21877	46.72
2.23543	47.03
2.25210	47.38
2.26877	47.72
2.28543	48.06
2.30210	48.40
2.31877	48.72
2.33543	49.04
2.35210	49.35
2.36877	49.62
2.38543	49.73
2.40210	49.73
2.41877	49.74
2.43543	49.76
2.45210	49.76
2.46877	49.77
2.48543	49.78
2.50210	49.80
2.51877	49.80
2.53543	49.80
2.55210	49.80
2.56877	49.81
2.58543	49.82
2.60210	49.82
2.61877	49.83
2.63543	49.83
2.65210	49.84
2.66877	49.88
2.68543	49.88
2.70210	49.88
2.71877	49.87
2.73543	49.86
2.75210	49.86
2.76877	49.87
2.78543	49.88
2.80210	49.89
2.81877	49.90
2.83543	49.91
2.85210	49.94
2.86877	49.96
2.88543	49.97
2.90210	49.97
2.91877	49.97
2.93543	49.97
2.95210	49.98
2.96877	49.99
2.98543	49.99
3.00210	50.00
3.01877	50.01
3.03543	50.02
3.05210	50.03
3.06877	50.04
3.08543	50.07
3.10210	50.08
3.11877	50.09
3.13543	50.10
3.15210	50.11
3.16877	50.11
3.18543	50.10
3.20210	50.08
3.21877	50.06
3.23543	50.04
3.25210	50.04
3.26877	50.04
3.28543	50.03
3.30210	50.02
3.31877	50.02
3.33543	50.03
3.35210	50.02
3.36877	50.02
3.38543	50.02
3.40210	50.02
3.41877	50.03
3.43543	50.04
3.45210	50.05
3.46877	50.05
3.48543	50.06
3.50210	50.06
3.51877	50.06
3.53543	50.07
3.55210	50.07
3.56877	50.07
3.58543	50.07
3.60210	50.07
3.61877	50.08
3.63543	50.08
3.65210	50.09
3.66877	50.10
3.68543	50.09
3.70210	50.09
3.71877	50.09
3.73543	50.09
3.75210	50.09
3.76877	50.09
3.78543	50.09
3.80210	50.08
3.81877	50.08
3.83543	50.08
3.85210	50.08
3.86877	50.08
3.88543	50.07
3.90210	50.07
3.91877	50.07
3.93543	50.07
3.95210	50.07
3.96877	50.07
3.98543	50.06

[Status Trace (Injection Unit Temperature)]
Interval(msec)	1000
# of Points	240
Start Time(min)	0.002
End Time(min)	3.985
Intensity Units	
Intensity Multiplier	1
R.Time (min)	Intensity
0.00210	99.99
0.01877	99.99
0.03543	99.99
0.05210	99.99
0.06877	99.99
0.08543	99.99
0.10210	99.99
0.11877	99.99
0.13543	99.99
0.15210	99.99
0.16877	99.99
0.18543	99.99
0.20210	100.00
0.21877	99.99
0.23543	99.99
0.25210	99.99
0.26877	99.99
0.28543	99.99
0.30210	99.99
0.31877	99.99
0.33543	99.99
0.35210	99.99
0.36877	99.99
0.38543	99.99
0.40210	100.00
0.41877	100.00
0.43543	99.99
0.45210	100.00
0.46877	100.00
0.48543	99.99
0.50210	99.99
0.51877	100.00
0.53543	100.00
0.55210	99.99
0.56877	99.99
0.58543	100.00
0.60210	99.99
0.61877	100.00
0.63543	100.00
0.65210	99.99
0.66877	100.00
0.68543	100.00
0.70210	100.00
0.71877	100.00
0.73543	99.99
0.75210	100.00
0.76877	100.00
0.78543	99.99
0.80210	100.00
0.81877	100.00
0.83543	100.00
0.85210	99.99
0.86877	100.00
0.88543	99.99
0.90210	99.99
0.91877	100.00
0.93543	100.00
0.95210	99.99
0.96877	100.00
0.98543	99.99
1.00210	100.00
1.01877	99.99
1.03543	99.99
1.05210	99.99
1.06877	100.00
1.08543	99.99
1.10210	99.99
1.11877	99.99
1.13543	99.99
1.15210	99.99
1.16877	99.99
1.18543	100.00
1.20210	99.99
1.21877	99.99
1.23543	100.00
1.25210	100.00
1.26877	100.00
1.28543	100.00
1.30210	99.99
1.31877	100.00
1.33543	100.00
1.35210	99.99
1.36877	100.00
1.38543	100.00
1.40210	100.00
1.41877	100.00
1.43543	100.00
1.45210	100.00
1.46877	100.00
1.48543	100.00
1.50210	100.00
1.51877	100.00
1.53543	100.00
1.55210	100.00
1.56877	100.00
1.58543	100.00
1.60210	100.00
1.61877	100.00
1.63543	100.00
1.65210	100.00
1.66877	99.99
1.68543	100.00
1.70210	100.00
1.71877	100.00
1.73543	100.00
1.75210	100.00
1.76877	100.00
1.78543	100.00
1.80210	100.00
1.81877	100.00
1.83543	100.00
1.85210	99.99
1.86877	99.99
1.88543	99.99
1.90210	99.99
1.91877	99.99
1.93543	99.99
1.95210	99.99
1.96877	99.99
1.98543	99.99
2.00210	99.99
2.01877	99.99
2.03543	99.98
2.05210	99.99
2.06877	99.99
2.08543	99.98
2.10210	99.99
2.11877	99.98
2.13543	99.98
2.15210	99.98
2.16877	99.98
2.18543	99.98
2.20210	99.98
2.21877	99.98
2.23543	99.98
2.25210	99.98
2.26877	99.98
2.28543	99.98
2.30210	99.98
2.31877	99.98
2.33543	99.98
2.35210	99.98
2.36877	99.98
2.38543	99.98
2.40210	99.98
2.41877	99.98
2.43543	99.98
2.45210	99.98
2.46877	99.98
2.48543	99.98
2.50210	99.98
2.51877	99.98
2.53543	99.98
2.55210	99.98
2.56877	99.98
2.58543	99.98
2.60210	99.99
2.61877	99.99
2.63543	99.98
2.65210	99.99
2.66877	99.99
2.68543	99.99
2.70210	99.99
2.71877	99.99
2.73543	99.99
2.75210	100.00
2.76877	100.00
2.78543	100.00
2.80210	100.00
2.81877	100.00
2.83543	100.01
2.85210	100.00
2.86877	100.01
2.88543	100.01
2.90210	100.01
2.91877	100.01
2.93543	100.01
2.95210	100.01
2.96877	100.01
2.98543	100.02
3.00210	100.02
3.01877	100.02
3.03543	100.02
3.05210	100.03
3.06877	100.03
3.08543	100.02
3.10210	100.03
3.11877	100.03
3.13543	100.03
3.15210	100.03
3.16877	100.03
3.18543	100.03
3.20210	100.03
3.21877	100.03
3.23543	100.04
3.25210	100.04
3.26877	100.04
3.28543	100.04
3.30210	100.03
3.31877	100.04
3.33543	100.04
3.35210	100.04
3.36877	100.05
3.38543	100.04
3.40210	100.05
3.41877	100.05
3.43543	100.05
3.45210	100.04
3.46877	100.05
3.48543	100.05
3.50210	100.05
3.51877	100.05
3.53543	100.06
3.55210	100.05
3.56877	100.05
3.58543	100.05
3.60210	100.05
3.61877	100.05
3.63543	100.06
3.65210	100.05
3.66877	100.06
3.68543	100.06
3.70210	100.05
3.71877	100.06
3.73543	100.05
3.75210	100.06
3.76877	100.06
3.78543	100.06
3.80210	100.06
3.81877	100.06
3.83543	100.06
3.85210	100.06
3.86877	100.06
3.88543	100.06
3.90210	100.05
3.91877	100.06
3.93543	100.05
3.95210	100.05
3.96877	100.06
3.98543	100.05

[Status Trace (Carrier Gas Pressure)]
Interval(msec)	1000
# of Points	240
Start Time(min)	0.002
End Time(min)	3.985
Intensity Units	
Intensity Multiplier	1
R.Time (min)	Intensity
0.00210	58.00
0.01877	56.33
0.03543	56.30
0.05210	58.44
0.06877	59.90
0.08543	58.33
0.10210	57.97
0.11877	58.00
0.13543	58.01
0.15210	58.01
0.16877	58.00
0.18543	58.00
0.20210	58.00
0.21877	58.00
0.23543	58.00
0.25210	58.00
0.26877	58.00
0.28543	58.00
0.30210	58.00
0.31877	58.00
0.33543	58.00
0.35210	58.00
0.36877	58.00
0.38543	58.00
0.40210	58.00
0.41877	58.00
0.43543	58.00
0.45210	58.00
0.46877	58.00
0.48543	58.00
0.50210	58.00
0.51877	58.00
0.53543	58.00
0.55210	58.00
0.56877	58.00
0.58543	58.00
0.60210	58.00
0.61877	58.00
0.63543	58.00
0.65210	58.00
0.66877	58.00
0.68543	58.00
0.70210	58.00
0.71877	58.00
0.73543	58.00
0.75210	58.00
0.76877	58.00
0.78543	58.00
0.80210	58.00
0.81877	58.00
0.83543	58.00
0.85210	58.00
0.86877	58.00
0.88543	58.00
0.90210	58.00
0.91877	58.00
0.93543	58.00
0.95210	58.00
0.96877	58.00
0.98543	58.00
1.00210	58.00
1.01877	58.00
1.03543	58.00
1.05210	58.00
1.06877	58.00
1.08543	58.00
1.10210	58.00
1.11877	58.00
1.13543	58.00
1.15210	58.00
1.16877	58.00
1.18543	58.00
1.20210	58.00
1.21877	58.00
1.23543	58.00
1.25210	58.00
1.26877	58.00
1.28543	58.00
1.30210	58.00
1.31877	58.00
1.33543	58.00
1.35210	58.00
1.36877	58.00
1.38543	58.00
1.40210	58.00
1.41877	58.00
1.43543	58.00
1.45210	58.00
1.46877	58.00
1.48543	58.00
1.50210	58.00
1.51877	58.00
1.53543	58.00
1.55210	58.00
1.56877	58.00
1.58543	58.00
1.60210	58.00
1.61877	58.00
1.63543	58.00
1.65210	58.00
1.66877	58.01
1.68543	58.01
1.70210	58.00
1.71877	58.00
1.73543	58.00
1.75210	58.00
1.76877	58.00
1.78543	58.00
1.80210	58.00
1.81877	58.00
1.83543	58.00
1.85210	58.00
1.86877	58.00
1.88543	58.00
1.90210	58.00
1.91877	58.00
1.93543	58.00
1.95210	58.00
1.96877	58.00
1.98543	58.00
2.00210	58.00
2.01877	58.00
2.03543	58.00
2.05210	58.00
2.06877	58.00
2.08543	58.00
2.10210	58.00
2.11877	58.00
2.13543	58.00
2.15210	58.00
2.16877	58.00
2.18543	58.00
2.20210	58.00
2.21877	58.00
2.23543	58.00
2.25210	58.00
2.26877	58.00
2.28543	58.00
2.30210	58.00
2.31877	58.00
2.33543	58.00
2.35210	58.00
2.36877	58.00
2.38543	57.99
2.40210	57.99
2.41877	58.00
2.43543	58.00
2.45210	58.00
2.46877	58.00
2.48543	58.00
2.50210	58.00
2.51877	58.02
2.53543	57.99
2.55210	58.00
2.56877	58.00
2.58543	58.00
2.60210	58.00
2.61877	58.00
2.63543	58.00
2.65210	58.00
2.66877	58.00
2.68543	58.00
2.70210	58.00
2.71877	58.00
2.73543	58.00
2.75210	58.00
2.76877	58.00
2.78543	58.00
2.80210	58.00
2.81877	58.00
2.83543	58.00
2.85210	58.00
2.86877	58.00
2.88543	58.00
2.90210	58.00
2.91877	58.00
2.93543	58.00
2.95210	58.00
2.96877	58.00
2.98543	58.00
3.00210	58.00
3.01877	58.00
3.03543	58.00
3.05210	58.00
3.06877	58.00
3.08543	58.00
3.10210	58.00
3.11877	58.00
3.13543	58.00
3.15210	58.00
3.16877	58.00
3.18543	58.00
3.20210	58.00
3.21877	58.00
3.23543	58.00
3.25210	58.00
3.26877	58.00
3.28543	58.00
3.30210	58.00
3.31877	58.00
3.33543	58.00
3.35210	58.00
3.36877	58.00
3.38543	58.00
3.40210	58.00
3.41877	58.00
3.43543	58.00
3.45210	58.00
3.46877	58.00
3.48543	58.00
3.50210	58.00
3.51877	58.00
3.53543	58.00
3.55210	58.00
3.56877	58.00
3.58543	58.00
3.60210	58.00
3.61877	58.00
3.63543	58.00
3.65210	58.00
3.66877	58.00
3.68543	58.00
3.70210	58.00
3.71877	58.00
3.73543	58.00
3.75210	58.00
3.76877	58.00
3.78543	58.00
3.80210	58.00
3.81877	58.00
3.83543	58.00
3.85210	58.00
3.86877	58.00
3.88543	58.00
3.90210	58.00
3.91877	58.00
3.93543	58.00
3.95210	58.00
3.96877	58.00
3.98543	58.00

[Status Trace (Carrier Gas Flow)]
Interval(msec)	1000
# of Points	240
Start Time(min)	0.002
End Time(min)	3.985
Intensity Units	
Intensity Multiplier	1
R.Time (min)	Intensity
0.00210	34.52
0.01877	34.52
0.03543	34.54
0.05210	34.55
0.06877	34.49
0.08543	34.52
0.10210	34.51
0.11877	34.52
0.13543	34.52
0.15210	34.52
0.16877	34.52
0.18543	34.52
0.20210	34.52
0.21877	34.52
0.23543	34.52
0.25210	34.52
0.26877	34.52
0.28543	34.52
0.30210	34.52
0.31877	34.52
0.33543	34.52
0.35210	34.52
0.36877	34.52
0.38543	34.52
0.40210	34.52
0.41877	34.52
0.43543	34.52
0.45210	34.52
0.46877	34.52
0.48543	34.52
0.50210	34.52
0.51877	34.52
0.53543	34.52
0.55210	34.52
0.56877	34.52
0.58543	34.52
0.60210	34.52
0.61877	34.52
0.63543	34.52
0.65210	34.52
0.66877	34.52
0.68543	34.52
0.70210	34.52
0.71877	34.52
0.73543	34.52
0.75210	34.52
0.76877	34.52
0.78543	34.52
0.80210	34.52
0.81877	34.52
0.83543	34.52
0.85210	34.52
0.86877	34.52
0.88543	34.52
0.90210	34.52
0.91877	34.52
0.93543	34.52
0.95210	34.52
0.96877	34.52
0.98543	34.52
1.00210	34.52
1.01877	34.52
1.03543	34.52
1.05210	34.52
1.06877	34.52
1.08543	34.52
1.10210	34.52
1.11877	34.52
1.13543	34.52
1.15210	34.52
1.16877	34.52
1.18543	34.52
1.20210	34.52
1.21877	34.52
1.23543	34.52
1.25210	34.52
1.26877	34.52
1.28543	34.52
1.30210	34.52
1.31877	34.52
1.33543	34.52
1.35210	34.52
1.36877	34.52
1.38543	34.52
1.40210	34.52
1.41877	34.52
1.43543	34.52
1.45210	34.52
1.46877	34.52
1.48543	34.52
1.50210	34.52
1.51877	34.52
1.53543	34.52
1.55210	34.52
1.56877	34.52
1.58543	34.52
1.60210	34.52
1.61877	34.52
1.63543	34.52
1.65210	34.52
1.66877	34.52
1.68543	34.52
1.70210	34.52
1.71877	34.52
1.73543	34.52
1.75210	34.52
1.76877	34.52
1.78543	34.52
1.80210	34.52
1.81877	34.52
1.83543	34.52
1.85210	34.52
1.86877	34.52
1.88543	34.52
1.90210	34.52
1.91877	34.52
1.93543	34.52
1.95210	34.52
1.96877	34.52
1.98543	34.52
2.00210	34.52
2.01877	34.52
2.03543	34.52
2.05210	34.52
2.06877	34.52
2.08543	34.52
2.10210	34.52
2.11877	34.52
2.13543	34.52
2.15210	34.52
2.16877	34.52
2.18543	34.52
2.20210	34.52
2.21877	34.52
2.23543	34.52
2.25210	34.52
2.26877	34.52
2.28543	34.52
2.30210	34.52
2.31877	34.52
2.33543	34.52
2.35210	34.52
2.36877	34.52
2.38543	34.53
2.40210	34.52
2.41877	34.52
2.43543	34.52
2.45210	34.52
2.46877	34.52
2.48543	34.52
2.50210	34.53
2.51877	34.50
2.53543	34.52
2.55210	34.52
2.56877	34.52
2.58543	34.52
2.60210	34.52
2.61877	34.52
2.63543	34.52
2.65210	34.52
2.66877	34.52
2.68543	34.52
2.70210	34.52
2.71877	34.52
2.73543	34.52
2.75210	34.52
2.76877	34.52
2.78543	34.52
2.80210	34.52
2.81877	34.52
2.83543	34.52
2.85210	34.52
2.86877	34.52
2.88543	34.52
2.90210	34.52
2.91877	34.52
2.93543	34.52
2.95210	34.52
2.96877	34.52
2.98543	34.52
3.00210	34.52
3.01877	34.52
3.03543	34.52
3.05210	34.52
3.06877	34.52
3.08543	34.52
3.10210	34.52
3.11877	34.52
3.13543	34.52
3.15210	34.52
3.16877	34.52
3.18543	34.52
3.20210	34.52
3.21877	34.52
3.23543	34.52
3.25210	34.52
3.26877	34.52
3.28543	34.52
3.30210	34.52
3.31877	34.52
3.33543	34.52
3.35210	34.52
3.36877	34.52
3.38543	34.52
3.40210	34.52
3.41877	34.52
3.43543	34.52
3.45210	34.52
3.46877	34.52
3.48543	34.52
3.50210	34.52
3.51877	34.52
3.53543	34.52
3.55210	34.52
3.56877	34.52
3.58543	34.52
3.60210	34.52
3.61877	34.52
3.63543	34.52
3.65210	34.52
3.66877	34.52
3.68543	34.52
3.70210	34.52
3.71877	34.52
3.73543	34.52
3.75210	34.52
3.76877	34.52
3.78543	34.52
3.80210	34.52
3.81877	34.52
3.83543	34.52
3.85210	34.52
3.86877	34.52
3.88543	34.52
3.90210	34.52
3.91877	34.52
3.93543	34.52
3.95210	34.52
3.96877	34.52
3.98543	34.52

[Status Trace (Column Flow)]
Interval(msec)	1000
# of Points	240
Start Time(min)	0.002
End Time(min)	3.985
Intensity Units	
Intensity Multiplier	1
R.Time (min)	Intensity
0.00210	5.52
0.01877	5.33
0.03543	5.32
0.05210	5.57
0.06877	5.74
0.08543	5.56
0.10210	5.52
0.11877	5.52
0.13543	5.52
0.15210	5.52
0.16877	5.52
0.18543	5.52
0.20210	5.52
0.21877	5.52
0.23543	5.52
0.25210	5.52
0.26877	5.52
0.28543	5.52
0.30210	5.52
0.31877	5.52
0.33543	5.52
0.35210	5.52
0.36877	5.52
0.38543	5.52
0.40210	5.52
0.41877	5.52
0.43543	5.52
0.45210	5.52
0.46877	5.52
0.48543	5.52
0.50210	5.52
0.51877	5.52
0.53543	5.52
0.55210	5.52
0.56877	5.52
0.58543	5.52
0.60210	5.52
0.61877	5.52
0.63543	5.52
0.65210	5.52
0.66877	5.52
0.68543	5.52
0.70210	5.52
0.71877	5.52
0.73543	5.52
0.75210	5.52
0.76877	5.52
0.78543	5.52
0.80210	5.52
0.81877	5.52
0.83543	5.52
0.85210	5.52
0.86877	5.52
0.88543	5.52
0.90210	5.52
0.91877	5.52
0.93543	5.52
0.95210	5.52
0.96877	5.52
0.98543	5.52
1.00210	5.52
1.01877	5.52
1.03543	5.52
1.05210	5.52
1.06877	5.52
1.08543	5.52
1.10210	5.52
1.11877	5.52
1.13543	5.52
1.15210	5.52
1.16877	5.52
1.18543	5.52
1.20210	5.52
1.21877	5.52
1.23543	5.52
1.25210	5.52
1.26877	5.52
1.28543	5.52
1.30210	5.52
1.31877	5.52
1.33543	5.52
1.35210	5.52
1.36877	5.52
1.38543	5.52
1.40210	5.52
1.41877	5.52
1.43543	5.52
1.45210	5.52
1.46877	5.52
1.48543	5.52
1.50210	5.52
1.51877	5.52
1.53543	5.52
1.55210	5.52
1.56877	5.52
1.58543	5.52
1.60210	5.52
1.61877	5.52
1.63543	5.51
1.65210	5.51
1.66877	5.50
1.68543	5.48
1.70210	5.47
1.71877	5.46
1.73543	5.45
1.75210	5.44
1.76877	5.43
1.78543	5.42
1.80210	5.41
1.81877	5.40
1.83543	5.39
1.85210	5.38
1.86877	5.37
1.88543	5.36
1.90210	5.35
1.91877	5.34
1.93543	5.33
1.95210	5.32
1.96877	5.31
1.98543	5.30
2.00210	5.29
2.01877	5.28
2.03543	5.27
2.05210	5.26
2.06877	5.25
2.08543	5.24
2.10210	5.24
2.11877	5.23
2.13543	5.22
2.15210	5.21
2.16877	5.20
2.18543	5.19
2.20210	5.18
2.21877	5.17
2.23543	5.16
2.25210	5.15
2.26877	5.14
2.28543	5.13
2.30210	5.12
2.31877	5.11
2.33543	5.11
2.35210	5.10
2.36877	5.09
2.38543	5.09
2.40210	5.08
2.41877	5.09
2.43543	5.09
2.45210	5.08
2.46877	5.08
2.48543	5.08
2.50210	5.08
2.51877	5.09
2.53543	5.08
2.55210	5.08
2.56877	5.08
2.58543	5.08
2.60210	5.08
2.61877	5.08
2.63543	5.08
2.65210	5.08
2.66877	5.08
2.68543	5.08
2.70210	5.08
2.71877	5.08
2.73543	5.08
2.75210	5.08
2.76877	5.08
2.78543	5.08
2.80210	5.08
2.81877	5.08
2.83543	5.08
2.85210	5.08
2.86877	5.08
2.88543	5.08
2.90210	5.08
2.91877	5.08
2.93543	5.08
2.95210	5.08
2.96877	5.08
2.98543	5.08
3.00210	5.08
3.01877	5.08
3.03543	5.08
3.05210	5.08
3.06877	5.08
3.08543	5.08
3.10210	5.08
3.11877	5.08
3.13543	5.08
3.15210	5.08
3.16877	5.08
3.18543	5.08
3.20210	5.08
3.21877	5.08
3.23543	5.08
3.25210	5.08
3.26877	5.08
3.28543	5.08
3.30210	5.08
3.31877	5.08
3.33543	5.08
3.35210	5.08
3.36877	5.08
3.38543	5.08
3.40210	5.08
3.41877	5.08
3.43543	5.08
3.45210	5.08
3.46877	5.08
3.48543	5.08
3.50210	5.08
3.51877	5.08
3.53543	5.08
3.55210	5.08
3.56877	5.08
3.58543	5.08
3.60210	5.08
3.61877	5.08
3.63543	5.08
3.65210	5.08
3.66877	5.08
3.68543	5.08
3.70210	5.08
3.71877	5.08
3.73543	5.08
3.75210	5.08
3.76877	5.08
3.78543	5.08
3.80210	5.08
3.81877	5.08
3.83543	5.08
3.85210	5.08
3.86877	5.08
3.88543	5.08
3.90210	5.08
3.91877	5.08
3.93543	5.08
3.95210	5.08
3.96877	5.08
3.98543	5.08

[Status Trace (Linear Velocity)]
Interval(msec)	1000
# of Points	240
Start Time(min)	0.002
End Time(min)	3.985
Intensity Units	
Intensity Multiplier	1
R.Time (min)	Intensity
0.00210	39.02
0.01877	37.92
0.03543	37.90
0.05210	39.31
0.06877	40.26
0.08543	39.23
0.10210	38.99
0.11877	39.02
0.13543	39.02
0.15210	39.02
0.16877	39.02
0.18543	39.02
0.20210	39.02
0.21877	39.02
0.23543	39.02
0.25210	39.02
0.26877	39.02
0.28543	39.02
0.30210	39.02
0.31877	39.02
0.33543	39.02
0.35210	39.02
0.36877	39.02
0.38543	39.02
0.40210	39.02
0.41877	39.02
0.43543	39.02
0.45210	39.02
0.46877	39.02
0.48543	39.02
0.50210	39.02
0.51877	39.02
0.53543	39.02
0.55210	39.02
0.56877	39.02
0.58543	39.02
0.60210	39.02
0.61877	39.02
0.63543	39.01
0.65210	39.02
0.66877	39.02
0.68543	39.02
0.70210	39.02
0.71877	39.02
0.73543	39.02
0.75210	39.01
0.76877	39.01
0.78543	39.01
0.80210	39.01
0.81877	39.01
0.83543	39.01
0.85210	39.01
0.86877	39.02
0.88543	39.02
0.90210	39.01
0.91877	39.02
0.93543	39.02
0.95210	39.02
0.96877	39.02
0.98543	39.02
1.00210	39.02
1.01877	39.02
1.03543	39.02
1.05210	39.02
1.06877	39.02
1.08543	39.02
1.10210	39.02
1.11877	39.02
1.13543	39.02
1.15210	39.02
1.16877	39.02
1.18543	39.02
1.20210	39.02
1.21877	39.02
1.23543	39.02
1.25210	39.02
1.26877	39.02
1.28543	39.01
1.30210	39.01
1.31877	39.01
1.33543	39.02
1.35210	39.02
1.36877	39.02
1.38543	39.02
1.40210	39.02
1.41877	39.02
1.43543	39.02
1.45210	39.02
1.46877	39.02
1.48543	39.02
1.50210	39.02
1.51877	39.02
1.53543	39.02
1.55210	39.02
1.56877	39.02
1.58543	39.02
1.60210	39.02
1.61877	39.01
1.63543	38.99
1.65210	38.97
1.66877	38.94
1.68543	38.90
1.70210	38.87
1.71877	38.83
1.73543	38.80
1.75210	38.78
1.76877	38.74
1.78543	38.71
1.80210	38.68
1.81877	38.65
1.83543	38.62
1.85210	38.59
1.86877	38.55
1.88543	38.52
1.90210	38.49
1.91877	38.46
1.93543	38.43
1.95210	38.40
1.96877	38.37
1.98543	38.34
2.00210	38.31
2.01877	38.28
2.03543	38.25
2.05210	38.22
2.06877	38.19
2.08543	38.16
2.10210	38.13
2.11877	38.10
2.13543	38.07
2.15210	38.04
2.16877	38.01
2.18543	37.98
2.20210	37.96
2.21877	37.93
2.23543	37.90
2.25210	37.87
2.26877	37.84
2.28543	37.80
2.30210	37.78
2.31877	37.75
2.33543	37.72
2.35210	37.69
2.36877	37.67
2.38543	37.65
2.40210	37.65
2.41877	37.65
2.43543	37.65
2.45210	37.65
2.46877	37.65
2.48543	37.65
2.50210	37.65
2.51877	37.66
2.53543	37.65
2.55210	37.65
2.56877	37.65
2.58543	37.65
2.60210	37.65
2.61877	37.65
2.63543	37.65
2.65210	37.65
2.66877	37.64
2.68543	37.64
2.70210	37.64
2.71877	37.64
2.73543	37.64
2.75210	37.65
2.76877	37.64
2.78543	37.64
2.80210	37.64
2.81877	37.64
2.83543	37.64
2.85210	37.64
2.86877	37.64
2.88543	37.64
2.90210	37.64
2.91877	37.64
2.93543	37.63
2.95210	37.63
2.96877	37.63
2.98543	37.63
3.00210	37.63
3.01877	37.63
3.03543	37.63
3.05210	37.63
3.06877	37.63
3.08543	37.63
3.10210	37.63
3.11877	37.62
3.13543	37.62
3.15210	37.62
3.16877	37.62
3.18543	37.62
3.20210	37.62
3.21877	37.63
3.23543	37.63
3.25210	37.63
3.26877	37.63
3.28543	37.63
3.30210	37.63
3.31877	37.63
3.33543	37.63
3.35210	37.63
3.36877	37.63
3.38543	37.63
3.40210	37.63
3.41877	37.63
3.43543	37.63
3.45210	37.63
3.46877	37.63
3.48543	37.63
3.50210	37.63
3.51877	37.63
3.53543	37.63
3.55210	37.63
3.56877	37.63
3.58543	37.63
3.60210	37.63
3.61877	37.63
3.63543	37.63
3.65210	37.62
3.66877	37.62
3.68543	37.62
3.70210	37.62
3.71877	37.62
3.73543	37.62
3.75210	37.62
3.76877	37.62
3.78543	37.62
3.80210	37.63
3.81877	37.63
3.83543	37.63
3.85210	37.62
3.86877	37.63
3.88543	37.63
3.90210	37.63
3.91877	37.63
3.93543	37.63
3.95210	37.63
3.96877	37.63
3.98543	37.63

