[Header]
Application Name	LabSolutions
Version	5.110
Data File Name	C:\Users\User\Desktop\GC Analyses\Jack\UIC Prairie Sampling\9.16.22\220916_076.gcd
Output Date	11/29/2022
Output Time	11:10:20 AM

[File Information]
Type	Data File
Generated	11/16/2022 11:51:49 AM
Generated by	System Administrator
Modified	11/16/2022 11:56:17 AM
Modified by	System Administrator

[Sample Information]
Operator Name	System Administrator
Acquired	11/16/2022 11:52:16 AM
Sample Type	1:Standard
Level	1
Sample Name	220916_UICPrairie
Sample ID	220916_UICPrairie
ISTD Amount1	1
ISTD Amount2	1
ISTD Amount3	1
ISTD Amount4	1
ISTD Amount5	1
ISTD Amount6	1
ISTD Amount7	1
ISTD Amount8	1
ISTD Amount9	1
ISTD Amount10	1
ISTD Amount11	1
ISTD Amount12	1
ISTD Amount13	1
ISTD Amount14	1
ISTD Amount15	1
ISTD Amount16	1
ISTD Amount17	1
ISTD Amount18	1
ISTD Amount19	1
ISTD Amount20	1
ISTD Amount21	1
ISTD Amount22	1
ISTD Amount23	1
ISTD Amount24	1
ISTD Amount25	1
ISTD Amount26	1
ISTD Amount27	1
ISTD Amount28	1
ISTD Amount29	1
ISTD Amount30	1
ISTD Amount31	1
ISTD Amount32	1
Sample Amount	1
Dilution Factor	1
Vial#	1
Injection Volume	1
Injection Count	1
Bar Code	

[Original Files]
Data File	C:\Users\User\Desktop\GC Analyses\Jack\UIC Prairie Sampling\9.16.22\220916_076.gcd
Method File	C:\LabSolutions\Data\GHG_4min_2022\ghg3_togas_w_acet_4 min_new_int.gcm
Batch File	
Report Format File	c:\LabSolutions\System\DEFAULT.lsr

[File Description]


[Configuration]
Instrument Name	C0B7VH3-Instrument1
Instrument #	1
Line #	1
# of Detectors	3
Detector ID	DET#1	DET#2	DET#3
Detector Name	FID	PTCD	ECD
# of Channels	1	1	1

[Peak Table(Ch1)]
# of Peaks	3
Peak#	R.Time	I.Time	F.Time	Area	Height	A/H	Conc.	Mark	ID#	Name	k'	Plate #	Plate Ht.	Tailing	Resolution	Sep.Factor	Area Ratio	Height Ratio	Conc. %	Norm Conc.
1	1.468	1.428	1.534	3497	1101	3.176	100.000	   	1	CO	0.000	4852	30.914	0.000	0.000	0.000	0	0	16.667	16.667
2	1.571	1.534	1.637	21146	10652	1.985	100.000	 V 	2	CH4	0.070	11402	13.156	1.151	1.434	0.000	0	0	16.667	16.667
3	2.000	1.949	2.484	2173592	1036443	2.097	400.000	   	3	CO2	0.362	17408	8.617	1.194	7.181	5.179	0	0	66.667	66.667

[Peak Table(Ch2)]
# of Peaks	0

[Peak Table(Ch3)]
# of Peaks	4
Peak#	R.Time	I.Time	F.Time	Area	Height	A/H	Conc.	Mark	ID#	Name	k'	Plate #	Plate Ht.	Tailing	Resolution	Sep.Factor	Area Ratio	Height Ratio	Conc. %	Norm Conc.
1	2.462	2.147	2.568	4979	404	12.330	0.000	   			0.000	223	672.433	0.000	0.000	0.000	0	0	0.000	0.000
2	2.598	2.568	2.653	1190	350	3.405	0.000	 V 			0.055	381	393.952	0.000	0.228	0.000	0	0	0.000	0.000
3	2.884	2.664	3.430	68969	16737	4.121	1.000	   	1	N2O	0.171	12360	12.135	1.591	0.899	3.108	0	0	100.000	100.000
4	3.573	3.445	3.965	6128	337	18.174	0.000	   			0.451	755	198.569	2.071	2.210	2.635	0	0	0.000	0.000

[Compound Results(Ch1)]
# of IDs	6
ID#	Name	R.Time	Area	Height	Conc.	Curve	3rd	2nd	1st	Constant	Area Ratio	Height Ratio	Conc. %	Norm Conc.
1	CO	1.468	3497	1101	100.000	Linear	0.000000e+00	0.000000e+00	3.496658e+001	0.000000e+00	0	0	16.667	16.667
2	CH4	1.571	21146	10652	100.000	Linear	0.000000e+00	0.000000e+00	2.114615e+002	0.000000e+00	0	0	16.667	16.667
3	CO2	2.000	2173592	1036443	400.000	Linear	0.000000e+00	0.000000e+00	5.433980e+003	0.000000e+00	0	0	66.667	66.667
4	Ethylene	0.000	0	0	0.000	Linear	0.000000e+00	0.000000e+00	0.000000e+00	0.000000e+00	0	0	0.000	0.000
5	Acetylene	0.000	0	0	0.000	Linear	0.000000e+00	0.000000e+00	0.000000e+00	0.000000e+00	0	0	0.000	0.000
6	Ethane	0.000	0	0	0.000	Linear	0.000000e+00	0.000000e+00	0.000000e+00	0.000000e+00	0	0	0.000	0.000

[Compound Results(Ch2)]
# of IDs	5
ID#	Name	R.Time	Area	Height	Conc.	Curve	3rd	2nd	1st	Constant	Area Ratio	Height Ratio	Conc. %	Norm Conc.
1	Hydrogen	0.000	0	0	0.000	Linear	0.000000e+00	0.000000e+00	0.000000e+00	0.000000e+00	0	0	0.000	0.000
2	Oxygen	0.000	0	0	0.000	Linear	0.000000e+00	0.000000e+00	0.000000e+00	0.000000e+00	0	0	0.000	0.000
3	Nitrogen	0.000	0	0	0.000	Linear	0.000000e+00	0.000000e+00	0.000000e+00	0.000000e+00	0	0	0.000	0.000
4	Methane	0.000	0	0	0.000	Linear	0.000000e+00	0.000000e+00	0.000000e+00	0.000000e+00	0	0	0.000	0.000
5	Carbon Monoxide	0.000	0	0	0.000	Linear	0.000000e+00	0.000000e+00	0.000000e+00	0.000000e+00	0	0	0.000	0.000

[Compound Results(Ch3)]
# of IDs	2
ID#	Name	R.Time	Area	Height	Conc.	Curve	3rd	2nd	1st	Constant	Area Ratio	Height Ratio	Conc. %	Norm Conc.
1	N2O	2.884	68969	16737	1.000	Linear	0.000000e+00	0.000000e+00	6.896936e+004	0.000000e+00	0	0	100.000	100.000
2	SF6	0.000	0	0	0.000	Linear	0.000000e+00	0.000000e+00	0.000000e+00	0.000000e+00	0	0	0.000	0.000

[Group Results(Ch1)]
# of Groups	0

[Group Results(Ch2)]
# of Groups	0

[Group Results(Ch3)]
# of Groups	0

[Chromatogram (Ch1)]
Interval(msec)	220
# of Points	1091
Start Time(min)	0.002
End Time(min)	3.998
R.Time (min)	Intensity
0.00167	-2
0.00533	-1
0.00900	4
0.01267	11
0.01633	15
0.02000	14
0.02367	12
0.02733	9
0.03100	5
0.03467	3
0.03833	5
0.04200	10
0.04567	15
0.04933	21
0.05300	25
0.05667	29
0.06033	34
0.06400	36
0.06767	37
0.07133	36
0.07500	34
0.07867	34
0.08233	32
0.08600	30
0.08967	26
0.09333	24
0.09700	23
0.10067	20
0.10433	15
0.10800	9
0.11167	3
0.11533	1
0.11900	3
0.12267	9
0.12633	16
0.13000	20
0.13367	21
0.13733	19
0.14100	14
0.14467	7
0.14833	0
0.15200	-3
0.15567	-3
0.15933	-2
0.16300	-3
0.16667	-7
0.17033	-11
0.17400	-12
0.17767	-8
0.18133	-2
0.18500	4
0.18867	8
0.19233	9
0.19600	8
0.19967	7
0.20333	10
0.20700	17
0.21067	23
0.21433	24
0.21800	22
0.22167	17
0.22533	16
0.22900	20
0.23267	26
0.23633	27
0.24000	21
0.24367	10
0.24733	-3
0.25100	-13
0.25467	-18
0.25833	-23
0.26200	-30
0.26567	-36
0.26933	-38
0.27300	-35
0.27667	-28
0.28033	-19
0.28400	-11
0.28767	-5
0.29133	-3
0.29500	-5
0.29867	-7
0.30233	-8
0.30600	-7
0.30967	-7
0.31333	-8
0.31700	-7
0.32067	-5
0.32433	-2
0.32800	1
0.33167	3
0.33533	1
0.33900	-5
0.34267	-12
0.34633	-17
0.35000	-19
0.35367	-17
0.35733	-13
0.36100	-9
0.36467	-6
0.36833	-7
0.37200	-10
0.37567	-13
0.37933	-14
0.38300	-15
0.38667	-15
0.39033	-12
0.39400	-9
0.39767	-8
0.40133	-8
0.40500	-7
0.40867	-5
0.41233	-7
0.41600	-11
0.41967	-10
0.42333	-6
0.42700	-5
0.43067	-6
0.43433	-9
0.43800	-11
0.44167	-12
0.44533	-12
0.44900	-11
0.45267	-13
0.45633	-16
0.46000	-20
0.46367	-21
0.46733	-20
0.47100	-18
0.47467	-16
0.47833	-15
0.48200	-16
0.48567	-20
0.48933	-25
0.49300	-31
0.49667	-37
0.50033	-40
0.50400	-36
0.50767	-30
0.51133	-22
0.51500	-15
0.51867	-9
0.52233	-5
0.52600	-5
0.52967	-8
0.53333	-11
0.53700	-12
0.54067	-14
0.54433	-16
0.54800	-17
0.55167	-14
0.55533	-12
0.55900	-11
0.56267	-12
0.56633	-13
0.57000	-14
0.57367	-15
0.57733	-14
0.58100	-13
0.58467	-13
0.58833	-12
0.59200	-11
0.59567	-15
0.59933	-20
0.60300	-23
0.60667	-24
0.61033	-24
0.61400	-25
0.61767	-24
0.62133	-18
0.62500	-12
0.62867	-12
0.63233	-17
0.63600	-26
0.63967	-30
0.64333	-28
0.64700	-27
0.65067	-31
0.65433	-35
0.65800	-37
0.66167	-37
0.66533	-34
0.66900	-31
0.67267	-29
0.67633	-29
0.68000	-32
0.68367	-34
0.68733	-37
0.69100	-39
0.69467	-38
0.69833	-34
0.70200	-29
0.70567	-28
0.70933	-30
0.71300	-32
0.71667	-35
0.72033	-37
0.72400	-35
0.72767	-31
0.73133	-25
0.73500	-21
0.73867	-20
0.74233	-21
0.74600	-23
0.74967	-25
0.75333	-25
0.75700	-25
0.76067	-26
0.76433	-28
0.76800	-27
0.77167	-24
0.77533	-22
0.77900	-20
0.78267	-18
0.78633	-19
0.79000	-21
0.79367	-23
0.79733	-25
0.80100	-27
0.80467	-28
0.80833	-31
0.81200	-35
0.81567	-39
0.81933	-42
0.82300	-43
0.82667	-44
0.83033	-43
0.83400	-39
0.83767	-35
0.84133	-30
0.84500	-26
0.84867	-23
0.85233	-23
0.85600	-21
0.85967	-19
0.86333	-19
0.86700	-21
0.87067	-25
0.87433	-28
0.87800	-33
0.88167	-39
0.88533	-44
0.88900	-44
0.89267	-43
0.89633	-41
0.90000	-40
0.90367	-39
0.90733	-37
0.91100	-35
0.91467	-32
0.91833	-30
0.92200	-23
0.92567	-12
0.92933	-7
0.93300	-10
0.93667	-17
0.94033	-25
0.94400	-31
0.94767	-33
0.95133	-35
0.95500	-41
0.95867	-46
0.96233	-49
0.96600	-53
0.96967	-54
0.97333	-53
0.97700	-52
0.98067	-49
0.98433	-43
0.98800	-35
0.99167	-29
0.99533	-25
0.99900	-26
1.00267	-33
1.00633	-39
1.01000	-41
1.01367	-41
1.01733	-40
1.02100	-42
1.02467	-47
1.02833	-53
1.03200	-53
1.03567	-50
1.03933	-45
1.04300	-41
1.04667	-36
1.05033	-31
1.05400	-28
1.05767	-26
1.06133	-27
1.06500	-27
1.06867	-26
1.07233	-25
1.07600	-26
1.07967	-32
1.08333	-40
1.08700	-46
1.09067	-48
1.09433	-48
1.09800	-50
1.10167	-51
1.10533	-49
1.10900	-44
1.11267	-37
1.11633	-32
1.12000	-27
1.12367	-22
1.12733	-18
1.13100	-19
1.13467	-23
1.13833	-30
1.14200	-39
1.14567	-46
1.14933	-48
1.15300	-47
1.15667	-46
1.16033	-43
1.16400	-40
1.16767	-35
1.17133	-30
1.17500	-28
1.17867	-28
1.18233	-27
1.18600	-28
1.18967	-34
1.19333	-44
1.19700	-55
1.20067	-61
1.20433	-66
1.20800	-71
1.21167	-69
1.21533	-60
1.21900	-49
1.22267	-42
1.22633	-40
1.23000	-42
1.23367	-47
1.23733	-52
1.24100	-55
1.24467	-55
1.24833	-50
1.25200	-42
1.25567	-36
1.25933	-37
1.26300	-40
1.26667	-44
1.27033	-50
1.27400	-55
1.27767	-57
1.28133	-56
1.28500	-55
1.28867	-56
1.29233	-56
1.29600	-55
1.29967	-52
1.30333	-49
1.30700	-47
1.31067	-44
1.31433	-42
1.31800	-45
1.32167	-48
1.32533	-47
1.32900	-43
1.33267	-37
1.33633	-32
1.34000	-30
1.34367	-31
1.34733	-40
1.35100	-50
1.35467	-56
1.35833	-53
1.36200	-46
1.36567	-43
1.36933	-46
1.37300	-55
1.37667	-63
1.38033	-64
1.38400	-59
1.38767	-50
1.39133	-41
1.39500	-36
1.39867	-36
1.40233	-43
1.40600	-60
1.40967	-77
1.41333	-88
1.41700	-94
1.42067	-94
1.42433	-89
1.42800	-82
1.43167	-76
1.43533	-69
1.43900	-50
1.44267	26
1.44633	216
1.45000	479
1.45367	720
1.45733	889
1.46100	982
1.46467	1020
1.46833	1029
1.47200	1024
1.47567	1012
1.47933	989
1.48300	951
1.48667	889
1.49033	800
1.49400	690
1.49767	576
1.50133	468
1.50500	371
1.50867	286
1.51233	215
1.51600	159
1.51967	117
1.52333	87
1.52700	67
1.53067	50
1.53433	38
1.53800	63
1.54167	255
1.54533	893
1.54900	2212
1.55267	4111
1.55633	6184
1.56000	8038
1.56367	9469
1.56733	10368
1.57100	10605
1.57467	10063
1.57833	8807
1.58200	7129
1.58567	5397
1.58933	3877
1.59300	2680
1.59667	1800
1.60033	1183
1.60400	765
1.60767	484
1.61133	295
1.61500	169
1.61867	85
1.62233	29
1.62600	-6
1.62967	-23
1.63333	-28
1.63700	-31
1.64067	-36
1.64433	-44
1.64800	-51
1.65167	-57
1.65533	-59
1.65900	-60
1.66267	-62
1.66633	-65
1.67000	-70
1.67367	-74
1.67733	-74
1.68100	-73
1.68467	-73
1.68833	-75
1.69200	-79
1.69567	-83
1.69933	-89
1.70300	-93
1.70667	-95
1.71033	-95
1.71400	-94
1.71767	-91
1.72133	-87
1.72500	-81
1.72867	-73
1.73233	-66
1.73600	-63
1.73967	-65
1.74333	-68
1.74700	-70
1.75067	-71
1.75433	-75
1.75800	-79
1.76167	-78
1.76533	-76
1.76900	-73
1.77267	-71
1.77633	-69
1.78000	-65
1.78367	-63
1.78733	-63
1.79100	-64
1.79467	-65
1.79833	-67
1.80200	-69
1.80567	-72
1.80933	-75
1.81300	-76
1.81667	-75
1.82033	-75
1.82400	-76
1.82767	-78
1.83133	-79
1.83500	-81
1.83867	-81
1.84233	-76
1.84600	-69
1.84967	-67
1.85333	-72
1.85700	-80
1.86067	-86
1.86433	-91
1.86800	-92
1.87167	-91
1.87533	-85
1.87900	-77
1.88267	-71
1.88633	-65
1.89000	-61
1.89367	-60
1.89733	-60
1.90100	-58
1.90467	-56
1.90833	-56
1.91200	-59
1.91567	-60
1.91933	-62
1.92300	-66
1.92667	-66
1.93033	-66
1.93400	-69
1.93767	-76
1.94133	-82
1.94500	-85
1.94867	-83
1.95233	-67
1.95600	16
1.95967	512
1.96333	3056
1.96700	13049
1.97067	42878
1.97433	111413
1.97800	233656
1.98167	406055
1.98533	603174
1.98900	790298
1.99267	937135
1.99633	1022763
2.00000	1036401
2.00367	979270
2.00733	865286
2.01100	717989
2.01467	563343
2.01833	421855
2.02200	304758
2.02567	214750
2.02933	149152
2.03300	103076
2.03667	71485
2.04033	50136
2.04400	35798
2.04767	26158
2.05133	19634
2.05500	15169
2.05867	12063
2.06233	9858
2.06600	8253
2.06967	7052
2.07333	6129
2.07700	5405
2.08067	4830
2.08433	4361
2.08800	3977
2.09167	3667
2.09533	3403
2.09900	3169
2.10267	2959
2.10633	2771
2.11000	2603
2.11367	2456
2.11733	2327
2.12100	2208
2.12467	2096
2.12833	1994
2.13200	1901
2.13567	1817
2.13933	1740
2.14300	1668
2.14667	1599
2.15033	1532
2.15400	1469
2.15767	1418
2.16133	1376
2.16500	1336
2.16867	1296
2.17233	1251
2.17600	1204
2.17967	1164
2.18333	1128
2.18700	1097
2.19067	1069
2.19433	1042
2.19800	1014
2.20167	988
2.20533	962
2.20900	939
2.21267	917
2.21633	896
2.22000	877
2.22367	859
2.22733	841
2.23100	826
2.23467	811
2.23833	796
2.24200	777
2.24567	756
2.24933	737
2.25300	722
2.25667	711
2.26033	699
2.26400	686
2.26767	672
2.27133	658
2.27500	645
2.27867	634
2.28233	625
2.28600	616
2.28967	608
2.29333	600
2.29700	591
2.30067	579
2.30433	567
2.30800	558
2.31167	550
2.31533	541
2.31900	530
2.32267	520
2.32633	513
2.33000	511
2.33367	510
2.33733	510
2.34100	509
2.34467	508
2.34833	507
2.35200	506
2.35567	504
2.35933	498
2.36300	491
2.36667	483
2.37033	475
2.37400	467
2.37767	457
2.38133	451
2.38500	446
2.38867	441
2.39233	436
2.39600	427
2.39967	418
2.40333	415
2.40700	417
2.41067	416
2.41433	415
2.41800	413
2.42167	411
2.42533	408
2.42900	405
2.43267	398
2.43633	389
2.44000	379
2.44367	375
2.44733	376
2.45100	377
2.45467	372
2.45833	364
2.46200	359
2.46567	360
2.46933	359
2.47300	354
2.47667	349
2.48033	345
2.48400	341
2.48767	339
2.49133	339
2.49500	341
2.49867	345
2.50233	347
2.50600	350
2.50967	354
2.51333	352
2.51700	347
2.52067	339
2.52433	328
2.52800	316
2.53167	306
2.53533	298
2.53900	293
2.54267	290
2.54633	289
2.55000	286
2.55367	281
2.55733	277
2.56100	275
2.56467	275
2.56833	279
2.57200	284
2.57567	287
2.57933	288
2.58300	286
2.58667	284
2.59033	282
2.59400	285
2.59767	289
2.60133	291
2.60500	290
2.60867	286
2.61233	279
2.61600	270
2.61967	263
2.62333	263
2.62700	265
2.63067	267
2.63433	268
2.63800	266
2.64167	260
2.64533	253
2.64900	248
2.65267	245
2.65633	243
2.66000	239
2.66367	231
2.66733	227
2.67100	227
2.67467	230
2.67833	233
2.68200	237
2.68567	237
2.68933	237
2.69300	235
2.69667	236
2.70033	237
2.70400	238
2.70767	238
2.71133	235
2.71500	232
2.71867	228
2.72233	224
2.72600	221
2.72967	221
2.73333	221
2.73700	218
2.74067	215
2.74433	214
2.74800	214
2.75167	215
2.75533	220
2.75900	223
2.76267	224
2.76633	226
2.77000	229
2.77367	232
2.77733	232
2.78100	228
2.78467	224
2.78833	218
2.79200	215
2.79567	214
2.79933	214
2.80300	215
2.80667	213
2.81033	211
2.81400	207
2.81767	204
2.82133	204
2.82500	204
2.82867	203
2.83233	205
2.83600	206
2.83967	202
2.84333	196
2.84700	190
2.85067	187
2.85433	186
2.85800	187
2.86167	189
2.86533	190
2.86900	191
2.87267	194
2.87633	197
2.88000	198
2.88367	194
2.88733	191
2.89100	188
2.89467	185
2.89833	182
2.90200	180
2.90567	183
2.90933	191
2.91300	197
2.91667	201
2.92033	203
2.92400	203
2.92767	201
2.93133	197
2.93500	193
2.93867	191
2.94233	190
2.94600	190
2.94967	190
2.95333	193
2.95700	196
2.96067	194
2.96433	188
2.96800	177
2.97167	170
2.97533	167
2.97900	166
2.98267	169
2.98633	175
2.99000	180
2.99367	183
2.99733	182
3.00100	181
3.00467	181
3.00833	182
3.01200	184
3.01567	186
3.01933	189
3.02300	193
3.02667	201
3.03033	211
3.03400	218
3.03767	219
3.04133	214
3.04500	203
3.04867	190
3.05233	178
3.05600	170
3.05967	167
3.06333	164
3.06700	162
3.07067	161
3.07433	159
3.07800	153
3.08167	147
3.08533	143
3.08900	142
3.09267	146
3.09633	155
3.10000	165
3.10367	173
3.10733	177
3.11100	178
3.11467	179
3.11833	179
3.12200	180
3.12567	177
3.12933	172
3.13300	170
3.13667	169
3.14033	171
3.14400	174
3.14767	173
3.15133	170
3.15500	169
3.15867	173
3.16233	180
3.16600	185
3.16967	188
3.17333	187
3.17700	184
3.18067	183
3.18433	181
3.18800	176
3.19167	168
3.19533	159
3.19900	154
3.20267	149
3.20633	146
3.21000	146
3.21367	150
3.21733	158
3.22100	167
3.22467	175
3.22833	179
3.23200	177
3.23567	174
3.23933	171
3.24300	168
3.24667	169
3.25033	169
3.25400	168
3.25767	168
3.26133	166
3.26500	166
3.26867	164
3.27233	167
3.27600	173
3.27967	180
3.28333	181
3.28700	178
3.29067	172
3.29433	169
3.29800	168
3.30167	167
3.30533	164
3.30900	161
3.31267	159
3.31633	160
3.32000	162
3.32367	164
3.32733	164
3.33100	162
3.33467	159
3.33833	158
3.34200	160
3.34567	165
3.34933	168
3.35300	165
3.35667	159
3.36033	154
3.36400	151
3.36767	151
3.37133	152
3.37500	154
3.37867	154
3.38233	157
3.38600	161
3.38967	161
3.39333	160
3.39700	160
3.40067	162
3.40433	162
3.40800	160
3.41167	156
3.41533	156
3.41900	158
3.42267	161
3.42633	163
3.43000	161
3.43367	155
3.43733	150
3.44100	151
3.44467	154
3.44833	157
3.45200	158
3.45567	158
3.45933	156
3.46300	153
3.46667	152
3.47033	152
3.47400	150
3.47767	144
3.48133	140
3.48500	141
3.48867	146
3.49233	148
3.49600	145
3.49967	145
3.50333	150
3.50700	155
3.51067	156
3.51433	152
3.51800	145
3.52167	140
3.52533	138
3.52900	138
3.53267	135
3.53633	130
3.54000	127
3.54367	126
3.54733	125
3.55100	126
3.55467	129
3.55833	135
3.56200	141
3.56567	149
3.56933	152
3.57300	147
3.57667	137
3.58033	130
3.58400	130
3.58767	135
3.59133	144
3.59500	154
3.59867	161
3.60233	164
3.60600	163
3.60967	162
3.61333	160
3.61700	156
3.62067	151
3.62433	149
3.62800	148
3.63167	146
3.63533	142
3.63900	136
3.64267	132
3.64633	134
3.65000	137
3.65367	139
3.65733	137
3.66100	134
3.66467	129
3.66833	124
3.67200	123
3.67567	128
3.67933	131
3.68300	132
3.68667	133
3.69033	133
3.69400	132
3.69767	130
3.70133	126
3.70500	121
3.70867	118
3.71233	120
3.71600	125
3.71967	131
3.72333	136
3.72700	139
3.73067	138
3.73433	134
3.73800	128
3.74167	124
3.74533	126
3.74900	130
3.75267	134
3.75633	138
3.76000	143
3.76367	146
3.76733	147
3.77100	146
3.77467	145
3.77833	145
3.78200	147
3.78567	148
3.78933	148
3.79300	151
3.79667	155
3.80033	156
3.80400	150
3.80767	141
3.81133	136
3.81500	134
3.81867	134
3.82233	134
3.82600	135
3.82967	138
3.83333	140
3.83700	138
3.84067	135
3.84433	135
3.84800	142
3.85167	150
3.85533	151
3.85900	147
3.86267	140
3.86633	134
3.87000	128
3.87367	124
3.87733	121
3.88100	120
3.88467	123
3.88833	130
3.89200	136
3.89567	136
3.89933	130
3.90300	124
3.90667	122
3.91033	123
3.91400	125
3.91767	128
3.92133	130
3.92500	131
3.92867	130
3.93233	131
3.93600	134
3.93967	141
3.94333	149
3.94700	154
3.95067	158
3.95433	157
3.95800	151
3.96167	142
3.96533	134
3.96900	127
3.97267	123
3.97633	123
3.98000	125
3.98367	126
3.98733	128
3.99100	127
3.99467	125
3.99833	129

[Chromatogram (Ch2)]
Interval(msec)	220
# of Points	1091
Start Time(min)	0.002
End Time(min)	3.998
R.Time (min)	Intensity
0.00167	1
0.00533	1
0.00900	2
0.01267	2
0.01633	2
0.02000	2
0.02367	2
0.02733	3
0.03100	3
0.03467	3
0.03833	3
0.04200	3
0.04567	4
0.04933	4
0.05300	4
0.05667	4
0.06033	4
0.06400	4
0.06767	4
0.07133	4
0.07500	4
0.07867	4
0.08233	4
0.08600	5
0.08967	5
0.09333	5
0.09700	5
0.10067	5
0.10433	6
0.10800	6
0.11167	6
0.11533	6
0.11900	6
0.12267	6
0.12633	7
0.13000	7
0.13367	7
0.13733	7
0.14100	7
0.14467	7
0.14833	7
0.15200	7
0.15567	8
0.15933	8
0.16300	8
0.16667	8
0.17033	8
0.17400	8
0.17767	8
0.18133	8
0.18500	7
0.18867	7
0.19233	7
0.19600	6
0.19967	6
0.20333	6
0.20700	5
0.21067	5
0.21433	5
0.21800	4
0.22167	4
0.22533	4
0.22900	3
0.23267	3
0.23633	3
0.24000	3
0.24367	3
0.24733	3
0.25100	2
0.25467	2
0.25833	2
0.26200	2
0.26567	2
0.26933	2
0.27300	1
0.27667	2
0.28033	2
0.28400	2
0.28767	2
0.29133	2
0.29500	2
0.29867	2
0.30233	2
0.30600	3
0.30967	3
0.31333	3
0.31700	3
0.32067	3
0.32433	3
0.32800	3
0.33167	3
0.33533	3
0.33900	3
0.34267	3
0.34633	4
0.35000	4
0.35367	4
0.35733	4
0.36100	4
0.36467	4
0.36833	4
0.37200	4
0.37567	4
0.37933	4
0.38300	4
0.38667	4
0.39033	4
0.39400	4
0.39767	4
0.40133	4
0.40500	4
0.40867	4
0.41233	4
0.41600	4
0.41967	4
0.42333	4
0.42700	5
0.43067	5
0.43433	5
0.43800	5
0.44167	5
0.44533	4
0.44900	4
0.45267	4
0.45633	4
0.46000	4
0.46367	4
0.46733	4
0.47100	4
0.47467	4
0.47833	4
0.48200	4
0.48567	4
0.48933	4
0.49300	5
0.49667	5
0.50033	5
0.50400	5
0.50767	5
0.51133	5
0.51500	4
0.51867	4
0.52233	3
0.52600	3
0.52967	2
0.53333	2
0.53700	2
0.54067	1
0.54433	1
0.54800	1
0.55167	1
0.55533	1
0.55900	1
0.56267	2
0.56633	2
0.57000	2
0.57367	2
0.57733	2
0.58100	2
0.58467	2
0.58833	2
0.59200	2
0.59567	2
0.59933	2
0.60300	2
0.60667	2
0.61033	3
0.61400	2
0.61767	2
0.62133	2
0.62500	2
0.62867	2
0.63233	2
0.63600	2
0.63967	2
0.64333	2
0.64700	2
0.65067	3
0.65433	3
0.65800	3
0.66167	3
0.66533	3
0.66900	3
0.67267	3
0.67633	3
0.68000	2
0.68367	2
0.68733	2
0.69100	2
0.69467	3
0.69833	3
0.70200	3
0.70567	3
0.70933	3
0.71300	4
0.71667	4
0.72033	4
0.72400	4
0.72767	4
0.73133	4
0.73500	4
0.73867	4
0.74233	4
0.74600	4
0.74967	4
0.75333	4
0.75700	3
0.76067	3
0.76433	3
0.76800	3
0.77167	3
0.77533	3
0.77900	2
0.78267	2
0.78633	2
0.79000	2
0.79367	2
0.79733	1
0.80100	1
0.80467	1
0.80833	1
0.81200	1
0.81567	1
0.81933	1
0.82300	1
0.82667	1
0.83033	2
0.83400	2
0.83767	2
0.84133	2
0.84500	2
0.84867	2
0.85233	2
0.85600	2
0.85967	2
0.86333	2
0.86700	2
0.87067	1
0.87433	1
0.87800	2
0.88167	2
0.88533	2
0.88900	2
0.89267	2
0.89633	2
0.90000	2
0.90367	3
0.90733	3
0.91100	3
0.91467	3
0.91833	3
0.92200	3
0.92567	3
0.92933	3
0.93300	3
0.93667	3
0.94033	3
0.94400	3
0.94767	3
0.95133	3
0.95500	3
0.95867	3
0.96233	3
0.96600	3
0.96967	3
0.97333	3
0.97700	3
0.98067	3
0.98433	4
0.98800	4
0.99167	4
0.99533	4
0.99900	4
1.00267	3
1.00633	3
1.01000	3
1.01367	3
1.01733	3
1.02100	3
1.02467	3
1.02833	3
1.03200	3
1.03567	3
1.03933	3
1.04300	3
1.04667	3
1.05033	3
1.05400	3
1.05767	3
1.06133	3
1.06500	3
1.06867	3
1.07233	3
1.07600	2
1.07967	2
1.08333	2
1.08700	2
1.09067	2
1.09433	2
1.09800	2
1.10167	2
1.10533	2
1.10900	2
1.11267	1
1.11633	1
1.12000	1
1.12367	1
1.12733	1
1.13100	1
1.13467	1
1.13833	1
1.14200	1
1.14567	1
1.14933	0
1.15300	0
1.15667	0
1.16033	1
1.16400	1
1.16767	1
1.17133	1
1.17500	1
1.17867	2
1.18233	2
1.18600	2
1.18967	3
1.19333	3
1.19700	3
1.20067	3
1.20433	3
1.20800	3
1.21167	3
1.21533	3
1.21900	3
1.22267	3
1.22633	3
1.23000	3
1.23367	3
1.23733	3
1.24100	3
1.24467	3
1.24833	3
1.25200	3
1.25567	2
1.25933	2
1.26300	2
1.26667	1
1.27033	1
1.27400	1
1.27767	1
1.28133	1
1.28500	1
1.28867	1
1.29233	1
1.29600	2
1.29967	2
1.30333	2
1.30700	3
1.31067	3
1.31433	3
1.31800	3
1.32167	3
1.32533	3
1.32900	3
1.33267	3
1.33633	3
1.34000	2
1.34367	2
1.34733	2
1.35100	2
1.35467	1
1.35833	1
1.36200	1
1.36567	2
1.36933	2
1.37300	2
1.37667	2
1.38033	2
1.38400	2
1.38767	2
1.39133	2
1.39500	2
1.39867	2
1.40233	2
1.40600	2
1.40967	2
1.41333	2
1.41700	2
1.42067	2
1.42433	2
1.42800	2
1.43167	2
1.43533	2
1.43900	2
1.44267	2
1.44633	2
1.45000	2
1.45367	2
1.45733	2
1.46100	2
1.46467	2
1.46833	2
1.47200	2
1.47567	2
1.47933	2
1.48300	2
1.48667	2
1.49033	2
1.49400	2
1.49767	2
1.50133	2
1.50500	2
1.50867	2
1.51233	2
1.51600	2
1.51967	2
1.52333	1
1.52700	1
1.53067	1
1.53433	1
1.53800	0
1.54167	0
1.54533	0
1.54900	1
1.55267	1
1.55633	1
1.56000	0
1.56367	0
1.56733	-0
1.57100	-0
1.57467	-0
1.57833	-0
1.58200	-0
1.58567	-0
1.58933	-0
1.59300	-0
1.59667	-1
1.60033	-1
1.60400	-2
1.60767	-4
1.61133	-5
1.61500	-7
1.61867	-9
1.62233	-12
1.62600	-15
1.62967	-19
1.63333	-22
1.63700	-26
1.64067	-29
1.64433	-33
1.64800	-36
1.65167	-39
1.65533	-43
1.65900	-46
1.66267	-50
1.66633	-53
1.67000	-57
1.67367	-62
1.67733	-67
1.68100	-71
1.68467	-76
1.68833	-82
1.69200	-86
1.69567	-91
1.69933	-94
1.70300	-97
1.70667	-100
1.71033	-102
1.71400	-103
1.71767	-105
1.72133	-105
1.72500	-106
1.72867	-106
1.73233	-107
1.73600	-107
1.73967	-107
1.74333	-107
1.74700	-108
1.75067	-109
1.75433	-110
1.75800	-111
1.76167	-113
1.76533	-114
1.76900	-115
1.77267	-117
1.77633	-117
1.78000	-118
1.78367	-118
1.78733	-117
1.79100	-117
1.79467	-116
1.79833	-115
1.80200	-115
1.80567	-114
1.80933	-114
1.81300	-114
1.81667	-114
1.82033	-115
1.82400	-115
1.82767	-116
1.83133	-116
1.83500	-116
1.83867	-116
1.84233	-117
1.84600	-117
1.84967	-118
1.85333	-118
1.85700	-118
1.86067	-118
1.86433	-118
1.86800	-118
1.87167	-117
1.87533	-117
1.87900	-116
1.88267	-117
1.88633	-117
1.89000	-117
1.89367	-118
1.89733	-118
1.90100	-118
1.90467	-118
1.90833	-118
1.91200	-118
1.91567	-118
1.91933	-119
1.92300	-119
1.92667	-119
1.93033	-119
1.93400	-119
1.93767	-118
1.94133	-118
1.94500	-118
1.94867	-117
1.95233	-117
1.95600	-117
1.95967	-116
1.96333	-116
1.96700	-115
1.97067	-115
1.97433	-115
1.97800	-116
1.98167	-115
1.98533	-115
1.98900	-114
1.99267	-113
1.99633	-112
2.00000	-111
2.00367	-111
2.00733	-110
2.01100	-110
2.01467	-109
2.01833	-109
2.02200	-108
2.02567	-108
2.02933	-108
2.03300	-108
2.03667	-108
2.04033	-108
2.04400	-108
2.04767	-108
2.05133	-108
2.05500	-107
2.05867	-107
2.06233	-106
2.06600	-105
2.06967	-105
2.07333	-104
2.07700	-104
2.08067	-103
2.08433	-103
2.08800	-102
2.09167	-102
2.09533	-101
2.09900	-101
2.10267	-100
2.10633	-99
2.11000	-99
2.11367	-99
2.11733	-99
2.12100	-99
2.12467	-99
2.12833	-99
2.13200	-99
2.13567	-98
2.13933	-98
2.14300	-97
2.14667	-96
2.15033	-96
2.15400	-95
2.15767	-95
2.16133	-95
2.16500	-94
2.16867	-94
2.17233	-94
2.17600	-94
2.17967	-94
2.18333	-94
2.18700	-94
2.19067	-93
2.19433	-92
2.19800	-92
2.20167	-92
2.20533	-92
2.20900	-92
2.21267	-93
2.21633	-93
2.22000	-93
2.22367	-94
2.22733	-93
2.23100	-93
2.23467	-93
2.23833	-93
2.24200	-92
2.24567	-92
2.24933	-91
2.25300	-90
2.25667	-90
2.26033	-89
2.26400	-88
2.26767	-88
2.27133	-87
2.27500	-87
2.27867	-87
2.28233	-87
2.28600	-87
2.28967	-88
2.29333	-88
2.29700	-88
2.30067	-87
2.30433	-87
2.30800	-86
2.31167	-85
2.31533	-85
2.31900	-84
2.32267	-83
2.32633	-83
2.33000	-82
2.33367	-82
2.33733	-82
2.34100	-81
2.34467	-81
2.34833	-81
2.35200	-80
2.35567	-80
2.35933	-79
2.36300	-78
2.36667	-77
2.37033	-75
2.37400	-73
2.37767	-71
2.38133	-68
2.38500	-65
2.38867	-62
2.39233	-58
2.39600	-54
2.39967	-50
2.40333	-45
2.40700	-41
2.41067	-37
2.41433	-33
2.41800	-29
2.42167	-26
2.42533	-23
2.42900	-20
2.43267	-17
2.43633	-14
2.44000	-12
2.44367	-10
2.44733	-8
2.45100	-6
2.45467	-4
2.45833	-2
2.46200	0
2.46567	2
2.46933	3
2.47300	4
2.47667	5
2.48033	6
2.48400	6
2.48767	7
2.49133	7
2.49500	7
2.49867	8
2.50233	8
2.50600	9
2.50967	10
2.51333	11
2.51700	12
2.52067	13
2.52433	14
2.52800	15
2.53167	15
2.53533	16
2.53900	16
2.54267	17
2.54633	17
2.55000	18
2.55367	18
2.55733	18
2.56100	18
2.56467	18
2.56833	18
2.57200	18
2.57567	18
2.57933	19
2.58300	19
2.58667	19
2.59033	20
2.59400	20
2.59767	20
2.60133	20
2.60500	20
2.60867	20
2.61233	20
2.61600	21
2.61967	21
2.62333	21
2.62700	22
2.63067	22
2.63433	22
2.63800	23
2.64167	23
2.64533	23
2.64900	23
2.65267	24
2.65633	24
2.66000	24
2.66367	25
2.66733	25
2.67100	25
2.67467	25
2.67833	25
2.68200	25
2.68567	25
2.68933	25
2.69300	25
2.69667	26
2.70033	26
2.70400	26
2.70767	26
2.71133	26
2.71500	27
2.71867	27
2.72233	27
2.72600	28
2.72967	28
2.73333	28
2.73700	28
2.74067	27
2.74433	27
2.74800	27
2.75167	26
2.75533	26
2.75900	26
2.76267	26
2.76633	26
2.77000	26
2.77367	26
2.77733	27
2.78100	27
2.78467	27
2.78833	28
2.79200	28
2.79567	28
2.79933	28
2.80300	28
2.80667	29
2.81033	29
2.81400	28
2.81767	28
2.82133	28
2.82500	29
2.82867	29
2.83233	28
2.83600	28
2.83967	28
2.84333	27
2.84700	26
2.85067	24
2.85433	20
2.85800	14
2.86167	5
2.86533	-7
2.86900	-24
2.87267	-45
2.87633	-72
2.88000	-103
2.88367	-139
2.88733	-181
2.89100	-227
2.89467	-278
2.89833	-333
2.90200	-393
2.90567	-456
2.90933	-523
2.91300	-593
2.91667	-665
2.92033	-740
2.92400	-817
2.92767	-897
2.93133	-979
2.93500	-1062
2.93867	-1146
2.94233	-1233
2.94600	-1320
2.94967	-1406
2.95333	-1480
2.95700	-1530
2.96067	-1547
2.96433	-1528
2.96800	-1476
2.97167	-1398
2.97533	-1302
2.97900	-1194
2.98267	-1082
2.98633	-971
2.99000	-863
2.99367	-761
2.99733	-667
3.00100	-582
3.00467	-505
3.00833	-436
3.01200	-376
3.01567	-323
3.01933	-276
3.02300	-236
3.02667	-201
3.03033	-170
3.03400	-144
3.03767	-122
3.04133	-103
3.04500	-86
3.04867	-71
3.05233	-59
3.05600	-49
3.05967	-40
3.06333	-33
3.06700	-27
3.07067	-21
3.07433	-17
3.07800	-12
3.08167	-9
3.08533	-6
3.08900	-3
3.09267	-1
3.09633	1
3.10000	3
3.10367	5
3.10733	6
3.11100	7
3.11467	8
3.11833	9
3.12200	10
3.12567	11
3.12933	12
3.13300	12
3.13667	13
3.14033	13
3.14400	14
3.14767	14
3.15133	14
3.15500	15
3.15867	15
3.16233	16
3.16600	17
3.16967	17
3.17333	18
3.17700	18
3.18067	19
3.18433	19
3.18800	20
3.19167	20
3.19533	20
3.19900	20
3.20267	20
3.20633	20
3.21000	20
3.21367	21
3.21733	21
3.22100	21
3.22467	21
3.22833	21
3.23200	21
3.23567	21
3.23933	21
3.24300	22
3.24667	22
3.25033	22
3.25400	22
3.25767	22
3.26133	22
3.26500	23
3.26867	23
3.27233	23
3.27600	24
3.27967	24
3.28333	25
3.28700	25
3.29067	25
3.29433	26
3.29800	26
3.30167	27
3.30533	27
3.30900	28
3.31267	28
3.31633	29
3.32000	29
3.32367	29
3.32733	29
3.33100	30
3.33467	30
3.33833	30
3.34200	30
3.34567	30
3.34933	30
3.35300	31
3.35667	31
3.36033	31
3.36400	31
3.36767	31
3.37133	31
3.37500	31
3.37867	32
3.38233	32
3.38600	32
3.38967	31
3.39333	31
3.39700	31
3.40067	31
3.40433	30
3.40800	30
3.41167	30
3.41533	30
3.41900	30
3.42267	29
3.42633	29
3.43000	29
3.43367	29
3.43733	29
3.44100	29
3.44467	29
3.44833	29
3.45200	29
3.45567	29
3.45933	29
3.46300	29
3.46667	29
3.47033	29
3.47400	29
3.47767	29
3.48133	29
3.48500	29
3.48867	29
3.49233	29
3.49600	29
3.49967	28
3.50333	28
3.50700	28
3.51067	28
3.51433	28
3.51800	28
3.52167	28
3.52533	28
3.52900	28
3.53267	28
3.53633	28
3.54000	28
3.54367	28
3.54733	28
3.55100	28
3.55467	28
3.55833	28
3.56200	28
3.56567	29
3.56933	29
3.57300	29
3.57667	29
3.58033	29
3.58400	29
3.58767	29
3.59133	29
3.59500	29
3.59867	29
3.60233	29
3.60600	29
3.60967	29
3.61333	29
3.61700	29
3.62067	29
3.62433	29
3.62800	29
3.63167	29
3.63533	29
3.63900	28
3.64267	28
3.64633	27
3.65000	27
3.65367	27
3.65733	27
3.66100	27
3.66467	27
3.66833	27
3.67200	27
3.67567	28
3.67933	28
3.68300	28
3.68667	28
3.69033	28
3.69400	28
3.69767	28
3.70133	28
3.70500	29
3.70867	29
3.71233	29
3.71600	29
3.71967	29
3.72333	29
3.72700	29
3.73067	29
3.73433	29
3.73800	28
3.74167	28
3.74533	28
3.74900	29
3.75267	29
3.75633	29
3.76000	29
3.76367	29
3.76733	29
3.77100	29
3.77467	28
3.77833	28
3.78200	28
3.78567	28
3.78933	28
3.79300	28
3.79667	28
3.80033	29
3.80400	29
3.80767	29
3.81133	28
3.81500	28
3.81867	28
3.82233	28
3.82600	28
3.82967	28
3.83333	28
3.83700	29
3.84067	29
3.84433	29
3.84800	29
3.85167	29
3.85533	29
3.85900	29
3.86267	29
3.86633	29
3.87000	28
3.87367	28
3.87733	28
3.88100	28
3.88467	28
3.88833	28
3.89200	27
3.89567	27
3.89933	27
3.90300	27
3.90667	27
3.91033	27
3.91400	27
3.91767	27
3.92133	27
3.92500	28
3.92867	28
3.93233	28
3.93600	28
3.93967	28
3.94333	28
3.94700	28
3.95067	28
3.95433	28
3.95800	28
3.96167	28
3.96533	28
3.96900	28
3.97267	27
3.97633	27
3.98000	28
3.98367	28
3.98733	28
3.99100	28
3.99467	28
3.99833	28

[Chromatogram (Ch3)]
Interval(msec)	220
# of Points	1091
Start Time(min)	0.002
End Time(min)	3.998
R.Time (min)	Intensity
0.00167	-0
0.00533	-0
0.00900	-0
0.01267	1
0.01633	-0
0.02000	-1
0.02367	-0
0.02733	-1
0.03100	-3
0.03467	-5
0.03833	-6
0.04200	-5
0.04567	-3
0.04933	-0
0.05300	1
0.05667	2
0.06033	3
0.06400	5
0.06767	3
0.07133	3
0.07500	6
0.07867	6
0.08233	5
0.08600	4
0.08967	3
0.09333	4
0.09700	5
0.10067	5
0.10433	4
0.10800	4
0.11167	3
0.11533	3
0.11900	2
0.12267	2
0.12633	2
0.13000	4
0.13367	4
0.13733	5
0.14100	5
0.14467	4
0.14833	4
0.15200	2
0.15567	1
0.15933	3
0.16300	2
0.16667	-0
0.17033	-0
0.17400	2
0.17767	3
0.18133	2
0.18500	2
0.18867	2
0.19233	2
0.19600	2
0.19967	2
0.20333	2
0.20700	4
0.21067	5
0.21433	6
0.21800	7
0.22167	7
0.22533	8
0.22900	8
0.23267	9
0.23633	9
0.24000	8
0.24367	9
0.24733	11
0.25100	12
0.25467	12
0.25833	10
0.26200	11
0.26567	11
0.26933	11
0.27300	10
0.27667	7
0.28033	4
0.28400	2
0.28767	-0
0.29133	2
0.29500	6
0.29867	5
0.30233	3
0.30600	2
0.30967	2
0.31333	3
0.31700	4
0.32067	6
0.32433	7
0.32800	8
0.33167	9
0.33533	9
0.33900	11
0.34267	12
0.34633	11
0.35000	10
0.35367	8
0.35733	7
0.36100	6
0.36467	5
0.36833	6
0.37200	7
0.37567	6
0.37933	8
0.38300	9
0.38667	11
0.39033	12
0.39400	13
0.39767	15
0.40133	15
0.40500	15
0.40867	15
0.41233	15
0.41600	14
0.41967	12
0.42333	11
0.42700	12
0.43067	11
0.43433	10
0.43800	9
0.44167	10
0.44533	12
0.44900	15
0.45267	16
0.45633	16
0.46000	15
0.46367	14
0.46733	13
0.47100	14
0.47467	15
0.47833	17
0.48200	18
0.48567	16
0.48933	14
0.49300	13
0.49667	14
0.50033	13
0.50400	12
0.50767	14
0.51133	14
0.51500	12
0.51867	12
0.52233	13
0.52600	16
0.52967	19
0.53333	20
0.53700	20
0.54067	20
0.54433	18
0.54800	17
0.55167	17
0.55533	18
0.55900	19
0.56267	19
0.56633	20
0.57000	19
0.57367	19
0.57733	19
0.58100	21
0.58467	22
0.58833	23
0.59200	24
0.59567	24
0.59933	25
0.60300	25
0.60667	25
0.61033	22
0.61400	18
0.61767	18
0.62133	19
0.62500	22
0.62867	25
0.63233	25
0.63600	27
0.63967	26
0.64333	25
0.64700	23
0.65067	22
0.65433	18
0.65800	16
0.66167	18
0.66533	18
0.66900	17
0.67267	17
0.67633	17
0.68000	16
0.68367	15
0.68733	15
0.69100	16
0.69467	18
0.69833	22
0.70200	26
0.70567	27
0.70933	26
0.71300	25
0.71667	27
0.72033	27
0.72400	24
0.72767	25
0.73133	26
0.73500	25
0.73867	24
0.74233	24
0.74600	24
0.74967	25
0.75333	26
0.75700	26
0.76067	26
0.76433	26
0.76800	26
0.77167	25
0.77533	25
0.77900	23
0.78267	20
0.78633	17
0.79000	16
0.79367	17
0.79733	19
0.80100	21
0.80467	23
0.80833	24
0.81200	26
0.81567	26
0.81933	26
0.82300	26
0.82667	25
0.83033	25
0.83400	23
0.83767	24
0.84133	25
0.84500	26
0.84867	26
0.85233	26
0.85600	25
0.85967	25
0.86333	24
0.86700	23
0.87067	22
0.87433	23
0.87800	25
0.88167	27
0.88533	26
0.88900	26
0.89267	28
0.89633	29
0.90000	29
0.90367	28
0.90733	27
0.91100	26
0.91467	24
0.91833	22
0.92200	23
0.92567	24
0.92933	26
0.93300	28
0.93667	31
0.94033	32
0.94400	33
0.94767	32
0.95133	31
0.95500	31
0.95867	30
0.96233	28
0.96600	28
0.96967	28
0.97333	27
0.97700	28
0.98067	28
0.98433	28
0.98800	27
0.99167	28
0.99533	29
0.99900	28
1.00267	27
1.00633	25
1.01000	24
1.01367	24
1.01733	25
1.02100	25
1.02467	26
1.02833	26
1.03200	26
1.03567	27
1.03933	30
1.04300	34
1.04667	35
1.05033	37
1.05400	37
1.05767	36
1.06133	36
1.06500	35
1.06867	37
1.07233	38
1.07600	36
1.07967	35
1.08333	34
1.08700	34
1.09067	35
1.09433	36
1.09800	36
1.10167	36
1.10533	37
1.10900	37
1.11267	38
1.11633	38
1.12000	38
1.12367	38
1.12733	37
1.13100	36
1.13467	35
1.13833	32
1.14200	32
1.14567	31
1.14933	27
1.15300	26
1.15667	30
1.16033	33
1.16400	33
1.16767	33
1.17133	34
1.17500	34
1.17867	32
1.18233	31
1.18600	30
1.18967	30
1.19333	29
1.19700	29
1.20067	30
1.20433	29
1.20800	31
1.21167	31
1.21533	32
1.21900	31
1.22267	29
1.22633	29
1.23000	30
1.23367	32
1.23733	33
1.24100	31
1.24467	31
1.24833	32
1.25200	33
1.25567	32
1.25933	32
1.26300	33
1.26667	33
1.27033	34
1.27400	36
1.27767	37
1.28133	38
1.28500	38
1.28867	37
1.29233	37
1.29600	38
1.29967	35
1.30333	35
1.30700	36
1.31067	36
1.31433	35
1.31800	34
1.32167	35
1.32533	36
1.32900	36
1.33267	37
1.33633	38
1.34000	37
1.34367	37
1.34733	36
1.35100	35
1.35467	33
1.35833	32
1.36200	34
1.36567	34
1.36933	34
1.37300	32
1.37667	32
1.38033	32
1.38400	32
1.38767	34
1.39133	32
1.39500	32
1.39867	31
1.40233	33
1.40600	35
1.40967	37
1.41333	38
1.41700	38
1.42067	39
1.42433	38
1.42800	36
1.43167	36
1.43533	35
1.43900	36
1.44267	36
1.44633	37
1.45000	39
1.45367	39
1.45733	37
1.46100	35
1.46467	35
1.46833	35
1.47200	36
1.47567	36
1.47933	36
1.48300	36
1.48667	35
1.49033	37
1.49400	37
1.49767	36
1.50133	34
1.50500	36
1.50867	40
1.51233	43
1.51600	43
1.51967	43
1.52333	42
1.52700	43
1.53067	42
1.53433	41
1.53800	39
1.54167	38
1.54533	36
1.54900	36
1.55267	37
1.55633	38
1.56000	39
1.56367	41
1.56733	44
1.57100	45
1.57467	43
1.57833	38
1.58200	36
1.58567	37
1.58933	37
1.59300	35
1.59667	36
1.60033	36
1.60400	36
1.60767	35
1.61133	35
1.61500	35
1.61867	35
1.62233	35
1.62600	36
1.62967	39
1.63333	39
1.63700	40
1.64067	42
1.64433	42
1.64800	42
1.65167	41
1.65533	42
1.65900	41
1.66267	39
1.66633	39
1.67000	39
1.67367	41
1.67733	43
1.68100	46
1.68467	47
1.68833	49
1.69200	50
1.69567	50
1.69933	48
1.70300	48
1.70667	48
1.71033	46
1.71400	45
1.71767	45
1.72133	48
1.72500	48
1.72867	49
1.73233	50
1.73600	50
1.73967	53
1.74333	56
1.74700	55
1.75067	54
1.75433	54
1.75800	53
1.76167	52
1.76533	53
1.76900	54
1.77267	56
1.77633	58
1.78000	58
1.78367	57
1.78733	55
1.79100	54
1.79467	55
1.79833	54
1.80200	54
1.80567	55
1.80933	56
1.81300	57
1.81667	57
1.82033	58
1.82400	57
1.82767	57
1.83133	59
1.83500	60
1.83867	61
1.84233	62
1.84600	64
1.84967	63
1.85333	63
1.85700	64
1.86067	62
1.86433	61
1.86800	64
1.87167	65
1.87533	65
1.87900	66
1.88267	69
1.88633	71
1.89000	71
1.89367	70
1.89733	68
1.90100	64
1.90467	64
1.90833	65
1.91200	66
1.91567	69
1.91933	71
1.92300	72
1.92667	72
1.93033	71
1.93400	69
1.93767	70
1.94133	72
1.94500	71
1.94867	71
1.95233	71
1.95600	73
1.95967	75
1.96333	78
1.96700	80
1.97067	82
1.97433	84
1.97800	83
1.98167	82
1.98533	80
1.98900	81
1.99267	82
1.99633	81
2.00000	84
2.00367	86
2.00733	86
2.01100	86
2.01467	86
2.01833	88
2.02200	89
2.02567	88
2.02933	88
2.03300	89
2.03667	89
2.04033	90
2.04400	90
2.04767	91
2.05133	92
2.05500	94
2.05867	95
2.06233	95
2.06600	98
2.06967	102
2.07333	103
2.07700	104
2.08067	102
2.08433	101
2.08800	100
2.09167	100
2.09533	102
2.09900	105
2.10267	105
2.10633	105
2.11000	103
2.11367	103
2.11733	105
2.12100	106
2.12467	109
2.12833	112
2.13200	113
2.13567	113
2.13933	112
2.14300	111
2.14667	110
2.15033	110
2.15400	112
2.15767	112
2.16133	111
2.16500	113
2.16867	114
2.17233	115
2.17600	116
2.17967	115
2.18333	116
2.18700	116
2.19067	115
2.19433	117
2.19800	120
2.20167	121
2.20533	122
2.20900	124
2.21267	125
2.21633	125
2.22000	124
2.22367	122
2.22733	121
2.23100	123
2.23467	125
2.23833	127
2.24200	128
2.24567	129
2.24933	131
2.25300	131
2.25667	131
2.26033	132
2.26400	132
2.26767	132
2.27133	133
2.27500	136
2.27867	137
2.28233	137
2.28600	139
2.28967	140
2.29333	140
2.29700	140
2.30067	140
2.30433	140
2.30800	141
2.31167	141
2.31533	140
2.31900	141
2.32267	143
2.32633	144
2.33000	145
2.33367	145
2.33733	145
2.34100	145
2.34467	149
2.34833	151
2.35200	153
2.35567	154
2.35933	154
2.36300	155
2.36667	158
2.37033	160
2.37400	162
2.37767	163
2.38133	164
2.38500	164
2.38867	162
2.39233	159
2.39600	161
2.39967	164
2.40333	167
2.40700	168
2.41067	168
2.41433	169
2.41800	171
2.42167	173
2.42533	173
2.42900	170
2.43267	167
2.43633	165
2.44000	165
2.44367	178
2.44733	214
2.45100	253
2.45467	285
2.45833	301
2.46200	302
2.46567	297
2.46933	294
2.47300	290
2.47667	282
2.48033	269
2.48400	254
2.48767	241
2.49133	233
2.49500	226
2.49867	218
2.50233	212
2.50600	210
2.50967	211
2.51333	215
2.51700	218
2.52067	219
2.52433	218
2.52800	213
2.53167	207
2.53533	201
2.53900	193
2.54267	184
2.54633	177
2.55000	172
2.55367	168
2.55733	165
2.56100	162
2.56467	159
2.56833	157
2.57200	157
2.57567	157
2.57933	154
2.58300	153
2.58667	154
2.59033	155
2.59400	157
2.59767	156
2.60133	151
2.60500	142
2.60867	125
2.61233	99
2.61600	65
2.61967	28
2.62333	-12
2.62700	-53
2.63067	-93
2.63433	-128
2.63800	-159
2.64167	-185
2.64533	-205
2.64900	-219
2.65267	-230
2.65633	-236
2.66000	-238
2.66367	-234
2.66733	-226
2.67100	-218
2.67467	-209
2.67833	-200
2.68200	-189
2.68567	-177
2.68933	-168
2.69300	-159
2.69667	-151
2.70033	-143
2.70400	-133
2.70767	-121
2.71133	-110
2.71500	-99
2.71867	-90
2.72233	-80
2.72600	-72
2.72967	-66
2.73333	-62
2.73700	-59
2.74067	-53
2.74433	-46
2.74800	-38
2.75167	-32
2.75533	-26
2.75900	-22
2.76267	-17
2.76633	-12
2.77000	-9
2.77367	-6
2.77733	-2
2.78100	3
2.78467	8
2.78833	12
2.79200	14
2.79567	17
2.79933	19
2.80300	21
2.80667	25
2.81033	29
2.81400	30
2.81767	33
2.82133	42
2.82500	62
2.82867	107
2.83233	213
2.83600	428
2.83967	818
2.84333	1456
2.84700	2397
2.85067	3670
2.85433	5256
2.85800	7091
2.86167	9071
2.86533	11057
2.86900	12898
2.87267	14457
2.87633	15627
2.88000	16341
2.88367	16594
2.88733	16415
2.89100	15873
2.89467	15056
2.89833	14052
2.90200	12939
2.90567	11785
2.90933	10636
2.91300	9531
2.91667	8493
2.92033	7531
2.92400	6652
2.92767	5855
2.93133	5140
2.93500	4502
2.93867	3931
2.94233	3426
2.94600	2985
2.94967	2599
2.95333	2261
2.95700	1965
2.96067	1707
2.96433	1482
2.96800	1287
2.97167	1119
2.97533	973
2.97900	844
2.98267	733
2.98633	637
2.99000	555
2.99367	485
2.99733	424
3.00100	374
3.00467	329
3.00833	288
3.01200	256
3.01567	228
3.01933	204
3.02300	183
3.02667	166
3.03033	151
3.03400	138
3.03767	126
3.04133	116
3.04500	106
3.04867	98
3.05233	93
3.05600	88
3.05967	85
3.06333	81
3.06700	79
3.07067	77
3.07433	75
3.07800	74
3.08167	71
3.08533	69
3.08900	68
3.09267	66
3.09633	65
3.10000	65
3.10367	65
3.10733	66
3.11100	65
3.11467	63
3.11833	61
3.12200	60
3.12567	61
3.12933	60
3.13300	60
3.13667	62
3.14033	61
3.14400	60
3.14767	61
3.15133	64
3.15500	65
3.15867	66
3.16233	67
3.16600	68
3.16967	70
3.17333	70
3.17700	69
3.18067	68
3.18433	67
3.18800	66
3.19167	69
3.19533	71
3.19900	72
3.20267	74
3.20633	75
3.21000	74
3.21367	72
3.21733	72
3.22100	73
3.22467	74
3.22833	76
3.23200	76
3.23567	77
3.23933	78
3.24300	79
3.24667	80
3.25033	81
3.25400	83
3.25767	86
3.26133	88
3.26500	89
3.26867	89
3.27233	92
3.27600	93
3.27967	93
3.28333	93
3.28700	94
3.29067	93
3.29433	93
3.29800	93
3.30167	94
3.30533	95
3.30900	95
3.31267	93
3.31633	93
3.32000	95
3.32367	95
3.32733	94
3.33100	94
3.33467	93
3.33833	90
3.34200	90
3.34567	92
3.34933	95
3.35300	99
3.35667	101
3.36033	100
3.36400	99
3.36767	97
3.37133	99
3.37500	100
3.37867	99
3.38233	99
3.38600	100
3.38967	99
3.39333	98
3.39700	98
3.40067	98
3.40433	97
3.40800	95
3.41167	94
3.41533	93
3.41900	91
3.42267	89
3.42633	86
3.43000	84
3.43367	83
3.43733	83
3.44100	87
3.44467	93
3.44833	100
3.45200	109
3.45567	122
3.45933	138
3.46300	155
3.46667	175
3.47033	198
3.47400	219
3.47767	239
3.48133	259
3.48500	278
3.48867	300
3.49233	321
3.49600	342
3.49967	363
3.50333	380
3.50700	396
3.51067	408
3.51433	421
3.51800	434
3.52167	445
3.52533	455
3.52900	463
3.53267	469
3.53633	474
3.54000	477
3.54367	480
3.54733	485
3.55100	487
3.55467	489
3.55833	492
3.56200	494
3.56567	497
3.56933	499
3.57300	502
3.57667	504
3.58033	504
3.58400	504
3.58767	506
3.59133	506
3.59500	509
3.59867	511
3.60233	513
3.60600	514
3.60967	515
3.61333	514
3.61700	516
3.62067	514
3.62433	511
3.62800	509
3.63167	507
3.63533	505
3.63900	504
3.64267	505
3.64633	505
3.65000	503
3.65367	501
3.65733	501
3.66100	501
3.66467	500
3.66833	499
3.67200	499
3.67567	499
3.67933	498
3.68300	499
3.68667	500
3.69033	500
3.69400	498
3.69767	495
3.70133	497
3.70500	495
3.70867	492
3.71233	491
3.71600	490
3.71967	491
3.72333	491
3.72700	490
3.73067	486
3.73433	484
3.73800	483
3.74167	482
3.74533	481
3.74900	479
3.75267	479
3.75633	478
3.76000	477
3.76367	474
3.76733	473
3.77100	472
3.77467	470
3.77833	469
3.78200	468
3.78567	466
3.78933	465
3.79300	463
3.79667	461
3.80033	459
3.80400	457
3.80767	453
3.81133	449
3.81500	448
3.81867	446
3.82233	444
3.82600	444
3.82967	443
3.83333	442
3.83700	443
3.84067	442
3.84433	440
3.84800	437
3.85167	435
3.85533	433
3.85900	430
3.86267	429
3.86633	424
3.87000	420
3.87367	418
3.87733	417
3.88100	417
3.88467	418
3.88833	418
3.89200	416
3.89567	413
3.89933	411
3.90300	408
3.90667	405
3.91033	405
3.91400	406
3.91767	404
3.92133	401
3.92500	400
3.92867	398
3.93233	397
3.93600	398
3.93967	398
3.94333	396
3.94700	394
3.95067	392
3.95433	390
3.95800	389
3.96167	388
3.96533	386
3.96900	384
3.97267	384
3.97633	383
3.98000	380
3.98367	378
3.98733	376
3.99100	374
3.99467	374
3.99833	373

[Status Trace (Column Oven Temperature)]
Interval(msec)	1000
# of Points	240
Start Time(min)	0.015
End Time(min)	3.998
Intensity Units	
Intensity Multiplier	1
R.Time (min)	Intensity
0.01517	35.06
0.03183	35.05
0.04850	35.05
0.06517	35.06
0.08183	35.04
0.09850	35.04
0.11517	35.02
0.13183	35.00
0.14850	34.99
0.16517	34.98
0.18183	34.98
0.19850	34.97
0.21517	34.97
0.23183	34.98
0.24850	34.99
0.26517	35.00
0.28183	35.00
0.29850	35.00
0.31517	34.99
0.33183	35.00
0.34850	35.00
0.36517	34.99
0.38183	34.99
0.39850	34.99
0.41517	34.98
0.43183	34.97
0.44850	34.97
0.46517	34.96
0.48183	34.96
0.49850	34.97
0.51517	34.97
0.53183	34.98
0.54850	34.98
0.56517	34.99
0.58183	34.99
0.59850	34.98
0.61517	34.99
0.63183	34.99
0.64850	34.99
0.66517	34.99
0.68183	34.98
0.69850	34.98
0.71517	34.98
0.73183	34.98
0.74850	34.98
0.76517	34.98
0.78183	34.99
0.79850	34.99
0.81517	34.98
0.83183	34.99
0.84850	34.99
0.86517	34.99
0.88183	34.99
0.89850	34.99
0.91517	34.99
0.93183	34.99
0.94850	34.99
0.96517	34.98
0.98183	34.98
0.99850	34.98
1.01517	34.98
1.03183	34.97
1.04850	34.98
1.06517	34.98
1.08183	34.98
1.09850	34.98
1.11517	34.98
1.13183	34.99
1.14850	34.99
1.16517	35.00
1.18183	35.00
1.19850	35.00
1.21517	34.99
1.23183	34.99
1.24850	34.99
1.26517	34.99
1.28183	35.00
1.29850	35.00
1.31517	35.00
1.33183	35.00
1.34850	34.99
1.36517	34.99
1.38183	34.99
1.39850	34.98
1.41517	34.98
1.43183	34.98
1.44850	34.98
1.46517	34.98
1.48183	34.98
1.49850	34.98
1.51517	34.98
1.53183	34.98
1.54850	34.98
1.56517	34.99
1.58183	34.99
1.59850	35.02
1.61517	35.11
1.63183	35.28
1.64850	35.48
1.66517	35.75
1.68183	36.11
1.69850	36.48
1.71517	36.82
1.73183	37.14
1.74850	37.48
1.76517	37.84
1.78183	38.16
1.79850	38.45
1.81517	38.79
1.83183	39.12
1.84850	39.46
1.86517	39.79
1.88183	40.12
1.89850	40.45
1.91517	40.80
1.93183	41.13
1.94850	41.47
1.96517	41.79
1.98183	42.14
1.99850	42.45
2.01517	42.78
2.03183	43.11
2.04850	43.43
2.06517	43.76
2.08183	44.08
2.09850	44.39
2.11517	44.71
2.13183	45.04
2.14850	45.34
2.16517	45.66
2.18183	45.99
2.19850	46.31
2.21517	46.65
2.23183	46.96
2.24850	47.30
2.26517	47.62
2.28183	47.96
2.29850	48.31
2.31517	48.64
2.33183	48.97
2.34850	49.27
2.36517	49.50
2.38183	49.63
2.39850	49.65
2.41517	49.65
2.43183	49.66
2.44850	49.68
2.46517	49.69
2.48183	49.70
2.49850	49.72
2.51517	49.73
2.53183	49.75
2.54850	49.75
2.56517	49.78
2.58183	49.79
2.59850	49.81
2.61517	49.83
2.63183	49.83
2.64850	49.84
2.66517	49.84
2.68183	49.85
2.69850	49.85
2.71517	49.85
2.73183	49.84
2.74850	49.87
2.76517	49.89
2.78183	49.89
2.79850	49.89
2.81517	49.89
2.83183	49.90
2.84850	49.90
2.86517	49.91
2.88183	49.93
2.89850	49.94
2.91517	49.94
2.93183	49.94
2.94850	49.96
2.96517	49.97
2.98183	49.97
2.99850	49.99
3.01517	50.00
3.03183	50.01
3.04850	50.01
3.06517	50.02
3.08183	50.03
3.09850	50.04
3.11517	50.05
3.13183	50.06
3.14850	50.06
3.16517	50.07
3.18183	50.07
3.19850	50.08
3.21517	50.09
3.23183	50.10
3.24850	50.11
3.26517	50.12
3.28183	50.11
3.29850	50.09
3.31517	50.07
3.33183	50.04
3.34850	50.03
3.36517	50.02
3.38183	50.01
3.39850	50.01
3.41517	50.00
3.43183	50.00
3.44850	50.00
3.46517	50.01
3.48183	50.01
3.49850	50.02
3.51517	50.03
3.53183	50.04
3.54850	50.04
3.56517	50.02
3.58183	50.02
3.59850	50.03
3.61517	50.02
3.63183	50.03
3.64850	50.05
3.66517	50.05
3.68183	50.05
3.69850	50.04
3.71517	50.04
3.73183	50.04
3.74850	50.04
3.76517	50.04
3.78183	50.04
3.79850	50.05
3.81517	50.06
3.83183	50.05
3.84850	50.05
3.86517	50.05
3.88183	50.05
3.89850	50.05
3.91517	50.05
3.93183	50.05
3.94850	50.06
3.96517	50.07
3.98183	50.08
3.99850	50.09

[Status Trace (Injection Unit Temperature)]
Interval(msec)	1000
# of Points	240
Start Time(min)	0.015
End Time(min)	3.998
Intensity Units	
Intensity Multiplier	1
R.Time (min)	Intensity
0.01517	99.98
0.03183	99.99
0.04850	99.99
0.06517	99.99
0.08183	99.99
0.09850	99.99
0.11517	99.99
0.13183	99.99
0.14850	99.99
0.16517	99.98
0.18183	99.99
0.19850	99.99
0.21517	99.99
0.23183	99.99
0.24850	99.99
0.26517	99.98
0.28183	99.99
0.29850	99.98
0.31517	99.99
0.33183	99.99
0.34850	99.99
0.36517	99.98
0.38183	99.98
0.39850	99.98
0.41517	99.98
0.43183	99.98
0.44850	99.98
0.46517	99.98
0.48183	99.98
0.49850	99.98
0.51517	99.98
0.53183	99.98
0.54850	99.97
0.56517	99.98
0.58183	99.98
0.59850	99.98
0.61517	99.98
0.63183	99.97
0.64850	99.98
0.66517	99.98
0.68183	99.98
0.69850	99.98
0.71517	99.98
0.73183	99.98
0.74850	99.98
0.76517	99.98
0.78183	99.98
0.79850	99.98
0.81517	99.97
0.83183	99.98
0.84850	99.98
0.86517	99.98
0.88183	99.98
0.89850	99.97
0.91517	99.98
0.93183	99.97
0.94850	99.98
0.96517	99.97
0.98183	99.98
0.99850	99.98
1.01517	99.98
1.03183	99.98
1.04850	99.98
1.06517	99.98
1.08183	99.98
1.09850	99.98
1.11517	99.98
1.13183	99.99
1.14850	99.98
1.16517	99.98
1.18183	99.98
1.19850	99.99
1.21517	99.98
1.23183	99.99
1.24850	99.99
1.26517	99.98
1.28183	99.98
1.29850	99.98
1.31517	99.99
1.33183	99.99
1.34850	99.99
1.36517	99.98
1.38183	99.98
1.39850	99.99
1.41517	99.99
1.43183	99.98
1.44850	99.98
1.46517	99.99
1.48183	99.99
1.49850	99.98
1.51517	99.99
1.53183	99.98
1.54850	99.99
1.56517	99.99
1.58183	99.99
1.59850	99.99
1.61517	99.99
1.63183	99.99
1.64850	99.99
1.66517	99.99
1.68183	99.99
1.69850	99.99
1.71517	99.99
1.73183	99.99
1.74850	99.99
1.76517	99.99
1.78183	99.99
1.79850	99.98
1.81517	99.99
1.83183	99.99
1.84850	99.99
1.86517	99.99
1.88183	99.98
1.89850	99.98
1.91517	99.99
1.93183	99.99
1.94850	99.98
1.96517	99.98
1.98183	99.98
1.99850	99.99
2.01517	99.98
2.03183	99.98
2.04850	99.98
2.06517	99.98
2.08183	99.98
2.09850	99.98
2.11517	99.97
2.13183	99.98
2.14850	99.98
2.16517	99.98
2.18183	99.98
2.19850	99.97
2.21517	99.98
2.23183	99.97
2.24850	99.97
2.26517	99.97
2.28183	99.97
2.29850	99.97
2.31517	99.97
2.33183	99.98
2.34850	99.97
2.36517	99.97
2.38183	99.97
2.39850	99.97
2.41517	99.97
2.43183	99.97
2.44850	99.97
2.46517	99.97
2.48183	99.97
2.49850	99.97
2.51517	99.97
2.53183	99.97
2.54850	99.97
2.56517	99.97
2.58183	99.97
2.59850	99.97
2.61517	99.98
2.63183	99.98
2.64850	99.98
2.66517	99.98
2.68183	99.98
2.69850	99.98
2.71517	99.98
2.73183	99.98
2.74850	99.99
2.76517	99.99
2.78183	99.99
2.79850	99.99
2.81517	99.99
2.83183	99.99
2.84850	99.99
2.86517	100.00
2.88183	100.00
2.89850	100.00
2.91517	100.00
2.93183	100.00
2.94850	100.01
2.96517	100.00
2.98183	100.01
2.99850	100.00
3.01517	100.01
3.03183	100.01
3.04850	100.01
3.06517	100.01
3.08183	100.01
3.09850	100.02
3.11517	100.02
3.13183	100.02
3.14850	100.02
3.16517	100.02
3.18183	100.02
3.19850	100.02
3.21517	100.02
3.23183	100.03
3.24850	100.02
3.26517	100.02
3.28183	100.02
3.29850	100.02
3.31517	100.03
3.33183	100.03
3.34850	100.03
3.36517	100.03
3.38183	100.03
3.39850	100.03
3.41517	100.03
3.43183	100.03
3.44850	100.03
3.46517	100.03
3.48183	100.03
3.49850	100.03
3.51517	100.03
3.53183	100.03
3.54850	100.03
3.56517	100.03
3.58183	100.03
3.59850	100.03
3.61517	100.03
3.63183	100.03
3.64850	100.03
3.66517	100.03
3.68183	100.03
3.69850	100.03
3.71517	100.03
3.73183	100.03
3.74850	100.03
3.76517	100.03
3.78183	100.03
3.79850	100.03
3.81517	100.03
3.83183	100.03
3.84850	100.04
3.86517	100.03
3.88183	100.03
3.89850	100.03
3.91517	100.04
3.93183	100.03
3.94850	100.03
3.96517	100.04
3.98183	100.03
3.99850	100.04

[Status Trace (Carrier Gas Pressure)]
Interval(msec)	1000
# of Points	240
Start Time(min)	0.015
End Time(min)	3.998
Intensity Units	
Intensity Multiplier	1
R.Time (min)	Intensity
0.01517	57.10
0.03183	55.58
0.04850	58.02
0.06517	59.87
0.08183	58.69
0.09850	57.98
0.11517	58.00
0.13183	58.01
0.14850	58.01
0.16517	58.00
0.18183	58.00
0.19850	58.00
0.21517	58.00
0.23183	58.00
0.24850	58.00
0.26517	58.00
0.28183	58.00
0.29850	58.00
0.31517	58.00
0.33183	58.00
0.34850	58.00
0.36517	58.00
0.38183	58.00
0.39850	58.00
0.41517	58.00
0.43183	58.00
0.44850	58.00
0.46517	58.00
0.48183	58.00
0.49850	58.00
0.51517	58.00
0.53183	58.00
0.54850	58.00
0.56517	58.00
0.58183	58.00
0.59850	58.00
0.61517	58.00
0.63183	58.00
0.64850	58.00
0.66517	58.00
0.68183	58.00
0.69850	58.00
0.71517	58.00
0.73183	58.00
0.74850	58.00
0.76517	58.00
0.78183	58.00
0.79850	58.00
0.81517	58.00
0.83183	58.00
0.84850	58.00
0.86517	58.00
0.88183	58.00
0.89850	58.00
0.91517	58.00
0.93183	58.00
0.94850	58.00
0.96517	58.00
0.98183	58.00
0.99850	58.00
1.01517	58.00
1.03183	58.00
1.04850	58.00
1.06517	58.00
1.08183	58.00
1.09850	58.00
1.11517	58.00
1.13183	58.00
1.14850	58.00
1.16517	58.00
1.18183	58.00
1.19850	58.00
1.21517	58.00
1.23183	58.00
1.24850	58.00
1.26517	58.00
1.28183	58.00
1.29850	58.00
1.31517	58.00
1.33183	58.00
1.34850	58.00
1.36517	58.00
1.38183	58.00
1.39850	58.00
1.41517	58.00
1.43183	58.00
1.44850	58.00
1.46517	58.00
1.48183	58.00
1.49850	58.00
1.51517	58.00
1.53183	58.00
1.54850	58.00
1.56517	58.00
1.58183	58.00
1.59850	58.00
1.61517	58.00
1.63183	58.00
1.64850	58.00
1.66517	58.00
1.68183	58.01
1.69850	58.00
1.71517	58.00
1.73183	58.00
1.74850	58.00
1.76517	58.00
1.78183	58.00
1.79850	58.00
1.81517	58.00
1.83183	58.00
1.84850	58.00
1.86517	58.00
1.88183	58.00
1.89850	58.00
1.91517	58.00
1.93183	58.00
1.94850	58.00
1.96517	58.00
1.98183	58.00
1.99850	58.00
2.01517	58.00
2.03183	58.00
2.04850	58.00
2.06517	58.00
2.08183	58.00
2.09850	58.00
2.11517	58.00
2.13183	58.00
2.14850	58.00
2.16517	58.00
2.18183	58.00
2.19850	58.00
2.21517	58.00
2.23183	58.00
2.24850	58.00
2.26517	58.00
2.28183	58.00
2.29850	58.00
2.31517	58.00
2.33183	58.00
2.34850	58.00
2.36517	58.00
2.38183	57.99
2.39850	57.99
2.41517	58.00
2.43183	58.00
2.44850	58.00
2.46517	58.00
2.48183	58.00
2.49850	58.00
2.51517	57.98
2.53183	57.99
2.54850	58.00
2.56517	58.00
2.58183	58.00
2.59850	58.00
2.61517	58.00
2.63183	58.00
2.64850	58.00
2.66517	58.00
2.68183	58.00
2.69850	58.00
2.71517	58.00
2.73183	58.00
2.74850	58.00
2.76517	58.00
2.78183	58.00
2.79850	58.00
2.81517	58.00
2.83183	58.00
2.84850	58.00
2.86517	58.00
2.88183	58.00
2.89850	58.00
2.91517	58.00
2.93183	58.00
2.94850	58.00
2.96517	58.00
2.98183	58.00
2.99850	58.00
3.01517	58.00
3.03183	58.00
3.04850	58.00
3.06517	58.00
3.08183	58.00
3.09850	58.00
3.11517	58.00
3.13183	58.00
3.14850	58.00
3.16517	58.00
3.18183	58.00
3.19850	58.00
3.21517	58.00
3.23183	58.00
3.24850	58.00
3.26517	58.00
3.28183	58.00
3.29850	58.00
3.31517	58.00
3.33183	58.00
3.34850	58.00
3.36517	58.00
3.38183	58.00
3.39850	58.00
3.41517	58.00
3.43183	58.00
3.44850	58.00
3.46517	58.00
3.48183	58.00
3.49850	58.00
3.51517	58.00
3.53183	58.00
3.54850	58.00
3.56517	58.00
3.58183	58.00
3.59850	58.00
3.61517	58.00
3.63183	58.00
3.64850	58.00
3.66517	58.00
3.68183	58.00
3.69850	58.00
3.71517	58.00
3.73183	58.00
3.74850	58.00
3.76517	58.00
3.78183	58.00
3.79850	58.00
3.81517	58.00
3.83183	58.00
3.84850	58.00
3.86517	58.00
3.88183	58.00
3.89850	58.00
3.91517	58.00
3.93183	58.00
3.94850	58.00
3.96517	58.00
3.98183	58.00
3.99850	58.00

[Status Trace (Carrier Gas Flow)]
Interval(msec)	1000
# of Points	240
Start Time(min)	0.015
End Time(min)	3.998
Intensity Units	
Intensity Multiplier	1
R.Time (min)	Intensity
0.01517	33.98
0.03183	34.54
0.04850	34.54
0.06517	34.51
0.08183	34.52
0.09850	34.52
0.11517	34.52
0.13183	34.52
0.14850	34.52
0.16517	34.52
0.18183	34.52
0.19850	34.52
0.21517	34.52
0.23183	34.52
0.24850	34.52
0.26517	34.52
0.28183	34.52
0.29850	34.54
0.31517	34.52
0.33183	34.51
0.34850	34.52
0.36517	34.52
0.38183	34.52
0.39850	34.52
0.41517	34.52
0.43183	34.52
0.44850	34.52
0.46517	34.53
0.48183	34.52
0.49850	34.52
0.51517	34.52
0.53183	34.52
0.54850	34.52
0.56517	34.51
0.58183	34.50
0.59850	34.54
0.61517	34.52
0.63183	34.53
0.64850	34.52
0.66517	34.53
0.68183	34.52
0.69850	34.52
0.71517	34.52
0.73183	34.52
0.74850	34.49
0.76517	34.52
0.78183	34.52
0.79850	34.50
0.81517	34.52
0.83183	34.52
0.84850	34.52
0.86517	34.52
0.88183	34.52
0.89850	34.52
0.91517	34.52
0.93183	34.52
0.94850	34.52
0.96517	34.52
0.98183	34.52
0.99850	34.51
1.01517	34.52
1.03183	34.54
1.04850	34.52
1.06517	34.52
1.08183	34.52
1.09850	34.52
1.11517	34.52
1.13183	34.52
1.14850	34.52
1.16517	34.54
1.18183	34.52
1.19850	34.51
1.21517	34.52
1.23183	34.52
1.24850	34.52
1.26517	34.54
1.28183	34.52
1.29850	34.52
1.31517	34.54
1.33183	34.52
1.34850	34.52
1.36517	34.52
1.38183	34.52
1.39850	34.52
1.41517	34.50
1.43183	34.52
1.44850	34.52
1.46517	34.52
1.48183	34.52
1.49850	34.51
1.51517	34.52
1.53183	34.50
1.54850	34.52
1.56517	34.52
1.58183	34.52
1.59850	34.52
1.61517	34.52
1.63183	34.52
1.64850	34.52
1.66517	34.51
1.68183	34.52
1.69850	34.52
1.71517	34.52
1.73183	34.52
1.74850	34.55
1.76517	34.52
1.78183	34.53
1.79850	34.52
1.81517	34.55
1.83183	34.48
1.84850	34.52
1.86517	34.52
1.88183	34.52
1.89850	34.52
1.91517	34.51
1.93183	34.52
1.94850	34.53
1.96517	34.52
1.98183	34.52
1.99850	34.52
2.01517	34.52
2.03183	34.52
2.04850	34.52
2.06517	34.52
2.08183	34.51
2.09850	34.52
2.11517	34.51
2.13183	34.52
2.14850	34.51
2.16517	34.52
2.18183	34.52
2.19850	34.52
2.21517	34.52
2.23183	34.52
2.24850	34.52
2.26517	34.50
2.28183	34.52
2.29850	34.52
2.31517	34.52
2.33183	34.52
2.34850	34.52
2.36517	34.52
2.38183	34.52
2.39850	34.52
2.41517	34.52
2.43183	34.52
2.44850	34.52
2.46517	34.52
2.48183	34.52
2.49850	34.54
2.51517	34.52
2.53183	34.52
2.54850	34.51
2.56517	34.52
2.58183	34.52
2.59850	34.52
2.61517	34.52
2.63183	34.52
2.64850	34.53
2.66517	34.52
2.68183	34.52
2.69850	34.52
2.71517	34.52
2.73183	34.51
2.74850	34.52
2.76517	34.52
2.78183	34.52
2.79850	34.52
2.81517	34.52
2.83183	34.54
2.84850	34.51
2.86517	34.52
2.88183	34.52
2.89850	34.52
2.91517	34.52
2.93183	34.51
2.94850	34.52
2.96517	34.52
2.98183	34.52
2.99850	34.52
3.01517	34.52
3.03183	34.52
3.04850	34.52
3.06517	34.52
3.08183	34.52
3.09850	34.52
3.11517	34.52
3.13183	34.52
3.14850	34.52
3.16517	34.52
3.18183	34.52
3.19850	34.52
3.21517	34.52
3.23183	34.52
3.24850	34.52
3.26517	34.54
3.28183	34.52
3.29850	34.52
3.31517	34.52
3.33183	34.52
3.34850	34.53
3.36517	34.52
3.38183	34.52
3.39850	34.52
3.41517	34.52
3.43183	34.52
3.44850	34.52
3.46517	34.52
3.48183	34.52
3.49850	34.52
3.51517	34.52
3.53183	34.52
3.54850	34.52
3.56517	34.52
3.58183	34.52
3.59850	34.52
3.61517	34.52
3.63183	34.51
3.64850	34.52
3.66517	34.51
3.68183	34.52
3.69850	34.52
3.71517	34.52
3.73183	34.52
3.74850	34.52
3.76517	34.52
3.78183	34.52
3.79850	34.50
3.81517	34.52
3.83183	34.52
3.84850	34.52
3.86517	34.52
3.88183	34.52
3.89850	34.52
3.91517	34.52
3.93183	34.52
3.94850	34.52
3.96517	34.52
3.98183	34.52
3.99850	34.53

[Status Trace (Column Flow)]
Interval(msec)	1000
# of Points	240
Start Time(min)	0.015
End Time(min)	3.998
Intensity Units	
Intensity Multiplier	1
R.Time (min)	Intensity
0.01517	5.41
0.03183	5.23
0.04850	5.52
0.06517	5.73
0.08183	5.59
0.09850	5.51
0.11517	5.51
0.13183	5.52
0.14850	5.52
0.16517	5.52
0.18183	5.52
0.19850	5.52
0.21517	5.52
0.23183	5.52
0.24850	5.52
0.26517	5.52
0.28183	5.52
0.29850	5.52
0.31517	5.52
0.33183	5.52
0.34850	5.52
0.36517	5.52
0.38183	5.52
0.39850	5.52
0.41517	5.52
0.43183	5.52
0.44850	5.52
0.46517	5.52
0.48183	5.52
0.49850	5.52
0.51517	5.52
0.53183	5.52
0.54850	5.52
0.56517	5.52
0.58183	5.52
0.59850	5.52
0.61517	5.52
0.63183	5.52
0.64850	5.52
0.66517	5.52
0.68183	5.52
0.69850	5.52
0.71517	5.52
0.73183	5.52
0.74850	5.52
0.76517	5.52
0.78183	5.52
0.79850	5.52
0.81517	5.52
0.83183	5.52
0.84850	5.52
0.86517	5.52
0.88183	5.52
0.89850	5.52
0.91517	5.52
0.93183	5.52
0.94850	5.52
0.96517	5.52
0.98183	5.52
0.99850	5.52
1.01517	5.52
1.03183	5.52
1.04850	5.52
1.06517	5.52
1.08183	5.52
1.09850	5.52
1.11517	5.52
1.13183	5.52
1.14850	5.52
1.16517	5.52
1.18183	5.52
1.19850	5.52
1.21517	5.52
1.23183	5.52
1.24850	5.52
1.26517	5.52
1.28183	5.52
1.29850	5.52
1.31517	5.52
1.33183	5.52
1.34850	5.52
1.36517	5.52
1.38183	5.52
1.39850	5.52
1.41517	5.52
1.43183	5.52
1.44850	5.52
1.46517	5.52
1.48183	5.52
1.49850	5.52
1.51517	5.52
1.53183	5.52
1.54850	5.52
1.56517	5.52
1.58183	5.52
1.59850	5.51
1.61517	5.51
1.63183	5.51
1.64850	5.50
1.66517	5.49
1.68183	5.48
1.69850	5.47
1.71517	5.46
1.73183	5.45
1.74850	5.44
1.76517	5.43
1.78183	5.42
1.79850	5.41
1.81517	5.40
1.83183	5.39
1.84850	5.38
1.86517	5.37
1.88183	5.36
1.89850	5.35
1.91517	5.34
1.93183	5.33
1.94850	5.32
1.96517	5.31
1.98183	5.30
1.99850	5.29
2.01517	5.28
2.03183	5.27
2.04850	5.26
2.06517	5.25
2.08183	5.24
2.09850	5.23
2.11517	5.22
2.13183	5.21
2.14850	5.20
2.16517	5.19
2.18183	5.19
2.19850	5.18
2.21517	5.17
2.23183	5.16
2.24850	5.15
2.26517	5.14
2.28183	5.13
2.29850	5.12
2.31517	5.11
2.33183	5.10
2.34850	5.09
2.36517	5.09
2.38183	5.08
2.39850	5.08
2.41517	5.08
2.43183	5.08
2.44850	5.08
2.46517	5.08
2.48183	5.08
2.49850	5.08
2.51517	5.08
2.53183	5.08
2.54850	5.08
2.56517	5.08
2.58183	5.08
2.59850	5.08
2.61517	5.08
2.63183	5.08
2.64850	5.08
2.66517	5.08
2.68183	5.08
2.69850	5.08
2.71517	5.08
2.73183	5.08
2.74850	5.08
2.76517	5.08
2.78183	5.08
2.79850	5.08
2.81517	5.08
2.83183	5.08
2.84850	5.08
2.86517	5.07
2.88183	5.07
2.89850	5.07
2.91517	5.07
2.93183	5.07
2.94850	5.07
2.96517	5.07
2.98183	5.07
2.99850	5.07
3.01517	5.07
3.03183	5.07
3.04850	5.07
3.06517	5.07
3.08183	5.07
3.09850	5.07
3.11517	5.07
3.13183	5.07
3.14850	5.07
3.16517	5.07
3.18183	5.07
3.19850	5.07
3.21517	5.07
3.23183	5.07
3.24850	5.07
3.26517	5.07
3.28183	5.07
3.29850	5.07
3.31517	5.07
3.33183	5.07
3.34850	5.07
3.36517	5.07
3.38183	5.07
3.39850	5.07
3.41517	5.07
3.43183	5.07
3.44850	5.07
3.46517	5.07
3.48183	5.07
3.49850	5.07
3.51517	5.07
3.53183	5.07
3.54850	5.07
3.56517	5.07
3.58183	5.07
3.59850	5.07
3.61517	5.07
3.63183	5.07
3.64850	5.07
3.66517	5.07
3.68183	5.07
3.69850	5.07
3.71517	5.07
3.73183	5.07
3.74850	5.07
3.76517	5.07
3.78183	5.07
3.79850	5.07
3.81517	5.07
3.83183	5.07
3.84850	5.07
3.86517	5.07
3.88183	5.07
3.89850	5.07
3.91517	5.07
3.93183	5.07
3.94850	5.07
3.96517	5.07
3.98183	5.07
3.99850	5.07

[Status Trace (Linear Velocity)]
Interval(msec)	1000
# of Points	240
Start Time(min)	0.015
End Time(min)	3.998
Intensity Units	
Intensity Multiplier	1
R.Time (min)	Intensity
0.01517	38.42
0.03183	37.42
0.04850	39.02
0.06517	40.23
0.08183	39.46
0.09850	39.00
0.11517	39.01
0.13183	39.02
0.14850	39.02
0.16517	39.02
0.18183	39.02
0.19850	39.02
0.21517	39.02
0.23183	39.02
0.24850	39.02
0.26517	39.02
0.28183	39.02
0.29850	39.02
0.31517	39.02
0.33183	39.02
0.34850	39.02
0.36517	39.02
0.38183	39.02
0.39850	39.02
0.41517	39.02
0.43183	39.02
0.44850	39.02
0.46517	39.02
0.48183	39.02
0.49850	39.02
0.51517	39.02
0.53183	39.02
0.54850	39.02
0.56517	39.02
0.58183	39.02
0.59850	39.02
0.61517	39.02
0.63183	39.02
0.64850	39.02
0.66517	39.02
0.68183	39.02
0.69850	39.02
0.71517	39.02
0.73183	39.02
0.74850	39.02
0.76517	39.02
0.78183	39.02
0.79850	39.02
0.81517	39.02
0.83183	39.02
0.84850	39.02
0.86517	39.02
0.88183	39.02
0.89850	39.02
0.91517	39.02
0.93183	39.02
0.94850	39.02
0.96517	39.02
0.98183	39.02
0.99850	39.02
1.01517	39.02
1.03183	39.02
1.04850	39.02
1.06517	39.02
1.08183	39.02
1.09850	39.02
1.11517	39.02
1.13183	39.02
1.14850	39.02
1.16517	39.02
1.18183	39.01
1.19850	39.02
1.21517	39.02
1.23183	39.02
1.24850	39.02
1.26517	39.02
1.28183	39.02
1.29850	39.01
1.31517	39.02
1.33183	39.02
1.34850	39.02
1.36517	39.02
1.38183	39.02
1.39850	39.02
1.41517	39.02
1.43183	39.02
1.44850	39.02
1.46517	39.02
1.48183	39.02
1.49850	39.02
1.51517	39.02
1.53183	39.02
1.54850	39.02
1.56517	39.02
1.58183	39.02
1.59850	39.01
1.61517	39.01
1.63183	38.99
1.64850	38.97
1.66517	38.95
1.68183	38.91
1.69850	38.88
1.71517	38.84
1.73183	38.81
1.74850	38.78
1.76517	38.75
1.78183	38.71
1.79850	38.69
1.81517	38.65
1.83183	38.62
1.84850	38.59
1.86517	38.56
1.88183	38.53
1.89850	38.50
1.91517	38.47
1.93183	38.43
1.94850	38.40
1.96517	38.37
1.98183	38.34
1.99850	38.31
2.01517	38.28
2.03183	38.25
2.04850	38.22
2.06517	38.19
2.08183	38.16
2.09850	38.13
2.11517	38.11
2.13183	38.08
2.14850	38.05
2.16517	38.02
2.18183	37.99
2.19850	37.96
2.21517	37.93
2.23183	37.90
2.24850	37.87
2.26517	37.84
2.28183	37.81
2.29850	37.78
2.31517	37.75
2.33183	37.72
2.34850	37.70
2.36517	37.67
2.38183	37.66
2.39850	37.66
2.41517	37.66
2.43183	37.66
2.44850	37.66
2.46517	37.66
2.48183	37.66
2.49850	37.66
2.51517	37.64
2.53183	37.64
2.54850	37.65
2.56517	37.65
2.58183	37.65
2.59850	37.65
2.61517	37.65
2.63183	37.65
2.64850	37.65
2.66517	37.64
2.68183	37.64
2.69850	37.64
2.71517	37.64
2.73183	37.65
2.74850	37.64
2.76517	37.64
2.78183	37.64
2.79850	37.64
2.81517	37.64
2.83183	37.64
2.84850	37.64
2.86517	37.64
2.88183	37.64
2.89850	37.64
2.91517	37.64
2.93183	37.64
2.94850	37.63
2.96517	37.63
2.98183	37.63
2.99850	37.63
3.01517	37.63
3.03183	37.63
3.04850	37.63
3.06517	37.63
3.08183	37.63
3.09850	37.63
3.11517	37.63
3.13183	37.63
3.14850	37.63
3.16517	37.62
3.18183	37.63
3.19850	37.62
3.21517	37.62
3.23183	37.62
3.24850	37.62
3.26517	37.62
3.28183	37.62
3.29850	37.62
3.31517	37.62
3.33183	37.63
3.34850	37.63
3.36517	37.63
3.38183	37.63
3.39850	37.63
3.41517	37.63
3.43183	37.63
3.44850	37.63
3.46517	37.63
3.48183	37.63
3.49850	37.63
3.51517	37.63
3.53183	37.63
3.54850	37.63
3.56517	37.63
3.58183	37.63
3.59850	37.63
3.61517	37.63
3.63183	37.63
3.64850	37.63
3.66517	37.63
3.68183	37.63
3.69850	37.63
3.71517	37.63
3.73183	37.63
3.74850	37.63
3.76517	37.63
3.78183	37.63
3.79850	37.63
3.81517	37.63
3.83183	37.63
3.84850	37.63
3.86517	37.63
3.88183	37.63
3.89850	37.63
3.91517	37.63
3.93183	37.63
3.94850	37.63
3.96517	37.63
3.98183	37.62
3.99850	37.62

