[Header]
Application Name	LabSolutions
Version	5.110
Data File Name	C:\Users\User\Desktop\GC Analyses\Jack\UIC Prairie Sampling\9.16.22\220916_130.gcd
Output Date	11/29/2022
Output Time	11:10:24 AM

[File Information]
Type	Data File
Generated	11/29/2022 11:01:57 AM
Generated by	System Administrator
Modified	11/29/2022 11:06:17 AM
Modified by	System Administrator

[Sample Information]
Operator Name	System Administrator
Acquired	11/29/2022 11:02:17 AM
Sample Type	1:Standard
Level	1
Sample Name	220916_UICPrairie
Sample ID	220916_UICPrairie
ISTD Amount1	1
ISTD Amount2	1
ISTD Amount3	1
ISTD Amount4	1
ISTD Amount5	1
ISTD Amount6	1
ISTD Amount7	1
ISTD Amount8	1
ISTD Amount9	1
ISTD Amount10	1
ISTD Amount11	1
ISTD Amount12	1
ISTD Amount13	1
ISTD Amount14	1
ISTD Amount15	1
ISTD Amount16	1
ISTD Amount17	1
ISTD Amount18	1
ISTD Amount19	1
ISTD Amount20	1
ISTD Amount21	1
ISTD Amount22	1
ISTD Amount23	1
ISTD Amount24	1
ISTD Amount25	1
ISTD Amount26	1
ISTD Amount27	1
ISTD Amount28	1
ISTD Amount29	1
ISTD Amount30	1
ISTD Amount31	1
ISTD Amount32	1
Sample Amount	1
Dilution Factor	1
Vial#	1
Injection Volume	1
Injection Count	1
Bar Code	

[Original Files]
Data File	C:\Users\User\Desktop\GC Analyses\Jack\UIC Prairie Sampling\9.16.22\220916_130.gcd
Method File	C:\LabSolutions\Data\GHG_4min_2022\ghg3_togas_w_acet_4 min_new_int.gcm
Batch File	
Report Format File	c:\LabSolutions\System\DEFAULT.lsr

[File Description]


[Configuration]
Instrument Name	C0B7VH3-Instrument1
Instrument #	1
Line #	1
# of Detectors	3
Detector ID	DET#1	DET#2	DET#3
Detector Name	FID	PTCD	ECD
# of Channels	1	1	1

[Peak Table(Ch1)]
# of Peaks	3
Peak#	R.Time	I.Time	F.Time	Area	Height	A/H	Conc.	Mark	ID#	Name	k'	Plate #	Plate Ht.	Tailing	Resolution	Sep.Factor	Area Ratio	Height Ratio	Conc. %	Norm Conc.
1	1.476	1.435	1.538	14945	6713	2.226	100.000	   	1	CO	0.000	8449	17.754	1.327	0.000	0.000	0	0	16.667	16.667
2	1.571	1.538	1.637	5832	2883	2.023	100.000	 V 	2	CH4	0.065	11217	13.373	0.000	1.543	0.000	0	0	16.667	16.667
3	2.000	1.941	2.554	2312530	1102280	2.098	400.000	   	3	CO2	0.355	17660	8.494	1.192	7.178	5.500	0	0	66.667	66.667

[Peak Table(Ch2)]
# of Peaks	0

[Peak Table(Ch3)]
# of Peaks	3
Peak#	R.Time	I.Time	F.Time	Area	Height	A/H	Conc.	Mark	ID#	Name	k'	Plate #	Plate Ht.	Tailing	Resolution	Sep.Factor	Area Ratio	Height Ratio	Conc. %	Norm Conc.
1	2.462	2.352	2.550	1970	326	6.052	0.000	   			0.000	885	169.505	0.000	0.000	0.000	0	0	0.000	0.000
2	2.605	2.550	2.653	1301	302	4.312	0.000	 V 			0.058	2943	50.972	0.000	0.547	0.000	0	0	0.000	0.000
3	2.887	2.667	3.632	32661	6139	5.320	1.000	   	1	N2O	0.173	12500	12.000	1.727	1.912	2.974	0	0	100.000	100.000

[Compound Results(Ch1)]
# of IDs	6
ID#	Name	R.Time	Area	Height	Conc.	Curve	3rd	2nd	1st	Constant	Area Ratio	Height Ratio	Conc. %	Norm Conc.
1	CO	1.476	14945	6713	100.000	Linear	0.000000e+00	0.000000e+00	1.494495e+002	0.000000e+00	0	0	16.667	16.667
2	CH4	1.571	5832	2883	100.000	Linear	0.000000e+00	0.000000e+00	5.831732e+001	0.000000e+00	0	0	16.667	16.667
3	CO2	2.000	2312530	1102280	400.000	Linear	0.000000e+00	0.000000e+00	5.781326e+003	0.000000e+00	0	0	66.667	66.667
4	Ethylene	0.000	0	0	0.000	Linear	0.000000e+00	0.000000e+00	0.000000e+00	0.000000e+00	0	0	0.000	0.000
5	Acetylene	0.000	0	0	0.000	Linear	0.000000e+00	0.000000e+00	0.000000e+00	0.000000e+00	0	0	0.000	0.000
6	Ethane	0.000	0	0	0.000	Linear	0.000000e+00	0.000000e+00	0.000000e+00	0.000000e+00	0	0	0.000	0.000

[Compound Results(Ch2)]
# of IDs	5
ID#	Name	R.Time	Area	Height	Conc.	Curve	3rd	2nd	1st	Constant	Area Ratio	Height Ratio	Conc. %	Norm Conc.
1	Hydrogen	0.000	0	0	0.000	Linear	0.000000e+00	0.000000e+00	0.000000e+00	0.000000e+00	0	0	0.000	0.000
2	Oxygen	0.000	0	0	0.000	Linear	0.000000e+00	0.000000e+00	0.000000e+00	0.000000e+00	0	0	0.000	0.000
3	Nitrogen	0.000	0	0	0.000	Linear	0.000000e+00	0.000000e+00	0.000000e+00	0.000000e+00	0	0	0.000	0.000
4	Methane	0.000	0	0	0.000	Linear	0.000000e+00	0.000000e+00	0.000000e+00	0.000000e+00	0	0	0.000	0.000
5	Carbon Monoxide	0.000	0	0	0.000	Linear	0.000000e+00	0.000000e+00	0.000000e+00	0.000000e+00	0	0	0.000	0.000

[Compound Results(Ch3)]
# of IDs	2
ID#	Name	R.Time	Area	Height	Conc.	Curve	3rd	2nd	1st	Constant	Area Ratio	Height Ratio	Conc. %	Norm Conc.
1	N2O	2.887	32661	6139	1.000	Linear	0.000000e+00	0.000000e+00	3.266120e+004	0.000000e+00	0	0	100.000	100.000
2	SF6	0.000	0	0	0.000	Linear	0.000000e+00	0.000000e+00	0.000000e+00	0.000000e+00	0	0	0.000	0.000

[Group Results(Ch1)]
# of Groups	0

[Group Results(Ch2)]
# of Groups	0

[Group Results(Ch3)]
# of Groups	0

[Chromatogram (Ch1)]
Interval(msec)	220
# of Points	1091
Start Time(min)	0.002
End Time(min)	3.998
R.Time (min)	Intensity
0.00167	-8
0.00533	-9
0.00900	-3
0.01267	5
0.01633	11
0.02000	10
0.02367	6
0.02733	3
0.03100	-1
0.03467	-7
0.03833	-12
0.04200	-15
0.04567	-14
0.04933	-12
0.05300	-11
0.05667	-12
0.06033	-15
0.06400	-20
0.06767	-20
0.07133	-12
0.07500	1
0.07867	10
0.08233	15
0.08600	15
0.08967	11
0.09333	5
0.09700	1
0.10067	2
0.10433	4
0.10800	2
0.11167	-4
0.11533	-12
0.11900	-20
0.12267	-24
0.12633	-24
0.13000	-17
0.13367	-9
0.13733	-0
0.14100	7
0.14467	9
0.14833	7
0.15200	2
0.15567	-4
0.15933	-7
0.16300	-5
0.16667	1
0.17033	8
0.17400	15
0.17767	16
0.18133	12
0.18500	7
0.18867	4
0.19233	2
0.19600	2
0.19967	1
0.20333	-5
0.20700	-13
0.21067	-19
0.21433	-21
0.21800	-21
0.22167	-22
0.22533	-24
0.22900	-27
0.23267	-29
0.23633	-26
0.24000	-18
0.24367	-9
0.24733	-3
0.25100	-0
0.25467	-4
0.25833	-13
0.26200	-23
0.26567	-26
0.26933	-22
0.27300	-17
0.27667	-11
0.28033	-7
0.28400	-6
0.28767	-9
0.29133	-13
0.29500	-17
0.29867	-19
0.30233	-19
0.30600	-20
0.30967	-21
0.31333	-23
0.31700	-24
0.32067	-23
0.32433	-22
0.32800	-22
0.33167	-24
0.33533	-23
0.33900	-16
0.34267	-7
0.34633	-3
0.35000	-5
0.35367	-11
0.35733	-15
0.36100	-16
0.36467	-16
0.36833	-18
0.37200	-22
0.37567	-31
0.37933	-40
0.38300	-42
0.38667	-37
0.39033	-28
0.39400	-16
0.39767	-5
0.40133	4
0.40500	4
0.40867	-2
0.41233	-8
0.41600	-12
0.41967	-15
0.42333	-18
0.42700	-22
0.43067	-28
0.43433	-33
0.43800	-35
0.44167	-32
0.44533	-28
0.44900	-25
0.45267	-24
0.45633	-25
0.46000	-26
0.46367	-27
0.46733	-26
0.47100	-28
0.47467	-33
0.47833	-40
0.48200	-45
0.48567	-46
0.48933	-41
0.49300	-33
0.49667	-26
0.50033	-23
0.50400	-25
0.50767	-30
0.51133	-34
0.51500	-34
0.51867	-32
0.52233	-31
0.52600	-29
0.52967	-27
0.53333	-27
0.53700	-28
0.54067	-28
0.54433	-25
0.54800	-22
0.55167	-17
0.55533	-12
0.55900	-9
0.56267	-7
0.56633	-8
0.57000	-11
0.57367	-12
0.57733	-8
0.58100	-1
0.58467	6
0.58833	8
0.59200	3
0.59567	-8
0.59933	-18
0.60300	-23
0.60667	-24
0.61033	-25
0.61400	-29
0.61767	-33
0.62133	-36
0.62500	-37
0.62867	-35
0.63233	-31
0.63600	-25
0.63967	-20
0.64333	-20
0.64700	-22
0.65067	-24
0.65433	-25
0.65800	-26
0.66167	-28
0.66533	-28
0.66900	-31
0.67267	-37
0.67633	-43
0.68000	-44
0.68367	-38
0.68733	-31
0.69100	-26
0.69467	-25
0.69833	-26
0.70200	-26
0.70567	-26
0.70933	-25
0.71300	-21
0.71667	-18
0.72033	-20
0.72400	-26
0.72767	-33
0.73133	-36
0.73500	-33
0.73867	-29
0.74233	-28
0.74600	-30
0.74967	-31
0.75333	-30
0.75700	-25
0.76067	-18
0.76433	-12
0.76800	-7
0.77167	-5
0.77533	-8
0.77900	-13
0.78267	-17
0.78633	-21
0.79000	-24
0.79367	-26
0.79733	-29
0.80100	-33
0.80467	-38
0.80833	-41
0.81200	-41
0.81567	-40
0.81933	-38
0.82300	-34
0.82667	-29
0.83033	-28
0.83400	-29
0.83767	-28
0.84133	-24
0.84500	-19
0.84867	-15
0.85233	-16
0.85600	-20
0.85967	-25
0.86333	-31
0.86700	-37
0.87067	-43
0.87433	-47
0.87800	-46
0.88167	-39
0.88533	-32
0.88900	-28
0.89267	-29
0.89633	-33
0.90000	-35
0.90367	-36
0.90733	-38
0.91100	-39
0.91467	-40
0.91833	-39
0.92200	-37
0.92567	-33
0.92933	-32
0.93300	-29
0.93667	-26
0.94033	-23
0.94400	-21
0.94767	-20
0.95133	-21
0.95500	-20
0.95867	-22
0.96233	-30
0.96600	-39
0.96967	-44
0.97333	-49
0.97700	-56
0.98067	-59
0.98433	-60
0.98800	-60
0.99167	-59
0.99533	-54
0.99900	-49
1.00267	-42
1.00633	-37
1.01000	-34
1.01367	-34
1.01733	-38
1.02100	-42
1.02467	-47
1.02833	-52
1.03200	-55
1.03567	-58
1.03933	-61
1.04300	-60
1.04667	-55
1.05033	-46
1.05400	-35
1.05767	-25
1.06133	-23
1.06500	-25
1.06867	-30
1.07233	-34
1.07600	-37
1.07967	-39
1.08333	-40
1.08700	-40
1.09067	-39
1.09433	-36
1.09800	-35
1.10167	-36
1.10533	-38
1.10900	-38
1.11267	-37
1.11633	-37
1.12000	-38
1.12367	-41
1.12733	-44
1.13100	-47
1.13467	-48
1.13833	-45
1.14200	-37
1.14567	-30
1.14933	-27
1.15300	-31
1.15667	-39
1.16033	-45
1.16400	-51
1.16767	-55
1.17133	-58
1.17500	-59
1.17867	-61
1.18233	-63
1.18600	-61
1.18967	-56
1.19333	-51
1.19700	-46
1.20067	-43
1.20433	-40
1.20800	-35
1.21167	-27
1.21533	-21
1.21900	-21
1.22267	-29
1.22633	-37
1.23000	-44
1.23367	-50
1.23733	-54
1.24100	-54
1.24467	-54
1.24833	-54
1.25200	-54
1.25567	-55
1.25933	-54
1.26300	-50
1.26667	-45
1.27033	-44
1.27400	-42
1.27767	-35
1.28133	-29
1.28500	-26
1.28867	-27
1.29233	-31
1.29600	-35
1.29967	-38
1.30333	-42
1.30700	-46
1.31067	-46
1.31433	-46
1.31800	-46
1.32167	-44
1.32533	-44
1.32900	-48
1.33267	-53
1.33633	-52
1.34000	-44
1.34367	-37
1.34733	-34
1.35100	-36
1.35467	-42
1.35833	-52
1.36200	-59
1.36567	-61
1.36933	-60
1.37300	-54
1.37667	-43
1.38033	-35
1.38400	-33
1.38767	-35
1.39133	-41
1.39500	-46
1.39867	-53
1.40233	-60
1.40600	-63
1.40967	-59
1.41333	-54
1.41700	-53
1.42067	-53
1.42433	-54
1.42800	-56
1.43167	-57
1.43533	-55
1.43900	-37
1.44267	46
1.44633	265
1.45000	648
1.45367	1283
1.45733	2258
1.46100	3452
1.46467	4626
1.46833	5603
1.47200	6300
1.47567	6659
1.47933	6623
1.48300	6172
1.48667	5383
1.49033	4416
1.49400	3443
1.49767	2588
1.50133	1899
1.50500	1373
1.50867	986
1.51233	710
1.51600	518
1.51967	387
1.52333	294
1.52700	225
1.53067	171
1.53433	128
1.53800	106
1.54167	133
1.54533	283
1.54900	620
1.55267	1118
1.55633	1669
1.56000	2167
1.56367	2549
1.56733	2785
1.57100	2832
1.57467	2662
1.57833	2301
1.58200	1841
1.58567	1381
1.58933	980
1.59300	667
1.59667	445
1.60033	292
1.60400	192
1.60767	127
1.61133	84
1.61500	52
1.61867	26
1.62233	3
1.62600	-17
1.62967	-31
1.63333	-43
1.63700	-49
1.64067	-51
1.64433	-52
1.64800	-53
1.65167	-57
1.65533	-61
1.65900	-61
1.66267	-57
1.66633	-54
1.67000	-52
1.67367	-49
1.67733	-46
1.68100	-46
1.68467	-46
1.68833	-46
1.69200	-47
1.69567	-53
1.69933	-61
1.70300	-64
1.70667	-61
1.71033	-54
1.71400	-52
1.71767	-57
1.72133	-64
1.72500	-72
1.72867	-74
1.73233	-70
1.73600	-63
1.73967	-55
1.74333	-49
1.74700	-47
1.75067	-48
1.75433	-51
1.75800	-54
1.76167	-57
1.76533	-56
1.76900	-57
1.77267	-60
1.77633	-63
1.78000	-65
1.78367	-66
1.78733	-67
1.79100	-65
1.79467	-58
1.79833	-50
1.80200	-46
1.80567	-47
1.80933	-51
1.81300	-52
1.81667	-47
1.82033	-44
1.82400	-44
1.82767	-47
1.83133	-52
1.83500	-57
1.83867	-61
1.84233	-64
1.84600	-66
1.84967	-64
1.85333	-57
1.85700	-49
1.86067	-45
1.86433	-47
1.86800	-52
1.87167	-57
1.87533	-60
1.87900	-62
1.88267	-62
1.88633	-59
1.89000	-54
1.89367	-45
1.89733	-39
1.90100	-38
1.90467	-40
1.90833	-43
1.91200	-46
1.91567	-48
1.91933	-47
1.92300	-44
1.92667	-42
1.93033	-44
1.93400	-48
1.93767	-49
1.94133	-46
1.94500	-40
1.94867	-33
1.95233	-23
1.95600	52
1.95967	573
1.96333	3305
1.96700	14108
1.97067	46552
1.97433	121423
1.97800	255151
1.98167	443382
1.98533	657728
1.98900	859098
1.99267	1013294
1.99633	1097645
2.00000	1102275
2.00367	1031356
2.00733	902567
2.01100	742577
2.01467	578832
2.01833	431773
2.02200	311653
2.02567	220101
2.02933	153674
2.03300	107067
2.03667	75067
2.04033	53356
2.04400	38694
2.04767	28770
2.05133	21995
2.05500	17309
2.05867	14009
2.06233	11632
2.06600	9876
2.06967	8546
2.07333	7515
2.07700	6698
2.08067	6040
2.08433	5505
2.08800	5063
2.09167	4685
2.09533	4354
2.09900	4059
2.10267	3794
2.10633	3558
2.11000	3351
2.11367	3169
2.11733	3008
2.12100	2861
2.12467	2726
2.12833	2603
2.13200	2488
2.13567	2383
2.13933	2286
2.14300	2198
2.14667	2115
2.15033	2035
2.15400	1957
2.15767	1886
2.16133	1822
2.16500	1759
2.16867	1693
2.17233	1631
2.17600	1575
2.17967	1525
2.18333	1480
2.18700	1437
2.19067	1395
2.19433	1356
2.19800	1324
2.20167	1296
2.20533	1269
2.20900	1240
2.21267	1212
2.21633	1188
2.22000	1167
2.22367	1149
2.22733	1129
2.23100	1105
2.23467	1078
2.23833	1049
2.24200	1022
2.24567	996
2.24933	972
2.25300	949
2.25667	927
2.26033	906
2.26400	886
2.26767	871
2.27133	858
2.27500	844
2.27867	830
2.28233	814
2.28600	797
2.28967	781
2.29333	769
2.29700	758
2.30067	745
2.30433	730
2.30800	714
2.31167	701
2.31533	688
2.31900	679
2.32267	671
2.32633	665
2.33000	663
2.33367	658
2.33733	651
2.34100	640
2.34467	629
2.34833	620
2.35200	619
2.35567	620
2.35933	618
2.36300	610
2.36667	597
2.37033	585
2.37400	575
2.37767	570
2.38133	566
2.38500	562
2.38867	557
2.39233	552
2.39600	546
2.39967	540
2.40333	534
2.40700	526
2.41067	516
2.41433	508
2.41800	504
2.42167	503
2.42533	500
2.42900	497
2.43267	497
2.43633	504
2.44000	510
2.44367	508
2.44733	501
2.45100	494
2.45467	489
2.45833	487
2.46200	483
2.46567	471
2.46933	457
2.47300	446
2.47667	441
2.48033	438
2.48400	435
2.48767	429
2.49133	423
2.49500	416
2.49867	409
2.50233	400
2.50600	393
2.50967	387
2.51333	388
2.51700	391
2.52067	395
2.52433	399
2.52800	402
2.53167	405
2.53533	407
2.53900	407
2.54267	405
2.54633	400
2.55000	393
2.55367	385
2.55733	376
2.56100	369
2.56467	367
2.56833	369
2.57200	374
2.57567	380
2.57933	382
2.58300	382
2.58667	379
2.59033	375
2.59400	368
2.59767	359
2.60133	353
2.60500	347
2.60867	343
2.61233	341
2.61600	339
2.61967	337
2.62333	333
2.62700	326
2.63067	317
2.63433	311
2.63800	311
2.64167	312
2.64533	314
2.64900	313
2.65267	310
2.65633	304
2.66000	298
2.66367	296
2.66733	295
2.67100	296
2.67467	301
2.67833	308
2.68200	312
2.68567	317
2.68933	322
2.69300	328
2.69667	331
2.70033	329
2.70400	320
2.70767	310
2.71133	303
2.71500	299
2.71867	297
2.72233	298
2.72600	301
2.72967	305
2.73333	308
2.73700	307
2.74067	302
2.74433	297
2.74800	293
2.75167	290
2.75533	288
2.75900	289
2.76267	291
2.76633	293
2.77000	291
2.77367	286
2.77733	282
2.78100	279
2.78467	276
2.78833	271
2.79200	263
2.79567	251
2.79933	242
2.80300	243
2.80667	247
2.81033	251
2.81400	257
2.81767	264
2.82133	270
2.82500	276
2.82867	278
2.83233	278
2.83600	276
2.83967	275
2.84333	276
2.84700	278
2.85067	280
2.85433	281
2.85800	283
2.86167	285
2.86533	286
2.86900	282
2.87267	274
2.87633	267
2.88000	262
2.88367	259
2.88733	256
2.89100	253
2.89467	250
2.89833	251
2.90200	255
2.90567	260
2.90933	263
2.91300	267
2.91667	273
2.92033	278
2.92400	277
2.92767	268
2.93133	255
2.93500	242
2.93867	238
2.94233	240
2.94600	244
2.94967	248
2.95333	251
2.95700	253
2.96067	254
2.96433	254
2.96800	255
2.97167	255
2.97533	255
2.97900	256
2.98267	258
2.98633	262
2.99000	269
2.99367	276
2.99733	281
3.00100	282
3.00467	280
3.00833	279
3.01200	279
3.01567	282
3.01933	283
3.02300	283
3.02667	282
3.03033	279
3.03400	273
3.03767	268
3.04133	265
3.04500	262
3.04867	262
3.05233	263
3.05600	264
3.05967	267
3.06333	269
3.06700	268
3.07067	265
3.07433	261
3.07800	256
3.08167	250
3.08533	245
3.08900	245
3.09267	249
3.09633	255
3.10000	258
3.10367	256
3.10733	253
3.11100	251
3.11467	250
3.11833	253
3.12200	256
3.12567	255
3.12933	254
3.13300	253
3.13667	251
3.14033	248
3.14400	246
3.14767	244
3.15133	242
3.15500	239
3.15867	237
3.16233	240
3.16600	245
3.16967	249
3.17333	252
3.17700	254
3.18067	258
3.18433	262
3.18800	264
3.19167	262
3.19533	259
3.19900	257
3.20267	255
3.20633	250
3.21000	247
3.21367	245
3.21733	247
3.22100	247
3.22467	244
3.22833	239
3.23200	235
3.23567	232
3.23933	229
3.24300	226
3.24667	229
3.25033	236
3.25400	246
3.25767	255
3.26133	261
3.26500	263
3.26867	265
3.27233	265
3.27600	264
3.27967	262
3.28333	262
3.28700	260
3.29067	256
3.29433	255
3.29800	256
3.30167	259
3.30533	261
3.30900	260
3.31267	256
3.31633	251
3.32000	245
3.32367	241
3.32733	236
3.33100	232
3.33467	233
3.33833	240
3.34200	248
3.34567	254
3.34933	257
3.35300	256
3.35667	254
3.36033	254
3.36400	256
3.36767	258
3.37133	257
3.37500	254
3.37867	249
3.38233	244
3.38600	238
3.38967	232
3.39333	229
3.39700	229
3.40067	234
3.40433	240
3.40800	244
3.41167	247
3.41533	250
3.41900	253
3.42267	255
3.42633	255
3.43000	252
3.43367	252
3.43733	253
3.44100	250
3.44467	247
3.44833	246
3.45200	254
3.45567	265
3.45933	270
3.46300	271
3.46667	268
3.47033	264
3.47400	262
3.47767	262
3.48133	262
3.48500	259
3.48867	259
3.49233	262
3.49600	266
3.49967	269
3.50333	268
3.50700	265
3.51067	261
3.51433	259
3.51800	257
3.52167	257
3.52533	259
3.52900	262
3.53267	260
3.53633	261
3.54000	262
3.54367	262
3.54733	261
3.55100	263
3.55467	269
3.55833	273
3.56200	273
3.56567	271
3.56933	270
3.57300	270
3.57667	270
3.58033	265
3.58400	259
3.58767	253
3.59133	252
3.59500	256
3.59867	259
3.60233	258
3.60600	255
3.60967	254
3.61333	253
3.61700	253
3.62067	254
3.62433	256
3.62800	259
3.63167	264
3.63533	268
3.63900	267
3.64267	263
3.64633	257
3.65000	255
3.65367	254
3.65733	255
3.66100	257
3.66467	260
3.66833	263
3.67200	266
3.67567	268
3.67933	271
3.68300	271
3.68667	270
3.69033	269
3.69400	267
3.69767	265
3.70133	263
3.70500	263
3.70867	263
3.71233	260
3.71600	255
3.71967	252
3.72333	250
3.72700	247
3.73067	245
3.73433	244
3.73800	249
3.74167	261
3.74533	272
3.74900	277
3.75267	277
3.75633	273
3.76000	270
3.76367	271
3.76733	274
3.77100	275
3.77467	274
3.77833	270
3.78200	263
3.78567	256
3.78933	250
3.79300	246
3.79667	243
3.80033	244
3.80400	250
3.80767	259
3.81133	268
3.81500	274
3.81867	279
3.82233	284
3.82600	286
3.82967	286
3.83333	286
3.83700	287
3.84067	291
3.84433	297
3.84800	322
3.85167	404
3.85533	479
3.85900	512
3.86267	511
3.86633	493
3.87000	470
3.87367	449
3.87733	432
3.88100	423
3.88467	422
3.88833	425
3.89200	425
3.89567	420
3.89933	409
3.90300	397
3.90667	388
3.91033	385
3.91400	388
3.91767	390
3.92133	389
3.92500	387
3.92867	390
3.93233	394
3.93600	394
3.93967	393
3.94333	392
3.94700	392
3.95067	388
3.95433	385
3.95800	383
3.96167	383
3.96533	386
3.96900	393
3.97267	398
3.97633	398
3.98000	393
3.98367	385
3.98733	379
3.99100	373
3.99467	373
3.99833	375

[Chromatogram (Ch2)]
Interval(msec)	220
# of Points	1091
Start Time(min)	0.002
End Time(min)	3.998
R.Time (min)	Intensity
0.00167	-1
0.00533	-1
0.00900	-1
0.01267	-1
0.01633	-2
0.02000	-2
0.02367	-2
0.02733	-2
0.03100	-2
0.03467	-2
0.03833	-3
0.04200	-3
0.04567	-3
0.04933	-3
0.05300	-3
0.05667	-3
0.06033	-2
0.06400	-2
0.06767	-2
0.07133	-2
0.07500	-1
0.07867	-1
0.08233	-0
0.08600	0
0.08967	0
0.09333	1
0.09700	1
0.10067	1
0.10433	1
0.10800	2
0.11167	2
0.11533	3
0.11900	3
0.12267	3
0.12633	3
0.13000	3
0.13367	3
0.13733	3
0.14100	3
0.14467	3
0.14833	3
0.15200	3
0.15567	3
0.15933	2
0.16300	2
0.16667	2
0.17033	2
0.17400	2
0.17767	2
0.18133	2
0.18500	2
0.18867	2
0.19233	2
0.19600	2
0.19967	2
0.20333	2
0.20700	2
0.21067	2
0.21433	2
0.21800	2
0.22167	2
0.22533	2
0.22900	2
0.23267	2
0.23633	2
0.24000	2
0.24367	2
0.24733	2
0.25100	1
0.25467	1
0.25833	1
0.26200	1
0.26567	1
0.26933	1
0.27300	1
0.27667	1
0.28033	0
0.28400	0
0.28767	0
0.29133	0
0.29500	0
0.29867	0
0.30233	0
0.30600	0
0.30967	0
0.31333	-0
0.31700	-0
0.32067	0
0.32433	1
0.32800	1
0.33167	1
0.33533	1
0.33900	1
0.34267	1
0.34633	0
0.35000	0
0.35367	0
0.35733	-0
0.36100	-0
0.36467	-1
0.36833	-1
0.37200	-1
0.37567	-1
0.37933	-1
0.38300	-1
0.38667	-1
0.39033	-0
0.39400	-0
0.39767	0
0.40133	1
0.40500	1
0.40867	1
0.41233	2
0.41600	2
0.41967	2
0.42333	2
0.42700	2
0.43067	2
0.43433	2
0.43800	2
0.44167	2
0.44533	2
0.44900	2
0.45267	2
0.45633	2
0.46000	2
0.46367	1
0.46733	1
0.47100	1
0.47467	1
0.47833	1
0.48200	1
0.48567	1
0.48933	1
0.49300	1
0.49667	1
0.50033	1
0.50400	1
0.50767	1
0.51133	1
0.51500	1
0.51867	1
0.52233	1
0.52600	1
0.52967	2
0.53333	2
0.53700	2
0.54067	2
0.54433	2
0.54800	2
0.55167	2
0.55533	2
0.55900	2
0.56267	2
0.56633	2
0.57000	2
0.57367	1
0.57733	1
0.58100	1
0.58467	1
0.58833	1
0.59200	0
0.59567	1
0.59933	1
0.60300	1
0.60667	1
0.61033	1
0.61400	1
0.61767	2
0.62133	2
0.62500	2
0.62867	2
0.63233	2
0.63600	2
0.63967	2
0.64333	2
0.64700	2
0.65067	2
0.65433	2
0.65800	2
0.66167	2
0.66533	2
0.66900	2
0.67267	2
0.67633	2
0.68000	2
0.68367	2
0.68733	1
0.69100	1
0.69467	1
0.69833	1
0.70200	1
0.70567	1
0.70933	1
0.71300	2
0.71667	2
0.72033	2
0.72400	2
0.72767	2
0.73133	2
0.73500	2
0.73867	2
0.74233	2
0.74600	2
0.74967	2
0.75333	2
0.75700	2
0.76067	1
0.76433	1
0.76800	1
0.77167	1
0.77533	1
0.77900	1
0.78267	0
0.78633	0
0.79000	-0
0.79367	-0
0.79733	-1
0.80100	-1
0.80467	-1
0.80833	-1
0.81200	-1
0.81567	-1
0.81933	-0
0.82300	-0
0.82667	-0
0.83033	0
0.83400	0
0.83767	1
0.84133	1
0.84500	1
0.84867	1
0.85233	1
0.85600	1
0.85967	1
0.86333	1
0.86700	2
0.87067	2
0.87433	2
0.87800	2
0.88167	2
0.88533	2
0.88900	2
0.89267	1
0.89633	2
0.90000	2
0.90367	2
0.90733	2
0.91100	2
0.91467	2
0.91833	2
0.92200	1
0.92567	1
0.92933	1
0.93300	1
0.93667	1
0.94033	1
0.94400	1
0.94767	1
0.95133	1
0.95500	1
0.95867	0
0.96233	0
0.96600	0
0.96967	0
0.97333	0
0.97700	0
0.98067	1
0.98433	1
0.98800	1
0.99167	1
0.99533	1
0.99900	1
1.00267	1
1.00633	1
1.01000	1
1.01367	1
1.01733	1
1.02100	1
1.02467	1
1.02833	1
1.03200	1
1.03567	1
1.03933	1
1.04300	1
1.04667	1
1.05033	1
1.05400	1
1.05767	1
1.06133	1
1.06500	1
1.06867	1
1.07233	1
1.07600	1
1.07967	1
1.08333	1
1.08700	1
1.09067	1
1.09433	1
1.09800	1
1.10167	0
1.10533	0
1.10900	-0
1.11267	-0
1.11633	0
1.12000	0
1.12367	0
1.12733	1
1.13100	0
1.13467	0
1.13833	0
1.14200	0
1.14567	0
1.14933	0
1.15300	0
1.15667	0
1.16033	0
1.16400	0
1.16767	0
1.17133	0
1.17500	0
1.17867	0
1.18233	1
1.18600	1
1.18967	1
1.19333	0
1.19700	0
1.20067	0
1.20433	0
1.20800	0
1.21167	-0
1.21533	-0
1.21900	-0
1.22267	-0
1.22633	-0
1.23000	-0
1.23367	0
1.23733	0
1.24100	1
1.24467	1
1.24833	1
1.25200	1
1.25567	0
1.25933	0
1.26300	0
1.26667	-0
1.27033	-0
1.27400	-0
1.27767	-0
1.28133	0
1.28500	0
1.28867	0
1.29233	1
1.29600	1
1.29967	1
1.30333	1
1.30700	1
1.31067	1
1.31433	1
1.31800	1
1.32167	1
1.32533	1
1.32900	1
1.33267	1
1.33633	1
1.34000	0
1.34367	0
1.34733	0
1.35100	0
1.35467	-0
1.35833	0
1.36200	0
1.36567	0
1.36933	0
1.37300	0
1.37667	0
1.38033	0
1.38400	0
1.38767	0
1.39133	0
1.39500	0
1.39867	0
1.40233	0
1.40600	0
1.40967	0
1.41333	1
1.41700	0
1.42067	0
1.42433	0
1.42800	-0
1.43167	-0
1.43533	-0
1.43900	-1
1.44267	-1
1.44633	-1
1.45000	-1
1.45367	-1
1.45733	-1
1.46100	-1
1.46467	-1
1.46833	-1
1.47200	-1
1.47567	-1
1.47933	-1
1.48300	-1
1.48667	-1
1.49033	-0
1.49400	-0
1.49767	-0
1.50133	-0
1.50500	-0
1.50867	-0
1.51233	-0
1.51600	-0
1.51967	-0
1.52333	0
1.52700	0
1.53067	1
1.53433	1
1.53800	1
1.54167	1
1.54533	1
1.54900	1
1.55267	1
1.55633	1
1.56000	1
1.56367	1
1.56733	1
1.57100	0
1.57467	0
1.57833	0
1.58200	1
1.58567	0
1.58933	0
1.59300	-0
1.59667	-0
1.60033	-1
1.60400	-2
1.60767	-3
1.61133	-5
1.61500	-7
1.61867	-9
1.62233	-11
1.62600	-14
1.62967	-17
1.63333	-20
1.63700	-23
1.64067	-27
1.64433	-30
1.64800	-34
1.65167	-37
1.65533	-41
1.65900	-45
1.66267	-49
1.66633	-53
1.67000	-58
1.67367	-63
1.67733	-68
1.68100	-73
1.68467	-77
1.68833	-82
1.69200	-85
1.69567	-89
1.69933	-92
1.70300	-95
1.70667	-97
1.71033	-98
1.71400	-99
1.71767	-100
1.72133	-101
1.72500	-102
1.72867	-104
1.73233	-105
1.73600	-106
1.73967	-107
1.74333	-107
1.74700	-108
1.75067	-108
1.75433	-108
1.75800	-109
1.76167	-109
1.76533	-109
1.76900	-109
1.77267	-109
1.77633	-110
1.78000	-110
1.78367	-111
1.78733	-111
1.79100	-112
1.79467	-112
1.79833	-113
1.80200	-113
1.80567	-114
1.80933	-115
1.81300	-115
1.81667	-116
1.82033	-116
1.82400	-116
1.82767	-116
1.83133	-116
1.83500	-117
1.83867	-117
1.84233	-117
1.84600	-117
1.84967	-117
1.85333	-117
1.85700	-117
1.86067	-117
1.86433	-116
1.86800	-116
1.87167	-115
1.87533	-115
1.87900	-114
1.88267	-114
1.88633	-114
1.89000	-113
1.89367	-113
1.89733	-113
1.90100	-113
1.90467	-113
1.90833	-113
1.91200	-112
1.91567	-112
1.91933	-112
1.92300	-112
1.92667	-112
1.93033	-112
1.93400	-111
1.93767	-111
1.94133	-111
1.94500	-111
1.94867	-111
1.95233	-111
1.95600	-111
1.95967	-111
1.96333	-110
1.96700	-109
1.97067	-108
1.97433	-107
1.97800	-107
1.98167	-106
1.98533	-105
1.98900	-105
1.99267	-104
1.99633	-104
2.00000	-104
2.00367	-105
2.00733	-105
2.01100	-105
2.01467	-105
2.01833	-105
2.02200	-105
2.02567	-105
2.02933	-105
2.03300	-105
2.03667	-104
2.04033	-104
2.04400	-103
2.04767	-103
2.05133	-102
2.05500	-102
2.05867	-102
2.06233	-101
2.06600	-101
2.06967	-101
2.07333	-102
2.07700	-102
2.08067	-102
2.08433	-101
2.08800	-101
2.09167	-100
2.09533	-100
2.09900	-100
2.10267	-99
2.10633	-99
2.11000	-99
2.11367	-99
2.11733	-98
2.12100	-98
2.12467	-98
2.12833	-97
2.13200	-97
2.13567	-97
2.13933	-97
2.14300	-97
2.14667	-96
2.15033	-96
2.15400	-96
2.15767	-96
2.16133	-96
2.16500	-96
2.16867	-96
2.17233	-95
2.17600	-95
2.17967	-95
2.18333	-94
2.18700	-93
2.19067	-93
2.19433	-92
2.19800	-91
2.20167	-91
2.20533	-90
2.20900	-90
2.21267	-90
2.21633	-90
2.22000	-90
2.22367	-90
2.22733	-90
2.23100	-89
2.23467	-89
2.23833	-89
2.24200	-88
2.24567	-88
2.24933	-87
2.25300	-87
2.25667	-87
2.26033	-86
2.26400	-86
2.26767	-86
2.27133	-86
2.27500	-87
2.27867	-87
2.28233	-86
2.28600	-86
2.28967	-85
2.29333	-84
2.29700	-84
2.30067	-83
2.30433	-82
2.30800	-81
2.31167	-81
2.31533	-80
2.31900	-80
2.32267	-80
2.32633	-81
2.33000	-81
2.33367	-81
2.33733	-81
2.34100	-81
2.34467	-80
2.34833	-80
2.35200	-79
2.35567	-78
2.35933	-77
2.36300	-75
2.36667	-74
2.37033	-72
2.37400	-69
2.37767	-66
2.38133	-63
2.38500	-60
2.38867	-57
2.39233	-53
2.39600	-49
2.39967	-45
2.40333	-42
2.40700	-38
2.41067	-34
2.41433	-30
2.41800	-26
2.42167	-23
2.42533	-20
2.42900	-18
2.43267	-15
2.43633	-13
2.44000	-11
2.44367	-9
2.44733	-7
2.45100	-6
2.45467	-4
2.45833	-2
2.46200	-1
2.46567	0
2.46933	1
2.47300	2
2.47667	3
2.48033	4
2.48400	5
2.48767	6
2.49133	7
2.49500	8
2.49867	9
2.50233	10
2.50600	11
2.50967	12
2.51333	12
2.51700	13
2.52067	14
2.52433	14
2.52800	15
2.53167	15
2.53533	16
2.53900	16
2.54267	17
2.54633	17
2.55000	18
2.55367	18
2.55733	18
2.56100	19
2.56467	19
2.56833	19
2.57200	20
2.57567	20
2.57933	20
2.58300	20
2.58667	20
2.59033	20
2.59400	20
2.59767	20
2.60133	20
2.60500	20
2.60867	20
2.61233	20
2.61600	20
2.61967	20
2.62333	20
2.62700	20
2.63067	20
2.63433	21
2.63800	21
2.64167	21
2.64533	21
2.64900	21
2.65267	21
2.65633	22
2.66000	23
2.66367	23
2.66733	24
2.67100	24
2.67467	24
2.67833	25
2.68200	25
2.68567	26
2.68933	26
2.69300	26
2.69667	27
2.70033	27
2.70400	27
2.70767	27
2.71133	28
2.71500	28
2.71867	28
2.72233	28
2.72600	28
2.72967	29
2.73333	29
2.73700	29
2.74067	29
2.74433	29
2.74800	28
2.75167	28
2.75533	28
2.75900	28
2.76267	27
2.76633	28
2.77000	28
2.77367	28
2.77733	28
2.78100	29
2.78467	29
2.78833	30
2.79200	30
2.79567	30
2.79933	31
2.80300	31
2.80667	31
2.81033	31
2.81400	32
2.81767	32
2.82133	31
2.82500	31
2.82867	31
2.83233	31
2.83600	31
2.83967	30
2.84333	30
2.84700	29
2.85067	29
2.85433	27
2.85800	25
2.86167	20
2.86533	14
2.86900	5
2.87267	-7
2.87633	-23
2.88000	-43
2.88367	-67
2.88733	-94
2.89100	-126
2.89467	-161
2.89833	-199
2.90200	-241
2.90567	-285
2.90933	-331
2.91300	-380
2.91667	-429
2.92033	-480
2.92400	-531
2.92767	-582
2.93133	-634
2.93500	-685
2.93867	-736
2.94233	-787
2.94600	-839
2.94967	-894
2.95333	-955
2.95700	-1017
2.96067	-1070
2.96433	-1104
2.96800	-1111
2.97167	-1092
2.97533	-1050
2.97900	-990
2.98267	-917
2.98633	-838
2.99000	-756
2.99367	-675
2.99733	-597
3.00100	-524
3.00467	-457
3.00833	-397
3.01200	-342
3.01567	-294
3.01933	-251
3.02300	-214
3.02667	-182
3.03033	-154
3.03400	-129
3.03767	-108
3.04133	-90
3.04500	-74
3.04867	-61
3.05233	-50
3.05600	-40
3.05967	-31
3.06333	-24
3.06700	-18
3.07067	-13
3.07433	-8
3.07800	-4
3.08167	-1
3.08533	2
3.08900	4
3.09267	6
3.09633	8
3.10000	9
3.10367	11
3.10733	12
3.11100	13
3.11467	14
3.11833	15
3.12200	16
3.12567	17
3.12933	17
3.13300	17
3.13667	18
3.14033	18
3.14400	19
3.14767	19
3.15133	20
3.15500	20
3.15867	20
3.16233	21
3.16600	21
3.16967	21
3.17333	21
3.17700	21
3.18067	22
3.18433	22
3.18800	22
3.19167	23
3.19533	23
3.19900	23
3.20267	23
3.20633	24
3.21000	24
3.21367	24
3.21733	24
3.22100	24
3.22467	25
3.22833	25
3.23200	25
3.23567	25
3.23933	25
3.24300	25
3.24667	25
3.25033	26
3.25400	26
3.25767	26
3.26133	27
3.26500	27
3.26867	27
3.27233	27
3.27600	27
3.27967	28
3.28333	28
3.28700	28
3.29067	28
3.29433	28
3.29800	28
3.30167	28
3.30533	29
3.30900	29
3.31267	29
3.31633	29
3.32000	29
3.32367	29
3.32733	29
3.33100	29
3.33467	29
3.33833	29
3.34200	29
3.34567	29
3.34933	29
3.35300	29
3.35667	30
3.36033	30
3.36400	30
3.36767	30
3.37133	30
3.37500	31
3.37867	31
3.38233	31
3.38600	31
3.38967	31
3.39333	31
3.39700	31
3.40067	31
3.40433	32
3.40800	32
3.41167	32
3.41533	32
3.41900	32
3.42267	32
3.42633	32
3.43000	32
3.43367	32
3.43733	32
3.44100	32
3.44467	32
3.44833	33
3.45200	33
3.45567	32
3.45933	32
3.46300	32
3.46667	32
3.47033	32
3.47400	32
3.47767	32
3.48133	31
3.48500	31
3.48867	31
3.49233	31
3.49600	31
3.49967	31
3.50333	31
3.50700	31
3.51067	31
3.51433	31
3.51800	31
3.52167	31
3.52533	31
3.52900	31
3.53267	31
3.53633	31
3.54000	31
3.54367	31
3.54733	31
3.55100	31
3.55467	31
3.55833	31
3.56200	31
3.56567	31
3.56933	32
3.57300	32
3.57667	32
3.58033	32
3.58400	31
3.58767	31
3.59133	31
3.59500	31
3.59867	31
3.60233	31
3.60600	31
3.60967	31
3.61333	31
3.61700	31
3.62067	31
3.62433	31
3.62800	31
3.63167	31
3.63533	31
3.63900	31
3.64267	31
3.64633	31
3.65000	31
3.65367	31
3.65733	31
3.66100	31
3.66467	31
3.66833	31
3.67200	31
3.67567	31
3.67933	31
3.68300	31
3.68667	31
3.69033	31
3.69400	31
3.69767	31
3.70133	31
3.70500	32
3.70867	32
3.71233	31
3.71600	31
3.71967	31
3.72333	31
3.72700	32
3.73067	32
3.73433	32
3.73800	32
3.74167	32
3.74533	32
3.74900	32
3.75267	31
3.75633	31
3.76000	31
3.76367	31
3.76733	31
3.77100	31
3.77467	31
3.77833	31
3.78200	31
3.78567	31
3.78933	31
3.79300	32
3.79667	32
3.80033	32
3.80400	32
3.80767	32
3.81133	33
3.81500	33
3.81867	33
3.82233	33
3.82600	33
3.82967	33
3.83333	33
3.83700	34
3.84067	34
3.84433	34
3.84800	34
3.85167	33
3.85533	33
3.85900	33
3.86267	33
3.86633	33
3.87000	33
3.87367	33
3.87733	33
3.88100	33
3.88467	33
3.88833	33
3.89200	33
3.89567	33
3.89933	33
3.90300	33
3.90667	33
3.91033	33
3.91400	33
3.91767	33
3.92133	33
3.92500	32
3.92867	32
3.93233	32
3.93600	32
3.93967	32
3.94333	33
3.94700	33
3.95067	33
3.95433	33
3.95800	33
3.96167	33
3.96533	33
3.96900	33
3.97267	33
3.97633	32
3.98000	32
3.98367	32
3.98733	32
3.99100	32
3.99467	32
3.99833	32

[Chromatogram (Ch3)]
Interval(msec)	220
# of Points	1091
Start Time(min)	0.002
End Time(min)	3.998
R.Time (min)	Intensity
0.00167	-1
0.00533	-0
0.00900	3
0.01267	5
0.01633	7
0.02000	7
0.02367	8
0.02733	11
0.03100	14
0.03467	15
0.03833	14
0.04200	12
0.04567	11
0.04933	11
0.05300	10
0.05667	10
0.06033	6
0.06400	5
0.06767	6
0.07133	9
0.07500	9
0.07867	10
0.08233	11
0.08600	12
0.08967	11
0.09333	9
0.09700	9
0.10067	11
0.10433	14
0.10800	16
0.11167	18
0.11533	16
0.11900	14
0.12267	15
0.12633	16
0.13000	16
0.13367	16
0.13733	15
0.14100	16
0.14467	17
0.14833	16
0.15200	15
0.15567	13
0.15933	11
0.16300	12
0.16667	15
0.17033	16
0.17400	16
0.17767	15
0.18133	14
0.18500	13
0.18867	13
0.19233	14
0.19600	15
0.19967	18
0.20333	20
0.20700	19
0.21067	18
0.21433	18
0.21800	16
0.22167	13
0.22533	11
0.22900	12
0.23267	16
0.23633	20
0.24000	23
0.24367	22
0.24733	19
0.25100	19
0.25467	19
0.25833	17
0.26200	16
0.26567	15
0.26933	16
0.27300	16
0.27667	15
0.28033	16
0.28400	16
0.28767	18
0.29133	20
0.29500	19
0.29867	16
0.30233	17
0.30600	18
0.30967	20
0.31333	20
0.31700	19
0.32067	20
0.32433	17
0.32800	16
0.33167	15
0.33533	13
0.33900	11
0.34267	12
0.34633	14
0.35000	16
0.35367	18
0.35733	20
0.36100	19
0.36467	18
0.36833	15
0.37200	14
0.37567	15
0.37933	15
0.38300	15
0.38667	14
0.39033	15
0.39400	16
0.39767	17
0.40133	16
0.40500	15
0.40867	15
0.41233	16
0.41600	17
0.41967	18
0.42333	20
0.42700	21
0.43067	19
0.43433	18
0.43800	17
0.44167	14
0.44533	14
0.44900	14
0.45267	15
0.45633	16
0.46000	18
0.46367	20
0.46733	21
0.47100	22
0.47467	22
0.47833	23
0.48200	22
0.48567	21
0.48933	21
0.49300	21
0.49667	22
0.50033	23
0.50400	24
0.50767	23
0.51133	21
0.51500	19
0.51867	19
0.52233	17
0.52600	15
0.52967	14
0.53333	16
0.53700	17
0.54067	18
0.54433	18
0.54800	18
0.55167	18
0.55533	18
0.55900	18
0.56267	20
0.56633	21
0.57000	20
0.57367	19
0.57733	17
0.58100	16
0.58467	15
0.58833	14
0.59200	12
0.59567	12
0.59933	11
0.60300	12
0.60667	16
0.61033	18
0.61400	20
0.61767	22
0.62133	22
0.62500	23
0.62867	22
0.63233	18
0.63600	16
0.63967	15
0.64333	17
0.64700	18
0.65067	19
0.65433	19
0.65800	18
0.66167	18
0.66533	19
0.66900	20
0.67267	21
0.67633	21
0.68000	20
0.68367	20
0.68733	21
0.69100	22
0.69467	22
0.69833	21
0.70200	20
0.70567	22
0.70933	22
0.71300	22
0.71667	22
0.72033	22
0.72400	20
0.72767	19
0.73133	18
0.73500	18
0.73867	20
0.74233	19
0.74600	18
0.74967	16
0.75333	16
0.75700	17
0.76067	18
0.76433	16
0.76800	15
0.77167	15
0.77533	17
0.77900	17
0.78267	17
0.78633	17
0.79000	19
0.79367	18
0.79733	18
0.80100	19
0.80467	21
0.80833	21
0.81200	21
0.81567	19
0.81933	17
0.82300	16
0.82667	15
0.83033	14
0.83400	15
0.83767	18
0.84133	21
0.84500	22
0.84867	19
0.85233	15
0.85600	13
0.85967	15
0.86333	17
0.86700	19
0.87067	19
0.87433	18
0.87800	16
0.88167	18
0.88533	22
0.88900	24
0.89267	25
0.89633	26
0.90000	25
0.90367	23
0.90733	24
0.91100	26
0.91467	25
0.91833	24
0.92200	22
0.92567	19
0.92933	19
0.93300	18
0.93667	18
0.94033	19
0.94400	20
0.94767	20
0.95133	20
0.95500	20
0.95867	19
0.96233	19
0.96600	19
0.96967	17
0.97333	15
0.97700	16
0.98067	17
0.98433	18
0.98800	20
0.99167	22
0.99533	25
0.99900	23
1.00267	23
1.00633	21
1.01000	21
1.01367	23
1.01733	26
1.02100	28
1.02467	26
1.02833	24
1.03200	23
1.03567	21
1.03933	20
1.04300	19
1.04667	20
1.05033	19
1.05400	19
1.05767	18
1.06133	16
1.06500	17
1.06867	18
1.07233	18
1.07600	17
1.07967	16
1.08333	16
1.08700	16
1.09067	18
1.09433	17
1.09800	17
1.10167	18
1.10533	18
1.10900	22
1.11267	25
1.11633	24
1.12000	24
1.12367	23
1.12733	21
1.13100	20
1.13467	19
1.13833	19
1.14200	20
1.14567	19
1.14933	20
1.15300	21
1.15667	19
1.16033	19
1.16400	22
1.16767	23
1.17133	23
1.17500	21
1.17867	20
1.18233	19
1.18600	20
1.18967	20
1.19333	21
1.19700	23
1.20067	25
1.20433	27
1.20800	28
1.21167	29
1.21533	28
1.21900	26
1.22267	23
1.22633	20
1.23000	20
1.23367	20
1.23733	21
1.24100	21
1.24467	21
1.24833	22
1.25200	23
1.25567	24
1.25933	23
1.26300	22
1.26667	22
1.27033	24
1.27400	26
1.27767	27
1.28133	27
1.28500	27
1.28867	26
1.29233	29
1.29600	31
1.29967	30
1.30333	30
1.30700	28
1.31067	26
1.31433	23
1.31800	22
1.32167	21
1.32533	21
1.32900	21
1.33267	21
1.33633	23
1.34000	24
1.34367	24
1.34733	25
1.35100	26
1.35467	26
1.35833	25
1.36200	23
1.36567	24
1.36933	24
1.37300	24
1.37667	24
1.38033	23
1.38400	24
1.38767	22
1.39133	20
1.39500	20
1.39867	21
1.40233	21
1.40600	22
1.40967	23
1.41333	25
1.41700	29
1.42067	30
1.42433	30
1.42800	27
1.43167	26
1.43533	27
1.43900	25
1.44267	23
1.44633	23
1.45000	24
1.45367	24
1.45733	25
1.46100	28
1.46467	31
1.46833	33
1.47200	33
1.47567	32
1.47933	33
1.48300	32
1.48667	30
1.49033	26
1.49400	25
1.49767	25
1.50133	25
1.50500	27
1.50867	28
1.51233	29
1.51600	29
1.51967	28
1.52333	26
1.52700	24
1.53067	25
1.53433	28
1.53800	30
1.54167	33
1.54533	34
1.54900	32
1.55267	31
1.55633	30
1.56000	28
1.56367	27
1.56733	27
1.57100	27
1.57467	26
1.57833	24
1.58200	23
1.58567	23
1.58933	24
1.59300	26
1.59667	28
1.60033	30
1.60400	33
1.60767	35
1.61133	35
1.61500	33
1.61867	33
1.62233	34
1.62600	34
1.62967	33
1.63333	32
1.63700	29
1.64067	29
1.64433	30
1.64800	29
1.65167	30
1.65533	32
1.65900	35
1.66267	37
1.66633	38
1.67000	37
1.67367	38
1.67733	39
1.68100	41
1.68467	41
1.68833	38
1.69200	39
1.69567	39
1.69933	39
1.70300	40
1.70667	42
1.71033	45
1.71400	44
1.71767	40
1.72133	40
1.72500	40
1.72867	42
1.73233	44
1.73600	45
1.73967	47
1.74333	47
1.74700	47
1.75067	46
1.75433	45
1.75800	44
1.76167	45
1.76533	45
1.76900	45
1.77267	46
1.77633	48
1.78000	49
1.78367	51
1.78733	54
1.79100	55
1.79467	53
1.79833	52
1.80200	51
1.80567	51
1.80933	50
1.81300	51
1.81667	54
1.82033	58
1.82400	59
1.82767	58
1.83133	57
1.83500	55
1.83867	55
1.84233	55
1.84600	56
1.84967	58
1.85333	59
1.85700	60
1.86067	62
1.86433	64
1.86800	66
1.87167	66
1.87533	67
1.87900	68
1.88267	67
1.88633	67
1.89000	65
1.89367	68
1.89733	69
1.90100	70
1.90467	72
1.90833	71
1.91200	68
1.91567	67
1.91933	69
1.92300	71
1.92667	74
1.93033	76
1.93400	78
1.93767	78
1.94133	76
1.94500	76
1.94867	74
1.95233	75
1.95600	77
1.95967	79
1.96333	78
1.96700	81
1.97067	86
1.97433	89
1.97800	91
1.98167	91
1.98533	91
1.98900	91
1.99267	90
1.99633	91
2.00000	92
2.00367	93
2.00733	94
2.01100	96
2.01467	95
2.01833	97
2.02200	98
2.02567	97
2.02933	98
2.03300	99
2.03667	99
2.04033	99
2.04400	100
2.04767	102
2.05133	103
2.05500	105
2.05867	107
2.06233	107
2.06600	106
2.06967	104
2.07333	108
2.07700	110
2.08067	112
2.08433	115
2.08800	119
2.09167	117
2.09533	119
2.09900	120
2.10267	121
2.10633	123
2.11000	123
2.11367	122
2.11733	121
2.12100	120
2.12467	122
2.12833	125
2.13200	131
2.13567	136
2.13933	137
2.14300	135
2.14667	135
2.15033	135
2.15400	137
2.15767	139
2.16133	141
2.16500	140
2.16867	139
2.17233	142
2.17600	145
2.17967	147
2.18333	148
2.18700	149
2.19067	150
2.19433	149
2.19800	147
2.20167	148
2.20533	150
2.20900	151
2.21267	156
2.21633	160
2.22000	160
2.22367	160
2.22733	161
2.23100	165
2.23467	168
2.23833	172
2.24200	174
2.24567	176
2.24933	174
2.25300	172
2.25667	172
2.26033	175
2.26400	176
2.26767	175
2.27133	175
2.27500	177
2.27867	180
2.28233	183
2.28600	185
2.28967	186
2.29333	187
2.29700	189
2.30067	193
2.30433	197
2.30800	199
2.31167	199
2.31533	198
2.31900	200
2.32267	202
2.32633	204
2.33000	207
2.33367	208
2.33733	210
2.34100	214
2.34467	218
2.34833	219
2.35200	219
2.35567	219
2.35933	219
2.36300	221
2.36667	223
2.37033	222
2.37400	223
2.37767	226
2.38133	228
2.38500	229
2.38867	229
2.39233	232
2.39600	235
2.39967	236
2.40333	239
2.40700	243
2.41067	247
2.41433	247
2.41800	249
2.42167	251
2.42533	254
2.42900	257
2.43267	258
2.43633	261
2.44000	262
2.44367	280
2.44733	334
2.45100	394
2.45467	439
2.45833	457
2.46200	457
2.46567	451
2.46933	443
2.47300	433
2.47667	421
2.48033	403
2.48400	383
2.48767	366
2.49133	350
2.49500	338
2.49867	332
2.50233	331
2.50600	335
2.50967	341
2.51333	347
2.51700	349
2.52067	347
2.52433	341
2.52800	334
2.53167	326
2.53533	317
2.53900	308
2.54267	301
2.54633	299
2.55000	296
2.55367	295
2.55733	294
2.56100	290
2.56467	287
2.56833	287
2.57200	287
2.57567	290
2.57933	293
2.58300	296
2.58667	302
2.59033	309
2.59400	315
2.59767	318
2.60133	320
2.60500	320
2.60867	315
2.61233	301
2.61600	279
2.61967	250
2.62333	214
2.62700	172
2.63067	131
2.63433	94
2.63800	63
2.64167	36
2.64533	12
2.64900	-6
2.65267	-20
2.65633	-27
2.66000	-29
2.66367	-28
2.66733	-24
2.67100	-18
2.67467	-11
2.67833	-0
2.68200	11
2.68567	21
2.68933	33
2.69300	44
2.69667	57
2.70033	68
2.70400	78
2.70767	85
2.71133	94
2.71500	101
2.71867	107
2.72233	115
2.72600	127
2.72967	138
2.73333	148
2.73700	155
2.74067	161
2.74433	166
2.74800	176
2.75167	185
2.75533	191
2.75900	196
2.76267	200
2.76633	205
2.77000	211
2.77367	218
2.77733	223
2.78100	228
2.78467	232
2.78833	236
2.79200	241
2.79567	245
2.79933	247
2.80300	249
2.80667	253
2.81033	258
2.81400	264
2.81767	268
2.82133	272
2.82500	277
2.82867	284
2.83233	301
2.83600	333
2.83967	397
2.84333	516
2.84700	719
2.85067	1032
2.85433	1468
2.85800	2029
2.86167	2689
2.86533	3412
2.86900	4145
2.87267	4824
2.87633	5393
2.88000	5807
2.88367	6050
2.88733	6118
2.89100	6024
2.89467	5798
2.89833	5475
2.90200	5090
2.90567	4673
2.90933	4244
2.91300	3823
2.91667	3422
2.92033	3049
2.92400	2709
2.92767	2403
2.93133	2128
2.93500	1883
2.93867	1664
2.94233	1473
2.94600	1309
2.94967	1166
2.95333	1041
2.95700	930
2.96067	835
2.96433	753
2.96800	685
2.97167	625
2.97533	572
2.97900	526
2.98267	488
2.98633	457
2.99000	431
2.99367	406
2.99733	382
3.00100	364
3.00467	350
3.00833	336
3.01200	325
3.01567	317
3.01933	309
3.02300	301
3.02667	294
3.03033	288
3.03400	281
3.03767	277
3.04133	274
3.04500	271
3.04867	265
3.05233	260
3.05600	258
3.05967	259
3.06333	257
3.06700	258
3.07067	257
3.07433	254
3.07800	251
3.08167	246
3.08533	243
3.08900	241
3.09267	239
3.09633	238
3.10000	239
3.10367	240
3.10733	240
3.11100	239
3.11467	237
3.11833	235
3.12200	234
3.12567	233
3.12933	232
3.13300	232
3.13667	233
3.14033	231
3.14400	231
3.14767	231
3.15133	233
3.15500	233
3.15867	234
3.16233	235
3.16600	237
3.16967	237
3.17333	235
3.17700	234
3.18067	232
3.18433	231
3.18800	232
3.19167	232
3.19533	230
3.19900	227
3.20267	226
3.20633	224
3.21000	224
3.21367	225
3.21733	228
3.22100	229
3.22467	228
3.22833	228
3.23200	229
3.23567	230
3.23933	229
3.24300	228
3.24667	225
3.25033	223
3.25400	221
3.25767	220
3.26133	220
3.26500	219
3.26867	219
3.27233	218
3.27600	217
3.27967	216
3.28333	212
3.28700	208
3.29067	205
3.29433	202
3.29800	199
3.30167	195
3.30533	193
3.30900	189
3.31267	187
3.31633	187
3.32000	186
3.32367	184
3.32733	181
3.33100	177
3.33467	173
3.33833	170
3.34200	168
3.34567	166
3.34933	164
3.35300	162
3.35667	157
3.36033	153
3.36400	148
3.36767	144
3.37133	141
3.37500	139
3.37867	135
3.38233	133
3.38600	131
3.38967	128
3.39333	125
3.39700	122
3.40067	119
3.40433	115
3.40800	110
3.41167	105
3.41533	103
3.41900	101
3.42267	99
3.42633	96
3.43000	91
3.43367	85
3.43733	81
3.44100	76
3.44467	72
3.44833	70
3.45200	68
3.45567	66
3.45933	64
3.46300	64
3.46667	62
3.47033	60
3.47400	57
3.47767	55
3.48133	54
3.48500	50
3.48867	45
3.49233	42
3.49600	41
3.49967	41
3.50333	39
3.50700	35
3.51067	32
3.51433	30
3.51800	27
3.52167	27
3.52533	27
3.52900	28
3.53267	27
3.53633	26
3.54000	24
3.54367	22
3.54733	19
3.55100	18
3.55467	19
3.55833	17
3.56200	13
3.56567	7
3.56933	5
3.57300	4
3.57667	4
3.58033	3
3.58400	2
3.58767	1
3.59133	0
3.59500	-1
3.59867	-3
3.60233	-3
3.60600	-0
3.60967	1
3.61333	0
3.61700	-0
3.62067	-4
3.62433	-7
3.62800	-11
3.63167	-13
3.63533	-14
3.63900	-14
3.64267	-12
3.64633	-11
3.65000	-10
3.65367	-9
3.65733	-12
3.66100	-14
3.66467	-13
3.66833	-12
3.67200	-12
3.67567	-12
3.67933	-13
3.68300	-12
3.68667	-10
3.69033	-9
3.69400	-8
3.69767	-8
3.70133	-8
3.70500	-11
3.70867	-13
3.71233	-14
3.71600	-16
3.71967	-17
3.72333	-17
3.72700	-16
3.73067	-15
3.73433	-13
3.73800	-12
3.74167	-11
3.74533	-10
3.74900	-11
3.75267	-9
3.75633	-9
3.76000	-10
3.76367	-11
3.76733	-11
3.77100	-11
3.77467	-11
3.77833	-12
3.78200	-13
3.78567	-14
3.78933	-16
3.79300	-19
3.79667	-19
3.80033	-17
3.80400	-16
3.80767	-17
3.81133	-14
3.81500	-12
3.81867	-11
3.82233	-11
3.82600	-10
3.82967	-9
3.83333	-9
3.83700	-11
3.84067	-13
3.84433	-13
3.84800	-13
3.85167	-14
3.85533	-14
3.85900	-15
3.86267	-16
3.86633	-17
3.87000	-20
3.87367	-22
3.87733	-21
3.88100	-17
3.88467	-15
3.88833	-14
3.89200	-13
3.89567	-10
3.89933	-9
3.90300	-11
3.90667	-12
3.91033	-11
3.91400	-10
3.91767	-13
3.92133	-13
3.92500	-13
3.92867	-11
3.93233	-9
3.93600	-8
3.93967	-8
3.94333	-6
3.94700	-7
3.95067	-8
3.95433	-12
3.95800	-14
3.96167	-15
3.96533	-15
3.96900	-15
3.97267	-14
3.97633	-14
3.98000	-15
3.98367	-17
3.98733	-18
3.99100	-16
3.99467	-18
3.99833	-21

[Status Trace (Column Oven Temperature)]
Interval(msec)	1000
# of Points	240
Start Time(min)	0.014
End Time(min)	3.997
Intensity Units	
Intensity Multiplier	1
R.Time (min)	Intensity
0.01365	35.01
0.03032	35.03
0.04698	35.04
0.06365	35.04
0.08032	35.03
0.09698	35.03
0.11365	35.02
0.13032	35.02
0.14698	35.01
0.16365	35.00
0.18032	34.99
0.19698	34.99
0.21365	34.99
0.23032	34.98
0.24698	34.98
0.26365	34.98
0.28032	34.99
0.29698	34.99
0.31365	34.99
0.33032	35.00
0.34698	35.00
0.36365	35.00
0.38032	34.99
0.39698	34.99
0.41365	34.99
0.43032	34.99
0.44698	34.99
0.46365	34.99
0.48032	34.99
0.49698	34.98
0.51365	34.99
0.53032	34.99
0.54698	34.98
0.56365	34.99
0.58032	34.99
0.59698	35.00
0.61365	35.00
0.63032	35.00
0.64698	34.99
0.66365	34.99
0.68032	34.99
0.69698	34.99
0.71365	34.98
0.73032	34.98
0.74698	34.99
0.76365	35.00
0.78032	34.99
0.79698	35.00
0.81365	35.00
0.83032	35.00
0.84698	35.00
0.86365	34.99
0.88032	34.99
0.89698	34.98
0.91365	34.98
0.93032	34.98
0.94698	34.99
0.96365	34.99
0.98032	35.00
0.99698	35.00
1.01365	34.99
1.03032	34.99
1.04698	34.99
1.06365	34.98
1.08032	34.99
1.09698	34.98
1.11365	34.99
1.13032	34.99
1.14698	34.99
1.16365	35.00
1.18032	35.00
1.19698	35.00
1.21365	35.01
1.23032	35.00
1.24698	35.00
1.26365	35.00
1.28032	35.00
1.29698	34.99
1.31365	35.00
1.33032	35.00
1.34698	35.00
1.36365	34.99
1.38032	35.00
1.39698	34.99
1.41365	34.99
1.43032	35.00
1.44698	35.00
1.46365	35.01
1.48032	35.01
1.49698	35.01
1.51365	35.00
1.53032	34.99
1.54698	34.99
1.56365	35.00
1.58032	35.00
1.59698	35.02
1.61365	35.10
1.63032	35.24
1.64698	35.45
1.66365	35.73
1.68032	36.09
1.69698	36.45
1.71365	36.78
1.73032	37.13
1.74698	37.47
1.76365	37.80
1.78032	38.12
1.79698	38.46
1.81365	38.79
1.83032	39.12
1.84698	39.47
1.86365	39.79
1.88032	40.12
1.89698	40.45
1.91365	40.77
1.93032	41.10
1.94698	41.44
1.96365	41.74
1.98032	42.06
1.99698	42.38
2.01365	42.72
2.03032	43.04
2.04698	43.37
2.06365	43.69
2.08032	44.01
2.09698	44.34
2.11365	44.67
2.13032	44.98
2.14698	45.31
2.16365	45.65
2.18032	45.97
2.19698	46.28
2.21365	46.61
2.23032	46.95
2.24698	47.27
2.26365	47.61
2.28032	47.95
2.29698	48.27
2.31365	48.61
2.33032	48.96
2.34698	49.27
2.36365	49.51
2.38032	49.62
2.39698	49.63
2.41365	49.62
2.43032	49.64
2.44698	49.65
2.46365	49.66
2.48032	49.68
2.49698	49.69
2.51365	49.70
2.53032	49.71
2.54698	49.73
2.56365	49.75
2.58032	49.76
2.59698	49.78
2.61365	49.79
2.63032	49.83
2.64698	49.84
2.66365	49.86
2.68032	49.85
2.69698	49.85
2.71365	49.85
2.73032	49.84
2.74698	49.86
2.76365	49.86
2.78032	49.86
2.79698	49.85
2.81365	49.85
2.83032	49.86
2.84698	49.89
2.86365	49.92
2.88032	49.92
2.89698	49.92
2.91365	49.93
2.93032	49.93
2.94698	49.94
2.96365	49.96
2.98032	49.97
2.99698	49.98
3.01365	49.99
3.03032	50.00
3.04698	50.00
3.06365	50.01
3.08032	50.01
3.09698	50.02
3.11365	50.02
3.13032	50.02
3.14698	50.03
3.16365	50.05
3.18032	50.06
3.19698	50.07
3.21365	50.08
3.23032	50.09
3.24698	50.09
3.26365	50.09
3.28032	50.09
3.29698	50.10
3.31365	50.09
3.33032	50.10
3.34698	50.10
3.36365	50.10
3.38032	50.10
3.39698	50.09
3.41365	50.08
3.43032	50.08
3.44698	50.07
3.46365	50.07
3.48032	50.07
3.49698	50.07
3.51365	50.08
3.53032	50.07
3.54698	50.07
3.56365	50.07
3.58032	50.07
3.59698	50.06
3.61365	50.06
3.63032	50.06
3.64698	50.07
3.66365	50.07
3.68032	50.08
3.69698	50.08
3.71365	50.07
3.73032	50.08
3.74698	50.09
3.76365	50.10
3.78032	50.10
3.79698	50.10
3.81365	50.09
3.83032	50.09
3.84698	50.07
3.86365	50.07
3.88032	50.06
3.89698	50.05
3.91365	50.04
3.93032	50.04
3.94698	50.05
3.96365	50.05
3.98032	50.06
3.99698	50.06

[Status Trace (Injection Unit Temperature)]
Interval(msec)	1000
# of Points	240
Start Time(min)	0.014
End Time(min)	3.997
Intensity Units	
Intensity Multiplier	1
R.Time (min)	Intensity
0.01365	100.00
0.03032	100.00
0.04698	100.00
0.06365	100.00
0.08032	100.00
0.09698	100.00
0.11365	100.00
0.13032	100.00
0.14698	100.00
0.16365	100.00
0.18032	100.00
0.19698	100.00
0.21365	100.00
0.23032	100.00
0.24698	100.00
0.26365	100.00
0.28032	100.00
0.29698	100.00
0.31365	100.00
0.33032	100.00
0.34698	100.00
0.36365	100.00
0.38032	100.00
0.39698	100.00
0.41365	100.00
0.43032	100.00
0.44698	100.00
0.46365	100.00
0.48032	100.00
0.49698	100.00
0.51365	100.00
0.53032	100.00
0.54698	100.00
0.56365	100.00
0.58032	100.00
0.59698	100.00
0.61365	100.00
0.63032	100.00
0.64698	100.00
0.66365	100.00
0.68032	100.00
0.69698	99.99
0.71365	100.00
0.73032	100.00
0.74698	99.99
0.76365	99.99
0.78032	99.99
0.79698	100.00
0.81365	99.99
0.83032	99.99
0.84698	99.99
0.86365	99.99
0.88032	99.99
0.89698	99.99
0.91365	99.99
0.93032	99.99
0.94698	99.99
0.96365	99.99
0.98032	99.99
0.99698	99.99
1.01365	99.99
1.03032	99.99
1.04698	99.99
1.06365	99.99
1.08032	99.99
1.09698	99.99
1.11365	99.99
1.13032	99.99
1.14698	99.99
1.16365	99.99
1.18032	99.99
1.19698	99.99
1.21365	99.99
1.23032	99.99
1.24698	99.99
1.26365	99.99
1.28032	99.99
1.29698	99.99
1.31365	99.99
1.33032	99.99
1.34698	99.99
1.36365	99.99
1.38032	99.99
1.39698	99.99
1.41365	99.99
1.43032	100.00
1.44698	99.99
1.46365	99.99
1.48032	99.99
1.49698	100.00
1.51365	100.00
1.53032	100.00
1.54698	100.00
1.56365	100.00
1.58032	100.00
1.59698	99.99
1.61365	100.00
1.63032	99.99
1.64698	100.00
1.66365	100.00
1.68032	100.00
1.69698	99.99
1.71365	100.00
1.73032	100.00
1.74698	100.00
1.76365	100.00
1.78032	99.99
1.79698	99.99
1.81365	99.99
1.83032	100.00
1.84698	99.99
1.86365	99.99
1.88032	99.99
1.89698	99.99
1.91365	99.99
1.93032	99.99
1.94698	99.99
1.96365	99.99
1.98032	99.99
1.99698	99.99
2.01365	99.98
2.03032	99.98
2.04698	99.98
2.06365	99.98
2.08032	99.98
2.09698	99.98
2.11365	99.98
2.13032	99.98
2.14698	99.98
2.16365	99.98
2.18032	99.98
2.19698	99.98
2.21365	99.97
2.23032	99.98
2.24698	99.98
2.26365	99.98
2.28032	99.97
2.29698	99.97
2.31365	99.97
2.33032	99.98
2.34698	99.97
2.36365	99.97
2.38032	99.97
2.39698	99.97
2.41365	99.98
2.43032	99.98
2.44698	99.97
2.46365	99.98
2.48032	99.98
2.49698	99.98
2.51365	99.98
2.53032	99.98
2.54698	99.98
2.56365	99.98
2.58032	99.98
2.59698	99.99
2.61365	99.98
2.63032	99.99
2.64698	99.99
2.66365	99.99
2.68032	99.99
2.69698	99.99
2.71365	99.99
2.73032	100.00
2.74698	100.00
2.76365	100.00
2.78032	100.00
2.79698	100.00
2.81365	100.00
2.83032	100.00
2.84698	100.01
2.86365	100.01
2.88032	100.01
2.89698	100.01
2.91365	100.02
2.93032	100.01
2.94698	100.02
2.96365	100.02
2.98032	100.02
2.99698	100.02
3.01365	100.02
3.03032	100.02
3.04698	100.02
3.06365	100.02
3.08032	100.03
3.09698	100.02
3.11365	100.03
3.13032	100.03
3.14698	100.03
3.16365	100.03
3.18032	100.03
3.19698	100.04
3.21365	100.04
3.23032	100.04
3.24698	100.04
3.26365	100.04
3.28032	100.04
3.29698	100.04
3.31365	100.04
3.33032	100.04
3.34698	100.04
3.36365	100.04
3.38032	100.04
3.39698	100.04
3.41365	100.04
3.43032	100.05
3.44698	100.05
3.46365	100.05
3.48032	100.05
3.49698	100.05
3.51365	100.05
3.53032	100.05
3.54698	100.04
3.56365	100.05
3.58032	100.04
3.59698	100.05
3.61365	100.05
3.63032	100.05
3.64698	100.05
3.66365	100.05
3.68032	100.05
3.69698	100.05
3.71365	100.04
3.73032	100.05
3.74698	100.05
3.76365	100.05
3.78032	100.05
3.79698	100.05
3.81365	100.05
3.83032	100.04
3.84698	100.05
3.86365	100.05
3.88032	100.05
3.89698	100.05
3.91365	100.05
3.93032	100.05
3.94698	100.05
3.96365	100.05
3.98032	100.05
3.99698	100.05

[Status Trace (Carrier Gas Pressure)]
Interval(msec)	1000
# of Points	240
Start Time(min)	0.014
End Time(min)	3.997
Intensity Units	
Intensity Multiplier	1
R.Time (min)	Intensity
0.01365	57.60
0.03032	55.20
0.04698	57.84
0.06365	59.80
0.08032	58.85
0.09698	57.98
0.11365	58.00
0.13032	58.01
0.14698	58.01
0.16365	58.00
0.18032	58.00
0.19698	58.00
0.21365	58.00
0.23032	58.00
0.24698	58.00
0.26365	58.00
0.28032	58.00
0.29698	58.00
0.31365	58.00
0.33032	58.00
0.34698	58.00
0.36365	58.00
0.38032	58.00
0.39698	58.00
0.41365	58.00
0.43032	58.00
0.44698	58.00
0.46365	58.00
0.48032	58.00
0.49698	58.00
0.51365	58.00
0.53032	58.00
0.54698	58.00
0.56365	58.00
0.58032	58.00
0.59698	58.00
0.61365	58.00
0.63032	58.00
0.64698	58.00
0.66365	58.00
0.68032	58.00
0.69698	58.00
0.71365	58.00
0.73032	58.00
0.74698	58.00
0.76365	58.00
0.78032	58.00
0.79698	58.00
0.81365	58.00
0.83032	58.00
0.84698	58.00
0.86365	58.00
0.88032	58.00
0.89698	58.00
0.91365	58.00
0.93032	58.00
0.94698	58.00
0.96365	58.00
0.98032	58.00
0.99698	58.00
1.01365	58.00
1.03032	58.00
1.04698	58.00
1.06365	58.00
1.08032	58.00
1.09698	58.00
1.11365	58.00
1.13032	58.00
1.14698	58.00
1.16365	58.00
1.18032	58.00
1.19698	58.00
1.21365	58.00
1.23032	58.00
1.24698	58.00
1.26365	58.00
1.28032	58.00
1.29698	58.00
1.31365	58.00
1.33032	58.00
1.34698	58.00
1.36365	58.00
1.38032	58.00
1.39698	58.00
1.41365	58.00
1.43032	58.00
1.44698	58.00
1.46365	58.00
1.48032	58.00
1.49698	58.00
1.51365	58.00
1.53032	58.00
1.54698	58.00
1.56365	58.00
1.58032	58.00
1.59698	58.00
1.61365	58.00
1.63032	58.00
1.64698	58.00
1.66365	58.00
1.68032	58.01
1.69698	58.00
1.71365	58.00
1.73032	58.00
1.74698	58.00
1.76365	58.00
1.78032	58.00
1.79698	58.00
1.81365	58.00
1.83032	58.00
1.84698	58.00
1.86365	58.00
1.88032	58.00
1.89698	58.00
1.91365	58.00
1.93032	58.00
1.94698	58.00
1.96365	58.00
1.98032	58.00
1.99698	58.00
2.01365	58.00
2.03032	58.00
2.04698	58.00
2.06365	58.00
2.08032	58.00
2.09698	58.00
2.11365	58.00
2.13032	58.00
2.14698	58.00
2.16365	58.00
2.18032	58.00
2.19698	58.00
2.21365	58.00
2.23032	58.00
2.24698	58.00
2.26365	58.00
2.28032	58.00
2.29698	58.00
2.31365	58.00
2.33032	58.00
2.34698	58.00
2.36365	58.00
2.38032	57.99
2.39698	57.99
2.41365	58.00
2.43032	58.00
2.44698	58.00
2.46365	58.00
2.48032	58.00
2.49698	58.00
2.51365	57.99
2.53032	57.98
2.54698	58.00
2.56365	58.00
2.58032	58.00
2.59698	58.00
2.61365	58.00
2.63032	58.00
2.64698	58.00
2.66365	58.00
2.68032	58.00
2.69698	58.00
2.71365	58.00
2.73032	58.00
2.74698	58.00
2.76365	58.00
2.78032	58.00
2.79698	58.00
2.81365	58.00
2.83032	58.00
2.84698	58.00
2.86365	58.00
2.88032	58.00
2.89698	58.00
2.91365	58.00
2.93032	58.00
2.94698	58.00
2.96365	58.00
2.98032	58.00
2.99698	58.00
3.01365	58.00
3.03032	58.00
3.04698	58.00
3.06365	58.00
3.08032	58.00
3.09698	58.00
3.11365	58.00
3.13032	58.00
3.14698	58.00
3.16365	58.00
3.18032	58.00
3.19698	58.00
3.21365	58.00
3.23032	58.00
3.24698	58.00
3.26365	58.00
3.28032	58.00
3.29698	58.00
3.31365	58.00
3.33032	58.00
3.34698	58.00
3.36365	58.00
3.38032	58.00
3.39698	58.00
3.41365	58.00
3.43032	58.00
3.44698	58.00
3.46365	58.00
3.48032	58.00
3.49698	58.00
3.51365	58.00
3.53032	58.00
3.54698	58.00
3.56365	58.00
3.58032	58.00
3.59698	58.00
3.61365	58.00
3.63032	58.00
3.64698	58.00
3.66365	58.00
3.68032	58.00
3.69698	58.00
3.71365	58.00
3.73032	58.00
3.74698	58.00
3.76365	58.00
3.78032	58.00
3.79698	58.00
3.81365	58.00
3.83032	58.00
3.84698	58.00
3.86365	58.00
3.88032	58.00
3.89698	58.00
3.91365	58.00
3.93032	58.00
3.94698	58.00
3.96365	58.00
3.98032	58.00
3.99698	58.00

[Status Trace (Carrier Gas Flow)]
Interval(msec)	1000
# of Points	240
Start Time(min)	0.014
End Time(min)	3.997
Intensity Units	
Intensity Multiplier	1
R.Time (min)	Intensity
0.01365	34.34
0.03032	34.53
0.04698	34.54
0.06365	34.52
0.08032	34.50
0.09698	34.52
0.11365	34.52
0.13032	34.52
0.14698	34.52
0.16365	34.52
0.18032	34.52
0.19698	34.52
0.21365	34.52
0.23032	34.52
0.24698	34.52
0.26365	34.52
0.28032	34.52
0.29698	34.52
0.31365	34.52
0.33032	34.52
0.34698	34.52
0.36365	34.52
0.38032	34.52
0.39698	34.52
0.41365	34.52
0.43032	34.52
0.44698	34.52
0.46365	34.52
0.48032	34.52
0.49698	34.52
0.51365	34.52
0.53032	34.52
0.54698	34.52
0.56365	34.52
0.58032	34.52
0.59698	34.52
0.61365	34.52
0.63032	34.52
0.64698	34.52
0.66365	34.52
0.68032	34.52
0.69698	34.52
0.71365	34.52
0.73032	34.52
0.74698	34.52
0.76365	34.52
0.78032	34.52
0.79698	34.52
0.81365	34.52
0.83032	34.52
0.84698	34.52
0.86365	34.52
0.88032	34.53
0.89698	34.52
0.91365	34.52
0.93032	34.51
0.94698	34.52
0.96365	34.52
0.98032	34.52
0.99698	34.52
1.01365	34.53
1.03032	34.52
1.04698	34.52
1.06365	34.51
1.08032	34.52
1.09698	34.52
1.11365	34.52
1.13032	34.52
1.14698	34.52
1.16365	34.51
1.18032	34.52
1.19698	34.52
1.21365	34.52
1.23032	34.52
1.24698	34.52
1.26365	34.52
1.28032	34.52
1.29698	34.52
1.31365	34.52
1.33032	34.52
1.34698	34.52
1.36365	34.52
1.38032	34.52
1.39698	34.52
1.41365	34.52
1.43032	34.52
1.44698	34.52
1.46365	34.52
1.48032	34.52
1.49698	34.52
1.51365	34.52
1.53032	34.52
1.54698	34.52
1.56365	34.52
1.58032	34.52
1.59698	34.52
1.61365	34.52
1.63032	34.52
1.64698	34.52
1.66365	34.52
1.68032	34.52
1.69698	34.52
1.71365	34.52
1.73032	34.52
1.74698	34.52
1.76365	34.52
1.78032	34.52
1.79698	34.52
1.81365	34.52
1.83032	34.52
1.84698	34.52
1.86365	34.52
1.88032	34.52
1.89698	34.52
1.91365	34.52
1.93032	34.52
1.94698	34.52
1.96365	34.52
1.98032	34.52
1.99698	34.52
2.01365	34.52
2.03032	34.52
2.04698	34.52
2.06365	34.52
2.08032	34.52
2.09698	34.52
2.11365	34.52
2.13032	34.52
2.14698	34.52
2.16365	34.52
2.18032	34.52
2.19698	34.52
2.21365	34.52
2.23032	34.52
2.24698	34.52
2.26365	34.52
2.28032	34.52
2.29698	34.52
2.31365	34.52
2.33032	34.52
2.34698	34.52
2.36365	34.52
2.38032	34.52
2.39698	34.52
2.41365	34.52
2.43032	34.52
2.44698	34.52
2.46365	34.52
2.48032	34.52
2.49698	34.52
2.51365	34.52
2.53032	34.52
2.54698	34.52
2.56365	34.52
2.58032	34.52
2.59698	34.52
2.61365	34.52
2.63032	34.52
2.64698	34.52
2.66365	34.52
2.68032	34.52
2.69698	34.52
2.71365	34.52
2.73032	34.52
2.74698	34.52
2.76365	34.52
2.78032	34.52
2.79698	34.52
2.81365	34.52
2.83032	34.52
2.84698	34.52
2.86365	34.52
2.88032	34.52
2.89698	34.52
2.91365	34.52
2.93032	34.52
2.94698	34.52
2.96365	34.52
2.98032	34.52
2.99698	34.52
3.01365	34.52
3.03032	34.52
3.04698	34.52
3.06365	34.52
3.08032	34.52
3.09698	34.52
3.11365	34.52
3.13032	34.52
3.14698	34.52
3.16365	34.52
3.18032	34.52
3.19698	34.52
3.21365	34.52
3.23032	34.52
3.24698	34.52
3.26365	34.52
3.28032	34.52
3.29698	34.52
3.31365	34.52
3.33032	34.52
3.34698	34.52
3.36365	34.52
3.38032	34.52
3.39698	34.52
3.41365	34.53
3.43032	34.53
3.44698	34.52
3.46365	34.51
3.48032	34.52
3.49698	34.52
3.51365	34.52
3.53032	34.52
3.54698	34.52
3.56365	34.52
3.58032	34.52
3.59698	34.52
3.61365	34.52
3.63032	34.52
3.64698	34.52
3.66365	34.52
3.68032	34.52
3.69698	34.52
3.71365	34.52
3.73032	34.52
3.74698	34.52
3.76365	34.52
3.78032	34.52
3.79698	34.52
3.81365	34.52
3.83032	34.52
3.84698	34.52
3.86365	34.52
3.88032	34.52
3.89698	34.52
3.91365	34.52
3.93032	34.52
3.94698	34.52
3.96365	34.52
3.98032	34.52
3.99698	34.52

[Status Trace (Column Flow)]
Interval(msec)	1000
# of Points	240
Start Time(min)	0.014
End Time(min)	3.997
Intensity Units	
Intensity Multiplier	1
R.Time (min)	Intensity
0.01365	5.41
0.03032	5.14
0.04698	5.44
0.06365	5.67
0.08032	5.55
0.09698	5.46
0.11365	5.46
0.13032	5.46
0.14698	5.46
0.16365	5.46
0.18032	5.46
0.19698	5.46
0.21365	5.46
0.23032	5.46
0.24698	5.46
0.26365	5.46
0.28032	5.46
0.29698	5.46
0.31365	5.46
0.33032	5.46
0.34698	5.46
0.36365	5.46
0.38032	5.46
0.39698	5.46
0.41365	5.46
0.43032	5.46
0.44698	5.46
0.46365	5.46
0.48032	5.46
0.49698	5.46
0.51365	5.46
0.53032	5.46
0.54698	5.46
0.56365	5.46
0.58032	5.46
0.59698	5.46
0.61365	5.46
0.63032	5.46
0.64698	5.46
0.66365	5.46
0.68032	5.46
0.69698	5.46
0.71365	5.46
0.73032	5.46
0.74698	5.46
0.76365	5.46
0.78032	5.46
0.79698	5.46
0.81365	5.46
0.83032	5.46
0.84698	5.46
0.86365	5.46
0.88032	5.46
0.89698	5.46
0.91365	5.46
0.93032	5.46
0.94698	5.46
0.96365	5.46
0.98032	5.46
0.99698	5.46
1.01365	5.46
1.03032	5.46
1.04698	5.46
1.06365	5.46
1.08032	5.46
1.09698	5.46
1.11365	5.46
1.13032	5.46
1.14698	5.46
1.16365	5.46
1.18032	5.46
1.19698	5.46
1.21365	5.46
1.23032	5.46
1.24698	5.46
1.26365	5.46
1.28032	5.46
1.29698	5.46
1.31365	5.46
1.33032	5.46
1.34698	5.46
1.36365	5.46
1.38032	5.46
1.39698	5.46
1.41365	5.46
1.43032	5.46
1.44698	5.46
1.46365	5.46
1.48032	5.46
1.49698	5.46
1.51365	5.46
1.53032	5.46
1.54698	5.46
1.56365	5.46
1.58032	5.46
1.59698	5.46
1.61365	5.46
1.63032	5.45
1.64698	5.45
1.66365	5.44
1.68032	5.43
1.69698	5.41
1.71365	5.40
1.73032	5.39
1.74698	5.38
1.76365	5.37
1.78032	5.36
1.79698	5.35
1.81365	5.34
1.83032	5.33
1.84698	5.32
1.86365	5.31
1.88032	5.30
1.89698	5.29
1.91365	5.28
1.93032	5.27
1.94698	5.26
1.96365	5.25
1.98032	5.25
1.99698	5.24
2.01365	5.23
2.03032	5.22
2.04698	5.21
2.06365	5.20
2.08032	5.19
2.09698	5.18
2.11365	5.17
2.13032	5.16
2.14698	5.15
2.16365	5.14
2.18032	5.13
2.19698	5.12
2.21365	5.11
2.23032	5.10
2.24698	5.10
2.26365	5.09
2.28032	5.08
2.29698	5.07
2.31365	5.06
2.33032	5.05
2.34698	5.04
2.36365	5.03
2.38032	5.03
2.39698	5.03
2.41365	5.03
2.43032	5.03
2.44698	5.03
2.46365	5.03
2.48032	5.03
2.49698	5.03
2.51365	5.03
2.53032	5.03
2.54698	5.03
2.56365	5.03
2.58032	5.03
2.59698	5.03
2.61365	5.03
2.63032	5.02
2.64698	5.02
2.66365	5.02
2.68032	5.02
2.69698	5.02
2.71365	5.02
2.73032	5.02
2.74698	5.02
2.76365	5.02
2.78032	5.02
2.79698	5.02
2.81365	5.02
2.83032	5.02
2.84698	5.02
2.86365	5.02
2.88032	5.02
2.89698	5.02
2.91365	5.02
2.93032	5.02
2.94698	5.02
2.96365	5.02
2.98032	5.02
2.99698	5.02
3.01365	5.02
3.03032	5.02
3.04698	5.02
3.06365	5.02
3.08032	5.02
3.09698	5.02
3.11365	5.02
3.13032	5.02
3.14698	5.02
3.16365	5.02
3.18032	5.02
3.19698	5.02
3.21365	5.02
3.23032	5.02
3.24698	5.02
3.26365	5.02
3.28032	5.02
3.29698	5.02
3.31365	5.02
3.33032	5.02
3.34698	5.02
3.36365	5.02
3.38032	5.02
3.39698	5.02
3.41365	5.02
3.43032	5.02
3.44698	5.02
3.46365	5.02
3.48032	5.02
3.49698	5.02
3.51365	5.02
3.53032	5.02
3.54698	5.02
3.56365	5.02
3.58032	5.02
3.59698	5.02
3.61365	5.02
3.63032	5.02
3.64698	5.02
3.66365	5.02
3.68032	5.02
3.69698	5.02
3.71365	5.02
3.73032	5.02
3.74698	5.02
3.76365	5.02
3.78032	5.02
3.79698	5.02
3.81365	5.02
3.83032	5.02
3.84698	5.02
3.86365	5.02
3.88032	5.02
3.89698	5.02
3.91365	5.02
3.93032	5.02
3.94698	5.02
3.96365	5.02
3.98032	5.02
3.99698	5.02

[Status Trace (Linear Velocity)]
Interval(msec)	1000
# of Points	240
Start Time(min)	0.014
End Time(min)	3.997
Intensity Units	
Intensity Multiplier	1
R.Time (min)	Intensity
0.01365	38.74
0.03032	37.16
0.04698	38.89
0.06365	40.17
0.08032	39.55
0.09698	38.99
0.11365	39.00
0.13032	39.01
0.14698	39.01
0.16365	39.00
0.18032	39.01
0.19698	39.00
0.21365	39.00
0.23032	39.00
0.24698	39.00
0.26365	39.00
0.28032	39.00
0.29698	39.00
0.31365	39.00
0.33032	39.00
0.34698	39.00
0.36365	39.00
0.38032	39.00
0.39698	39.00
0.41365	39.00
0.43032	39.00
0.44698	39.00
0.46365	39.00
0.48032	39.00
0.49698	39.00
0.51365	39.00
0.53032	39.00
0.54698	39.00
0.56365	39.00
0.58032	39.00
0.59698	39.00
0.61365	39.00
0.63032	39.00
0.64698	39.00
0.66365	39.00
0.68032	39.00
0.69698	39.00
0.71365	39.00
0.73032	39.00
0.74698	39.00
0.76365	39.00
0.78032	39.00
0.79698	39.00
0.81365	39.00
0.83032	39.00
0.84698	39.00
0.86365	39.00
0.88032	39.00
0.89698	39.00
0.91365	39.00
0.93032	39.00
0.94698	39.00
0.96365	39.00
0.98032	39.00
0.99698	39.00
1.01365	39.00
1.03032	39.00
1.04698	39.00
1.06365	39.00
1.08032	39.00
1.09698	39.00
1.11365	39.00
1.13032	39.00
1.14698	39.00
1.16365	39.00
1.18032	39.00
1.19698	39.00
1.21365	39.00
1.23032	39.00
1.24698	39.00
1.26365	39.00
1.28032	39.00
1.29698	39.00
1.31365	39.00
1.33032	39.00
1.34698	39.00
1.36365	39.00
1.38032	39.00
1.39698	39.00
1.41365	39.00
1.43032	39.00
1.44698	39.00
1.46365	39.00
1.48032	39.00
1.49698	39.00
1.51365	39.00
1.53032	39.00
1.54698	39.00
1.56365	39.00
1.58032	39.00
1.59698	39.00
1.61365	39.00
1.63032	38.98
1.64698	38.96
1.66365	38.93
1.68032	38.90
1.69698	38.87
1.71365	38.83
1.73032	38.80
1.74698	38.77
1.76365	38.73
1.78032	38.71
1.79698	38.68
1.81365	38.64
1.83032	38.61
1.84698	38.58
1.86365	38.55
1.88032	38.52
1.89698	38.49
1.91365	38.45
1.93032	38.43
1.94698	38.40
1.96365	38.36
1.98032	38.34
1.99698	38.31
2.01365	38.28
2.03032	38.25
2.04698	38.22
2.06365	38.19
2.08032	38.16
2.09698	38.13
2.11365	38.10
2.13032	38.07
2.14698	38.04
2.16365	38.01
2.18032	37.98
2.19698	37.95
2.21365	37.92
2.23032	37.89
2.24698	37.87
2.26365	37.83
2.28032	37.80
2.29698	37.77
2.31365	37.74
2.33032	37.71
2.34698	37.68
2.36365	37.66
2.38032	37.65
2.39698	37.65
2.41365	37.65
2.43032	37.65
2.44698	37.65
2.46365	37.65
2.48032	37.65
2.49698	37.64
2.51365	37.64
2.53032	37.63
2.54698	37.64
2.56365	37.64
2.58032	37.64
2.59698	37.64
2.61365	37.64
2.63032	37.63
2.64698	37.63
2.66365	37.63
2.68032	37.63
2.69698	37.63
2.71365	37.63
2.73032	37.63
2.74698	37.63
2.76365	37.63
2.78032	37.63
2.79698	37.63
2.81365	37.63
2.83032	37.63
2.84698	37.63
2.86365	37.63
2.88032	37.62
2.89698	37.62
2.91365	37.62
2.93032	37.62
2.94698	37.62
2.96365	37.62
2.98032	37.62
2.99698	37.62
3.01365	37.62
3.03032	37.62
3.04698	37.62
3.06365	37.62
3.08032	37.62
3.09698	37.62
3.11365	37.62
3.13032	37.62
3.14698	37.62
3.16365	37.61
3.18032	37.61
3.19698	37.61
3.21365	37.61
3.23032	37.61
3.24698	37.61
3.26365	37.61
3.28032	37.61
3.29698	37.61
3.31365	37.61
3.33032	37.61
3.34698	37.61
3.36365	37.61
3.38032	37.61
3.39698	37.61
3.41365	37.61
3.43032	37.61
3.44698	37.61
3.46365	37.61
3.48032	37.61
3.49698	37.61
3.51365	37.61
3.53032	37.61
3.54698	37.61
3.56365	37.61
3.58032	37.61
3.59698	37.61
3.61365	37.61
3.63032	37.61
3.64698	37.61
3.66365	37.61
3.68032	37.61
3.69698	37.61
3.71365	37.61
3.73032	37.61
3.74698	37.61
3.76365	37.61
3.78032	37.61
3.79698	37.61
3.81365	37.61
3.83032	37.61
3.84698	37.61
3.86365	37.61
3.88032	37.61
3.89698	37.61
3.91365	37.61
3.93032	37.61
3.94698	37.61
3.96365	37.61
3.98032	37.61
3.99698	37.61

