[Header]
Application Name	LabSolutions
Version	5.110
Data File Name	C:\Users\User\Desktop\GC Analyses\Jack\UIC Prairie Sampling\9.16.22\220916_029.gcd
Output Date	11/29/2022
Output Time	11:10:17 AM

[File Information]
Type	Data File
Generated	11/14/2022 12:55:19 PM
Generated by	System Administrator
Modified	11/14/2022 12:59:44 PM
Modified by	System Administrator

[Sample Information]
Operator Name	System Administrator
Acquired	11/14/2022 12:55:42 PM
Sample Type	1:Standard
Level	1
Sample Name	220916_UICPrairie
Sample ID	220916_UICPrairie
ISTD Amount1	1
ISTD Amount2	1
ISTD Amount3	1
ISTD Amount4	1
ISTD Amount5	1
ISTD Amount6	1
ISTD Amount7	1
ISTD Amount8	1
ISTD Amount9	1
ISTD Amount10	1
ISTD Amount11	1
ISTD Amount12	1
ISTD Amount13	1
ISTD Amount14	1
ISTD Amount15	1
ISTD Amount16	1
ISTD Amount17	1
ISTD Amount18	1
ISTD Amount19	1
ISTD Amount20	1
ISTD Amount21	1
ISTD Amount22	1
ISTD Amount23	1
ISTD Amount24	1
ISTD Amount25	1
ISTD Amount26	1
ISTD Amount27	1
ISTD Amount28	1
ISTD Amount29	1
ISTD Amount30	1
ISTD Amount31	1
ISTD Amount32	1
Sample Amount	1
Dilution Factor	1
Vial#	1
Injection Volume	1
Injection Count	1
Bar Code	

[Original Files]
Data File	C:\Users\User\Desktop\GC Analyses\Jack\UIC Prairie Sampling\9.16.22\220916_029.gcd
Method File	C:\LabSolutions\Data\GHG_4min_2022\ghg3_togas_w_acet_4 min_new_int.gcm
Batch File	
Report Format File	c:\LabSolutions\System\DEFAULT.lsr

[File Description]


[Configuration]
Instrument Name	C0B7VH3-Instrument1
Instrument #	1
Line #	1
# of Detectors	3
Detector ID	DET#1	DET#2	DET#3
Detector Name	FID	PTCD	ECD
# of Channels	1	1	1

[Peak Table(Ch1)]
# of Peaks	3
Peak#	R.Time	I.Time	F.Time	Area	Height	A/H	Conc.	Mark	ID#	Name	k'	Plate #	Plate Ht.	Tailing	Resolution	Sep.Factor	Area Ratio	Height Ratio	Conc. %	Norm Conc.
1	1.468	1.439	1.534	3690	1223	3.017	100.000	   	1	CO	0.000	5428	27.633	0.000	0.000	0.000	0	0	16.667	16.667
2	1.571	1.534	1.644	21317	10578	2.015	100.000	 V 	2	CH4	0.070	11142	13.463	1.258	1.475	0.000	0	0	16.667	16.667
3	2.000	1.949	2.425	2184123	1040094	2.100	400.000	   	3	CO2	0.362	17143	8.750	1.281	7.112	5.179	0	0	66.667	66.667

[Peak Table(Ch2)]
# of Peaks	0

[Peak Table(Ch3)]
# of Peaks	4
Peak#	R.Time	I.Time	F.Time	Area	Height	A/H	Conc.	Mark	ID#	Name	k'	Plate #	Plate Ht.	Tailing	Resolution	Sep.Factor	Area Ratio	Height Ratio	Conc. %	Norm Conc.
1	2.601	2.477	2.645	926	200	4.622	0.000	   			0.000	5742	26.123	0.701	0.000	0.000	0	0	0.000	0.000
2	2.785	2.664	2.814	1137	176	6.458	0.018	   	1	N2O	0.070	1020	147.102	0.000	0.754	0.000	0	0	1.796	1.796
3	2.887	2.814	3.342	62179	15693	3.962	0.982	 V 	1	N2O	0.110	12721	11.792	1.511	0.455	1.560	0	0	98.204	98.204
4	3.577	3.437	3.965	6330	356	17.799	0.000	   			0.375	852	175.993	1.930	2.327	3.410	0	0	0.000	0.000

[Compound Results(Ch1)]
# of IDs	6
ID#	Name	R.Time	Area	Height	Conc.	Curve	3rd	2nd	1st	Constant	Area Ratio	Height Ratio	Conc. %	Norm Conc.
1	CO	1.468	3690	1223	100.000	Linear	0.000000e+00	0.000000e+00	3.690069e+001	0.000000e+00	0	0	16.667	16.667
2	CH4	1.571	21317	10578	100.000	Linear	0.000000e+00	0.000000e+00	2.131709e+002	0.000000e+00	0	0	16.667	16.667
3	CO2	2.000	2184123	1040094	400.000	Linear	0.000000e+00	0.000000e+00	5.460306e+003	0.000000e+00	0	0	66.667	66.667
4	Ethylene	0.000	0	0	0.000	Linear	0.000000e+00	0.000000e+00	0.000000e+00	0.000000e+00	0	0	0.000	0.000
5	Acetylene	0.000	0	0	0.000	Linear	0.000000e+00	0.000000e+00	0.000000e+00	0.000000e+00	0	0	0.000	0.000
6	Ethane	0.000	0	0	0.000	Linear	0.000000e+00	0.000000e+00	0.000000e+00	0.000000e+00	0	0	0.000	0.000

[Compound Results(Ch2)]
# of IDs	5
ID#	Name	R.Time	Area	Height	Conc.	Curve	3rd	2nd	1st	Constant	Area Ratio	Height Ratio	Conc. %	Norm Conc.
1	Hydrogen	0.000	0	0	0.000	Linear	0.000000e+00	0.000000e+00	0.000000e+00	0.000000e+00	0	0	0.000	0.000
2	Oxygen	0.000	0	0	0.000	Linear	0.000000e+00	0.000000e+00	0.000000e+00	0.000000e+00	0	0	0.000	0.000
3	Nitrogen	0.000	0	0	0.000	Linear	0.000000e+00	0.000000e+00	0.000000e+00	0.000000e+00	0	0	0.000	0.000
4	Methane	0.000	0	0	0.000	Linear	0.000000e+00	0.000000e+00	0.000000e+00	0.000000e+00	0	0	0.000	0.000
5	Carbon Monoxide	0.000	0	0	0.000	Linear	0.000000e+00	0.000000e+00	0.000000e+00	0.000000e+00	0	0	0.000	0.000

[Compound Results(Ch3)]
# of IDs	2
ID#	Name	R.Time	Area	Height	Conc.	Curve	3rd	2nd	1st	Constant	Area Ratio	Height Ratio	Conc. %	Norm Conc.
1	N2O	2.887	63316	15869	1.000	Linear	0.000000e+00	0.000000e+00	6.331637e+004	0.000000e+00	0	0	100.000	100.000
2	SF6	0.000	0	0	0.000	Linear	0.000000e+00	0.000000e+00	0.000000e+00	0.000000e+00	0	0	0.000	0.000

[Group Results(Ch1)]
# of Groups	0

[Group Results(Ch2)]
# of Groups	0

[Group Results(Ch3)]
# of Groups	0

[Chromatogram (Ch1)]
Interval(msec)	220
# of Points	1091
Start Time(min)	0.002
End Time(min)	3.998
R.Time (min)	Intensity
0.00167	-3
0.00533	-7
0.00900	-4
0.01267	3
0.01633	10
0.02000	13
0.02367	11
0.02733	5
0.03100	-3
0.03467	-9
0.03833	-12
0.04200	-13
0.04567	-11
0.04933	-8
0.05300	-5
0.05667	-3
0.06033	-2
0.06400	-4
0.06767	-8
0.07133	-9
0.07500	-11
0.07867	-10
0.08233	-7
0.08600	-2
0.08967	-1
0.09333	-4
0.09700	-8
0.10067	-8
0.10433	-7
0.10800	-8
0.11167	-13
0.11533	-22
0.11900	-28
0.12267	-29
0.12633	-27
0.13000	-26
0.13367	-28
0.13733	-29
0.14100	-27
0.14467	-21
0.14833	-15
0.15200	-9
0.15567	-5
0.15933	-4
0.16300	-5
0.16667	-8
0.17033	-13
0.17400	-17
0.17767	-18
0.18133	-19
0.18500	-22
0.18867	-21
0.19233	-19
0.19600	-19
0.19967	-22
0.20333	-26
0.20700	-28
0.21067	-30
0.21433	-32
0.21800	-32
0.22167	-33
0.22533	-33
0.22900	-30
0.23267	-24
0.23633	-17
0.24000	-12
0.24367	-12
0.24733	-15
0.25100	-17
0.25467	-18
0.25833	-20
0.26200	-24
0.26567	-28
0.26933	-31
0.27300	-32
0.27667	-31
0.28033	-30
0.28400	-30
0.28767	-30
0.29133	-31
0.29500	-30
0.29867	-30
0.30233	-31
0.30600	-29
0.30967	-22
0.31333	-14
0.31700	-9
0.32067	-10
0.32433	-16
0.32800	-24
0.33167	-31
0.33533	-38
0.33900	-43
0.34267	-46
0.34633	-45
0.35000	-41
0.35367	-32
0.35733	-21
0.36100	-13
0.36467	-7
0.36833	-4
0.37200	-5
0.37567	-6
0.37933	-6
0.38300	-11
0.38667	-19
0.39033	-25
0.39400	-24
0.39767	-20
0.40133	-16
0.40500	-13
0.40867	-14
0.41233	-17
0.41600	-19
0.41967	-22
0.42333	-27
0.42700	-34
0.43067	-41
0.43433	-44
0.43800	-42
0.44167	-39
0.44533	-38
0.44900	-37
0.45267	-33
0.45633	-26
0.46000	-20
0.46367	-18
0.46733	-20
0.47100	-24
0.47467	-25
0.47833	-24
0.48200	-22
0.48567	-23
0.48933	-26
0.49300	-30
0.49667	-32
0.50033	-32
0.50400	-32
0.50767	-34
0.51133	-36
0.51500	-38
0.51867	-41
0.52233	-41
0.52600	-36
0.52967	-31
0.53333	-28
0.53700	-32
0.54067	-37
0.54433	-39
0.54800	-38
0.55167	-32
0.55533	-27
0.55900	-28
0.56267	-35
0.56633	-44
0.57000	-49
0.57367	-51
0.57733	-51
0.58100	-47
0.58467	-44
0.58833	-43
0.59200	-44
0.59567	-47
0.59933	-47
0.60300	-46
0.60667	-44
0.61033	-41
0.61400	-39
0.61767	-35
0.62133	-32
0.62500	-32
0.62867	-34
0.63233	-34
0.63600	-33
0.63967	-32
0.64333	-30
0.64700	-26
0.65067	-20
0.65433	-17
0.65800	-19
0.66167	-23
0.66533	-27
0.66900	-32
0.67267	-33
0.67633	-31
0.68000	-28
0.68367	-28
0.68733	-30
0.69100	-34
0.69467	-39
0.69833	-41
0.70200	-33
0.70567	-22
0.70933	-18
0.71300	-20
0.71667	-25
0.72033	-31
0.72400	-37
0.72767	-40
0.73133	-39
0.73500	-37
0.73867	-36
0.74233	-34
0.74600	-29
0.74967	-24
0.75333	-20
0.75700	-19
0.76067	-20
0.76433	-25
0.76800	-33
0.77167	-38
0.77533	-47
0.77900	-51
0.78267	-52
0.78633	-52
0.79000	-49
0.79367	-44
0.79733	-37
0.80100	-32
0.80467	-31
0.80833	-34
0.81200	-37
0.81567	-38
0.81933	-37
0.82300	-36
0.82667	-34
0.83033	-32
0.83400	-31
0.83767	-33
0.84133	-34
0.84500	-31
0.84867	-28
0.85233	-23
0.85600	-21
0.85967	-21
0.86333	-22
0.86700	-22
0.87067	-23
0.87433	-23
0.87800	-20
0.88167	-18
0.88533	-18
0.88900	-19
0.89267	-21
0.89633	-25
0.90000	-29
0.90367	-32
0.90733	-33
0.91100	-32
0.91467	-32
0.91833	-34
0.92200	-37
0.92567	-40
0.92933	-42
0.93300	-42
0.93667	-40
0.94033	-37
0.94400	-33
0.94767	-27
0.95133	-23
0.95500	-25
0.95867	-29
0.96233	-36
0.96600	-38
0.96967	-38
0.97333	-39
0.97700	-37
0.98067	-36
0.98433	-37
0.98800	-38
0.99167	-39
0.99533	-38
0.99900	-38
1.00267	-37
1.00633	-36
1.01000	-34
1.01367	-33
1.01733	-31
1.02100	-29
1.02467	-28
1.02833	-29
1.03200	-29
1.03567	-30
1.03933	-33
1.04300	-39
1.04667	-45
1.05033	-50
1.05400	-53
1.05767	-48
1.06133	-39
1.06500	-32
1.06867	-30
1.07233	-30
1.07600	-30
1.07967	-33
1.08333	-36
1.08700	-36
1.09067	-34
1.09433	-37
1.09800	-42
1.10167	-45
1.10533	-46
1.10900	-46
1.11267	-46
1.11633	-47
1.12000	-50
1.12367	-50
1.12733	-45
1.13100	-38
1.13467	-33
1.13833	-30
1.14200	-26
1.14567	-23
1.14933	-22
1.15300	-23
1.15667	-27
1.16033	-30
1.16400	-32
1.16767	-34
1.17133	-32
1.17500	-29
1.17867	-29
1.18233	-32
1.18600	-38
1.18967	-46
1.19333	-55
1.19700	-60
1.20067	-59
1.20433	-54
1.20800	-46
1.21167	-38
1.21533	-35
1.21900	-36
1.22267	-40
1.22633	-47
1.23000	-53
1.23367	-54
1.23733	-51
1.24100	-46
1.24467	-38
1.24833	-32
1.25200	-32
1.25567	-34
1.25933	-37
1.26300	-42
1.26667	-45
1.27033	-44
1.27400	-42
1.27767	-38
1.28133	-34
1.28500	-32
1.28867	-30
1.29233	-25
1.29600	-17
1.29967	-13
1.30333	-18
1.30700	-31
1.31067	-48
1.31433	-62
1.31800	-68
1.32167	-67
1.32533	-64
1.32900	-63
1.33267	-62
1.33633	-58
1.34000	-55
1.34367	-54
1.34733	-58
1.35100	-61
1.35467	-64
1.35833	-67
1.36200	-63
1.36567	-52
1.36933	-42
1.37300	-34
1.37667	-30
1.38033	-28
1.38400	-29
1.38767	-34
1.39133	-38
1.39500	-39
1.39867	-38
1.40233	-37
1.40600	-35
1.40967	-32
1.41333	-32
1.41700	-35
1.42067	-38
1.42433	-39
1.42800	-40
1.43167	-41
1.43533	-42
1.43900	-38
1.44267	-2
1.44633	135
1.45000	393
1.45367	688
1.45733	930
1.46100	1088
1.46467	1166
1.46833	1189
1.47200	1179
1.47567	1153
1.47933	1121
1.48300	1083
1.48667	1027
1.49033	936
1.49400	819
1.49767	693
1.50133	571
1.50500	460
1.50867	364
1.51233	283
1.51600	218
1.51967	167
1.52333	125
1.52700	93
1.53067	68
1.53433	54
1.53800	61
1.54167	156
1.54533	539
1.54900	1501
1.55267	3137
1.55633	5161
1.56000	7143
1.56367	8788
1.56733	9959
1.57100	10558
1.57467	10444
1.57833	9565
1.58200	8091
1.58567	6364
1.58933	4716
1.59300	3342
1.59667	2295
1.60033	1546
1.60400	1031
1.60767	687
1.61133	457
1.61500	304
1.61867	200
1.62233	130
1.62600	83
1.62967	52
1.63333	30
1.63700	12
1.64067	-2
1.64433	-10
1.64800	-11
1.65167	-8
1.65533	-3
1.65900	4
1.66267	12
1.66633	14
1.67000	11
1.67367	9
1.67733	7
1.68100	1
1.68467	-8
1.68833	-16
1.69200	-22
1.69567	-26
1.69933	-28
1.70300	-27
1.70667	-22
1.71033	-17
1.71400	-16
1.71767	-17
1.72133	-17
1.72500	-15
1.72867	-11
1.73233	-10
1.73600	-10
1.73967	-8
1.74333	-6
1.74700	-8
1.75067	-10
1.75433	-11
1.75800	-8
1.76167	-5
1.76533	-5
1.76900	-3
1.77267	3
1.77633	7
1.78000	9
1.78367	9
1.78733	11
1.79100	15
1.79467	16
1.79833	10
1.80200	-2
1.80567	-12
1.80933	-17
1.81300	-19
1.81667	-18
1.82033	-12
1.82400	-5
1.82767	1
1.83133	5
1.83500	7
1.83867	9
1.84233	11
1.84600	10
1.84967	6
1.85333	3
1.85700	4
1.86067	3
1.86433	2
1.86800	2
1.87167	3
1.87533	3
1.87900	3
1.88267	5
1.88633	7
1.89000	6
1.89367	3
1.89733	0
1.90100	0
1.90467	3
1.90833	8
1.91200	10
1.91567	7
1.91933	2
1.92300	-3
1.92667	-5
1.93033	-5
1.93400	-5
1.93767	-3
1.94133	-0
1.94500	3
1.94867	9
1.95233	19
1.95600	51
1.95967	246
1.96333	1355
1.96700	6333
1.97067	23429
1.97433	68576
1.97800	160766
1.98167	307738
1.98533	495235
1.98900	691616
1.99267	863321
1.99633	984663
2.00000	1040146
2.00367	1024024
2.00733	942059
2.01100	811913
2.01467	658693
2.01833	506870
2.02200	373615
2.02567	266689
2.02933	186346
2.03300	128737
2.03667	88735
2.04033	61524
2.04400	43223
2.04767	30960
2.05133	22720
2.05500	17133
2.05867	13293
2.06233	10606
2.06600	8687
2.06967	7282
2.07333	6228
2.07700	5418
2.08067	4778
2.08433	4263
2.08800	3839
2.09167	3486
2.09533	3190
2.09900	2936
2.10267	2716
2.10633	2525
2.11000	2360
2.11367	2216
2.11733	2085
2.12100	1968
2.12467	1867
2.12833	1778
2.13200	1699
2.13567	1625
2.13933	1555
2.14300	1482
2.14667	1410
2.15033	1339
2.15400	1276
2.15767	1223
2.16133	1181
2.16500	1147
2.16867	1118
2.17233	1091
2.17600	1060
2.17967	1029
2.18333	998
2.18700	965
2.19067	933
2.19433	904
2.19800	880
2.20167	856
2.20533	835
2.20900	817
2.21267	802
2.21633	787
2.22000	773
2.22367	754
2.22733	733
2.23100	715
2.23467	702
2.23833	690
2.24200	674
2.24567	658
2.24933	642
2.25300	629
2.25667	618
2.26033	606
2.26400	596
2.26767	589
2.27133	584
2.27500	580
2.27867	575
2.28233	568
2.28600	561
2.28967	551
2.29333	540
2.29700	530
2.30067	524
2.30433	520
2.30800	516
2.31167	511
2.31533	509
2.31900	509
2.32267	506
2.32633	500
2.33000	493
2.33367	483
2.33733	472
2.34100	461
2.34467	448
2.34833	439
2.35200	437
2.35567	440
2.35933	443
2.36300	441
2.36667	439
2.37033	437
2.37400	434
2.37767	427
2.38133	421
2.38500	417
2.38867	417
2.39233	416
2.39600	415
2.39967	414
2.40333	416
2.40700	421
2.41067	426
2.41433	427
2.41800	424
2.42167	416
2.42533	405
2.42900	397
2.43267	395
2.43633	398
2.44000	399
2.44367	399
2.44733	397
2.45100	392
2.45467	387
2.45833	383
2.46200	379
2.46567	379
2.46933	378
2.47300	378
2.47667	380
2.48033	380
2.48400	378
2.48767	375
2.49133	373
2.49500	375
2.49867	376
2.50233	372
2.50600	367
2.50967	365
2.51333	367
2.51700	371
2.52067	376
2.52433	381
2.52800	382
2.53167	371
2.53533	350
2.53900	328
2.54267	314
2.54633	309
2.55000	309
2.55367	310
2.55733	310
2.56100	309
2.56467	309
2.56833	312
2.57200	318
2.57567	324
2.57933	325
2.58300	325
2.58667	326
2.59033	328
2.59400	330
2.59767	330
2.60133	327
2.60500	323
2.60867	319
2.61233	318
2.61600	321
2.61967	324
2.62333	327
2.62700	331
2.63067	335
2.63433	335
2.63800	333
2.64167	330
2.64533	325
2.64900	322
2.65267	317
2.65633	312
2.66000	308
2.66367	310
2.66733	315
2.67100	320
2.67467	322
2.67833	321
2.68200	321
2.68567	322
2.68933	323
2.69300	327
2.69667	332
2.70033	335
2.70400	336
2.70767	336
2.71133	336
2.71500	332
2.71867	325
2.72233	320
2.72600	316
2.72967	309
2.73333	306
2.73700	308
2.74067	309
2.74433	311
2.74800	313
2.75167	313
2.75533	310
2.75900	305
2.76267	299
2.76633	293
2.77000	288
2.77367	283
2.77733	285
2.78100	291
2.78467	298
2.78833	303
2.79200	307
2.79567	310
2.79933	312
2.80300	312
2.80667	308
2.81033	304
2.81400	302
2.81767	303
2.82133	302
2.82500	297
2.82867	291
2.83233	287
2.83600	287
2.83967	292
2.84333	297
2.84700	299
2.85067	301
2.85433	305
2.85800	310
2.86167	315
2.86533	319
2.86900	324
2.87267	329
2.87633	328
2.88000	323
2.88367	318
2.88733	316
2.89100	314
2.89467	310
2.89833	305
2.90200	301
2.90567	303
2.90933	308
2.91300	311
2.91667	310
2.92033	309
2.92400	306
2.92767	305
2.93133	305
2.93500	303
2.93867	299
2.94233	295
2.94600	292
2.94967	291
2.95333	288
2.95700	285
2.96067	281
2.96433	282
2.96800	286
2.97167	289
2.97533	290
2.97900	292
2.98267	294
2.98633	296
2.99000	299
2.99367	302
2.99733	301
3.00100	300
3.00467	298
3.00833	299
3.01200	303
3.01567	304
3.01933	310
3.02300	316
3.02667	321
3.03033	320
3.03400	318
3.03767	312
3.04133	308
3.04500	307
3.04867	308
3.05233	309
3.05600	313
3.05967	320
3.06333	328
3.06700	334
3.07067	335
3.07433	332
3.07800	328
3.08167	321
3.08533	315
3.08900	310
3.09267	305
3.09633	302
3.10000	297
3.10367	293
3.10733	289
3.11100	285
3.11467	285
3.11833	290
3.12200	301
3.12567	308
3.12933	311
3.13300	308
3.13667	303
3.14033	295
3.14400	286
3.14767	283
3.15133	284
3.15500	285
3.15867	281
3.16233	283
3.16600	289
3.16967	295
3.17333	298
3.17700	301
3.18067	306
3.18433	311
3.18800	315
3.19167	313
3.19533	305
3.19900	297
3.20267	293
3.20633	287
3.21000	283
3.21367	286
3.21733	290
3.22100	293
3.22467	294
3.22833	291
3.23200	286
3.23567	278
3.23933	272
3.24300	271
3.24667	277
3.25033	284
3.25400	288
3.25767	291
3.26133	290
3.26500	290
3.26867	290
3.27233	292
3.27600	294
3.27967	294
3.28333	290
3.28700	284
3.29067	277
3.29433	272
3.29800	271
3.30167	272
3.30533	271
3.30900	269
3.31267	267
3.31633	265
3.32000	266
3.32367	269
3.32733	276
3.33100	282
3.33467	286
3.33833	290
3.34200	294
3.34567	293
3.34933	289
3.35300	282
3.35667	276
3.36033	276
3.36400	283
3.36767	288
3.37133	288
3.37500	280
3.37867	270
3.38233	261
3.38600	257
3.38967	256
3.39333	261
3.39700	267
3.40067	269
3.40433	266
3.40800	263
3.41167	261
3.41533	262
3.41900	267
3.42267	270
3.42633	269
3.43000	267
3.43367	263
3.43733	263
3.44100	265
3.44467	264
3.44833	263
3.45200	263
3.45567	262
3.45933	261
3.46300	261
3.46667	265
3.47033	269
3.47400	269
3.47767	269
3.48133	269
3.48500	266
3.48867	261
3.49233	258
3.49600	259
3.49967	260
3.50333	263
3.50700	265
3.51067	268
3.51433	271
3.51800	270
3.52167	263
3.52533	252
3.52900	245
3.53267	243
3.53633	243
3.54000	242
3.54367	243
3.54733	245
3.55100	248
3.55467	249
3.55833	248
3.56200	244
3.56567	238
3.56933	236
3.57300	239
3.57667	243
3.58033	246
3.58400	246
3.58767	243
3.59133	238
3.59500	234
3.59867	231
3.60233	234
3.60600	242
3.60967	253
3.61333	261
3.61700	262
3.62067	259
3.62433	251
3.62800	240
3.63167	231
3.63533	223
3.63900	217
3.64267	209
3.64633	199
3.65000	191
3.65367	189
3.65733	191
3.66100	194
3.66467	199
3.66833	205
3.67200	211
3.67567	213
3.67933	210
3.68300	208
3.68667	206
3.69033	203
3.69400	199
3.69767	196
3.70133	196
3.70500	195
3.70867	194
3.71233	194
3.71600	195
3.71967	196
3.72333	198
3.72700	201
3.73067	205
3.73433	208
3.73800	210
3.74167	208
3.74533	206
3.74900	202
3.75267	198
3.75633	198
3.76000	202
3.76367	206
3.76733	208
3.77100	205
3.77467	201
3.77833	198
3.78200	196
3.78567	194
3.78933	193
3.79300	193
3.79667	194
3.80033	194
3.80400	193
3.80767	194
3.81133	189
3.81500	183
3.81867	181
3.82233	181
3.82600	180
3.82967	181
3.83333	181
3.83700	183
3.84067	186
3.84433	192
3.84800	191
3.85167	181
3.85533	175
3.85900	175
3.86267	179
3.86633	184
3.87000	186
3.87367	185
3.87733	185
3.88100	187
3.88467	190
3.88833	192
3.89200	194
3.89567	193
3.89933	190
3.90300	183
3.90667	171
3.91033	164
3.91400	162
3.91767	163
3.92133	165
3.92500	171
3.92867	176
3.93233	179
3.93600	178
3.93967	176
3.94333	171
3.94700	167
3.95067	169
3.95433	174
3.95800	177
3.96167	179
3.96533	178
3.96900	173
3.97267	168
3.97633	164
3.98000	158
3.98367	152
3.98733	151
3.99100	156
3.99467	162
3.99833	169

[Chromatogram (Ch2)]
Interval(msec)	220
# of Points	1091
Start Time(min)	0.002
End Time(min)	3.998
R.Time (min)	Intensity
0.00167	1
0.00533	1
0.00900	1
0.01267	1
0.01633	1
0.02000	1
0.02367	1
0.02733	1
0.03100	1
0.03467	2
0.03833	2
0.04200	2
0.04567	2
0.04933	2
0.05300	2
0.05667	2
0.06033	2
0.06400	2
0.06767	2
0.07133	2
0.07500	2
0.07867	2
0.08233	2
0.08600	2
0.08967	2
0.09333	3
0.09700	3
0.10067	3
0.10433	3
0.10800	4
0.11167	4
0.11533	4
0.11900	5
0.12267	5
0.12633	5
0.13000	5
0.13367	5
0.13733	5
0.14100	5
0.14467	5
0.14833	4
0.15200	4
0.15567	4
0.15933	4
0.16300	3
0.16667	3
0.17033	3
0.17400	3
0.17767	3
0.18133	3
0.18500	3
0.18867	3
0.19233	3
0.19600	2
0.19967	2
0.20333	2
0.20700	2
0.21067	2
0.21433	2
0.21800	2
0.22167	1
0.22533	1
0.22900	1
0.23267	1
0.23633	1
0.24000	2
0.24367	2
0.24733	2
0.25100	2
0.25467	2
0.25833	2
0.26200	2
0.26567	2
0.26933	2
0.27300	2
0.27667	2
0.28033	2
0.28400	2
0.28767	2
0.29133	2
0.29500	1
0.29867	1
0.30233	1
0.30600	1
0.30967	1
0.31333	1
0.31700	1
0.32067	1
0.32433	1
0.32800	1
0.33167	1
0.33533	1
0.33900	1
0.34267	2
0.34633	1
0.35000	1
0.35367	1
0.35733	1
0.36100	2
0.36467	1
0.36833	1
0.37200	1
0.37567	1
0.37933	1
0.38300	2
0.38667	2
0.39033	2
0.39400	2
0.39767	2
0.40133	1
0.40500	1
0.40867	1
0.41233	0
0.41600	-0
0.41967	-0
0.42333	-1
0.42700	-1
0.43067	-1
0.43433	-1
0.43800	-1
0.44167	-1
0.44533	-1
0.44900	-0
0.45267	-0
0.45633	-0
0.46000	0
0.46367	0
0.46733	0
0.47100	0
0.47467	0
0.47833	0
0.48200	0
0.48567	0
0.48933	1
0.49300	1
0.49667	1
0.50033	1
0.50400	1
0.50767	1
0.51133	1
0.51500	1
0.51867	1
0.52233	1
0.52600	1
0.52967	1
0.53333	1
0.53700	1
0.54067	0
0.54433	0
0.54800	0
0.55167	0
0.55533	0
0.55900	0
0.56267	-0
0.56633	-0
0.57000	-0
0.57367	-0
0.57733	-0
0.58100	0
0.58467	0
0.58833	0
0.59200	1
0.59567	1
0.59933	1
0.60300	1
0.60667	1
0.61033	1
0.61400	1
0.61767	1
0.62133	1
0.62500	1
0.62867	1
0.63233	1
0.63600	1
0.63967	1
0.64333	1
0.64700	2
0.65067	2
0.65433	2
0.65800	2
0.66167	2
0.66533	2
0.66900	2
0.67267	2
0.67633	2
0.68000	2
0.68367	1
0.68733	1
0.69100	1
0.69467	0
0.69833	0
0.70200	0
0.70567	0
0.70933	0
0.71300	-0
0.71667	-0
0.72033	-0
0.72400	-0
0.72767	-0
0.73133	-0
0.73500	-0
0.73867	0
0.74233	0
0.74600	0
0.74967	0
0.75333	0
0.75700	0
0.76067	-0
0.76433	-0
0.76800	-0
0.77167	-0
0.77533	-0
0.77900	-1
0.78267	-1
0.78633	-1
0.79000	-1
0.79367	-1
0.79733	-1
0.80100	-1
0.80467	-1
0.80833	-1
0.81200	-0
0.81567	-0
0.81933	0
0.82300	0
0.82667	1
0.83033	1
0.83400	1
0.83767	1
0.84133	1
0.84500	1
0.84867	1
0.85233	1
0.85600	1
0.85967	1
0.86333	1
0.86700	1
0.87067	0
0.87433	0
0.87800	0
0.88167	-0
0.88533	-0
0.88900	-0
0.89267	-0
0.89633	-0
0.90000	-0
0.90367	-0
0.90733	0
0.91100	0
0.91467	0
0.91833	0
0.92200	0
0.92567	0
0.92933	0
0.93300	-0
0.93667	-0
0.94033	-1
0.94400	-1
0.94767	-1
0.95133	-1
0.95500	-1
0.95867	-1
0.96233	-1
0.96600	-1
0.96967	-1
0.97333	-0
0.97700	-0
0.98067	0
0.98433	1
0.98800	1
0.99167	1
0.99533	1
0.99900	1
1.00267	0
1.00633	-0
1.01000	-1
1.01367	-1
1.01733	-1
1.02100	-1
1.02467	-2
1.02833	-2
1.03200	-2
1.03567	-2
1.03933	-2
1.04300	-2
1.04667	-2
1.05033	-2
1.05400	-2
1.05767	-2
1.06133	-2
1.06500	-2
1.06867	-1
1.07233	-1
1.07600	-1
1.07967	-1
1.08333	-1
1.08700	-1
1.09067	-1
1.09433	-1
1.09800	-1
1.10167	-1
1.10533	-1
1.10900	-1
1.11267	-0
1.11633	-0
1.12000	-0
1.12367	-0
1.12733	-0
1.13100	-0
1.13467	-0
1.13833	-0
1.14200	-0
1.14567	-0
1.14933	-0
1.15300	-1
1.15667	-1
1.16033	-1
1.16400	-1
1.16767	-0
1.17133	-0
1.17500	-0
1.17867	-0
1.18233	-0
1.18600	-0
1.18967	-0
1.19333	-1
1.19700	-1
1.20067	-1
1.20433	-1
1.20800	-2
1.21167	-2
1.21533	-2
1.21900	-1
1.22267	-1
1.22633	-1
1.23000	-1
1.23367	-0
1.23733	-0
1.24100	-0
1.24467	0
1.24833	0
1.25200	1
1.25567	1
1.25933	1
1.26300	1
1.26667	1
1.27033	1
1.27400	1
1.27767	0
1.28133	0
1.28500	-0
1.28867	-0
1.29233	-1
1.29600	-1
1.29967	-1
1.30333	-1
1.30700	-1
1.31067	-1
1.31433	-1
1.31800	-1
1.32167	-1
1.32533	-1
1.32900	-1
1.33267	-1
1.33633	-1
1.34000	-2
1.34367	-2
1.34733	-2
1.35100	-1
1.35467	-1
1.35833	-1
1.36200	-1
1.36567	-1
1.36933	-1
1.37300	-1
1.37667	-1
1.38033	-1
1.38400	-1
1.38767	-1
1.39133	-1
1.39500	-1
1.39867	-1
1.40233	-1
1.40600	-1
1.40967	-1
1.41333	-1
1.41700	-1
1.42067	-0
1.42433	-0
1.42800	-0
1.43167	-0
1.43533	-0
1.43900	-0
1.44267	-0
1.44633	-1
1.45000	-1
1.45367	-1
1.45733	-1
1.46100	-2
1.46467	-2
1.46833	-2
1.47200	-3
1.47567	-3
1.47933	-3
1.48300	-3
1.48667	-3
1.49033	-2
1.49400	-2
1.49767	-2
1.50133	-2
1.50500	-1
1.50867	-1
1.51233	-1
1.51600	-1
1.51967	-1
1.52333	-1
1.52700	-1
1.53067	-1
1.53433	-1
1.53800	-2
1.54167	-2
1.54533	-2
1.54900	-2
1.55267	-3
1.55633	-3
1.56000	-3
1.56367	-3
1.56733	-3
1.57100	-3
1.57467	-3
1.57833	-3
1.58200	-3
1.58567	-4
1.58933	-4
1.59300	-4
1.59667	-4
1.60033	-5
1.60400	-6
1.60767	-7
1.61133	-9
1.61500	-10
1.61867	-12
1.62233	-15
1.62600	-18
1.62967	-21
1.63333	-24
1.63700	-27
1.64067	-31
1.64433	-35
1.64800	-39
1.65167	-43
1.65533	-46
1.65900	-50
1.66267	-54
1.66633	-58
1.67000	-63
1.67367	-68
1.67733	-73
1.68100	-78
1.68467	-83
1.68833	-88
1.69200	-92
1.69567	-96
1.69933	-99
1.70300	-102
1.70667	-104
1.71033	-105
1.71400	-107
1.71767	-108
1.72133	-109
1.72500	-111
1.72867	-111
1.73233	-112
1.73600	-112
1.73967	-113
1.74333	-113
1.74700	-114
1.75067	-115
1.75433	-116
1.75800	-117
1.76167	-118
1.76533	-119
1.76900	-119
1.77267	-120
1.77633	-120
1.78000	-120
1.78367	-120
1.78733	-120
1.79100	-119
1.79467	-119
1.79833	-118
1.80200	-117
1.80567	-117
1.80933	-117
1.81300	-118
1.81667	-119
1.82033	-120
1.82400	-121
1.82767	-122
1.83133	-123
1.83500	-123
1.83867	-124
1.84233	-124
1.84600	-124
1.84967	-123
1.85333	-123
1.85700	-123
1.86067	-122
1.86433	-122
1.86800	-122
1.87167	-121
1.87533	-121
1.87900	-120
1.88267	-120
1.88633	-120
1.89000	-121
1.89367	-121
1.89733	-122
1.90100	-122
1.90467	-122
1.90833	-122
1.91200	-121
1.91567	-121
1.91933	-121
1.92300	-121
1.92667	-121
1.93033	-121
1.93400	-121
1.93767	-121
1.94133	-120
1.94500	-119
1.94867	-119
1.95233	-118
1.95600	-118
1.95967	-117
1.96333	-117
1.96700	-117
1.97067	-116
1.97433	-116
1.97800	-116
1.98167	-115
1.98533	-115
1.98900	-115
1.99267	-115
1.99633	-115
2.00000	-115
2.00367	-116
2.00733	-116
2.01100	-116
2.01467	-115
2.01833	-115
2.02200	-114
2.02567	-113
2.02933	-112
2.03300	-112
2.03667	-112
2.04033	-112
2.04400	-112
2.04767	-111
2.05133	-111
2.05500	-111
2.05867	-110
2.06233	-110
2.06600	-110
2.06967	-109
2.07333	-109
2.07700	-109
2.08067	-109
2.08433	-108
2.08800	-108
2.09167	-108
2.09533	-108
2.09900	-107
2.10267	-107
2.10633	-107
2.11000	-107
2.11367	-106
2.11733	-105
2.12100	-104
2.12467	-103
2.12833	-103
2.13200	-102
2.13567	-102
2.13933	-102
2.14300	-103
2.14667	-103
2.15033	-103
2.15400	-103
2.15767	-103
2.16133	-103
2.16500	-103
2.16867	-102
2.17233	-102
2.17600	-101
2.17967	-101
2.18333	-101
2.18700	-101
2.19067	-101
2.19433	-101
2.19800	-101
2.20167	-101
2.20533	-100
2.20900	-100
2.21267	-100
2.21633	-100
2.22000	-99
2.22367	-99
2.22733	-98
2.23100	-98
2.23467	-97
2.23833	-96
2.24200	-95
2.24567	-95
2.24933	-94
2.25300	-94
2.25667	-94
2.26033	-94
2.26400	-94
2.26767	-94
2.27133	-94
2.27500	-94
2.27867	-94
2.28233	-94
2.28600	-93
2.28967	-93
2.29333	-92
2.29700	-90
2.30067	-89
2.30433	-89
2.30800	-88
2.31167	-88
2.31533	-87
2.31900	-87
2.32267	-87
2.32633	-86
2.33000	-86
2.33367	-86
2.33733	-86
2.34100	-86
2.34467	-87
2.34833	-86
2.35200	-86
2.35567	-85
2.35933	-84
2.36300	-83
2.36667	-82
2.37033	-80
2.37400	-77
2.37767	-74
2.38133	-71
2.38500	-67
2.38867	-63
2.39233	-58
2.39600	-54
2.39967	-50
2.40333	-45
2.40700	-41
2.41067	-36
2.41433	-32
2.41800	-29
2.42167	-26
2.42533	-23
2.42900	-21
2.43267	-19
2.43633	-17
2.44000	-14
2.44367	-12
2.44733	-11
2.45100	-9
2.45467	-7
2.45833	-6
2.46200	-5
2.46567	-4
2.46933	-3
2.47300	-1
2.47667	-0
2.48033	1
2.48400	2
2.48767	3
2.49133	4
2.49500	5
2.49867	5
2.50233	6
2.50600	7
2.50967	7
2.51333	8
2.51700	9
2.52067	9
2.52433	9
2.52800	10
2.53167	10
2.53533	10
2.53900	11
2.54267	11
2.54633	12
2.55000	12
2.55367	13
2.55733	13
2.56100	13
2.56467	13
2.56833	13
2.57200	14
2.57567	14
2.57933	14
2.58300	15
2.58667	15
2.59033	15
2.59400	15
2.59767	15
2.60133	15
2.60500	15
2.60867	15
2.61233	16
2.61600	16
2.61967	16
2.62333	16
2.62700	16
2.63067	16
2.63433	16
2.63800	16
2.64167	17
2.64533	17
2.64900	17
2.65267	17
2.65633	18
2.66000	18
2.66367	19
2.66733	19
2.67100	19
2.67467	20
2.67833	20
2.68200	20
2.68567	20
2.68933	20
2.69300	20
2.69667	20
2.70033	20
2.70400	20
2.70767	20
2.71133	20
2.71500	21
2.71867	21
2.72233	22
2.72600	22
2.72967	22
2.73333	23
2.73700	23
2.74067	23
2.74433	24
2.74800	24
2.75167	24
2.75533	23
2.75900	23
2.76267	22
2.76633	22
2.77000	22
2.77367	22
2.77733	22
2.78100	22
2.78467	22
2.78833	22
2.79200	23
2.79567	23
2.79933	23
2.80300	23
2.80667	23
2.81033	23
2.81400	23
2.81767	23
2.82133	23
2.82500	24
2.82867	24
2.83233	24
2.83600	24
2.83967	24
2.84333	24
2.84700	24
2.85067	22
2.85433	20
2.85800	15
2.86167	9
2.86533	-1
2.86900	-15
2.87267	-33
2.87633	-56
2.88000	-84
2.88367	-117
2.88733	-155
2.89100	-198
2.89467	-246
2.89833	-298
2.90200	-355
2.90567	-415
2.90933	-480
2.91300	-547
2.91667	-618
2.92033	-691
2.92400	-766
2.92767	-844
2.93133	-924
2.93500	-1006
2.93867	-1090
2.94233	-1175
2.94600	-1262
2.94967	-1349
2.95333	-1434
2.95700	-1503
2.96067	-1545
2.96433	-1552
2.96800	-1524
2.97167	-1465
2.97533	-1382
2.97900	-1283
2.98267	-1174
2.98633	-1062
2.99000	-951
2.99367	-844
2.99733	-745
3.00100	-653
3.00467	-569
3.00833	-494
3.01200	-427
3.01567	-368
3.01933	-316
3.02300	-271
3.02667	-232
3.03033	-198
3.03400	-169
3.03767	-144
3.04133	-122
3.04500	-104
3.04867	-88
3.05233	-74
3.05600	-62
3.05967	-52
3.06333	-44
3.06700	-37
3.07067	-31
3.07433	-25
3.07800	-21
3.08167	-17
3.08533	-13
3.08900	-10
3.09267	-7
3.09633	-5
3.10000	-3
3.10367	-1
3.10733	1
3.11100	2
3.11467	3
3.11833	4
3.12200	5
3.12567	6
3.12933	6
3.13300	7
3.13667	8
3.14033	8
3.14400	9
3.14767	10
3.15133	10
3.15500	11
3.15867	11
3.16233	12
3.16600	12
3.16967	13
3.17333	13
3.17700	14
3.18067	14
3.18433	14
3.18800	14
3.19167	15
3.19533	15
3.19900	15
3.20267	15
3.20633	16
3.21000	16
3.21367	16
3.21733	17
3.22100	17
3.22467	17
3.22833	17
3.23200	18
3.23567	18
3.23933	18
3.24300	18
3.24667	18
3.25033	18
3.25400	19
3.25767	19
3.26133	19
3.26500	19
3.26867	19
3.27233	19
3.27600	19
3.27967	19
3.28333	19
3.28700	19
3.29067	19
3.29433	19
3.29800	19
3.30167	19
3.30533	20
3.30900	20
3.31267	21
3.31633	21
3.32000	22
3.32367	22
3.32733	23
3.33100	23
3.33467	23
3.33833	24
3.34200	24
3.34567	24
3.34933	24
3.35300	24
3.35667	24
3.36033	24
3.36400	24
3.36767	24
3.37133	24
3.37500	24
3.37867	24
3.38233	24
3.38600	24
3.38967	24
3.39333	24
3.39700	24
3.40067	24
3.40433	24
3.40800	24
3.41167	25
3.41533	25
3.41900	25
3.42267	25
3.42633	25
3.43000	25
3.43367	25
3.43733	26
3.44100	26
3.44467	26
3.44833	25
3.45200	25
3.45567	25
3.45933	25
3.46300	25
3.46667	25
3.47033	25
3.47400	25
3.47767	25
3.48133	25
3.48500	26
3.48867	26
3.49233	26
3.49600	25
3.49967	25
3.50333	25
3.50700	25
3.51067	25
3.51433	25
3.51800	24
3.52167	24
3.52533	24
3.52900	24
3.53267	24
3.53633	24
3.54000	24
3.54367	25
3.54733	25
3.55100	25
3.55467	25
3.55833	25
3.56200	25
3.56567	25
3.56933	24
3.57300	24
3.57667	24
3.58033	24
3.58400	24
3.58767	24
3.59133	24
3.59500	24
3.59867	25
3.60233	25
3.60600	25
3.60967	25
3.61333	25
3.61700	25
3.62067	25
3.62433	25
3.62800	24
3.63167	24
3.63533	24
3.63900	24
3.64267	24
3.64633	24
3.65000	24
3.65367	24
3.65733	24
3.66100	24
3.66467	24
3.66833	24
3.67200	24
3.67567	24
3.67933	24
3.68300	24
3.68667	24
3.69033	24
3.69400	24
3.69767	24
3.70133	24
3.70500	24
3.70867	23
3.71233	23
3.71600	23
3.71967	23
3.72333	23
3.72700	23
3.73067	23
3.73433	23
3.73800	23
3.74167	23
3.74533	23
3.74900	23
3.75267	24
3.75633	24
3.76000	24
3.76367	24
3.76733	24
3.77100	24
3.77467	25
3.77833	25
3.78200	25
3.78567	25
3.78933	26
3.79300	26
3.79667	26
3.80033	26
3.80400	26
3.80767	26
3.81133	26
3.81500	26
3.81867	26
3.82233	26
3.82600	25
3.82967	25
3.83333	25
3.83700	25
3.84067	25
3.84433	25
3.84800	25
3.85167	24
3.85533	24
3.85900	24
3.86267	23
3.86633	23
3.87000	22
3.87367	22
3.87733	22
3.88100	22
3.88467	22
3.88833	22
3.89200	22
3.89567	22
3.89933	23
3.90300	23
3.90667	23
3.91033	23
3.91400	23
3.91767	24
3.92133	24
3.92500	25
3.92867	25
3.93233	25
3.93600	26
3.93967	26
3.94333	26
3.94700	26
3.95067	27
3.95433	27
3.95800	27
3.96167	27
3.96533	27
3.96900	27
3.97267	27
3.97633	27
3.98000	27
3.98367	27
3.98733	27
3.99100	27
3.99467	27
3.99833	27

[Chromatogram (Ch3)]
Interval(msec)	220
# of Points	1091
Start Time(min)	0.002
End Time(min)	3.998
R.Time (min)	Intensity
0.00167	0
0.00533	-0
0.00900	-2
0.01267	-4
0.01633	-6
0.02000	-5
0.02367	-4
0.02733	-3
0.03100	-1
0.03467	1
0.03833	1
0.04200	-2
0.04567	-5
0.04933	-5
0.05300	-3
0.05667	2
0.06033	4
0.06400	3
0.06767	-1
0.07133	-4
0.07500	-5
0.07867	-5
0.08233	-3
0.08600	-2
0.08967	-1
0.09333	-0
0.09700	1
0.10067	0
0.10433	-1
0.10800	-2
0.11167	-2
0.11533	-2
0.11900	-1
0.12267	-1
0.12633	1
0.13000	4
0.13367	5
0.13733	5
0.14100	4
0.14467	4
0.14833	7
0.15200	7
0.15567	6
0.15933	6
0.16300	5
0.16667	3
0.17033	1
0.17400	0
0.17767	-0
0.18133	-0
0.18500	1
0.18867	4
0.19233	8
0.19600	9
0.19967	11
0.20333	12
0.20700	12
0.21067	10
0.21433	13
0.21800	16
0.22167	17
0.22533	16
0.22900	16
0.23267	13
0.23633	10
0.24000	9
0.24367	10
0.24733	9
0.25100	7
0.25467	6
0.25833	7
0.26200	9
0.26567	12
0.26933	12
0.27300	13
0.27667	14
0.28033	15
0.28400	17
0.28767	19
0.29133	18
0.29500	17
0.29867	16
0.30233	16
0.30600	16
0.30967	17
0.31333	17
0.31700	18
0.32067	19
0.32433	18
0.32800	17
0.33167	16
0.33533	15
0.33900	14
0.34267	15
0.34633	14
0.35000	12
0.35367	11
0.35733	11
0.36100	15
0.36467	19
0.36833	20
0.37200	18
0.37567	19
0.37933	19
0.38300	18
0.38667	17
0.39033	16
0.39400	13
0.39767	10
0.40133	10
0.40500	9
0.40867	10
0.41233	12
0.41600	14
0.41967	15
0.42333	17
0.42700	16
0.43067	15
0.43433	15
0.43800	15
0.44167	13
0.44533	13
0.44900	15
0.45267	16
0.45633	17
0.46000	18
0.46367	16
0.46733	16
0.47100	16
0.47467	19
0.47833	22
0.48200	22
0.48567	19
0.48933	19
0.49300	19
0.49667	21
0.50033	23
0.50400	24
0.50767	23
0.51133	23
0.51500	23
0.51867	23
0.52233	23
0.52600	22
0.52967	22
0.53333	22
0.53700	21
0.54067	19
0.54433	19
0.54800	20
0.55167	21
0.55533	20
0.55900	20
0.56267	20
0.56633	22
0.57000	25
0.57367	25
0.57733	24
0.58100	25
0.58467	23
0.58833	22
0.59200	20
0.59567	19
0.59933	20
0.60300	24
0.60667	26
0.61033	26
0.61400	26
0.61767	25
0.62133	24
0.62500	23
0.62867	24
0.63233	27
0.63600	26
0.63967	25
0.64333	25
0.64700	26
0.65067	25
0.65433	23
0.65800	25
0.66167	25
0.66533	23
0.66900	21
0.67267	21
0.67633	22
0.68000	23
0.68367	26
0.68733	28
0.69100	30
0.69467	32
0.69833	34
0.70200	34
0.70567	32
0.70933	30
0.71300	28
0.71667	27
0.72033	28
0.72400	28
0.72767	28
0.73133	27
0.73500	26
0.73867	24
0.74233	24
0.74600	26
0.74967	29
0.75333	30
0.75700	32
0.76067	31
0.76433	33
0.76800	33
0.77167	32
0.77533	31
0.77900	29
0.78267	28
0.78633	27
0.79000	27
0.79367	27
0.79733	29
0.80100	31
0.80467	29
0.80833	28
0.81200	28
0.81567	28
0.81933	30
0.82300	32
0.82667	33
0.83033	34
0.83400	32
0.83767	33
0.84133	34
0.84500	32
0.84867	32
0.85233	31
0.85600	33
0.85967	36
0.86333	36
0.86700	34
0.87067	34
0.87433	35
0.87800	35
0.88167	38
0.88533	39
0.88900	39
0.89267	39
0.89633	41
0.90000	40
0.90367	37
0.90733	34
0.91100	32
0.91467	32
0.91833	33
0.92200	34
0.92567	35
0.92933	38
0.93300	40
0.93667	40
0.94033	42
0.94400	41
0.94767	39
0.95133	36
0.95500	36
0.95867	36
0.96233	36
0.96600	32
0.96967	29
0.97333	28
0.97700	30
0.98067	33
0.98433	34
0.98800	37
0.99167	40
0.99533	43
0.99900	46
1.00267	44
1.00633	43
1.01000	41
1.01367	40
1.01733	38
1.02100	39
1.02467	39
1.02833	40
1.03200	42
1.03567	42
1.03933	43
1.04300	42
1.04667	41
1.05033	39
1.05400	39
1.05767	40
1.06133	40
1.06500	39
1.06867	40
1.07233	41
1.07600	44
1.07967	44
1.08333	39
1.08700	36
1.09067	37
1.09433	35
1.09800	35
1.10167	37
1.10533	39
1.10900	40
1.11267	41
1.11633	40
1.12000	42
1.12367	46
1.12733	49
1.13100	50
1.13467	47
1.13833	43
1.14200	44
1.14567	44
1.14933	42
1.15300	43
1.15667	44
1.16033	43
1.16400	43
1.16767	44
1.17133	45
1.17500	43
1.17867	43
1.18233	44
1.18600	45
1.18967	46
1.19333	47
1.19700	48
1.20067	49
1.20433	50
1.20800	49
1.21167	49
1.21533	48
1.21900	47
1.22267	45
1.22633	46
1.23000	46
1.23367	45
1.23733	46
1.24100	46
1.24467	45
1.24833	44
1.25200	44
1.25567	44
1.25933	45
1.26300	46
1.26667	48
1.27033	47
1.27400	46
1.27767	47
1.28133	49
1.28500	48
1.28867	46
1.29233	46
1.29600	45
1.29967	46
1.30333	45
1.30700	44
1.31067	43
1.31433	42
1.31800	43
1.32167	44
1.32533	43
1.32900	42
1.33267	42
1.33633	44
1.34000	46
1.34367	46
1.34733	43
1.35100	42
1.35467	43
1.35833	43
1.36200	43
1.36567	43
1.36933	42
1.37300	44
1.37667	45
1.38033	46
1.38400	45
1.38767	45
1.39133	46
1.39500	45
1.39867	44
1.40233	43
1.40600	43
1.40967	41
1.41333	40
1.41700	40
1.42067	42
1.42433	44
1.42800	44
1.43167	43
1.43533	42
1.43900	42
1.44267	44
1.44633	45
1.45000	45
1.45367	44
1.45733	44
1.46100	46
1.46467	45
1.46833	44
1.47200	46
1.47567	47
1.47933	46
1.48300	46
1.48667	46
1.49033	45
1.49400	42
1.49767	42
1.50133	44
1.50500	45
1.50867	43
1.51233	42
1.51600	44
1.51967	46
1.52333	48
1.52700	51
1.53067	52
1.53433	50
1.53800	47
1.54167	46
1.54533	45
1.54900	44
1.55267	44
1.55633	42
1.56000	41
1.56367	41
1.56733	41
1.57100	42
1.57467	44
1.57833	43
1.58200	40
1.58567	40
1.58933	40
1.59300	41
1.59667	43
1.60033	46
1.60400	46
1.60767	47
1.61133	46
1.61500	46
1.61867	46
1.62233	44
1.62600	43
1.62967	43
1.63333	42
1.63700	44
1.64067	47
1.64433	48
1.64800	51
1.65167	52
1.65533	50
1.65900	50
1.66267	53
1.66633	54
1.67000	56
1.67367	58
1.67733	60
1.68100	59
1.68467	57
1.68833	57
1.69200	57
1.69567	57
1.69933	58
1.70300	58
1.70667	58
1.71033	58
1.71400	58
1.71767	57
1.72133	57
1.72500	58
1.72867	60
1.73233	61
1.73600	63
1.73967	64
1.74333	63
1.74700	63
1.75067	65
1.75433	67
1.75800	68
1.76167	70
1.76533	72
1.76900	72
1.77267	74
1.77633	74
1.78000	73
1.78367	71
1.78733	70
1.79100	70
1.79467	69
1.79833	70
1.80200	71
1.80567	73
1.80933	74
1.81300	76
1.81667	79
1.82033	81
1.82400	81
1.82767	84
1.83133	87
1.83500	86
1.83867	85
1.84233	84
1.84600	84
1.84967	84
1.85333	81
1.85700	78
1.86067	78
1.86433	79
1.86800	81
1.87167	83
1.87533	84
1.87900	85
1.88267	86
1.88633	85
1.89000	83
1.89367	85
1.89733	88
1.90100	91
1.90467	93
1.90833	94
1.91200	94
1.91567	93
1.91933	93
1.92300	95
1.92667	95
1.93033	94
1.93400	95
1.93767	95
1.94133	96
1.94500	100
1.94867	102
1.95233	103
1.95600	103
1.95967	104
1.96333	105
1.96700	105
1.97067	107
1.97433	108
1.97800	108
1.98167	107
1.98533	108
1.98900	109
1.99267	111
1.99633	114
2.00000	119
2.00367	121
2.00733	118
2.01100	116
2.01467	115
2.01833	116
2.02200	116
2.02567	117
2.02933	119
2.03300	122
2.03667	125
2.04033	129
2.04400	130
2.04767	132
2.05133	133
2.05500	133
2.05867	134
2.06233	134
2.06600	136
2.06967	138
2.07333	139
2.07700	140
2.08067	142
2.08433	144
2.08800	146
2.09167	148
2.09533	146
2.09900	145
2.10267	146
2.10633	147
2.11000	148
2.11367	149
2.11733	150
2.12100	151
2.12467	150
2.12833	150
2.13200	151
2.13567	153
2.13933	154
2.14300	155
2.14667	158
2.15033	160
2.15400	162
2.15767	161
2.16133	160
2.16500	160
2.16867	161
2.17233	163
2.17600	163
2.17967	166
2.18333	166
2.18700	167
2.19067	167
2.19433	169
2.19800	168
2.20167	167
2.20533	169
2.20900	173
2.21267	173
2.21633	173
2.22000	175
2.22367	176
2.22733	176
2.23100	175
2.23467	176
2.23833	177
2.24200	177
2.24567	179
2.24933	180
2.25300	182
2.25667	186
2.26033	188
2.26400	190
2.26767	193
2.27133	196
2.27500	198
2.27867	199
2.28233	199
2.28600	200
2.28967	202
2.29333	201
2.29700	202
2.30067	203
2.30433	204
2.30800	206
2.31167	208
2.31533	209
2.31900	209
2.32267	209
2.32633	209
2.33000	212
2.33367	214
2.33733	215
2.34100	217
2.34467	218
2.34833	220
2.35200	221
2.35567	222
2.35933	222
2.36300	223
2.36667	224
2.37033	225
2.37400	225
2.37767	224
2.38133	224
2.38500	224
2.38867	226
2.39233	228
2.39600	229
2.39967	230
2.40333	231
2.40700	232
2.41067	234
2.41433	237
2.41800	239
2.42167	240
2.42533	239
2.42900	236
2.43267	234
2.43633	235
2.44000	236
2.44367	240
2.44733	251
2.45100	262
2.45467	265
2.45833	259
2.46200	248
2.46567	234
2.46933	221
2.47300	210
2.47667	200
2.48033	192
2.48400	183
2.48767	174
2.49133	166
2.49500	156
2.49867	148
2.50233	141
2.50600	136
2.50967	134
2.51333	135
2.51700	137
2.52067	138
2.52433	136
2.52800	130
2.53167	125
2.53533	121
2.53900	117
2.54267	111
2.54633	105
2.55000	98
2.55367	94
2.55733	93
2.56100	92
2.56467	90
2.56833	86
2.57200	83
2.57567	82
2.57933	81
2.58300	77
2.58667	77
2.59033	75
2.59400	74
2.59767	72
2.60133	67
2.60500	57
2.60867	41
2.61233	21
2.61600	-6
2.61967	-37
2.62333	-71
2.62700	-109
2.63067	-146
2.63433	-182
2.63800	-211
2.64167	-234
2.64533	-252
2.64900	-266
2.65267	-274
2.65633	-276
2.66000	-274
2.66367	-269
2.66733	-264
2.67100	-256
2.67467	-245
2.67833	-235
2.68200	-225
2.68567	-215
2.68933	-203
2.69300	-189
2.69667	-177
2.70033	-166
2.70400	-155
2.70767	-144
2.71133	-134
2.71500	-128
2.71867	-125
2.72233	-119
2.72600	-112
2.72967	-106
2.73333	-99
2.73700	-92
2.74067	-85
2.74433	-79
2.74800	-74
2.75167	-70
2.75533	-67
2.75900	-64
2.76267	-61
2.76633	-60
2.77000	-60
2.77367	-58
2.77733	-55
2.78100	-51
2.78467	-49
2.78833	-49
2.79200	-51
2.79567	-50
2.79933	-49
2.80300	-49
2.80667	-50
2.81033	-51
2.81400	-53
2.81767	-51
2.82133	-45
2.82500	-32
2.82867	-4
2.83233	62
2.83600	206
2.83967	480
2.84333	951
2.84700	1683
2.85067	2725
2.85433	4079
2.85800	5709
2.86167	7531
2.86533	9424
2.86900	11251
2.87267	12869
2.87633	14166
2.88000	15055
2.88367	15498
2.88733	15506
2.89100	15133
2.89467	14457
2.89833	13566
2.90200	12538
2.90567	11447
2.90933	10344
2.91300	9266
2.91667	8243
2.92033	7292
2.92400	6422
2.92767	5637
2.93133	4930
2.93500	4300
2.93867	3740
2.94233	3248
2.94600	2817
2.94967	2438
2.95333	2104
2.95700	1811
2.96067	1556
2.96433	1336
2.96800	1147
2.97167	984
2.97533	844
2.97900	724
2.98267	617
2.98633	525
2.99000	445
2.99367	377
2.99733	322
3.00100	275
3.00467	232
3.00833	197
3.01200	167
3.01567	140
3.01933	115
3.02300	91
3.02667	71
3.03033	56
3.03400	46
3.03767	38
3.04133	29
3.04500	19
3.04867	12
3.05233	6
3.05600	1
3.05967	-3
3.06333	-7
3.06700	-12
3.07067	-16
3.07433	-18
3.07800	-19
3.08167	-19
3.08533	-17
3.08900	-14
3.09267	-12
3.09633	-13
3.10000	-16
3.10367	-18
3.10733	-20
3.11100	-21
3.11467	-22
3.11833	-23
3.12200	-23
3.12567	-22
3.12933	-23
3.13300	-24
3.13667	-21
3.14033	-18
3.14400	-17
3.14767	-17
3.15133	-18
3.15500	-17
3.15867	-15
3.16233	-14
3.16600	-14
3.16967	-14
3.17333	-12
3.17700	-8
3.18067	-7
3.18433	-9
3.18800	-9
3.19167	-10
3.19533	-11
3.19900	-12
3.20267	-12
3.20633	-11
3.21000	-11
3.21367	-12
3.21733	-14
3.22100	-14
3.22467	-13
3.22833	-13
3.23200	-13
3.23567	-13
3.23933	-11
3.24300	-11
3.24667	-11
3.25033	-13
3.25400	-18
3.25767	-20
3.26133	-18
3.26500	-18
3.26867	-18
3.27233	-17
3.27600	-16
3.27967	-17
3.28333	-17
3.28700	-17
3.29067	-19
3.29433	-20
3.29800	-23
3.30167	-24
3.30533	-20
3.30900	-17
3.31267	-17
3.31633	-18
3.32000	-19
3.32367	-20
3.32733	-20
3.33100	-19
3.33467	-19
3.33833	-20
3.34200	-19
3.34567	-17
3.34933	-15
3.35300	-14
3.35667	-15
3.36033	-16
3.36400	-17
3.36767	-17
3.37133	-18
3.37500	-19
3.37867	-20
3.38233	-21
3.38600	-20
3.38967	-19
3.39333	-19
3.39700	-19
3.40067	-18
3.40433	-17
3.40800	-18
3.41167	-21
3.41533	-20
3.41900	-19
3.42267	-22
3.42633	-23
3.43000	-24
3.43367	-23
3.43733	-18
3.44100	-12
3.44467	-1
3.44833	11
3.45200	26
3.45567	45
3.45933	67
3.46300	87
3.46667	107
3.47033	127
3.47400	147
3.47767	165
3.48133	183
3.48500	201
3.48867	214
3.49233	225
3.49600	239
3.49967	258
3.50333	274
3.50700	289
3.51067	301
3.51433	312
3.51800	322
3.52167	330
3.52533	340
3.52900	350
3.53267	359
3.53633	366
3.54000	373
3.54367	381
3.54733	389
3.55100	394
3.55467	399
3.55833	401
3.56200	405
3.56567	409
3.56933	413
3.57300	418
3.57667	423
3.58033	421
3.58400	417
3.58767	415
3.59133	416
3.59500	418
3.59867	420
3.60233	420
3.60600	421
3.60967	423
3.61333	424
3.61700	424
3.62067	425
3.62433	426
3.62800	426
3.63167	426
3.63533	423
3.63900	418
3.64267	417
3.64633	416
3.65000	417
3.65367	419
3.65733	419
3.66100	420
3.66467	421
3.66833	420
3.67200	420
3.67567	418
3.67933	414
3.68300	411
3.68667	408
3.69033	406
3.69400	408
3.69767	411
3.70133	409
3.70500	405
3.70867	402
3.71233	402
3.71600	401
3.71967	401
3.72333	400
3.72700	395
3.73067	392
3.73433	388
3.73800	385
3.74167	387
3.74533	389
3.74900	389
3.75267	387
3.75633	385
3.76000	384
3.76367	384
3.76733	382
3.77100	378
3.77467	376
3.77833	375
3.78200	374
3.78567	373
3.78933	370
3.79300	368
3.79667	366
3.80033	367
3.80400	367
3.80767	366
3.81133	364
3.81500	362
3.81867	363
3.82233	362
3.82600	361
3.82967	358
3.83333	356
3.83700	353
3.84067	351
3.84433	352
3.84800	353
3.85167	350
3.85533	349
3.85900	347
3.86267	346
3.86633	346
3.87000	347
3.87367	346
3.87733	346
3.88100	343
3.88467	340
3.88833	337
3.89200	334
3.89567	332
3.89933	329
3.90300	330
3.90667	330
3.91033	330
3.91400	327
3.91767	326
3.92133	324
3.92500	322
3.92867	318
3.93233	317
3.93600	317
3.93967	316
3.94333	314
3.94700	313
3.95067	310
3.95433	308
3.95800	307
3.96167	306
3.96533	304
3.96900	305
3.97267	306
3.97633	305
3.98000	304
3.98367	303
3.98733	302
3.99100	302
3.99467	303
3.99833	301

[Status Trace (Column Oven Temperature)]
Interval(msec)	1000
# of Points	240
Start Time(min)	0.013
End Time(min)	3.996
Intensity Units	
Intensity Multiplier	1
R.Time (min)	Intensity
0.01273	35.04
0.02940	35.03
0.04607	35.02
0.06273	35.02
0.07940	35.02
0.09607	35.01
0.11273	35.00
0.12940	34.98
0.14607	34.97
0.16273	34.98
0.17940	34.98
0.19607	34.98
0.21273	34.97
0.22940	34.98
0.24607	34.98
0.26273	34.99
0.27940	34.98
0.29607	34.98
0.31273	34.97
0.32940	34.98
0.34607	34.98
0.36273	34.98
0.37940	34.99
0.39607	34.99
0.41273	34.99
0.42940	35.00
0.44607	35.00
0.46273	35.00
0.47940	34.99
0.49607	34.99
0.51273	34.99
0.52940	35.00
0.54607	35.00
0.56273	35.01
0.57940	35.00
0.59607	35.00
0.61273	35.00
0.62940	34.99
0.64607	34.99
0.66273	34.99
0.67940	34.98
0.69607	34.99
0.71273	34.98
0.72940	34.98
0.74607	34.99
0.76273	35.00
0.77940	35.01
0.79607	35.00
0.81273	35.00
0.82940	35.00
0.84607	34.99
0.86273	35.00
0.87940	35.00
0.89607	35.00
0.91273	34.99
0.92940	35.01
0.94607	35.02
0.96273	35.01
0.97940	35.01
0.99607	35.00
1.01273	35.00
1.02940	35.01
1.04607	35.01
1.06273	35.01
1.07940	35.00
1.09607	35.00
1.11273	34.99
1.12940	34.99
1.14607	34.99
1.16273	35.00
1.17940	35.00
1.19607	35.00
1.21273	35.00
1.22940	35.00
1.24607	34.99
1.26273	34.98
1.27940	34.98
1.29607	34.98
1.31273	34.99
1.32940	34.99
1.34607	34.99
1.36273	34.98
1.37940	34.98
1.39607	34.97
1.41273	34.97
1.42940	34.98
1.44607	34.98
1.46273	34.98
1.47940	34.98
1.49607	34.98
1.51273	34.99
1.52940	34.99
1.54607	34.99
1.56273	35.00
1.57940	35.00
1.59607	35.02
1.61273	35.10
1.62940	35.24
1.64607	35.43
1.66273	35.70
1.67940	36.07
1.69607	36.44
1.71273	36.78
1.72940	37.10
1.74607	37.43
1.76273	37.78
1.77940	38.11
1.79607	38.42
1.81273	38.76
1.82940	39.10
1.84607	39.42
1.86273	39.75
1.87940	40.07
1.89607	40.41
1.91273	40.73
1.92940	41.07
1.94607	41.38
1.96273	41.71
1.97940	42.03
1.99607	42.37
2.01273	42.70
2.02940	43.01
2.04607	43.36
2.06273	43.68
2.07940	44.01
2.09607	44.34
2.11273	44.65
2.12940	44.96
2.14607	45.30
2.16273	45.63
2.17940	45.97
2.19607	46.29
2.21273	46.63
2.22940	46.95
2.24607	47.28
2.26273	47.61
2.27940	47.96
2.29607	48.27
2.31273	48.60
2.32940	48.93
2.34607	49.26
2.36273	49.49
2.37940	49.60
2.39607	49.63
2.41273	49.61
2.42940	49.64
2.44607	49.63
2.46273	49.66
2.47940	49.65
2.49607	49.67
2.51273	49.69
2.52940	49.70
2.54607	49.71
2.56273	49.75
2.57940	49.76
2.59607	49.78
2.61273	49.79
2.62940	49.82
2.64607	49.83
2.66273	49.83
2.67940	49.84
2.69607	49.85
2.71273	49.86
2.72940	49.85
2.74607	49.85
2.76273	49.88
2.77940	49.88
2.79607	49.90
2.81273	49.88
2.82940	49.89
2.84607	49.89
2.86273	49.88
2.87940	49.89
2.89607	49.90
2.91273	49.92
2.92940	49.94
2.94607	49.95
2.96273	49.97
2.97940	49.99
2.99607	50.00
3.01273	50.00
3.02940	50.00
3.04607	50.01
3.06273	50.00
3.07940	50.02
3.09607	50.03
3.11273	50.04
3.12940	50.05
3.14607	50.04
3.16273	50.05
3.17940	50.06
3.19607	50.07
3.21273	50.07
3.22940	50.08
3.24607	50.09
3.26273	50.10
3.27940	50.11
3.29607	50.11
3.31273	50.10
3.32940	50.08
3.34607	50.07
3.36273	50.07
3.37940	50.06
3.39607	50.06
3.41273	50.05
3.42940	50.04
3.44607	50.04
3.46273	50.04
3.47940	50.03
3.49607	50.03
3.51273	50.03
3.52940	50.03
3.54607	50.03
3.56273	50.04
3.57940	50.05
3.59607	50.04
3.61273	50.04
3.62940	50.04
3.64607	50.05
3.66273	50.05
3.67940	50.05
3.69607	50.05
3.71273	50.07
3.72940	50.08
3.74607	50.08
3.76273	50.08
3.77940	50.06
3.79607	50.06
3.81273	50.06
3.82940	50.07
3.84607	50.07
3.86273	50.09
3.87940	50.10
3.89607	50.11
3.91273	50.09
3.92940	50.08
3.94607	50.06
3.96273	50.04
3.97940	50.03
3.99607	50.04

[Status Trace (Injection Unit Temperature)]
Interval(msec)	1000
# of Points	240
Start Time(min)	0.013
End Time(min)	3.996
Intensity Units	
Intensity Multiplier	1
R.Time (min)	Intensity
0.01273	99.98
0.02940	99.98
0.04607	99.99
0.06273	99.99
0.07940	99.98
0.09607	99.98
0.11273	99.98
0.12940	99.98
0.14607	99.98
0.16273	99.98
0.17940	99.98
0.19607	99.98
0.21273	99.98
0.22940	99.99
0.24607	99.98
0.26273	99.98
0.27940	99.97
0.29607	99.98
0.31273	99.98
0.32940	99.98
0.34607	99.98
0.36273	99.98
0.37940	99.98
0.39607	99.98
0.41273	99.98
0.42940	99.98
0.44607	99.98
0.46273	99.98
0.47940	99.98
0.49607	99.98
0.51273	99.99
0.52940	99.98
0.54607	99.98
0.56273	99.98
0.57940	99.98
0.59607	99.98
0.61273	99.98
0.62940	99.98
0.64607	99.98
0.66273	99.98
0.67940	99.98
0.69607	99.98
0.71273	99.98
0.72940	99.98
0.74607	99.98
0.76273	99.99
0.77940	99.98
0.79607	99.98
0.81273	99.99
0.82940	99.98
0.84607	99.99
0.86273	99.98
0.87940	99.99
0.89607	99.98
0.91273	99.98
0.92940	99.99
0.94607	99.99
0.96273	99.99
0.97940	99.99
0.99607	99.99
1.01273	99.99
1.02940	99.99
1.04607	99.98
1.06273	99.99
1.07940	99.99
1.09607	99.99
1.11273	99.99
1.12940	99.99
1.14607	99.98
1.16273	99.99
1.17940	99.99
1.19607	99.99
1.21273	99.99
1.22940	99.99
1.24607	99.99
1.26273	99.99
1.27940	99.99
1.29607	99.99
1.31273	99.98
1.32940	99.99
1.34607	99.98
1.36273	99.98
1.37940	99.99
1.39607	99.99
1.41273	99.98
1.42940	99.98
1.44607	99.98
1.46273	99.98
1.47940	99.98
1.49607	99.98
1.51273	99.98
1.52940	99.99
1.54607	99.98
1.56273	99.99
1.57940	99.98
1.59607	99.99
1.61273	99.98
1.62940	99.98
1.64607	99.99
1.66273	99.99
1.67940	99.98
1.69607	99.99
1.71273	99.98
1.72940	99.98
1.74607	99.99
1.76273	99.99
1.77940	99.98
1.79607	99.98
1.81273	99.98
1.82940	99.99
1.84607	99.99
1.86273	99.98
1.87940	99.98
1.89607	99.98
1.91273	99.98
1.92940	99.98
1.94607	99.98
1.96273	99.98
1.97940	99.98
1.99607	99.98
2.01273	99.98
2.02940	99.98
2.04607	99.98
2.06273	99.98
2.07940	99.98
2.09607	99.98
2.11273	99.97
2.12940	99.97
2.14607	99.97
2.16273	99.97
2.17940	99.97
2.19607	99.97
2.21273	99.97
2.22940	99.97
2.24607	99.97
2.26273	99.97
2.27940	99.97
2.29607	99.97
2.31273	99.97
2.32940	99.97
2.34607	99.97
2.36273	99.97
2.37940	99.97
2.39607	99.97
2.41273	99.97
2.42940	99.96
2.44607	99.97
2.46273	99.97
2.47940	99.97
2.49607	99.97
2.51273	99.97
2.52940	99.97
2.54607	99.97
2.56273	99.98
2.57940	99.98
2.59607	99.98
2.61273	99.98
2.62940	99.98
2.64607	99.98
2.66273	99.98
2.67940	99.98
2.69607	99.98
2.71273	99.98
2.72940	99.98
2.74607	99.99
2.76273	99.99
2.77940	99.99
2.79607	99.99
2.81273	99.99
2.82940	100.00
2.84607	100.00
2.86273	99.99
2.87940	100.00
2.89607	100.01
2.91273	100.01
2.92940	100.00
2.94607	100.01
2.96273	100.01
2.97940	100.00
2.99607	100.02
3.01273	100.02
3.02940	100.02
3.04607	100.02
3.06273	100.02
3.07940	100.02
3.09607	100.02
3.11273	100.02
3.12940	100.03
3.14607	100.03
3.16273	100.03
3.17940	100.03
3.19607	100.03
3.21273	100.03
3.22940	100.03
3.24607	100.03
3.26273	100.03
3.27940	100.04
3.29607	100.03
3.31273	100.03
3.32940	100.03
3.34607	100.04
3.36273	100.04
3.37940	100.03
3.39607	100.04
3.41273	100.04
3.42940	100.04
3.44607	100.04
3.46273	100.04
3.47940	100.04
3.49607	100.04
3.51273	100.04
3.52940	100.04
3.54607	100.04
3.56273	100.04
3.57940	100.04
3.59607	100.04
3.61273	100.05
3.62940	100.04
3.64607	100.04
3.66273	100.04
3.67940	100.04
3.69607	100.04
3.71273	100.04
3.72940	100.04
3.74607	100.04
3.76273	100.04
3.77940	100.05
3.79607	100.04
3.81273	100.05
3.82940	100.04
3.84607	100.05
3.86273	100.05
3.87940	100.05
3.89607	100.05
3.91273	100.05
3.92940	100.05
3.94607	100.04
3.96273	100.04
3.97940	100.04
3.99607	100.04

[Status Trace (Carrier Gas Pressure)]
Interval(msec)	1000
# of Points	240
Start Time(min)	0.013
End Time(min)	3.996
Intensity Units	
Intensity Multiplier	1
R.Time (min)	Intensity
0.01273	57.98
0.02940	55.00
0.04607	57.76
0.06273	59.68
0.07940	58.92
0.09607	57.99
0.11273	57.99
0.12940	58.01
0.14607	58.01
0.16273	58.01
0.17940	58.00
0.19607	58.00
0.21273	58.00
0.22940	58.00
0.24607	58.00
0.26273	58.00
0.27940	58.00
0.29607	58.00
0.31273	58.00
0.32940	58.00
0.34607	58.00
0.36273	58.00
0.37940	58.00
0.39607	58.00
0.41273	58.00
0.42940	58.00
0.44607	58.00
0.46273	58.00
0.47940	58.00
0.49607	58.00
0.51273	58.00
0.52940	58.00
0.54607	58.00
0.56273	58.00
0.57940	58.00
0.59607	58.00
0.61273	58.00
0.62940	58.00
0.64607	58.00
0.66273	58.00
0.67940	58.00
0.69607	58.00
0.71273	58.00
0.72940	58.00
0.74607	58.00
0.76273	58.00
0.77940	58.00
0.79607	58.00
0.81273	58.00
0.82940	58.00
0.84607	58.00
0.86273	58.00
0.87940	58.00
0.89607	58.00
0.91273	58.00
0.92940	58.00
0.94607	58.00
0.96273	58.00
0.97940	58.00
0.99607	58.00
1.01273	58.00
1.02940	58.00
1.04607	58.00
1.06273	58.00
1.07940	58.00
1.09607	58.00
1.11273	58.00
1.12940	58.00
1.14607	58.00
1.16273	58.00
1.17940	58.00
1.19607	58.00
1.21273	58.00
1.22940	58.00
1.24607	58.00
1.26273	58.00
1.27940	58.00
1.29607	58.00
1.31273	58.00
1.32940	58.00
1.34607	58.00
1.36273	58.00
1.37940	58.00
1.39607	58.00
1.41273	58.00
1.42940	58.00
1.44607	58.00
1.46273	58.00
1.47940	58.00
1.49607	58.00
1.51273	58.00
1.52940	58.00
1.54607	58.00
1.56273	58.00
1.57940	58.00
1.59607	58.00
1.61273	58.00
1.62940	58.00
1.64607	58.00
1.66273	58.00
1.67940	58.01
1.69607	58.00
1.71273	58.00
1.72940	58.00
1.74607	58.00
1.76273	58.00
1.77940	58.00
1.79607	58.00
1.81273	58.00
1.82940	58.00
1.84607	58.00
1.86273	58.00
1.87940	58.00
1.89607	58.00
1.91273	58.00
1.92940	58.00
1.94607	58.00
1.96273	58.00
1.97940	58.00
1.99607	58.00
2.01273	58.00
2.02940	58.00
2.04607	58.00
2.06273	58.00
2.07940	58.00
2.09607	58.00
2.11273	58.00
2.12940	58.00
2.14607	58.00
2.16273	58.00
2.17940	58.00
2.19607	58.00
2.21273	58.00
2.22940	58.00
2.24607	58.00
2.26273	58.00
2.27940	58.00
2.29607	58.00
2.31273	58.00
2.32940	58.00
2.34607	58.00
2.36273	58.00
2.37940	57.99
2.39607	57.99
2.41273	58.00
2.42940	58.00
2.44607	58.00
2.46273	58.00
2.47940	58.00
2.49607	58.00
2.51273	57.99
2.52940	57.98
2.54607	58.00
2.56273	58.00
2.57940	58.00
2.59607	58.00
2.61273	58.00
2.62940	58.00
2.64607	58.00
2.66273	58.00
2.67940	58.00
2.69607	58.00
2.71273	58.00
2.72940	58.00
2.74607	58.00
2.76273	58.00
2.77940	58.00
2.79607	58.00
2.81273	58.00
2.82940	58.00
2.84607	58.00
2.86273	58.00
2.87940	58.00
2.89607	58.00
2.91273	58.00
2.92940	58.00
2.94607	58.00
2.96273	58.00
2.97940	58.00
2.99607	58.00
3.01273	58.00
3.02940	58.00
3.04607	58.00
3.06273	58.00
3.07940	58.00
3.09607	58.00
3.11273	58.00
3.12940	58.00
3.14607	58.00
3.16273	58.00
3.17940	58.00
3.19607	58.00
3.21273	58.00
3.22940	58.00
3.24607	58.00
3.26273	58.00
3.27940	58.00
3.29607	58.00
3.31273	58.00
3.32940	58.00
3.34607	58.00
3.36273	58.00
3.37940	58.00
3.39607	58.00
3.41273	58.00
3.42940	58.00
3.44607	58.00
3.46273	58.00
3.47940	58.00
3.49607	58.00
3.51273	58.00
3.52940	58.00
3.54607	58.00
3.56273	58.00
3.57940	58.00
3.59607	58.00
3.61273	58.00
3.62940	58.00
3.64607	58.00
3.66273	58.00
3.67940	58.00
3.69607	58.00
3.71273	58.00
3.72940	58.00
3.74607	58.00
3.76273	58.00
3.77940	58.00
3.79607	58.00
3.81273	58.00
3.82940	58.00
3.84607	58.00
3.86273	58.00
3.87940	58.00
3.89607	58.00
3.91273	58.00
3.92940	58.00
3.94607	58.00
3.96273	58.00
3.97940	58.00
3.99607	58.00

[Status Trace (Carrier Gas Flow)]
Interval(msec)	1000
# of Points	240
Start Time(min)	0.013
End Time(min)	3.996
Intensity Units	
Intensity Multiplier	1
R.Time (min)	Intensity
0.01273	34.57
0.02940	34.52
0.04607	34.54
0.06273	34.54
0.07940	34.51
0.09607	34.52
0.11273	34.52
0.12940	34.53
0.14607	34.52
0.16273	34.52
0.17940	34.52
0.19607	34.52
0.21273	34.52
0.22940	34.52
0.24607	34.51
0.26273	34.52
0.27940	34.52
0.29607	34.52
0.31273	34.52
0.32940	34.52
0.34607	34.52
0.36273	34.52
0.37940	34.52
0.39607	34.51
0.41273	34.52
0.42940	34.52
0.44607	34.52
0.46273	34.51
0.47940	34.52
0.49607	34.51
0.51273	34.52
0.52940	34.52
0.54607	34.53
0.56273	34.51
0.57940	34.51
0.59607	34.53
0.61273	34.52
0.62940	34.52
0.64607	34.52
0.66273	34.51
0.67940	34.52
0.69607	34.52
0.71273	34.51
0.72940	34.52
0.74607	34.52
0.76273	34.52
0.77940	34.52
0.79607	34.52
0.81273	34.53
0.82940	34.52
0.84607	34.52
0.86273	34.52
0.87940	34.52
0.89607	34.52
0.91273	34.52
0.92940	34.52
0.94607	34.52
0.96273	34.52
0.97940	34.52
0.99607	34.50
1.01273	34.52
1.02940	34.52
1.04607	34.52
1.06273	34.52
1.07940	34.52
1.09607	34.51
1.11273	34.52
1.12940	34.52
1.14607	34.52
1.16273	34.53
1.17940	34.52
1.19607	34.52
1.21273	34.52
1.22940	34.52
1.24607	34.52
1.26273	34.52
1.27940	34.52
1.29607	34.52
1.31273	34.52
1.32940	34.52
1.34607	34.52
1.36273	34.52
1.37940	34.52
1.39607	34.52
1.41273	34.52
1.42940	34.52
1.44607	34.52
1.46273	34.52
1.47940	34.52
1.49607	34.52
1.51273	34.53
1.52940	34.52
1.54607	34.52
1.56273	34.52
1.57940	34.52
1.59607	34.52
1.61273	34.52
1.62940	34.55
1.64607	34.52
1.66273	34.52
1.67940	34.52
1.69607	34.52
1.71273	34.52
1.72940	34.52
1.74607	34.52
1.76273	34.52
1.77940	34.52
1.79607	34.52
1.81273	34.52
1.82940	34.52
1.84607	34.52
1.86273	34.52
1.87940	34.52
1.89607	34.52
1.91273	34.52
1.92940	34.52
1.94607	34.52
1.96273	34.52
1.97940	34.52
1.99607	34.52
2.01273	34.52
2.02940	34.52
2.04607	34.52
2.06273	34.52
2.07940	34.52
2.09607	34.52
2.11273	34.52
2.12940	34.52
2.14607	34.52
2.16273	34.52
2.17940	34.52
2.19607	34.52
2.21273	34.52
2.22940	34.52
2.24607	34.52
2.26273	34.52
2.27940	34.52
2.29607	34.52
2.31273	34.52
2.32940	34.52
2.34607	34.52
2.36273	34.52
2.37940	34.52
2.39607	34.52
2.41273	34.52
2.42940	34.52
2.44607	34.52
2.46273	34.52
2.47940	34.52
2.49607	34.52
2.51273	34.50
2.52940	34.52
2.54607	34.52
2.56273	34.52
2.57940	34.52
2.59607	34.52
2.61273	34.52
2.62940	34.52
2.64607	34.52
2.66273	34.52
2.67940	34.52
2.69607	34.52
2.71273	34.52
2.72940	34.52
2.74607	34.52
2.76273	34.52
2.77940	34.52
2.79607	34.52
2.81273	34.52
2.82940	34.52
2.84607	34.52
2.86273	34.51
2.87940	34.52
2.89607	34.52
2.91273	34.52
2.92940	34.54
2.94607	34.52
2.96273	34.52
2.97940	34.52
2.99607	34.52
3.01273	34.52
3.02940	34.52
3.04607	34.52
3.06273	34.52
3.07940	34.52
3.09607	34.52
3.11273	34.52
3.12940	34.52
3.14607	34.52
3.16273	34.52
3.17940	34.52
3.19607	34.52
3.21273	34.52
3.22940	34.52
3.24607	34.52
3.26273	34.52
3.27940	34.52
3.29607	34.52
3.31273	34.52
3.32940	34.52
3.34607	34.52
3.36273	34.52
3.37940	34.52
3.39607	34.52
3.41273	34.52
3.42940	34.52
3.44607	34.53
3.46273	34.52
3.47940	34.52
3.49607	34.52
3.51273	34.53
3.52940	34.52
3.54607	34.52
3.56273	34.51
3.57940	34.52
3.59607	34.52
3.61273	34.52
3.62940	34.50
3.64607	34.52
3.66273	34.51
3.67940	34.52
3.69607	34.53
3.71273	34.52
3.72940	34.53
3.74607	34.53
3.76273	34.52
3.77940	34.53
3.79607	34.52
3.81273	34.52
3.82940	34.52
3.84607	34.52
3.86273	34.52
3.87940	34.50
3.89607	34.52
3.91273	34.52
3.92940	34.52
3.94607	34.52
3.96273	34.52
3.97940	34.52
3.99607	34.55

[Status Trace (Column Flow)]
Interval(msec)	1000
# of Points	240
Start Time(min)	0.013
End Time(min)	3.996
Intensity Units	
Intensity Multiplier	1
R.Time (min)	Intensity
0.01273	5.55
0.02940	5.20
0.04607	5.52
0.06273	5.75
0.07940	5.66
0.09607	5.55
0.11273	5.55
0.12940	5.55
0.14607	5.55
0.16273	5.55
0.17940	5.55
0.19607	5.55
0.21273	5.55
0.22940	5.55
0.24607	5.55
0.26273	5.55
0.27940	5.55
0.29607	5.55
0.31273	5.55
0.32940	5.55
0.34607	5.55
0.36273	5.55
0.37940	5.55
0.39607	5.55
0.41273	5.55
0.42940	5.55
0.44607	5.55
0.46273	5.55
0.47940	5.55
0.49607	5.55
0.51273	5.55
0.52940	5.55
0.54607	5.55
0.56273	5.55
0.57940	5.55
0.59607	5.55
0.61273	5.55
0.62940	5.55
0.64607	5.55
0.66273	5.55
0.67940	5.55
0.69607	5.55
0.71273	5.55
0.72940	5.55
0.74607	5.55
0.76273	5.55
0.77940	5.55
0.79607	5.55
0.81273	5.55
0.82940	5.55
0.84607	5.55
0.86273	5.55
0.87940	5.55
0.89607	5.55
0.91273	5.55
0.92940	5.55
0.94607	5.55
0.96273	5.55
0.97940	5.55
0.99607	5.55
1.01273	5.55
1.02940	5.55
1.04607	5.55
1.06273	5.55
1.07940	5.55
1.09607	5.55
1.11273	5.55
1.12940	5.55
1.14607	5.55
1.16273	5.55
1.17940	5.55
1.19607	5.55
1.21273	5.55
1.22940	5.55
1.24607	5.55
1.26273	5.55
1.27940	5.55
1.29607	5.55
1.31273	5.55
1.32940	5.55
1.34607	5.55
1.36273	5.55
1.37940	5.55
1.39607	5.55
1.41273	5.55
1.42940	5.55
1.44607	5.55
1.46273	5.55
1.47940	5.55
1.49607	5.55
1.51273	5.55
1.52940	5.55
1.54607	5.55
1.56273	5.55
1.57940	5.55
1.59607	5.55
1.61273	5.55
1.62940	5.54
1.64607	5.54
1.66273	5.53
1.67940	5.52
1.69607	5.50
1.71273	5.49
1.72940	5.48
1.74607	5.47
1.76273	5.46
1.77940	5.45
1.79607	5.44
1.81273	5.43
1.82940	5.42
1.84607	5.41
1.86273	5.40
1.87940	5.39
1.89607	5.38
1.91273	5.37
1.92940	5.36
1.94607	5.35
1.96273	5.34
1.97940	5.33
1.99607	5.32
2.01273	5.31
2.02940	5.30
2.04607	5.29
2.06273	5.28
2.07940	5.27
2.09607	5.26
2.11273	5.26
2.12940	5.25
2.14607	5.24
2.16273	5.23
2.17940	5.22
2.19607	5.21
2.21273	5.20
2.22940	5.19
2.24607	5.18
2.26273	5.17
2.27940	5.16
2.29607	5.15
2.31273	5.14
2.32940	5.13
2.34607	5.12
2.36273	5.12
2.37940	5.11
2.39607	5.11
2.41273	5.11
2.42940	5.11
2.44607	5.11
2.46273	5.11
2.47940	5.11
2.49607	5.11
2.51273	5.11
2.52940	5.11
2.54607	5.11
2.56273	5.11
2.57940	5.11
2.59607	5.11
2.61273	5.11
2.62940	5.11
2.64607	5.11
2.66273	5.11
2.67940	5.11
2.69607	5.11
2.71273	5.11
2.72940	5.11
2.74607	5.11
2.76273	5.11
2.77940	5.11
2.79607	5.11
2.81273	5.11
2.82940	5.11
2.84607	5.11
2.86273	5.11
2.87940	5.11
2.89607	5.11
2.91273	5.11
2.92940	5.11
2.94607	5.10
2.96273	5.10
2.97940	5.10
2.99607	5.10
3.01273	5.10
3.02940	5.10
3.04607	5.10
3.06273	5.10
3.07940	5.10
3.09607	5.10
3.11273	5.10
3.12940	5.10
3.14607	5.10
3.16273	5.10
3.17940	5.10
3.19607	5.10
3.21273	5.10
3.22940	5.10
3.24607	5.10
3.26273	5.10
3.27940	5.10
3.29607	5.10
3.31273	5.10
3.32940	5.10
3.34607	5.10
3.36273	5.10
3.37940	5.10
3.39607	5.10
3.41273	5.10
3.42940	5.10
3.44607	5.10
3.46273	5.10
3.47940	5.10
3.49607	5.10
3.51273	5.10
3.52940	5.10
3.54607	5.10
3.56273	5.10
3.57940	5.10
3.59607	5.10
3.61273	5.10
3.62940	5.10
3.64607	5.10
3.66273	5.10
3.67940	5.10
3.69607	5.10
3.71273	5.10
3.72940	5.10
3.74607	5.10
3.76273	5.10
3.77940	5.10
3.79607	5.10
3.81273	5.10
3.82940	5.10
3.84607	5.10
3.86273	5.10
3.87940	5.10
3.89607	5.10
3.91273	5.10
3.92940	5.10
3.94607	5.10
3.96273	5.10
3.97940	5.10
3.99607	5.10

[Status Trace (Linear Velocity)]
Interval(msec)	1000
# of Points	240
Start Time(min)	0.013
End Time(min)	3.996
Intensity Units	
Intensity Multiplier	1
R.Time (min)	Intensity
0.01273	39.01
0.02940	37.05
0.04607	38.87
0.06273	40.12
0.07940	39.62
0.09607	39.02
0.11273	39.02
0.12940	39.03
0.14607	39.03
0.16273	39.03
0.17940	39.03
0.19607	39.03
0.21273	39.03
0.22940	39.03
0.24607	39.03
0.26273	39.03
0.27940	39.03
0.29607	39.03
0.31273	39.03
0.32940	39.03
0.34607	39.03
0.36273	39.02
0.37940	39.02
0.39607	39.02
0.41273	39.02
0.42940	39.02
0.44607	39.02
0.46273	39.02
0.47940	39.02
0.49607	39.02
0.51273	39.02
0.52940	39.02
0.54607	39.02
0.56273	39.02
0.57940	39.02
0.59607	39.02
0.61273	39.02
0.62940	39.02
0.64607	39.02
0.66273	39.02
0.67940	39.02
0.69607	39.02
0.71273	39.02
0.72940	39.02
0.74607	39.02
0.76273	39.02
0.77940	39.02
0.79607	39.02
0.81273	39.02
0.82940	39.02
0.84607	39.02
0.86273	39.02
0.87940	39.02
0.89607	39.02
0.91273	39.02
0.92940	39.02
0.94607	39.02
0.96273	39.02
0.97940	39.02
0.99607	39.02
1.01273	39.02
1.02940	39.02
1.04607	39.02
1.06273	39.02
1.07940	39.02
1.09607	39.02
1.11273	39.02
1.12940	39.02
1.14607	39.02
1.16273	39.02
1.17940	39.02
1.19607	39.02
1.21273	39.02
1.22940	39.02
1.24607	39.02
1.26273	39.02
1.27940	39.03
1.29607	39.02
1.31273	39.02
1.32940	39.02
1.34607	39.02
1.36273	39.03
1.37940	39.03
1.39607	39.03
1.41273	39.03
1.42940	39.03
1.44607	39.03
1.46273	39.03
1.47940	39.02
1.49607	39.02
1.51273	39.02
1.52940	39.02
1.54607	39.02
1.56273	39.02
1.57940	39.02
1.59607	39.02
1.61273	39.01
1.62940	39.00
1.64607	38.98
1.66273	38.96
1.67940	38.92
1.69607	38.89
1.71273	38.85
1.72940	38.82
1.74607	38.79
1.76273	38.76
1.77940	38.73
1.79607	38.70
1.81273	38.67
1.82940	38.63
1.84607	38.60
1.86273	38.57
1.87940	38.54
1.89607	38.51
1.91273	38.48
1.92940	38.45
1.94607	38.42
1.96273	38.39
1.97940	38.36
1.99607	38.33
2.01273	38.30
2.02940	38.27
2.04607	38.24
2.06273	38.21
2.07940	38.18
2.09607	38.15
2.11273	38.12
2.12940	38.09
2.14607	38.06
2.16273	38.03
2.17940	38.00
2.19607	37.97
2.21273	37.94
2.22940	37.91
2.24607	37.88
2.26273	37.85
2.27940	37.82
2.29607	37.79
2.31273	37.76
2.32940	37.73
2.34607	37.70
2.36273	37.68
2.37940	37.67
2.39607	37.67
2.41273	37.67
2.42940	37.67
2.44607	37.67
2.46273	37.67
2.47940	37.67
2.49607	37.67
2.51273	37.66
2.52940	37.65
2.54607	37.67
2.56273	37.66
2.57940	37.66
2.59607	37.66
2.61273	37.66
2.62940	37.66
2.64607	37.65
2.66273	37.65
2.67940	37.65
2.69607	37.65
2.71273	37.65
2.72940	37.65
2.74607	37.65
2.76273	37.65
2.77940	37.65
2.79607	37.65
2.81273	37.65
2.82940	37.65
2.84607	37.65
2.86273	37.65
2.87940	37.65
2.89607	37.65
2.91273	37.65
2.92940	37.64
2.94607	37.64
2.96273	37.64
2.97940	37.64
2.99607	37.64
3.01273	37.64
3.02940	37.64
3.04607	37.64
3.06273	37.64
3.07940	37.64
3.09607	37.64
3.11273	37.64
3.12940	37.64
3.14607	37.63
3.16273	37.63
3.17940	37.63
3.19607	37.63
3.21273	37.63
3.22940	37.63
3.24607	37.63
3.26273	37.63
3.27940	37.63
3.29607	37.63
3.31273	37.63
3.32940	37.63
3.34607	37.63
3.36273	37.63
3.37940	37.63
3.39607	37.63
3.41273	37.63
3.42940	37.64
3.44607	37.64
3.46273	37.64
3.47940	37.64
3.49607	37.64
3.51273	37.64
3.52940	37.64
3.54607	37.64
3.56273	37.64
3.57940	37.63
3.59607	37.63
3.61273	37.64
3.62940	37.64
3.64607	37.63
3.66273	37.63
3.67940	37.63
3.69607	37.63
3.71273	37.63
3.72940	37.63
3.74607	37.63
3.76273	37.63
3.77940	37.63
3.79607	37.63
3.81273	37.63
3.82940	37.63
3.84607	37.63
3.86273	37.63
3.87940	37.63
3.89607	37.63
3.91273	37.63
3.92940	37.63
3.94607	37.63
3.96273	37.64
3.97940	37.64
3.99607	37.64

