[Header]
Application Name	LabSolutions
Version	5.110
Data File Name	C:\Users\User\Desktop\GC Analyses\Jack\UIC Prairie Sampling\11.2.22\221102_031.gcd
Output Date	3/20/2023
Output Time	1:25:37 PM

[File Information]
Type	Data File
Generated	12/20/2022 3:30:25 PM
Generated by	System Administrator
Modified	12/20/2022 3:34:39 PM
Modified by	System Administrator

[Sample Information]
Operator Name	System Administrator
Acquired	12/20/2022 3:30:39 PM
Sample Type	1:Standard
Level	1
Sample Name	221102_UICPrairie
Sample ID	221102_UICPrairie
ISTD Amount1	1
ISTD Amount2	1
ISTD Amount3	1
ISTD Amount4	1
ISTD Amount5	1
ISTD Amount6	1
ISTD Amount7	1
ISTD Amount8	1
ISTD Amount9	1
ISTD Amount10	1
ISTD Amount11	1
ISTD Amount12	1
ISTD Amount13	1
ISTD Amount14	1
ISTD Amount15	1
ISTD Amount16	1
ISTD Amount17	1
ISTD Amount18	1
ISTD Amount19	1
ISTD Amount20	1
ISTD Amount21	1
ISTD Amount22	1
ISTD Amount23	1
ISTD Amount24	1
ISTD Amount25	1
ISTD Amount26	1
ISTD Amount27	1
ISTD Amount28	1
ISTD Amount29	1
ISTD Amount30	1
ISTD Amount31	1
ISTD Amount32	1
Sample Amount	1
Dilution Factor	1
Vial#	1
Injection Volume	1
Injection Count	1
Bar Code	

[Original Files]
Data File	C:\Users\User\Desktop\GC Analyses\Jack\UIC Prairie Sampling\11.2.22\221102_031.gcd
Method File	C:\LabSolutions\Data\GHG_4min_2022\ghg3_togas_w_acet_4 min_new_int.gcm
Batch File	
Report Format File	c:\LabSolutions\System\DEFAULT.lsr

[File Description]


[Configuration]
Instrument Name	C0B7VH3-Instrument1
Instrument #	1
Line #	1
# of Detectors	3
Detector ID	DET#1	DET#2	DET#3
Detector Name	FID	PTCD	ECD
# of Channels	1	1	1

[Peak Table(Ch1)]
# of Peaks	3
Peak#	R.Time	I.Time	F.Time	Area	Height	A/H	Conc.	Mark	ID#	Name	k'	Plate #	Plate Ht.	Tailing	Resolution	Sep.Factor	Area Ratio	Height Ratio	Conc. %	Norm Conc.
1	1.479	1.435	1.538	8177	3521	2.323	100.000	   	1	CO	0.000	7946	18.878	1.240	0.000	0.000	0	0	16.667	16.667
2	1.571	1.538	1.637	5180	2530	2.048	100.000	 V 	2	CH4	0.062	10969	13.675	0.000	1.451	0.000	0	0	16.667	16.667
3	2.000	1.952	2.565	1351428	629444	2.147	400.000	   	3	CO2	0.352	17427	8.607	1.218	7.114	5.680	0	0	66.667	66.667

[Peak Table(Ch2)]
# of Peaks	0

[Peak Table(Ch3)]
# of Peaks	5
Peak#	R.Time	I.Time	F.Time	Area	Height	A/H	Conc.	Mark	ID#	Name	k'	Plate #	Plate Ht.	Tailing	Resolution	Sep.Factor	Area Ratio	Height Ratio	Conc. %	Norm Conc.
1	2.462	2.429	2.499	1127	430	2.618	0.000	   			0.000	10297	14.568	0.000	0.000	0.000	0	0	0.000	0.000
2	2.521	2.499	2.561	951	314	3.030	0.000	 V 			0.024	3303	45.420	0.000	0.431	0.000	0	0	0.000	0.000
3	2.609	2.561	2.656	1085	300	3.619	0.000	 V 			0.060	5673	26.439	0.000	0.561	2.500	0	0	0.000	0.000
4	2.880	2.671	2.968	21457	5432	3.950	1.000	   	1	N2O	0.170	12882	11.644	0.000	2.261	2.850	0	0	50.000	50.000
5	3.214	2.968	3.995	24056	718	33.526	1.000	 V 	2	SF6	0.305	198	757.894	0.000	0.657	1.798	0	0	50.000	50.000

[Compound Results(Ch1)]
# of IDs	6
ID#	Name	R.Time	Area	Height	Conc.	Curve	3rd	2nd	1st	Constant	Area Ratio	Height Ratio	Conc. %	Norm Conc.
1	CO	1.479	8177	3521	100.000	Linear	0.000000e+00	0.000000e+00	8.177196e+001	0.000000e+00	0	0	16.667	16.667
2	CH4	1.571	5180	2530	100.000	Linear	0.000000e+00	0.000000e+00	5.180471e+001	0.000000e+00	0	0	16.667	16.667
3	CO2	2.000	1351428	629444	400.000	Linear	0.000000e+00	0.000000e+00	3.378569e+003	0.000000e+00	0	0	66.667	66.667
4	Ethylene	0.000	0	0	0.000	Linear	0.000000e+00	0.000000e+00	0.000000e+00	0.000000e+00	0	0	0.000	0.000
5	Acetylene	0.000	0	0	0.000	Linear	0.000000e+00	0.000000e+00	0.000000e+00	0.000000e+00	0	0	0.000	0.000
6	Ethane	0.000	0	0	0.000	Linear	0.000000e+00	0.000000e+00	0.000000e+00	0.000000e+00	0	0	0.000	0.000

[Compound Results(Ch2)]
# of IDs	5
ID#	Name	R.Time	Area	Height	Conc.	Curve	3rd	2nd	1st	Constant	Area Ratio	Height Ratio	Conc. %	Norm Conc.
1	Hydrogen	0.000	0	0	0.000	Linear	0.000000e+00	0.000000e+00	0.000000e+00	0.000000e+00	0	0	0.000	0.000
2	Oxygen	0.000	0	0	0.000	Linear	0.000000e+00	0.000000e+00	0.000000e+00	0.000000e+00	0	0	0.000	0.000
3	Nitrogen	0.000	0	0	0.000	Linear	0.000000e+00	0.000000e+00	0.000000e+00	0.000000e+00	0	0	0.000	0.000
4	Methane	0.000	0	0	0.000	Linear	0.000000e+00	0.000000e+00	0.000000e+00	0.000000e+00	0	0	0.000	0.000
5	Carbon Monoxide	0.000	0	0	0.000	Linear	0.000000e+00	0.000000e+00	0.000000e+00	0.000000e+00	0	0	0.000	0.000

[Compound Results(Ch3)]
# of IDs	2
ID#	Name	R.Time	Area	Height	Conc.	Curve	3rd	2nd	1st	Constant	Area Ratio	Height Ratio	Conc. %	Norm Conc.
1	N2O	2.880	21457	5432	1.000	Linear	0.000000e+00	0.000000e+00	2.145671e+004	0.000000e+00	0	0	50.000	50.000
2	SF6	3.214	24056	718	1.000	Linear	0.000000e+00	0.000000e+00	2.405630e+004	0.000000e+00	0	0	50.000	50.000

[Group Results(Ch1)]
# of Groups	0

[Group Results(Ch2)]
# of Groups	0

[Group Results(Ch3)]
# of Groups	0

[Chromatogram (Ch1)]
Interval(msec)	220
# of Points	1091
Start Time(min)	0.002
End Time(min)	3.998
R.Time (min)	Intensity
0.00167	-1
0.00533	-7
0.00900	-9
0.01267	-9
0.01633	-8
0.02000	-4
0.02367	2
0.02733	12
0.03100	21
0.03467	25
0.03833	25
0.04200	24
0.04567	24
0.04933	23
0.05300	18
0.05667	13
0.06033	10
0.06400	8
0.06767	7
0.07133	8
0.07500	9
0.07867	13
0.08233	16
0.08600	19
0.08967	18
0.09333	14
0.09700	11
0.10067	9
0.10433	8
0.10800	9
0.11167	9
0.11533	9
0.11900	6
0.12267	0
0.12633	-7
0.13000	-10
0.13367	-11
0.13733	-11
0.14100	-6
0.14467	1
0.14833	8
0.15200	10
0.15567	4
0.15933	-6
0.16300	-13
0.16667	-13
0.17033	-11
0.17400	-13
0.17767	-15
0.18133	-14
0.18500	-12
0.18867	-12
0.19233	-12
0.19600	-15
0.19967	-22
0.20333	-26
0.20700	-23
0.21067	-19
0.21433	-18
0.21800	-13
0.22167	-6
0.22533	0
0.22900	4
0.23267	6
0.23633	5
0.24000	1
0.24367	-1
0.24733	1
0.25100	5
0.25467	8
0.25833	8
0.26200	4
0.26567	-2
0.26933	-7
0.27300	-8
0.27667	-8
0.28033	-8
0.28400	-8
0.28767	-11
0.29133	-14
0.29500	-16
0.29867	-18
0.30233	-19
0.30600	-17
0.30967	-14
0.31333	-10
0.31700	-7
0.32067	-6
0.32433	-6
0.32800	-6
0.33167	-4
0.33533	-2
0.33900	-3
0.34267	-5
0.34633	-6
0.35000	-7
0.35367	-5
0.35733	-5
0.36100	-6
0.36467	-6
0.36833	-6
0.37200	-9
0.37567	-14
0.37933	-18
0.38300	-20
0.38667	-18
0.39033	-14
0.39400	-11
0.39767	-9
0.40133	-9
0.40500	-11
0.40867	-14
0.41233	-18
0.41600	-19
0.41967	-17
0.42333	-13
0.42700	-11
0.43067	-11
0.43433	-13
0.43800	-17
0.44167	-22
0.44533	-25
0.44900	-25
0.45267	-24
0.45633	-25
0.46000	-29
0.46367	-31
0.46733	-29
0.47100	-26
0.47467	-25
0.47833	-26
0.48200	-28
0.48567	-32
0.48933	-32
0.49300	-29
0.49667	-24
0.50033	-23
0.50400	-23
0.50767	-22
0.51133	-21
0.51500	-20
0.51867	-21
0.52233	-23
0.52600	-26
0.52967	-25
0.53333	-21
0.53700	-16
0.54067	-13
0.54433	-16
0.54800	-25
0.55167	-34
0.55533	-39
0.55900	-38
0.56267	-38
0.56633	-42
0.57000	-43
0.57367	-44
0.57733	-44
0.58100	-44
0.58467	-43
0.58833	-42
0.59200	-40
0.59567	-39
0.59933	-36
0.60300	-33
0.60667	-31
0.61033	-32
0.61400	-35
0.61767	-36
0.62133	-32
0.62500	-25
0.62867	-19
0.63233	-15
0.63600	-11
0.63967	-11
0.64333	-15
0.64700	-22
0.65067	-29
0.65433	-34
0.65800	-32
0.66167	-31
0.66533	-28
0.66900	-25
0.67267	-28
0.67633	-36
0.68000	-48
0.68367	-54
0.68733	-54
0.69100	-51
0.69467	-51
0.69833	-53
0.70200	-52
0.70567	-46
0.70933	-42
0.71300	-43
0.71667	-48
0.72033	-54
0.72400	-58
0.72767	-56
0.73133	-50
0.73500	-44
0.73867	-39
0.74233	-39
0.74600	-43
0.74967	-50
0.75333	-58
0.75700	-63
0.76067	-65
0.76433	-66
0.76800	-68
0.77167	-69
0.77533	-66
0.77900	-59
0.78267	-47
0.78633	-36
0.79000	-32
0.79367	-34
0.79733	-40
0.80100	-45
0.80467	-47
0.80833	-46
0.81200	-44
0.81567	-44
0.81933	-46
0.82300	-46
0.82667	-47
0.83033	-48
0.83400	-48
0.83767	-47
0.84133	-48
0.84500	-50
0.84867	-52
0.85233	-56
0.85600	-58
0.85967	-60
0.86333	-59
0.86700	-54
0.87067	-48
0.87433	-43
0.87800	-41
0.88167	-43
0.88533	-48
0.88900	-50
0.89267	-50
0.89633	-48
0.90000	-44
0.90367	-43
0.90733	-47
0.91100	-54
0.91467	-59
0.91833	-63
0.92200	-63
0.92567	-62
0.92933	-61
0.93300	-60
0.93667	-60
0.94033	-61
0.94400	-60
0.94767	-57
0.95133	-53
0.95500	-51
0.95867	-52
0.96233	-53
0.96600	-51
0.96967	-50
0.97333	-52
0.97700	-59
0.98067	-67
0.98433	-76
0.98800	-85
0.99167	-90
0.99533	-88
0.99900	-82
1.00267	-75
1.00633	-71
1.01000	-68
1.01367	-65
1.01733	-62
1.02100	-56
1.02467	-49
1.02833	-46
1.03200	-46
1.03567	-53
1.03933	-61
1.04300	-65
1.04667	-64
1.05033	-58
1.05400	-54
1.05767	-56
1.06133	-62
1.06500	-67
1.06867	-71
1.07233	-72
1.07600	-76
1.07967	-80
1.08333	-82
1.08700	-82
1.09067	-81
1.09433	-78
1.09800	-76
1.10167	-75
1.10533	-74
1.10900	-72
1.11267	-69
1.11633	-65
1.12000	-62
1.12367	-64
1.12733	-69
1.13100	-74
1.13467	-78
1.13833	-80
1.14200	-79
1.14567	-77
1.14933	-72
1.15300	-65
1.15667	-59
1.16033	-59
1.16400	-64
1.16767	-71
1.17133	-80
1.17500	-86
1.17867	-88
1.18233	-89
1.18600	-88
1.18967	-85
1.19333	-78
1.19700	-73
1.20067	-69
1.20433	-65
1.20800	-66
1.21167	-70
1.21533	-77
1.21900	-83
1.22267	-84
1.22633	-84
1.23000	-83
1.23367	-79
1.23733	-75
1.24100	-71
1.24467	-70
1.24833	-70
1.25200	-70
1.25567	-72
1.25933	-73
1.26300	-75
1.26667	-79
1.27033	-81
1.27400	-81
1.27767	-82
1.28133	-86
1.28500	-87
1.28867	-81
1.29233	-77
1.29600	-77
1.29967	-84
1.30333	-93
1.30700	-102
1.31067	-104
1.31433	-101
1.31800	-97
1.32167	-91
1.32533	-87
1.32900	-85
1.33267	-84
1.33633	-82
1.34000	-79
1.34367	-79
1.34733	-82
1.35100	-89
1.35467	-95
1.35833	-98
1.36200	-98
1.36567	-94
1.36933	-88
1.37300	-85
1.37667	-85
1.38033	-87
1.38400	-86
1.38767	-85
1.39133	-85
1.39500	-83
1.39867	-84
1.40233	-88
1.40600	-92
1.40967	-94
1.41333	-93
1.41700	-89
1.42067	-82
1.42433	-76
1.42800	-75
1.43167	-74
1.43533	-72
1.43900	-54
1.44267	22
1.44633	189
1.45000	416
1.45367	713
1.45733	1137
1.46100	1675
1.46467	2243
1.46833	2758
1.47200	3159
1.47567	3400
1.47933	3444
1.48300	3268
1.48667	2899
1.49033	2416
1.49400	1913
1.49767	1459
1.50133	1089
1.50500	801
1.50867	586
1.51233	429
1.51600	319
1.51967	241
1.52333	181
1.52700	133
1.53067	96
1.53433	66
1.53800	55
1.54167	101
1.54533	270
1.54900	605
1.55267	1058
1.55633	1532
1.56000	1946
1.56367	2256
1.56733	2433
1.57100	2442
1.57467	2266
1.57833	1936
1.58200	1527
1.58567	1124
1.58933	785
1.59300	526
1.59667	337
1.60033	202
1.60400	106
1.60767	40
1.61133	-4
1.61500	-30
1.61867	-43
1.62233	-51
1.62600	-59
1.62967	-69
1.63333	-83
1.63700	-95
1.64067	-101
1.64433	-102
1.64800	-102
1.65167	-100
1.65533	-97
1.65900	-94
1.66267	-94
1.66633	-93
1.67000	-92
1.67367	-90
1.67733	-89
1.68100	-93
1.68467	-96
1.68833	-96
1.69200	-93
1.69567	-88
1.69933	-82
1.70300	-80
1.70667	-81
1.71033	-86
1.71400	-93
1.71767	-99
1.72133	-99
1.72500	-94
1.72867	-90
1.73233	-89
1.73600	-90
1.73967	-93
1.74333	-93
1.74700	-93
1.75067	-97
1.75433	-101
1.75800	-104
1.76167	-103
1.76533	-99
1.76900	-97
1.77267	-98
1.77633	-103
1.78000	-108
1.78367	-112
1.78733	-113
1.79100	-109
1.79467	-102
1.79833	-97
1.80200	-98
1.80567	-101
1.80933	-106
1.81300	-108
1.81667	-106
1.82033	-101
1.82400	-100
1.82767	-99
1.83133	-103
1.83500	-111
1.83867	-117
1.84233	-117
1.84600	-114
1.84967	-111
1.85333	-109
1.85700	-105
1.86067	-100
1.86433	-96
1.86800	-93
1.87167	-93
1.87533	-96
1.87900	-97
1.88267	-97
1.88633	-101
1.89000	-107
1.89367	-110
1.89733	-110
1.90100	-103
1.90467	-94
1.90833	-87
1.91200	-86
1.91567	-91
1.91933	-96
1.92300	-100
1.92667	-104
1.93033	-109
1.93400	-113
1.93767	-116
1.94133	-118
1.94500	-121
1.94867	-121
1.95233	-112
1.95600	-42
1.95967	374
1.96333	2332
1.96700	9438
1.97067	29314
1.97433	72742
1.97800	147699
1.98167	251778
1.98533	370619
1.98900	483940
1.99267	572884
1.99633	623737
2.00000	629371
2.00367	590949
2.00733	518377
2.01100	427415
2.01467	334202
2.01833	250564
2.02200	182333
2.02567	130341
2.02933	92561
2.03300	65964
2.03667	47593
2.04033	35018
2.04400	26420
2.04767	20502
2.05133	16383
2.05500	13468
2.05867	11360
2.06233	9793
2.06600	8596
2.06967	7660
2.07333	6908
2.07700	6291
2.08067	5777
2.08433	5341
2.08800	4968
2.09167	4646
2.09533	4365
2.09900	4119
2.10267	3899
2.10633	3699
2.11000	3519
2.11367	3359
2.11733	3214
2.12100	3080
2.12467	2952
2.12833	2829
2.13200	2713
2.13567	2607
2.13933	2512
2.14300	2428
2.14667	2350
2.15033	2276
2.15400	2204
2.15767	2132
2.16133	2059
2.16500	1991
2.16867	1931
2.17233	1876
2.17600	1823
2.17967	1767
2.18333	1714
2.18700	1667
2.19067	1624
2.19433	1587
2.19800	1548
2.20167	1507
2.20533	1467
2.20900	1431
2.21267	1403
2.21633	1380
2.22000	1353
2.22367	1322
2.22733	1290
2.23100	1260
2.23467	1232
2.23833	1205
2.24200	1180
2.24567	1154
2.24933	1128
2.25300	1106
2.25667	1087
2.26033	1073
2.26400	1057
2.26767	1040
2.27133	1022
2.27500	1006
2.27867	987
2.28233	963
2.28600	939
2.28967	921
2.29333	906
2.29700	893
2.30067	881
2.30433	871
2.30800	859
2.31167	846
2.31533	833
2.31900	821
2.32267	809
2.32633	801
2.33000	795
2.33367	787
2.33733	775
2.34100	761
2.34467	750
2.34833	742
2.35200	734
2.35567	729
2.35933	722
2.36300	712
2.36667	697
2.37033	684
2.37400	671
2.37767	658
2.38133	648
2.38500	644
2.38867	641
2.39233	638
2.39600	634
2.39967	624
2.40333	612
2.40700	605
2.41067	602
2.41433	602
2.41800	603
2.42167	599
2.42533	592
2.42900	585
2.43267	577
2.43633	571
2.44000	566
2.44367	562
2.44733	557
2.45100	549
2.45467	549
2.45833	556
2.46200	565
2.46567	568
2.46933	561
2.47300	548
2.47667	534
2.48033	519
2.48400	508
2.48767	502
2.49133	499
2.49500	494
2.49867	487
2.50233	479
2.50600	471
2.50967	470
2.51333	475
2.51700	483
2.52067	489
2.52433	489
2.52800	485
2.53167	480
2.53533	474
2.53900	466
2.54267	454
2.54633	443
2.55000	434
2.55367	424
2.55733	413
2.56100	404
2.56467	396
2.56833	392
2.57200	395
2.57567	402
2.57933	409
2.58300	411
2.58667	411
2.59033	409
2.59400	408
2.59767	407
2.60133	406
2.60500	406
2.60867	407
2.61233	405
2.61600	403
2.61967	403
2.62333	406
2.62700	414
2.63067	424
2.63433	431
2.63800	436
2.64167	440
2.64533	441
2.64900	441
2.65267	436
2.65633	423
2.66000	404
2.66367	387
2.66733	375
2.67100	368
2.67467	365
2.67833	367
2.68200	370
2.68567	373
2.68933	378
2.69300	386
2.69667	394
2.70033	399
2.70400	399
2.70767	394
2.71133	389
2.71500	384
2.71867	382
2.72233	385
2.72600	389
2.72967	391
2.73333	391
2.73700	390
2.74067	384
2.74433	378
2.74800	373
2.75167	370
2.75533	370
2.75900	369
2.76267	369
2.76633	369
2.77000	371
2.77367	374
2.77733	378
2.78100	380
2.78467	378
2.78833	376
2.79200	373
2.79567	369
2.79933	366
2.80300	365
2.80667	363
2.81033	364
2.81400	366
2.81767	367
2.82133	365
2.82500	363
2.82867	360
2.83233	358
2.83600	358
2.83967	358
2.84333	356
2.84700	354
2.85067	353
2.85433	350
2.85800	345
2.86167	339
2.86533	334
2.86900	333
2.87267	334
2.87633	340
2.88000	348
2.88367	354
2.88733	356
2.89100	354
2.89467	351
2.89833	348
2.90200	343
2.90567	340
2.90933	340
2.91300	341
2.91667	338
2.92033	336
2.92400	334
2.92767	332
2.93133	329
2.93500	326
2.93867	323
2.94233	323
2.94600	330
2.94967	340
2.95333	349
2.95700	354
2.96067	353
2.96433	349
2.96800	343
2.97167	337
2.97533	335
2.97900	333
2.98267	333
2.98633	334
2.99000	334
2.99367	335
2.99733	338
3.00100	339
3.00467	339
3.00833	338
3.01200	339
3.01567	342
3.01933	344
3.02300	345
3.02667	345
3.03033	345
3.03400	342
3.03767	340
3.04133	344
3.04500	351
3.04867	352
3.05233	345
3.05600	329
3.05967	310
3.06333	295
3.06700	286
3.07067	283
3.07433	287
3.07800	295
3.08167	299
3.08533	302
3.08900	304
3.09267	302
3.09633	296
3.10000	293
3.10367	292
3.10733	292
3.11100	295
3.11467	304
3.11833	312
3.12200	318
3.12567	321
3.12933	322
3.13300	321
3.13667	318
3.14033	313
3.14400	305
3.14767	293
3.15133	286
3.15500	282
3.15867	283
3.16233	289
3.16600	298
3.16967	306
3.17333	307
3.17700	300
3.18067	291
3.18433	285
3.18800	285
3.19167	286
3.19533	285
3.19900	281
3.20267	277
3.20633	273
3.21000	271
3.21367	272
3.21733	274
3.22100	275
3.22467	275
3.22833	278
3.23200	279
3.23567	278
3.23933	272
3.24300	266
3.24667	264
3.25033	266
3.25400	273
3.25767	279
3.26133	281
3.26500	280
3.26867	280
3.27233	281
3.27600	281
3.27967	279
3.28333	275
3.28700	270
3.29067	270
3.29433	271
3.29800	270
3.30167	263
3.30533	257
3.30900	253
3.31267	250
3.31633	247
3.32000	247
3.32367	249
3.32733	252
3.33100	256
3.33467	260
3.33833	260
3.34200	255
3.34567	250
3.34933	249
3.35300	249
3.35667	250
3.36033	249
3.36400	248
3.36767	249
3.37133	250
3.37500	251
3.37867	253
3.38233	257
3.38600	260
3.38967	264
3.39333	267
3.39700	266
3.40067	264
3.40433	260
3.40800	256
3.41167	254
3.41533	252
3.41900	248
3.42267	243
3.42633	241
3.43000	239
3.43367	238
3.43733	238
3.44100	240
3.44467	243
3.44833	248
3.45200	250
3.45567	246
3.45933	240
3.46300	237
3.46667	238
3.47033	240
3.47400	244
3.47767	249
3.48133	249
3.48500	242
3.48867	232
3.49233	225
3.49600	221
3.49967	220
3.50333	222
3.50700	224
3.51067	226
3.51433	229
3.51800	229
3.52167	225
3.52533	220
3.52900	215
3.53267	211
3.53633	209
3.54000	209
3.54367	209
3.54733	209
3.55100	208
3.55467	207
3.55833	206
3.56200	204
3.56567	206
3.56933	209
3.57300	212
3.57667	213
3.58033	213
3.58400	212
3.58767	211
3.59133	209
3.59500	206
3.59867	203
3.60233	201
3.60600	201
3.60967	204
3.61333	208
3.61700	211
3.62067	214
3.62433	217
3.62800	220
3.63167	221
3.63533	219
3.63900	214
3.64267	207
3.64633	201
3.65000	198
3.65367	193
3.65733	188
3.66100	184
3.66467	183
3.66833	185
3.67200	195
3.67567	205
3.67933	209
3.68300	206
3.68667	202
3.69033	198
3.69400	196
3.69767	194
3.70133	193
3.70500	194
3.70867	195
3.71233	198
3.71600	202
3.71967	203
3.72333	204
3.72700	203
3.73067	201
3.73433	197
3.73800	193
3.74167	191
3.74533	190
3.74900	188
3.75267	189
3.75633	192
3.76000	193
3.76367	189
3.76733	185
3.77100	183
3.77467	183
3.77833	186
3.78200	189
3.78567	193
3.78933	195
3.79300	194
3.79667	186
3.80033	177
3.80400	170
3.80767	172
3.81133	180
3.81500	186
3.81867	189
3.82233	187
3.82600	181
3.82967	176
3.83333	169
3.83700	162
3.84067	159
3.84433	164
3.84800	174
3.85167	182
3.85533	185
3.85900	187
3.86267	187
3.86633	186
3.87000	181
3.87367	172
3.87733	164
3.88100	159
3.88467	159
3.88833	159
3.89200	162
3.89567	166
3.89933	170
3.90300	173
3.90667	176
3.91033	178
3.91400	177
3.91767	172
3.92133	168
3.92500	166
3.92867	163
3.93233	157
3.93600	151
3.93967	145
3.94333	142
3.94700	142
3.95067	146
3.95433	152
3.95800	161
3.96167	170
3.96533	179
3.96900	181
3.97267	175
3.97633	167
3.98000	161
3.98367	159
3.98733	158
3.99100	158
3.99467	160
3.99833	164

[Chromatogram (Ch2)]
Interval(msec)	220
# of Points	1091
Start Time(min)	0.002
End Time(min)	3.998
R.Time (min)	Intensity
0.00167	0
0.00533	0
0.00900	1
0.01267	1
0.01633	1
0.02000	1
0.02367	1
0.02733	0
0.03100	0
0.03467	0
0.03833	0
0.04200	1
0.04567	1
0.04933	1
0.05300	1
0.05667	1
0.06033	1
0.06400	1
0.06767	2
0.07133	2
0.07500	2
0.07867	2
0.08233	3
0.08600	3
0.08967	3
0.09333	3
0.09700	3
0.10067	3
0.10433	3
0.10800	3
0.11167	3
0.11533	3
0.11900	3
0.12267	4
0.12633	4
0.13000	4
0.13367	4
0.13733	4
0.14100	4
0.14467	4
0.14833	3
0.15200	3
0.15567	3
0.15933	3
0.16300	3
0.16667	2
0.17033	2
0.17400	2
0.17767	2
0.18133	2
0.18500	2
0.18867	2
0.19233	2
0.19600	1
0.19967	1
0.20333	1
0.20700	2
0.21067	2
0.21433	2
0.21800	1
0.22167	1
0.22533	1
0.22900	1
0.23267	1
0.23633	0
0.24000	0
0.24367	0
0.24733	0
0.25100	0
0.25467	0
0.25833	1
0.26200	1
0.26567	1
0.26933	1
0.27300	1
0.27667	1
0.28033	1
0.28400	0
0.28767	0
0.29133	-0
0.29500	-0
0.29867	-0
0.30233	-0
0.30600	-0
0.30967	0
0.31333	1
0.31700	1
0.32067	1
0.32433	1
0.32800	1
0.33167	1
0.33533	1
0.33900	1
0.34267	1
0.34633	1
0.35000	1
0.35367	1
0.35733	0
0.36100	0
0.36467	0
0.36833	0
0.37200	0
0.37567	0
0.37933	0
0.38300	0
0.38667	0
0.39033	0
0.39400	0
0.39767	0
0.40133	0
0.40500	0
0.40867	0
0.41233	0
0.41600	1
0.41967	1
0.42333	1
0.42700	1
0.43067	1
0.43433	1
0.43800	1
0.44167	1
0.44533	1
0.44900	1
0.45267	1
0.45633	1
0.46000	1
0.46367	1
0.46733	1
0.47100	1
0.47467	1
0.47833	1
0.48200	1
0.48567	0
0.48933	0
0.49300	0
0.49667	-0
0.50033	-1
0.50400	-1
0.50767	-1
0.51133	-1
0.51500	-1
0.51867	-1
0.52233	-1
0.52600	-1
0.52967	-0
0.53333	-0
0.53700	0
0.54067	0
0.54433	0
0.54800	0
0.55167	0
0.55533	0
0.55900	0
0.56267	-0
0.56633	-0
0.57000	-0
0.57367	-0
0.57733	-0
0.58100	-1
0.58467	-1
0.58833	-1
0.59200	-1
0.59567	-1
0.59933	-1
0.60300	-0
0.60667	-0
0.61033	-0
0.61400	0
0.61767	0
0.62133	-0
0.62500	-0
0.62867	-0
0.63233	-0
0.63600	0
0.63967	0
0.64333	0
0.64700	0
0.65067	1
0.65433	1
0.65800	1
0.66167	1
0.66533	1
0.66900	1
0.67267	1
0.67633	1
0.68000	1
0.68367	1
0.68733	1
0.69100	0
0.69467	0
0.69833	0
0.70200	0
0.70567	0
0.70933	-0
0.71300	-0
0.71667	-0
0.72033	-1
0.72400	-1
0.72767	-1
0.73133	-1
0.73500	-1
0.73867	-1
0.74233	-2
0.74600	-2
0.74967	-2
0.75333	-2
0.75700	-2
0.76067	-2
0.76433	-2
0.76800	-2
0.77167	-2
0.77533	-2
0.77900	-2
0.78267	-2
0.78633	-2
0.79000	-2
0.79367	-2
0.79733	-3
0.80100	-3
0.80467	-3
0.80833	-3
0.81200	-3
0.81567	-3
0.81933	-2
0.82300	-2
0.82667	-1
0.83033	-1
0.83400	-1
0.83767	-1
0.84133	-0
0.84500	0
0.84867	0
0.85233	0
0.85600	0
0.85967	0
0.86333	0
0.86700	0
0.87067	0
0.87433	-0
0.87800	-0
0.88167	-0
0.88533	-0
0.88900	-0
0.89267	-0
0.89633	-0
0.90000	-0
0.90367	-0
0.90733	-1
0.91100	-1
0.91467	-1
0.91833	-1
0.92200	-1
0.92567	-1
0.92933	-1
0.93300	-1
0.93667	-1
0.94033	-0
0.94400	-1
0.94767	-1
0.95133	-1
0.95500	-1
0.95867	-1
0.96233	-1
0.96600	-1
0.96967	-1
0.97333	-1
0.97700	-1
0.98067	-1
0.98433	-1
0.98800	-1
0.99167	-1
0.99533	-1
0.99900	-1
1.00267	-1
1.00633	-1
1.01000	-1
1.01367	-1
1.01733	-1
1.02100	-1
1.02467	-1
1.02833	-1
1.03200	-1
1.03567	-1
1.03933	-1
1.04300	-1
1.04667	-1
1.05033	-1
1.05400	-1
1.05767	-1
1.06133	-1
1.06500	-1
1.06867	-1
1.07233	-1
1.07600	-1
1.07967	-1
1.08333	-1
1.08700	-1
1.09067	-1
1.09433	-1
1.09800	-1
1.10167	-1
1.10533	-1
1.10900	-1
1.11267	-1
1.11633	-1
1.12000	-1
1.12367	-2
1.12733	-2
1.13100	-2
1.13467	-2
1.13833	-2
1.14200	-2
1.14567	-2
1.14933	-2
1.15300	-2
1.15667	-1
1.16033	-1
1.16400	-1
1.16767	-1
1.17133	-1
1.17500	-1
1.17867	-2
1.18233	-2
1.18600	-2
1.18967	-2
1.19333	-2
1.19700	-2
1.20067	-2
1.20433	-2
1.20800	-2
1.21167	-2
1.21533	-2
1.21900	-2
1.22267	-2
1.22633	-2
1.23000	-2
1.23367	-2
1.23733	-2
1.24100	-2
1.24467	-2
1.24833	-2
1.25200	-2
1.25567	-2
1.25933	-2
1.26300	-2
1.26667	-2
1.27033	-2
1.27400	-2
1.27767	-2
1.28133	-2
1.28500	-2
1.28867	-2
1.29233	-2
1.29600	-2
1.29967	-2
1.30333	-2
1.30700	-2
1.31067	-2
1.31433	-2
1.31800	-2
1.32167	-1
1.32533	-1
1.32900	-1
1.33267	-1
1.33633	-1
1.34000	-1
1.34367	-1
1.34733	-2
1.35100	-2
1.35467	-2
1.35833	-2
1.36200	-2
1.36567	-2
1.36933	-2
1.37300	-1
1.37667	-1
1.38033	-1
1.38400	-1
1.38767	-1
1.39133	-2
1.39500	-2
1.39867	-2
1.40233	-3
1.40600	-3
1.40967	-3
1.41333	-2
1.41700	-2
1.42067	-2
1.42433	-2
1.42800	-2
1.43167	-2
1.43533	-2
1.43900	-2
1.44267	-2
1.44633	-2
1.45000	-2
1.45367	-2
1.45733	-2
1.46100	-2
1.46467	-2
1.46833	-2
1.47200	-2
1.47567	-2
1.47933	-3
1.48300	-3
1.48667	-3
1.49033	-2
1.49400	-2
1.49767	-2
1.50133	-2
1.50500	-2
1.50867	-2
1.51233	-2
1.51600	-2
1.51967	-2
1.52333	-2
1.52700	-2
1.53067	-2
1.53433	-2
1.53800	-2
1.54167	-2
1.54533	-3
1.54900	-3
1.55267	-3
1.55633	-3
1.56000	-3
1.56367	-3
1.56733	-3
1.57100	-3
1.57467	-3
1.57833	-4
1.58200	-4
1.58567	-3
1.58933	-3
1.59300	-4
1.59667	-4
1.60033	-5
1.60400	-6
1.60767	-7
1.61133	-9
1.61500	-11
1.61867	-13
1.62233	-16
1.62600	-19
1.62967	-22
1.63333	-25
1.63700	-28
1.64067	-31
1.64433	-35
1.64800	-38
1.65167	-42
1.65533	-46
1.65900	-49
1.66267	-53
1.66633	-57
1.67000	-62
1.67367	-67
1.67733	-72
1.68100	-77
1.68467	-82
1.68833	-86
1.69200	-91
1.69567	-94
1.69933	-98
1.70300	-100
1.70667	-103
1.71033	-105
1.71400	-106
1.71767	-108
1.72133	-109
1.72500	-110
1.72867	-111
1.73233	-111
1.73600	-112
1.73967	-114
1.74333	-115
1.74700	-116
1.75067	-117
1.75433	-118
1.75800	-118
1.76167	-118
1.76533	-117
1.76900	-117
1.77267	-116
1.77633	-115
1.78000	-115
1.78367	-114
1.78733	-114
1.79100	-114
1.79467	-114
1.79833	-115
1.80200	-115
1.80567	-116
1.80933	-117
1.81300	-117
1.81667	-118
1.82033	-118
1.82400	-118
1.82767	-118
1.83133	-118
1.83500	-118
1.83867	-118
1.84233	-119
1.84600	-120
1.84967	-120
1.85333	-121
1.85700	-121
1.86067	-121
1.86433	-122
1.86800	-122
1.87167	-122
1.87533	-122
1.87900	-122
1.88267	-121
1.88633	-121
1.89000	-120
1.89367	-120
1.89733	-120
1.90100	-120
1.90467	-119
1.90833	-119
1.91200	-119
1.91567	-119
1.91933	-119
1.92300	-119
1.92667	-118
1.93033	-118
1.93400	-117
1.93767	-116
1.94133	-116
1.94500	-116
1.94867	-116
1.95233	-116
1.95600	-116
1.95967	-116
1.96333	-116
1.96700	-116
1.97067	-116
1.97433	-116
1.97800	-115
1.98167	-115
1.98533	-115
1.98900	-115
1.99267	-114
1.99633	-114
2.00000	-114
2.00367	-113
2.00733	-112
2.01100	-112
2.01467	-111
2.01833	-111
2.02200	-111
2.02567	-110
2.02933	-110
2.03300	-109
2.03667	-109
2.04033	-108
2.04400	-108
2.04767	-107
2.05133	-107
2.05500	-107
2.05867	-107
2.06233	-107
2.06600	-106
2.06967	-105
2.07333	-104
2.07700	-104
2.08067	-103
2.08433	-103
2.08800	-102
2.09167	-103
2.09533	-103
2.09900	-103
2.10267	-104
2.10633	-104
2.11000	-104
2.11367	-104
2.11733	-103
2.12100	-103
2.12467	-102
2.12833	-101
2.13200	-101
2.13567	-100
2.13933	-100
2.14300	-100
2.14667	-100
2.15033	-100
2.15400	-99
2.15767	-99
2.16133	-98
2.16500	-98
2.16867	-98
2.17233	-97
2.17600	-97
2.17967	-97
2.18333	-97
2.18700	-97
2.19067	-97
2.19433	-97
2.19800	-97
2.20167	-97
2.20533	-97
2.20900	-96
2.21267	-95
2.21633	-95
2.22000	-94
2.22367	-93
2.22733	-92
2.23100	-91
2.23467	-91
2.23833	-91
2.24200	-91
2.24567	-91
2.24933	-90
2.25300	-90
2.25667	-90
2.26033	-91
2.26400	-91
2.26767	-92
2.27133	-92
2.27500	-92
2.27867	-92
2.28233	-91
2.28600	-90
2.28967	-89
2.29333	-88
2.29700	-88
2.30067	-88
2.30433	-89
2.30800	-90
2.31167	-90
2.31533	-91
2.31900	-91
2.32267	-90
2.32633	-89
2.33000	-88
2.33367	-87
2.33733	-86
2.34100	-85
2.34467	-84
2.34833	-82
2.35200	-81
2.35567	-79
2.35933	-77
2.36300	-76
2.36667	-74
2.37033	-72
2.37400	-70
2.37767	-67
2.38133	-64
2.38500	-61
2.38867	-58
2.39233	-54
2.39600	-50
2.39967	-46
2.40333	-42
2.40700	-39
2.41067	-35
2.41433	-32
2.41800	-29
2.42167	-27
2.42533	-24
2.42900	-22
2.43267	-20
2.43633	-18
2.44000	-16
2.44367	-14
2.44733	-12
2.45100	-10
2.45467	-9
2.45833	-7
2.46200	-6
2.46567	-5
2.46933	-3
2.47300	-2
2.47667	-1
2.48033	0
2.48400	2
2.48767	3
2.49133	4
2.49500	5
2.49867	6
2.50233	7
2.50600	8
2.50967	8
2.51333	9
2.51700	9
2.52067	9
2.52433	9
2.52800	10
2.53167	11
2.53533	12
2.53900	13
2.54267	13
2.54633	14
2.55000	14
2.55367	15
2.55733	15
2.56100	16
2.56467	16
2.56833	17
2.57200	18
2.57567	18
2.57933	18
2.58300	17
2.58667	17
2.59033	16
2.59400	16
2.59767	16
2.60133	16
2.60500	16
2.60867	16
2.61233	16
2.61600	16
2.61967	17
2.62333	17
2.62700	18
2.63067	19
2.63433	19
2.63800	20
2.64167	20
2.64533	21
2.64900	21
2.65267	20
2.65633	20
2.66000	21
2.66367	21
2.66733	21
2.67100	21
2.67467	21
2.67833	21
2.68200	21
2.68567	21
2.68933	21
2.69300	22
2.69667	23
2.70033	23
2.70400	24
2.70767	24
2.71133	25
2.71500	25
2.71867	25
2.72233	25
2.72600	25
2.72967	25
2.73333	24
2.73700	24
2.74067	24
2.74433	24
2.74800	25
2.75167	25
2.75533	25
2.75900	26
2.76267	26
2.76633	26
2.77000	26
2.77367	27
2.77733	27
2.78100	27
2.78467	28
2.78833	28
2.79200	28
2.79567	29
2.79933	29
2.80300	28
2.80667	28
2.81033	27
2.81400	27
2.81767	27
2.82133	26
2.82500	26
2.82867	26
2.83233	26
2.83600	26
2.83967	26
2.84333	26
2.84700	26
2.85067	25
2.85433	24
2.85800	22
2.86167	18
2.86533	12
2.86900	3
2.87267	-9
2.87633	-25
2.88000	-45
2.88367	-69
2.88733	-97
2.89100	-129
2.89467	-164
2.89833	-203
2.90200	-245
2.90567	-290
2.90933	-337
2.91300	-386
2.91667	-436
2.92033	-487
2.92400	-539
2.92767	-591
2.93133	-642
2.93500	-694
2.93867	-744
2.94233	-794
2.94600	-845
2.94967	-901
2.95333	-961
2.95700	-1020
2.96067	-1067
2.96433	-1092
2.96800	-1091
2.97167	-1065
2.97533	-1017
2.97900	-954
2.98267	-881
2.98633	-803
2.99000	-723
2.99367	-645
2.99733	-570
3.00100	-501
3.00467	-438
3.00833	-380
3.01200	-329
3.01567	-283
3.01933	-242
3.02300	-207
3.02667	-175
3.03033	-148
3.03400	-125
3.03767	-105
3.04133	-87
3.04500	-72
3.04867	-60
3.05233	-49
3.05600	-39
3.05967	-31
3.06333	-24
3.06700	-18
3.07067	-14
3.07433	-10
3.07800	-6
3.08167	-3
3.08533	-0
3.08900	2
3.09267	4
3.09633	6
3.10000	8
3.10367	9
3.10733	10
3.11100	11
3.11467	12
3.11833	13
3.12200	14
3.12567	14
3.12933	15
3.13300	15
3.13667	16
3.14033	16
3.14400	17
3.14767	17
3.15133	17
3.15500	18
3.15867	18
3.16233	19
3.16600	19
3.16967	19
3.17333	19
3.17700	19
3.18067	19
3.18433	19
3.18800	20
3.19167	20
3.19533	20
3.19900	20
3.20267	20
3.20633	21
3.21000	21
3.21367	21
3.21733	21
3.22100	21
3.22467	22
3.22833	22
3.23200	22
3.23567	22
3.23933	22
3.24300	22
3.24667	22
3.25033	22
3.25400	22
3.25767	22
3.26133	22
3.26500	23
3.26867	23
3.27233	23
3.27600	23
3.27967	23
3.28333	23
3.28700	23
3.29067	23
3.29433	23
3.29800	24
3.30167	24
3.30533	24
3.30900	24
3.31267	24
3.31633	24
3.32000	25
3.32367	25
3.32733	25
3.33100	25
3.33467	26
3.33833	26
3.34200	26
3.34567	26
3.34933	27
3.35300	27
3.35667	27
3.36033	28
3.36400	28
3.36767	28
3.37133	29
3.37500	29
3.37867	29
3.38233	29
3.38600	29
3.38967	29
3.39333	30
3.39700	30
3.40067	30
3.40433	30
3.40800	30
3.41167	30
3.41533	30
3.41900	30
3.42267	30
3.42633	30
3.43000	30
3.43367	30
3.43733	30
3.44100	30
3.44467	30
3.44833	30
3.45200	30
3.45567	30
3.45933	30
3.46300	30
3.46667	30
3.47033	30
3.47400	30
3.47767	30
3.48133	30
3.48500	30
3.48867	29
3.49233	29
3.49600	29
3.49967	29
3.50333	29
3.50700	29
3.51067	29
3.51433	29
3.51800	29
3.52167	29
3.52533	28
3.52900	29
3.53267	29
3.53633	29
3.54000	29
3.54367	29
3.54733	28
3.55100	28
3.55467	28
3.55833	28
3.56200	28
3.56567	28
3.56933	28
3.57300	27
3.57667	27
3.58033	27
3.58400	27
3.58767	27
3.59133	27
3.59500	27
3.59867	27
3.60233	28
3.60600	28
3.60967	28
3.61333	28
3.61700	28
3.62067	28
3.62433	28
3.62800	28
3.63167	28
3.63533	28
3.63900	28
3.64267	28
3.64633	28
3.65000	28
3.65367	28
3.65733	28
3.66100	28
3.66467	28
3.66833	28
3.67200	28
3.67567	28
3.67933	28
3.68300	28
3.68667	28
3.69033	28
3.69400	27
3.69767	27
3.70133	27
3.70500	27
3.70867	27
3.71233	27
3.71600	27
3.71967	27
3.72333	27
3.72700	27
3.73067	27
3.73433	27
3.73800	27
3.74167	27
3.74533	27
3.74900	27
3.75267	27
3.75633	27
3.76000	27
3.76367	27
3.76733	27
3.77100	27
3.77467	27
3.77833	27
3.78200	27
3.78567	27
3.78933	28
3.79300	28
3.79667	28
3.80033	28
3.80400	28
3.80767	28
3.81133	28
3.81500	27
3.81867	27
3.82233	27
3.82600	28
3.82967	28
3.83333	28
3.83700	28
3.84067	28
3.84433	28
3.84800	28
3.85167	28
3.85533	28
3.85900	28
3.86267	28
3.86633	27
3.87000	27
3.87367	27
3.87733	27
3.88100	26
3.88467	26
3.88833	26
3.89200	26
3.89567	26
3.89933	26
3.90300	26
3.90667	26
3.91033	26
3.91400	26
3.91767	27
3.92133	27
3.92500	27
3.92867	27
3.93233	27
3.93600	27
3.93967	28
3.94333	28
3.94700	28
3.95067	28
3.95433	28
3.95800	28
3.96167	27
3.96533	27
3.96900	28
3.97267	28
3.97633	28
3.98000	28
3.98367	28
3.98733	28
3.99100	28
3.99467	28
3.99833	28

[Chromatogram (Ch3)]
Interval(msec)	220
# of Points	1091
Start Time(min)	0.002
End Time(min)	3.998
R.Time (min)	Intensity
0.00167	-0
0.00533	-0
0.00900	1
0.01267	3
0.01633	2
0.02000	2
0.02367	2
0.02733	2
0.03100	2
0.03467	1
0.03833	1
0.04200	-0
0.04567	-1
0.04933	0
0.05300	1
0.05667	1
0.06033	1
0.06400	2
0.06767	3
0.07133	3
0.07500	2
0.07867	2
0.08233	1
0.08600	1
0.08967	1
0.09333	3
0.09700	6
0.10067	6
0.10433	4
0.10800	2
0.11167	1
0.11533	2
0.11900	4
0.12267	4
0.12633	6
0.13000	6
0.13367	4
0.13733	4
0.14100	3
0.14467	2
0.14833	1
0.15200	1
0.15567	-0
0.15933	1
0.16300	3
0.16667	3
0.17033	4
0.17400	5
0.17767	4
0.18133	1
0.18500	1
0.18867	2
0.19233	3
0.19600	4
0.19967	6
0.20333	7
0.20700	10
0.21067	11
0.21433	13
0.21800	13
0.22167	13
0.22533	13
0.22900	14
0.23267	16
0.23633	16
0.24000	16
0.24367	15
0.24733	14
0.25100	12
0.25467	12
0.25833	11
0.26200	11
0.26567	13
0.26933	14
0.27300	15
0.27667	13
0.28033	13
0.28400	12
0.28767	10
0.29133	9
0.29500	9
0.29867	9
0.30233	6
0.30600	5
0.30967	6
0.31333	6
0.31700	7
0.32067	8
0.32433	8
0.32800	11
0.33167	13
0.33533	16
0.33900	17
0.34267	18
0.34633	19
0.35000	19
0.35367	17
0.35733	14
0.36100	11
0.36467	8
0.36833	7
0.37200	10
0.37567	12
0.37933	12
0.38300	13
0.38667	12
0.39033	13
0.39400	15
0.39767	17
0.40133	18
0.40500	17
0.40867	16
0.41233	15
0.41600	16
0.41967	16
0.42333	17
0.42700	17
0.43067	18
0.43433	18
0.43800	20
0.44167	20
0.44533	21
0.44900	20
0.45267	18
0.45633	15
0.46000	12
0.46367	12
0.46733	13
0.47100	17
0.47467	18
0.47833	17
0.48200	16
0.48567	15
0.48933	15
0.49300	15
0.49667	16
0.50033	15
0.50400	16
0.50767	19
0.51133	21
0.51500	22
0.51867	22
0.52233	20
0.52600	19
0.52967	19
0.53333	22
0.53700	24
0.54067	27
0.54433	29
0.54800	29
0.55167	28
0.55533	27
0.55900	28
0.56267	29
0.56633	26
0.57000	22
0.57367	19
0.57733	18
0.58100	19
0.58467	21
0.58833	23
0.59200	24
0.59567	24
0.59933	23
0.60300	21
0.60667	20
0.61033	22
0.61400	23
0.61767	23
0.62133	22
0.62500	24
0.62867	24
0.63233	25
0.63600	24
0.63967	22
0.64333	22
0.64700	23
0.65067	21
0.65433	21
0.65800	22
0.66167	23
0.66533	25
0.66900	25
0.67267	25
0.67633	24
0.68000	24
0.68367	24
0.68733	24
0.69100	25
0.69467	24
0.69833	23
0.70200	22
0.70567	21
0.70933	22
0.71300	24
0.71667	27
0.72033	27
0.72400	26
0.72767	26
0.73133	26
0.73500	29
0.73867	29
0.74233	25
0.74600	22
0.74967	22
0.75333	23
0.75700	23
0.76067	22
0.76433	25
0.76800	27
0.77167	28
0.77533	28
0.77900	28
0.78267	27
0.78633	24
0.79000	23
0.79367	23
0.79733	24
0.80100	26
0.80467	27
0.80833	27
0.81200	28
0.81567	27
0.81933	27
0.82300	29
0.82667	30
0.83033	29
0.83400	28
0.83767	26
0.84133	24
0.84500	25
0.84867	29
0.85233	30
0.85600	29
0.85967	28
0.86333	26
0.86700	26
0.87067	27
0.87433	26
0.87800	27
0.88167	26
0.88533	26
0.88900	26
0.89267	24
0.89633	23
0.90000	23
0.90367	23
0.90733	25
0.91100	28
0.91467	30
0.91833	32
0.92200	34
0.92567	35
0.92933	35
0.93300	35
0.93667	32
0.94033	30
0.94400	29
0.94767	31
0.95133	30
0.95500	29
0.95867	29
0.96233	28
0.96600	28
0.96967	30
0.97333	30
0.97700	29
0.98067	30
0.98433	33
0.98800	36
0.99167	36
0.99533	35
0.99900	34
1.00267	33
1.00633	31
1.01000	28
1.01367	28
1.01733	29
1.02100	31
1.02467	33
1.02833	35
1.03200	35
1.03567	34
1.03933	32
1.04300	29
1.04667	29
1.05033	29
1.05400	28
1.05767	26
1.06133	26
1.06500	26
1.06867	29
1.07233	33
1.07600	34
1.07967	34
1.08333	35
1.08700	35
1.09067	35
1.09433	35
1.09800	36
1.10167	37
1.10533	37
1.10900	37
1.11267	37
1.11633	36
1.12000	37
1.12367	36
1.12733	34
1.13100	32
1.13467	30
1.13833	29
1.14200	31
1.14567	33
1.14933	33
1.15300	33
1.15667	35
1.16033	36
1.16400	36
1.16767	35
1.17133	34
1.17500	34
1.17867	34
1.18233	32
1.18600	31
1.18967	32
1.19333	31
1.19700	29
1.20067	28
1.20433	28
1.20800	26
1.21167	23
1.21533	23
1.21900	24
1.22267	25
1.22633	25
1.23000	24
1.23367	24
1.23733	27
1.24100	29
1.24467	30
1.24833	30
1.25200	29
1.25567	28
1.25933	27
1.26300	27
1.26667	28
1.27033	28
1.27400	29
1.27767	30
1.28133	30
1.28500	27
1.28867	25
1.29233	24
1.29600	23
1.29967	21
1.30333	20
1.30700	20
1.31067	22
1.31433	25
1.31800	26
1.32167	26
1.32533	25
1.32900	24
1.33267	24
1.33633	24
1.34000	24
1.34367	26
1.34733	26
1.35100	26
1.35467	27
1.35833	27
1.36200	28
1.36567	30
1.36933	28
1.37300	26
1.37667	26
1.38033	27
1.38400	28
1.38767	29
1.39133	31
1.39500	31
1.39867	30
1.40233	31
1.40600	30
1.40967	28
1.41333	27
1.41700	29
1.42067	32
1.42433	30
1.42800	29
1.43167	28
1.43533	27
1.43900	26
1.44267	27
1.44633	28
1.45000	28
1.45367	26
1.45733	25
1.46100	28
1.46467	29
1.46833	30
1.47200	32
1.47567	31
1.47933	28
1.48300	26
1.48667	24
1.49033	23
1.49400	24
1.49767	26
1.50133	26
1.50500	28
1.50867	30
1.51233	31
1.51600	29
1.51967	28
1.52333	26
1.52700	25
1.53067	26
1.53433	27
1.53800	26
1.54167	23
1.54533	20
1.54900	19
1.55267	22
1.55633	24
1.56000	26
1.56367	26
1.56733	27
1.57100	27
1.57467	26
1.57833	25
1.58200	22
1.58567	20
1.58933	20
1.59300	23
1.59667	23
1.60033	20
1.60400	19
1.60767	22
1.61133	23
1.61500	26
1.61867	27
1.62233	25
1.62600	23
1.62967	24
1.63333	24
1.63700	24
1.64067	25
1.64433	26
1.64800	27
1.65167	28
1.65533	31
1.65900	34
1.66267	35
1.66633	36
1.67000	37
1.67367	37
1.67733	35
1.68100	29
1.68467	26
1.68833	26
1.69200	29
1.69567	32
1.69933	32
1.70300	33
1.70667	35
1.71033	35
1.71400	35
1.71767	35
1.72133	36
1.72500	36
1.72867	35
1.73233	38
1.73600	39
1.73967	40
1.74333	40
1.74700	39
1.75067	40
1.75433	40
1.75800	41
1.76167	41
1.76533	41
1.76900	40
1.77267	41
1.77633	41
1.78000	42
1.78367	40
1.78733	39
1.79100	38
1.79467	41
1.79833	43
1.80200	45
1.80567	46
1.80933	46
1.81300	48
1.81667	49
1.82033	47
1.82400	44
1.82767	41
1.83133	40
1.83500	41
1.83867	43
1.84233	49
1.84600	54
1.84967	55
1.85333	53
1.85700	52
1.86067	53
1.86433	52
1.86800	51
1.87167	49
1.87533	48
1.87900	49
1.88267	50
1.88633	50
1.89000	50
1.89367	51
1.89733	52
1.90100	53
1.90467	55
1.90833	53
1.91200	53
1.91567	54
1.91933	56
1.92300	58
1.92667	58
1.93033	58
1.93400	57
1.93767	56
1.94133	55
1.94500	56
1.94867	57
1.95233	59
1.95600	61
1.95967	62
1.96333	62
1.96700	62
1.97067	62
1.97433	65
1.97800	66
1.98167	64
1.98533	64
1.98900	64
1.99267	64
1.99633	62
2.00000	62
2.00367	62
2.00733	64
2.01100	66
2.01467	68
2.01833	67
2.02200	69
2.02567	74
2.02933	76
2.03300	76
2.03667	79
2.04033	81
2.04400	81
2.04767	84
2.05133	86
2.05500	87
2.05867	87
2.06233	86
2.06600	86
2.06967	87
2.07333	85
2.07700	84
2.08067	85
2.08433	86
2.08800	87
2.09167	87
2.09533	88
2.09900	88
2.10267	88
2.10633	90
2.11000	92
2.11367	91
2.11733	91
2.12100	92
2.12467	94
2.12833	94
2.13200	95
2.13567	98
2.13933	99
2.14300	100
2.14667	98
2.15033	97
2.15400	99
2.15767	101
2.16133	103
2.16500	105
2.16867	107
2.17233	108
2.17600	110
2.17967	111
2.18333	113
2.18700	113
2.19067	113
2.19433	115
2.19800	116
2.20167	117
2.20533	119
2.20900	122
2.21267	122
2.21633	120
2.22000	118
2.22367	117
2.22733	116
2.23100	117
2.23467	119
2.23833	120
2.24200	122
2.24567	124
2.24933	126
2.25300	128
2.25667	129
2.26033	129
2.26400	130
2.26767	130
2.27133	130
2.27500	130
2.27867	131
2.28233	132
2.28600	132
2.28967	131
2.29333	130
2.29700	132
2.30067	134
2.30433	136
2.30800	138
2.31167	139
2.31533	140
2.31900	140
2.32267	139
2.32633	140
2.33000	143
2.33367	145
2.33733	146
2.34100	145
2.34467	145
2.34833	146
2.35200	148
2.35567	150
2.35933	152
2.36300	155
2.36667	158
2.37033	159
2.37400	158
2.37767	156
2.38133	155
2.38500	155
2.38867	154
2.39233	154
2.39600	156
2.39967	159
2.40333	162
2.40700	169
2.41067	174
2.41433	177
2.41800	179
2.42167	179
2.42533	179
2.42900	178
2.43267	176
2.43633	175
2.44000	179
2.44367	221
2.44733	326
2.45100	443
2.45467	534
2.45833	576
2.46200	579
2.46567	574
2.46933	571
2.47300	560
2.47667	538
2.48033	503
2.48400	465
2.48767	430
2.49133	402
2.49500	386
2.49867	379
2.50233	380
2.50600	386
2.50967	397
2.51333	408
2.51700	413
2.52067	411
2.52433	395
2.52800	374
2.53167	350
2.53533	328
2.53900	309
2.54267	294
2.54633	282
2.55000	271
2.55367	262
2.55733	255
2.56100	252
2.56467	253
2.56833	255
2.57200	256
2.57567	259
2.57933	264
2.58300	270
2.58667	276
2.59033	283
2.59400	293
2.59767	305
2.60133	314
2.60500	320
2.60867	318
2.61233	307
2.61600	285
2.61967	255
2.62333	220
2.62700	186
2.63067	149
2.63433	110
2.63800	74
2.64167	44
2.64533	20
2.64900	2
2.65267	-13
2.65633	-24
2.66000	-30
2.66367	-33
2.66733	-34
2.67100	-30
2.67467	-25
2.67833	-17
2.68200	-7
2.68567	4
2.68933	14
2.69300	24
2.69667	33
2.70033	42
2.70400	46
2.70767	53
2.71133	61
2.71500	69
2.71867	78
2.72233	86
2.72600	89
2.72967	94
2.73333	101
2.73700	106
2.74067	111
2.74433	117
2.74800	122
2.75167	126
2.75533	132
2.75900	138
2.76267	144
2.76633	148
2.77000	153
2.77367	161
2.77733	168
2.78100	175
2.78467	184
2.78833	190
2.79200	195
2.79567	200
2.79933	206
2.80300	215
2.80667	224
2.81033	230
2.81400	235
2.81767	240
2.82133	246
2.82500	257
2.82867	278
2.83233	319
2.83600	395
2.83967	532
2.84333	753
2.84700	1083
2.85067	1526
2.85433	2077
2.85800	2704
2.86167	3361
2.86533	4000
2.86900	4570
2.87267	5026
2.87633	5337
2.88000	5484
2.88367	5477
2.88733	5338
2.89100	5093
2.89467	4776
2.89833	4412
2.90200	4026
2.90567	3638
2.90933	3265
2.91300	2916
2.91667	2594
2.92033	2297
2.92400	2026
2.92767	1770
2.93133	1539
2.93500	1340
2.93867	1171
2.94233	1028
2.94600	902
2.94967	792
2.95333	702
2.95700	637
2.96067	598
2.96433	581
2.96800	579
2.97167	588
2.97533	603
2.97900	620
2.98267	634
2.98633	648
2.99000	657
2.99367	660
2.99733	661
3.00100	660
3.00467	660
3.00833	664
3.01200	668
3.01567	671
3.01933	677
3.02300	683
3.02667	692
3.03033	701
3.03400	707
3.03767	715
3.04133	723
3.04500	730
3.04867	736
3.05233	742
3.05600	747
3.05967	750
3.06333	755
3.06700	759
3.07067	763
3.07433	768
3.07800	774
3.08167	778
3.08533	780
3.08900	781
3.09267	784
3.09633	787
3.10000	790
3.10367	793
3.10733	796
3.11100	800
3.11467	804
3.11833	808
3.12200	816
3.12567	823
3.12933	826
3.13300	830
3.13667	832
3.14033	835
3.14400	838
3.14767	841
3.15133	846
3.15500	848
3.15867	851
3.16233	857
3.16600	862
3.16967	866
3.17333	871
3.17700	874
3.18067	876
3.18433	879
3.18800	882
3.19167	888
3.19533	889
3.19900	890
3.20267	892
3.20633	897
3.21000	898
3.21367	900
3.21733	902
3.22100	901
3.22467	899
3.22833	898
3.23200	898
3.23567	898
3.23933	896
3.24300	895
3.24667	895
3.25033	894
3.25400	891
3.25767	890
3.26133	887
3.26500	884
3.26867	880
3.27233	878
3.27600	875
3.27967	873
3.28333	872
3.28700	868
3.29067	865
3.29433	862
3.29800	861
3.30167	859
3.30533	852
3.30900	847
3.31267	842
3.31633	840
3.32000	836
3.32367	832
3.32733	829
3.33100	826
3.33467	823
3.33833	821
3.34200	819
3.34567	817
3.34933	814
3.35300	810
3.35667	805
3.36033	799
3.36400	793
3.36767	789
3.37133	784
3.37500	779
3.37867	776
3.38233	772
3.38600	770
3.38967	766
3.39333	761
3.39700	758
3.40067	756
3.40433	753
3.40800	750
3.41167	747
3.41533	744
3.41900	743
3.42267	742
3.42633	739
3.43000	736
3.43367	734
3.43733	730
3.44100	725
3.44467	721
3.44833	718
3.45200	716
3.45567	711
3.45933	705
3.46300	701
3.46667	697
3.47033	694
3.47400	689
3.47767	688
3.48133	686
3.48500	682
3.48867	679
3.49233	677
3.49600	676
3.49967	675
3.50333	672
3.50700	670
3.51067	670
3.51433	671
3.51800	672
3.52167	670
3.52533	667
3.52900	661
3.53267	655
3.53633	650
3.54000	644
3.54367	640
3.54733	639
3.55100	639
3.55467	638
3.55833	637
3.56200	634
3.56567	632
3.56933	630
3.57300	627
3.57667	625
3.58033	623
3.58400	620
3.58767	618
3.59133	616
3.59500	616
3.59867	616
3.60233	615
3.60600	612
3.60967	610
3.61333	608
3.61700	607
3.62067	606
3.62433	604
3.62800	603
3.63167	601
3.63533	598
3.63900	595
3.64267	594
3.64633	593
3.65000	591
3.65367	589
3.65733	588
3.66100	587
3.66467	587
3.66833	587
3.67200	587
3.67567	585
3.67933	581
3.68300	576
3.68667	571
3.69033	569
3.69400	568
3.69767	566
3.70133	562
3.70500	559
3.70867	560
3.71233	560
3.71600	560
3.71967	558
3.72333	557
3.72700	557
3.73067	555
3.73433	553
3.73800	551
3.74167	550
3.74533	548
3.74900	547
3.75267	549
3.75633	549
3.76000	549
3.76367	547
3.76733	546
3.77100	544
3.77467	544
3.77833	543
3.78200	542
3.78567	540
3.78933	541
3.79300	541
3.79667	540
3.80033	539
3.80400	538
3.80767	536
3.81133	535
3.81500	533
3.81867	534
3.82233	535
3.82600	534
3.82967	532
3.83333	531
3.83700	530
3.84067	528
3.84433	525
3.84800	523
3.85167	521
3.85533	519
3.85900	517
3.86267	517
3.86633	518
3.87000	518
3.87367	518
3.87733	516
3.88100	515
3.88467	514
3.88833	513
3.89200	509
3.89567	506
3.89933	507
3.90300	508
3.90667	508
3.91033	508
3.91400	507
3.91767	505
3.92133	504
3.92500	502
3.92867	500
3.93233	499
3.93600	499
3.93967	499
3.94333	498
3.94700	495
3.95067	493
3.95433	495
3.95800	496
3.96167	496
3.96533	494
3.96900	493
3.97267	493
3.97633	493
3.98000	493
3.98367	492
3.98733	491
3.99100	490
3.99467	489
3.99833	486

[Status Trace (Column Oven Temperature)]
Interval(msec)	1000
# of Points	240
Start Time(min)	0.005
End Time(min)	3.989
Intensity Units	
Intensity Multiplier	1
R.Time (min)	Intensity
0.00547	35.07
0.02213	35.07
0.03880	35.05
0.05547	35.05
0.07213	35.04
0.08880	35.04
0.10547	35.03
0.12213	35.02
0.13880	35.02
0.15547	35.02
0.17213	35.02
0.18880	35.02
0.20547	35.00
0.22213	35.00
0.23880	35.01
0.25547	35.01
0.27213	35.00
0.28880	35.00
0.30547	35.00
0.32213	35.00
0.33880	34.99
0.35547	35.00
0.37213	35.00
0.38880	35.00
0.40547	35.01
0.42213	35.00
0.43880	34.99
0.45547	34.99
0.47213	35.00
0.48880	35.00
0.50547	35.01
0.52213	34.99
0.53880	35.00
0.55547	35.00
0.57213	35.01
0.58880	35.01
0.60547	35.01
0.62213	35.01
0.63880	34.99
0.65547	34.99
0.67213	34.99
0.68880	35.00
0.70547	34.99
0.72213	34.99
0.73880	34.99
0.75547	35.01
0.77213	35.01
0.78880	35.01
0.80547	35.01
0.82213	35.01
0.83880	35.00
0.85547	34.99
0.87213	34.99
0.88880	34.99
0.90547	34.99
0.92213	34.98
0.93880	34.99
0.95547	34.98
0.97213	34.99
0.98880	34.99
1.00547	34.99
1.02213	34.99
1.03880	34.99
1.05547	34.99
1.07213	34.98
1.08880	34.99
1.10547	34.99
1.12213	34.99
1.13880	34.99
1.15547	34.99
1.17213	35.00
1.18880	35.00
1.20547	34.99
1.22213	35.00
1.23880	35.00
1.25547	34.99
1.27213	34.99
1.28880	34.99
1.30547	34.99
1.32213	34.99
1.33880	34.99
1.35547	34.98
1.37213	34.99
1.38880	34.99
1.40547	35.00
1.42213	35.01
1.43880	35.00
1.45547	35.00
1.47213	35.00
1.48880	34.99
1.50547	34.99
1.52213	35.00
1.53880	35.00
1.55547	35.00
1.57213	35.00
1.58880	35.01
1.60547	35.05
1.62213	35.17
1.63880	35.34
1.65547	35.57
1.67213	35.90
1.68880	36.26
1.70547	36.61
1.72213	36.95
1.73880	37.30
1.75547	37.64
1.77213	37.94
1.78880	38.27
1.80547	38.60
1.82213	38.93
1.83880	39.26
1.85547	39.60
1.87213	39.94
1.88880	40.26
1.90547	40.60
1.92213	40.91
1.93880	41.24
1.95547	41.57
1.97213	41.90
1.98880	42.23
2.00547	42.55
2.02213	42.89
2.03880	43.19
2.05547	43.53
2.07213	43.83
2.08880	44.15
2.10547	44.49
2.12213	44.80
2.13880	45.13
2.15547	45.47
2.17213	45.78
2.18880	46.11
2.20547	46.46
2.22213	46.76
2.23880	47.10
2.25547	47.42
2.27213	47.78
2.28880	48.07
2.30547	48.46
2.32213	48.79
2.33880	49.10
2.35547	49.39
2.37213	49.59
2.38880	49.66
2.40547	49.64
2.42213	49.66
2.43880	49.66
2.45547	49.67
2.47213	49.69
2.48880	49.70
2.50547	49.70
2.52213	49.74
2.53880	49.74
2.55547	49.77
2.57213	49.77
2.58880	49.80
2.60547	49.81
2.62213	49.82
2.63880	49.81
2.65547	49.82
2.67213	49.85
2.68880	49.86
2.70547	49.85
2.72213	49.86
2.73880	49.87
2.75547	49.87
2.77213	49.86
2.78880	49.85
2.80547	49.86
2.82213	49.88
2.83880	49.89
2.85547	49.89
2.87213	49.89
2.88880	49.89
2.90547	49.90
2.92213	49.92
2.93880	49.93
2.95547	49.95
2.97213	49.97
2.98880	49.99
3.00547	50.01
3.02213	50.01
3.03880	50.01
3.05547	50.02
3.07213	50.02
3.08880	50.02
3.10547	50.02
3.12213	50.02
3.13880	50.03
3.15547	50.04
3.17213	50.05
3.18880	50.05
3.20547	50.05
3.22213	50.07
3.23880	50.07
3.25547	50.08
3.27213	50.08
3.28880	50.10
3.30547	50.11
3.32213	50.11
3.33880	50.11
3.35547	50.09
3.37213	50.08
3.38880	50.06
3.40547	50.05
3.42213	50.04
3.43880	50.03
3.45547	50.01
3.47213	50.01
3.48880	50.01
3.50547	50.01
3.52213	50.00
3.53880	50.00
3.55547	50.01
3.57213	50.02
3.58880	50.02
3.60547	50.02
3.62213	50.02
3.63880	50.02
3.65547	50.03
3.67213	50.03
3.68880	50.04
3.70547	50.04
3.72213	50.04
3.73880	50.04
3.75547	50.05
3.77213	50.06
3.78880	50.05
3.80547	50.06
3.82213	50.06
3.83880	50.06
3.85547	50.06
3.87213	50.06
3.88880	50.07
3.90547	50.07
3.92213	50.07
3.93880	50.06
3.95547	50.06
3.97213	50.06
3.98880	50.07

[Status Trace (Injection Unit Temperature)]
Interval(msec)	1000
# of Points	240
Start Time(min)	0.005
End Time(min)	3.989
Intensity Units	
Intensity Multiplier	1
R.Time (min)	Intensity
0.00547	99.99
0.02213	99.98
0.03880	99.98
0.05547	99.98
0.07213	99.98
0.08880	99.98
0.10547	99.98
0.12213	99.99
0.13880	99.99
0.15547	99.98
0.17213	99.98
0.18880	99.98
0.20547	99.99
0.22213	99.99
0.23880	99.98
0.25547	99.99
0.27213	99.98
0.28880	99.98
0.30547	99.99
0.32213	99.98
0.33880	99.98
0.35547	99.99
0.37213	99.99
0.38880	99.99
0.40547	99.99
0.42213	99.98
0.43880	99.99
0.45547	99.98
0.47213	99.98
0.48880	99.98
0.50547	99.98
0.52213	99.98
0.53880	99.98
0.55547	99.98
0.57213	99.98
0.58880	99.98
0.60547	99.98
0.62213	99.97
0.63880	99.98
0.65547	99.98
0.67213	99.98
0.68880	99.98
0.70547	99.98
0.72213	99.98
0.73880	99.98
0.75547	99.98
0.77213	99.98
0.78880	99.98
0.80547	99.98
0.82213	99.98
0.83880	99.98
0.85547	99.98
0.87213	99.98
0.88880	99.98
0.90547	99.98
0.92213	99.98
0.93880	99.98
0.95547	99.98
0.97213	99.98
0.98880	99.98
1.00547	99.98
1.02213	99.98
1.03880	99.98
1.05547	99.99
1.07213	99.98
1.08880	99.99
1.10547	99.98
1.12213	99.99
1.13880	99.99
1.15547	99.99
1.17213	99.99
1.18880	99.99
1.20547	99.99
1.22213	99.99
1.23880	99.99
1.25547	99.99
1.27213	99.99
1.28880	99.99
1.30547	99.99
1.32213	99.99
1.33880	99.99
1.35547	99.99
1.37213	99.99
1.38880	99.99
1.40547	99.99
1.42213	99.99
1.43880	100.00
1.45547	100.00
1.47213	99.99
1.48880	99.99
1.50547	99.99
1.52213	100.00
1.53880	99.99
1.55547	99.99
1.57213	100.00
1.58880	99.99
1.60547	100.00
1.62213	99.99
1.63880	99.99
1.65547	99.99
1.67213	100.00
1.68880	99.99
1.70547	99.99
1.72213	99.99
1.73880	99.99
1.75547	99.99
1.77213	99.99
1.78880	99.99
1.80547	99.99
1.82213	99.99
1.83880	99.99
1.85547	99.99
1.87213	99.99
1.88880	99.99
1.90547	99.99
1.92213	99.98
1.93880	99.98
1.95547	99.98
1.97213	99.98
1.98880	99.98
2.00547	99.98
2.02213	99.98
2.03880	99.98
2.05547	99.98
2.07213	99.98
2.08880	99.98
2.10547	99.98
2.12213	99.98
2.13880	99.98
2.15547	99.98
2.17213	99.98
2.18880	99.98
2.20547	99.97
2.22213	99.98
2.23880	99.97
2.25547	99.97
2.27213	99.97
2.28880	99.97
2.30547	99.97
2.32213	99.97
2.33880	99.97
2.35547	99.97
2.37213	99.97
2.38880	99.97
2.40547	99.97
2.42213	99.97
2.43880	99.97
2.45547	99.97
2.47213	99.97
2.48880	99.97
2.50547	99.98
2.52213	99.98
2.53880	99.98
2.55547	99.98
2.57213	99.98
2.58880	99.98
2.60547	99.98
2.62213	99.98
2.63880	99.98
2.65547	99.98
2.67213	99.98
2.68880	99.99
2.70547	99.98
2.72213	99.98
2.73880	99.99
2.75547	99.99
2.77213	99.99
2.78880	99.99
2.80547	99.99
2.82213	99.99
2.83880	99.99
2.85547	99.99
2.87213	99.99
2.88880	100.00
2.90547	100.00
2.92213	100.00
2.93880	100.00
2.95547	100.00
2.97213	100.00
2.98880	100.00
3.00547	100.00
3.02213	100.00
3.03880	100.00
3.05547	100.01
3.07213	100.01
3.08880	100.01
3.10547	100.01
3.12213	100.01
3.13880	100.01
3.15547	100.02
3.17213	100.02
3.18880	100.02
3.20547	100.02
3.22213	100.02
3.23880	100.02
3.25547	100.02
3.27213	100.02
3.28880	100.02
3.30547	100.02
3.32213	100.02
3.33880	100.02
3.35547	100.02
3.37213	100.02
3.38880	100.03
3.40547	100.03
3.42213	100.03
3.43880	100.03
3.45547	100.03
3.47213	100.03
3.48880	100.03
3.50547	100.03
3.52213	100.03
3.53880	100.04
3.55547	100.04
3.57213	100.04
3.58880	100.04
3.60547	100.04
3.62213	100.03
3.63880	100.04
3.65547	100.04
3.67213	100.04
3.68880	100.04
3.70547	100.04
3.72213	100.04
3.73880	100.04
3.75547	100.04
3.77213	100.04
3.78880	100.04
3.80547	100.04
3.82213	100.04
3.83880	100.04
3.85547	100.04
3.87213	100.04
3.88880	100.04
3.90547	100.04
3.92213	100.04
3.93880	100.04
3.95547	100.05
3.97213	100.04
3.98880	100.04

[Status Trace (Carrier Gas Pressure)]
Interval(msec)	1000
# of Points	240
Start Time(min)	0.005
End Time(min)	3.989
Intensity Units	
Intensity Multiplier	1
R.Time (min)	Intensity
0.00547	58.00
0.02213	55.84
0.03880	56.73
0.05547	58.97
0.07213	59.71
0.08880	58.15
0.10547	57.97
0.12213	58.01
0.13880	58.01
0.15547	58.01
0.17213	58.00
0.18880	58.00
0.20547	58.00
0.22213	58.00
0.23880	58.00
0.25547	58.00
0.27213	58.00
0.28880	58.00
0.30547	58.00
0.32213	58.00
0.33880	58.00
0.35547	58.00
0.37213	58.00
0.38880	58.00
0.40547	58.00
0.42213	58.00
0.43880	58.00
0.45547	58.00
0.47213	58.00
0.48880	58.00
0.50547	58.00
0.52213	58.00
0.53880	58.00
0.55547	58.00
0.57213	58.00
0.58880	58.00
0.60547	58.00
0.62213	58.00
0.63880	58.00
0.65547	58.00
0.67213	58.00
0.68880	58.00
0.70547	58.00
0.72213	58.00
0.73880	58.00
0.75547	58.00
0.77213	58.00
0.78880	58.00
0.80547	58.00
0.82213	58.00
0.83880	58.00
0.85547	58.00
0.87213	58.00
0.88880	58.00
0.90547	58.00
0.92213	58.00
0.93880	58.00
0.95547	58.00
0.97213	58.00
0.98880	58.00
1.00547	58.00
1.02213	58.00
1.03880	58.00
1.05547	58.00
1.07213	58.00
1.08880	58.00
1.10547	58.00
1.12213	58.00
1.13880	58.00
1.15547	58.00
1.17213	58.00
1.18880	58.00
1.20547	58.00
1.22213	58.00
1.23880	58.00
1.25547	58.00
1.27213	58.00
1.28880	58.00
1.30547	58.00
1.32213	58.00
1.33880	58.00
1.35547	58.00
1.37213	58.00
1.38880	58.00
1.40547	58.00
1.42213	58.00
1.43880	58.00
1.45547	58.00
1.47213	58.00
1.48880	58.00
1.50547	58.00
1.52213	58.00
1.53880	58.00
1.55547	58.00
1.57213	58.00
1.58880	58.00
1.60547	58.00
1.62213	58.00
1.63880	58.01
1.65547	58.00
1.67213	58.01
1.68880	58.01
1.70547	58.00
1.72213	58.00
1.73880	58.00
1.75547	58.00
1.77213	58.00
1.78880	58.00
1.80547	58.00
1.82213	58.00
1.83880	58.00
1.85547	58.00
1.87213	58.00
1.88880	58.00
1.90547	58.00
1.92213	58.00
1.93880	58.00
1.95547	58.00
1.97213	58.00
1.98880	58.00
2.00547	58.00
2.02213	58.00
2.03880	58.00
2.05547	58.00
2.07213	58.00
2.08880	58.00
2.10547	58.00
2.12213	58.00
2.13880	58.00
2.15547	58.00
2.17213	58.00
2.18880	58.00
2.20547	58.00
2.22213	58.00
2.23880	58.00
2.25547	58.00
2.27213	58.00
2.28880	58.00
2.30547	58.00
2.32213	58.00
2.33880	58.00
2.35547	58.00
2.37213	58.00
2.38880	57.99
2.40547	57.99
2.42213	58.00
2.43880	58.00
2.45547	58.00
2.47213	58.00
2.48880	58.00
2.50547	57.99
2.52213	57.99
2.53880	57.99
2.55547	58.00
2.57213	58.00
2.58880	58.00
2.60547	58.00
2.62213	58.00
2.63880	58.00
2.65547	58.00
2.67213	58.00
2.68880	58.00
2.70547	58.00
2.72213	58.00
2.73880	58.00
2.75547	58.00
2.77213	58.00
2.78880	58.00
2.80547	58.00
2.82213	58.00
2.83880	58.00
2.85547	58.00
2.87213	58.00
2.88880	58.00
2.90547	58.00
2.92213	58.00
2.93880	58.00
2.95547	58.00
2.97213	58.00
2.98880	58.00
3.00547	58.00
3.02213	58.00
3.03880	58.00
3.05547	58.00
3.07213	58.00
3.08880	58.00
3.10547	58.00
3.12213	58.00
3.13880	58.00
3.15547	58.00
3.17213	58.00
3.18880	58.00
3.20547	58.00
3.22213	58.00
3.23880	58.00
3.25547	58.00
3.27213	58.00
3.28880	58.00
3.30547	58.00
3.32213	58.00
3.33880	58.00
3.35547	58.00
3.37213	58.00
3.38880	58.00
3.40547	58.00
3.42213	58.00
3.43880	58.00
3.45547	58.00
3.47213	58.00
3.48880	58.00
3.50547	58.00
3.52213	58.00
3.53880	58.00
3.55547	58.00
3.57213	58.00
3.58880	58.00
3.60547	58.00
3.62213	58.00
3.63880	58.00
3.65547	58.00
3.67213	58.00
3.68880	58.00
3.70547	58.00
3.72213	58.00
3.73880	58.00
3.75547	58.00
3.77213	58.00
3.78880	58.00
3.80547	58.00
3.82213	58.00
3.83880	58.00
3.85547	58.00
3.87213	58.00
3.88880	58.00
3.90547	58.00
3.92213	58.00
3.93880	58.00
3.95547	58.00
3.97213	58.00
3.98880	58.00

[Status Trace (Carrier Gas Flow)]
Interval(msec)	1000
# of Points	240
Start Time(min)	0.005
End Time(min)	3.989
Intensity Units	
Intensity Multiplier	1
R.Time (min)	Intensity
0.00547	34.53
0.02213	34.55
0.03880	34.55
0.05547	34.54
0.07213	34.49
0.08880	34.51
0.10547	34.52
0.12213	34.52
0.13880	34.52
0.15547	34.52
0.17213	34.52
0.18880	34.52
0.20547	34.52
0.22213	34.52
0.23880	34.52
0.25547	34.52
0.27213	34.52
0.28880	34.52
0.30547	34.52
0.32213	34.52
0.33880	34.51
0.35547	34.52
0.37213	34.51
0.38880	34.51
0.40547	34.51
0.42213	34.53
0.43880	34.53
0.45547	34.53
0.47213	34.52
0.48880	34.52
0.50547	34.52
0.52213	34.52
0.53880	34.52
0.55547	34.52
0.57213	34.52
0.58880	34.52
0.60547	34.52
0.62213	34.52
0.63880	34.52
0.65547	34.52
0.67213	34.52
0.68880	34.52
0.70547	34.52
0.72213	34.52
0.73880	34.52
0.75547	34.52
0.77213	34.52
0.78880	34.52
0.80547	34.52
0.82213	34.52
0.83880	34.52
0.85547	34.52
0.87213	34.52
0.88880	34.52
0.90547	34.52
0.92213	34.52
0.93880	34.52
0.95547	34.52
0.97213	34.52
0.98880	34.52
1.00547	34.52
1.02213	34.52
1.03880	34.52
1.05547	34.52
1.07213	34.52
1.08880	34.52
1.10547	34.52
1.12213	34.52
1.13880	34.52
1.15547	34.52
1.17213	34.52
1.18880	34.52
1.20547	34.52
1.22213	34.52
1.23880	34.52
1.25547	34.52
1.27213	34.52
1.28880	34.52
1.30547	34.52
1.32213	34.52
1.33880	34.52
1.35547	34.52
1.37213	34.52
1.38880	34.52
1.40547	34.52
1.42213	34.52
1.43880	34.52
1.45547	34.52
1.47213	34.52
1.48880	34.52
1.50547	34.52
1.52213	34.52
1.53880	34.52
1.55547	34.52
1.57213	34.52
1.58880	34.52
1.60547	34.52
1.62213	34.52
1.63880	34.52
1.65547	34.52
1.67213	34.52
1.68880	34.52
1.70547	34.52
1.72213	34.52
1.73880	34.52
1.75547	34.52
1.77213	34.52
1.78880	34.52
1.80547	34.52
1.82213	34.52
1.83880	34.52
1.85547	34.52
1.87213	34.52
1.88880	34.52
1.90547	34.52
1.92213	34.52
1.93880	34.52
1.95547	34.52
1.97213	34.52
1.98880	34.52
2.00547	34.52
2.02213	34.52
2.03880	34.52
2.05547	34.52
2.07213	34.52
2.08880	34.52
2.10547	34.52
2.12213	34.52
2.13880	34.52
2.15547	34.52
2.17213	34.52
2.18880	34.52
2.20547	34.52
2.22213	34.52
2.23880	34.52
2.25547	34.52
2.27213	34.52
2.28880	34.52
2.30547	34.52
2.32213	34.52
2.33880	34.52
2.35547	34.52
2.37213	34.52
2.38880	34.51
2.40547	34.52
2.42213	34.52
2.43880	34.52
2.45547	34.52
2.47213	34.52
2.48880	34.52
2.50547	34.52
2.52213	34.52
2.53880	34.52
2.55547	34.52
2.57213	34.52
2.58880	34.52
2.60547	34.52
2.62213	34.52
2.63880	34.52
2.65547	34.52
2.67213	34.52
2.68880	34.52
2.70547	34.52
2.72213	34.52
2.73880	34.52
2.75547	34.52
2.77213	34.51
2.78880	34.52
2.80547	34.52
2.82213	34.52
2.83880	34.52
2.85547	34.52
2.87213	34.52
2.88880	34.52
2.90547	34.52
2.92213	34.52
2.93880	34.52
2.95547	34.52
2.97213	34.52
2.98880	34.52
3.00547	34.51
3.02213	34.52
3.03880	34.52
3.05547	34.52
3.07213	34.51
3.08880	34.52
3.10547	34.52
3.12213	34.52
3.13880	34.52
3.15547	34.52
3.17213	34.52
3.18880	34.52
3.20547	34.52
3.22213	34.52
3.23880	34.52
3.25547	34.52
3.27213	34.52
3.28880	34.52
3.30547	34.53
3.32213	34.51
3.33880	34.53
3.35547	34.52
3.37213	34.52
3.38880	34.52
3.40547	34.52
3.42213	34.52
3.43880	34.51
3.45547	34.52
3.47213	34.52
3.48880	34.51
3.50547	34.52
3.52213	34.51
3.53880	34.51
3.55547	34.53
3.57213	34.52
3.58880	34.52
3.60547	34.52
3.62213	34.53
3.63880	34.51
3.65547	34.52
3.67213	34.51
3.68880	34.52
3.70547	34.53
3.72213	34.53
3.73880	34.52
3.75547	34.53
3.77213	34.53
3.78880	34.54
3.80547	34.53
3.82213	34.52
3.83880	34.53
3.85547	34.50
3.87213	34.52
3.88880	34.52
3.90547	34.52
3.92213	34.52
3.93880	34.52
3.95547	34.52
3.97213	34.52
3.98880	34.52

[Status Trace (Column Flow)]
Interval(msec)	1000
# of Points	240
Start Time(min)	0.005
End Time(min)	3.989
Intensity Units	
Intensity Multiplier	1
R.Time (min)	Intensity
0.00547	5.57
0.02213	5.32
0.03880	5.42
0.05547	5.68
0.07213	5.77
0.08880	5.59
0.10547	5.56
0.12213	5.57
0.13880	5.57
0.15547	5.57
0.17213	5.57
0.18880	5.57
0.20547	5.57
0.22213	5.57
0.23880	5.57
0.25547	5.57
0.27213	5.57
0.28880	5.57
0.30547	5.57
0.32213	5.57
0.33880	5.57
0.35547	5.57
0.37213	5.57
0.38880	5.57
0.40547	5.57
0.42213	5.57
0.43880	5.57
0.45547	5.57
0.47213	5.57
0.48880	5.57
0.50547	5.57
0.52213	5.57
0.53880	5.57
0.55547	5.57
0.57213	5.57
0.58880	5.57
0.60547	5.57
0.62213	5.57
0.63880	5.57
0.65547	5.57
0.67213	5.57
0.68880	5.57
0.70547	5.57
0.72213	5.57
0.73880	5.57
0.75547	5.57
0.77213	5.57
0.78880	5.57
0.80547	5.57
0.82213	5.57
0.83880	5.57
0.85547	5.57
0.87213	5.57
0.88880	5.57
0.90547	5.57
0.92213	5.57
0.93880	5.57
0.95547	5.57
0.97213	5.57
0.98880	5.57
1.00547	5.57
1.02213	5.57
1.03880	5.57
1.05547	5.57
1.07213	5.57
1.08880	5.57
1.10547	5.57
1.12213	5.57
1.13880	5.57
1.15547	5.57
1.17213	5.57
1.18880	5.57
1.20547	5.57
1.22213	5.57
1.23880	5.57
1.25547	5.57
1.27213	5.57
1.28880	5.57
1.30547	5.57
1.32213	5.57
1.33880	5.57
1.35547	5.57
1.37213	5.57
1.38880	5.57
1.40547	5.57
1.42213	5.57
1.43880	5.57
1.45547	5.57
1.47213	5.57
1.48880	5.57
1.50547	5.57
1.52213	5.57
1.53880	5.57
1.55547	5.57
1.57213	5.57
1.58880	5.57
1.60547	5.57
1.62213	5.56
1.63880	5.56
1.65547	5.55
1.67213	5.54
1.68880	5.53
1.70547	5.52
1.72213	5.51
1.73880	5.50
1.75547	5.49
1.77213	5.48
1.78880	5.47
1.80547	5.46
1.82213	5.45
1.83880	5.44
1.85547	5.43
1.87213	5.42
1.88880	5.41
1.90547	5.40
1.92213	5.39
1.93880	5.38
1.95547	5.37
1.97213	5.36
1.98880	5.35
2.00547	5.34
2.02213	5.33
2.03880	5.32
2.05547	5.31
2.07213	5.30
2.08880	5.29
2.10547	5.28
2.12213	5.27
2.13880	5.26
2.15547	5.25
2.17213	5.24
2.18880	5.23
2.20547	5.22
2.22213	5.21
2.23880	5.20
2.25547	5.20
2.27213	5.19
2.28880	5.18
2.30547	5.17
2.32213	5.16
2.33880	5.15
2.35547	5.14
2.37213	5.13
2.38880	5.13
2.40547	5.13
2.42213	5.13
2.43880	5.13
2.45547	5.13
2.47213	5.13
2.48880	5.13
2.50547	5.13
2.52213	5.13
2.53880	5.13
2.55547	5.13
2.57213	5.13
2.58880	5.13
2.60547	5.13
2.62213	5.13
2.63880	5.13
2.65547	5.13
2.67213	5.13
2.68880	5.13
2.70547	5.13
2.72213	5.13
2.73880	5.13
2.75547	5.13
2.77213	5.13
2.78880	5.13
2.80547	5.13
2.82213	5.13
2.83880	5.13
2.85547	5.13
2.87213	5.13
2.88880	5.13
2.90547	5.13
2.92213	5.13
2.93880	5.12
2.95547	5.12
2.97213	5.12
2.98880	5.12
3.00547	5.12
3.02213	5.12
3.03880	5.12
3.05547	5.12
3.07213	5.12
3.08880	5.12
3.10547	5.12
3.12213	5.12
3.13880	5.12
3.15547	5.12
3.17213	5.12
3.18880	5.12
3.20547	5.12
3.22213	5.12
3.23880	5.12
3.25547	5.12
3.27213	5.12
3.28880	5.12
3.30547	5.12
3.32213	5.12
3.33880	5.12
3.35547	5.12
3.37213	5.12
3.38880	5.12
3.40547	5.12
3.42213	5.12
3.43880	5.12
3.45547	5.12
3.47213	5.12
3.48880	5.12
3.50547	5.12
3.52213	5.12
3.53880	5.12
3.55547	5.12
3.57213	5.12
3.58880	5.12
3.60547	5.12
3.62213	5.12
3.63880	5.12
3.65547	5.12
3.67213	5.12
3.68880	5.12
3.70547	5.12
3.72213	5.12
3.73880	5.12
3.75547	5.12
3.77213	5.12
3.78880	5.12
3.80547	5.12
3.82213	5.12
3.83880	5.12
3.85547	5.12
3.87213	5.12
3.88880	5.12
3.90547	5.12
3.92213	5.12
3.93880	5.12
3.95547	5.12
3.97213	5.12
3.98880	5.12

[Status Trace (Linear Velocity)]
Interval(msec)	1000
# of Points	240
Start Time(min)	0.005
End Time(min)	3.989
Intensity Units	
Intensity Multiplier	1
R.Time (min)	Intensity
0.00547	39.02
0.02213	37.61
0.03880	38.19
0.05547	39.66
0.07213	40.15
0.08880	39.12
0.10547	39.01
0.12213	39.03
0.13880	39.03
0.15547	39.03
0.17213	39.03
0.18880	39.03
0.20547	39.03
0.22213	39.03
0.23880	39.03
0.25547	39.03
0.27213	39.03
0.28880	39.03
0.30547	39.03
0.32213	39.03
0.33880	39.03
0.35547	39.03
0.37213	39.03
0.38880	39.03
0.40547	39.03
0.42213	39.03
0.43880	39.03
0.45547	39.03
0.47213	39.03
0.48880	39.03
0.50547	39.03
0.52213	39.03
0.53880	39.03
0.55547	39.03
0.57213	39.03
0.58880	39.03
0.60547	39.03
0.62213	39.03
0.63880	39.03
0.65547	39.03
0.67213	39.03
0.68880	39.03
0.70547	39.03
0.72213	39.03
0.73880	39.03
0.75547	39.03
0.77213	39.03
0.78880	39.03
0.80547	39.03
0.82213	39.03
0.83880	39.03
0.85547	39.03
0.87213	39.03
0.88880	39.03
0.90547	39.03
0.92213	39.03
0.93880	39.03
0.95547	39.03
0.97213	39.03
0.98880	39.03
1.00547	39.03
1.02213	39.03
1.03880	39.03
1.05547	39.03
1.07213	39.03
1.08880	39.03
1.10547	39.03
1.12213	39.03
1.13880	39.03
1.15547	39.03
1.17213	39.03
1.18880	39.03
1.20547	39.03
1.22213	39.03
1.23880	39.03
1.25547	39.03
1.27213	39.03
1.28880	39.03
1.30547	39.03
1.32213	39.03
1.33880	39.03
1.35547	39.03
1.37213	39.03
1.38880	39.03
1.40547	39.03
1.42213	39.03
1.43880	39.03
1.45547	39.03
1.47213	39.03
1.48880	39.03
1.50547	39.03
1.52213	39.03
1.53880	39.03
1.55547	39.03
1.57213	39.03
1.58880	39.03
1.60547	39.02
1.62213	39.01
1.63880	39.00
1.65547	38.98
1.67213	38.95
1.68880	38.91
1.70547	38.87
1.72213	38.84
1.73880	38.81
1.75547	38.78
1.77213	38.75
1.78880	38.72
1.80547	38.69
1.82213	38.65
1.83880	38.62
1.85547	38.59
1.87213	38.56
1.88880	38.53
1.90547	38.50
1.92213	38.47
1.93880	38.44
1.95547	38.41
1.97213	38.38
1.98880	38.35
2.00547	38.32
2.02213	38.29
2.03880	38.26
2.05547	38.23
2.07213	38.20
2.08880	38.17
2.10547	38.14
2.12213	38.11
2.13880	38.08
2.15547	38.05
2.17213	38.02
2.18880	37.99
2.20547	37.96
2.22213	37.93
2.23880	37.90
2.25547	37.87
2.27213	37.84
2.28880	37.81
2.30547	37.78
2.32213	37.75
2.33880	37.72
2.35547	37.70
2.37213	37.68
2.38880	37.67
2.40547	37.67
2.42213	37.67
2.43880	37.67
2.45547	37.67
2.47213	37.67
2.48880	37.67
2.50547	37.67
2.52213	37.66
2.53880	37.66
2.55547	37.67
2.57213	37.66
2.58880	37.66
2.60547	37.66
2.62213	37.66
2.63880	37.66
2.65547	37.66
2.67213	37.66
2.68880	37.66
2.70547	37.66
2.72213	37.66
2.73880	37.65
2.75547	37.65
2.77213	37.66
2.78880	37.66
2.80547	37.66
2.82213	37.65
2.83880	37.65
2.85547	37.65
2.87213	37.65
2.88880	37.65
2.90547	37.65
2.92213	37.65
2.93880	37.65
2.95547	37.65
2.97213	37.65
2.98880	37.64
3.00547	37.64
3.02213	37.64
3.03880	37.64
3.05547	37.64
3.07213	37.64
3.08880	37.64
3.10547	37.64
3.12213	37.64
3.13880	37.64
3.15547	37.64
3.17213	37.64
3.18880	37.64
3.20547	37.64
3.22213	37.64
3.23880	37.64
3.25547	37.64
3.27213	37.64
3.28880	37.63
3.30547	37.63
3.32213	37.63
3.33880	37.63
3.35547	37.63
3.37213	37.64
3.38880	37.64
3.40547	37.64
3.42213	37.64
3.43880	37.64
3.45547	37.64
3.47213	37.64
3.48880	37.64
3.50547	37.64
3.52213	37.64
3.53880	37.64
3.55547	37.64
3.57213	37.64
3.58880	37.64
3.60547	37.64
3.62213	37.64
3.63880	37.64
3.65547	37.64
3.67213	37.64
3.68880	37.64
3.70547	37.64
3.72213	37.64
3.73880	37.64
3.75547	37.64
3.77213	37.64
3.78880	37.64
3.80547	37.64
3.82213	37.64
3.83880	37.64
3.85547	37.64
3.87213	37.64
3.88880	37.64
3.90547	37.64
3.92213	37.64
3.93880	37.64
3.95547	37.64
3.97213	37.64
3.98880	37.64

