[Header]
Application Name	LabSolutions
Version	5.110
Data File Name	C:\Users\User\Desktop\GC Analyses\Jack\UIC Prairie Sampling\11.2.22\221102_066.gcd
Output Date	3/20/2023
Output Time	1:25:40 PM

[File Information]
Type	Data File
Generated	1/3/2023 11:19:12 AM
Generated by	System Administrator
Modified	1/3/2023 11:23:58 AM
Modified by	System Administrator

[Sample Information]
Operator Name	System Administrator
Acquired	1/3/2023 11:19:58 AM
Sample Type	1:Standard
Level	1
Sample Name	221102_UICPrairie
Sample ID	221102_UICPrairie
ISTD Amount1	1
ISTD Amount2	1
ISTD Amount3	1
ISTD Amount4	1
ISTD Amount5	1
ISTD Amount6	1
ISTD Amount7	1
ISTD Amount8	1
ISTD Amount9	1
ISTD Amount10	1
ISTD Amount11	1
ISTD Amount12	1
ISTD Amount13	1
ISTD Amount14	1
ISTD Amount15	1
ISTD Amount16	1
ISTD Amount17	1
ISTD Amount18	1
ISTD Amount19	1
ISTD Amount20	1
ISTD Amount21	1
ISTD Amount22	1
ISTD Amount23	1
ISTD Amount24	1
ISTD Amount25	1
ISTD Amount26	1
ISTD Amount27	1
ISTD Amount28	1
ISTD Amount29	1
ISTD Amount30	1
ISTD Amount31	1
ISTD Amount32	1
Sample Amount	1
Dilution Factor	1
Vial#	1
Injection Volume	1
Injection Count	1
Bar Code	

[Original Files]
Data File	C:\Users\User\Desktop\GC Analyses\Jack\UIC Prairie Sampling\11.2.22\221102_066.gcd
Method File	C:\LabSolutions\Data\GHG_4min_2022\ghg3_togas_w_acet_4 min_new_int.gcm
Batch File	
Report Format File	c:\LabSolutions\System\DEFAULT.lsr

[File Description]


[Configuration]
Instrument Name	C0B7VH3-Instrument1
Instrument #	1
Line #	1
# of Detectors	3
Detector ID	DET#1	DET#2	DET#3
Detector Name	FID	PTCD	ECD
# of Channels	1	1	1

[Peak Table(Ch1)]
# of Peaks	3
Peak#	R.Time	I.Time	F.Time	Area	Height	A/H	Conc.	Mark	ID#	Name	k'	Plate #	Plate Ht.	Tailing	Resolution	Sep.Factor	Area Ratio	Height Ratio	Conc. %	Norm Conc.
1	1.465	1.435	1.534	2904	937	3.101	100.000	   	1	CO	0.000	5126	29.265	0.000	0.000	0.000	0	0	16.667	16.667
2	1.571	1.534	1.648	20163	10279	1.962	100.000	 V 	2	CH4	0.073	11793	12.720	1.132	1.522	0.000	0	0	16.667	16.667
3	2.000	1.949	2.697	2060087	971202	2.121	400.000	   	3	CO2	0.365	17601	8.522	1.215	7.261	5.034	0	0	66.667	66.667

[Peak Table(Ch2)]
# of Peaks	0

[Peak Table(Ch3)]
# of Peaks	5
Peak#	R.Time	I.Time	F.Time	Area	Height	A/H	Conc.	Mark	ID#	Name	k'	Plate #	Plate Ht.	Tailing	Resolution	Sep.Factor	Area Ratio	Height Ratio	Conc. %	Norm Conc.
1	2.466	1.982	2.484	2673	332	8.042	0.000	   			0.000	4506	33.292	0.000	0.000	0.000	0	0	0.000	0.000
2	2.510	2.484	2.532	906	342	2.651	0.000	 V 			0.018	954	157.203	0.000	0.186	0.000	0	0	0.000	0.000
3	2.583	2.532	2.660	2322	405	5.730	0.000	 V 			0.048	1977	75.870	0.000	0.263	2.667	0	0	0.000	0.000
4	2.788	2.660	2.818	1985	254	7.816	0.027	 V 	1	N2O	0.131	311	481.709	0.000	0.475	2.750	0	0	2.744	2.744
5	2.884	2.818	3.793	70359	16426	4.283	0.973	 V 	1	N2O	0.170	12813	11.707	1.652	0.260	1.295	0	0	97.256	97.256

[Compound Results(Ch1)]
# of IDs	6
ID#	Name	R.Time	Area	Height	Conc.	Curve	3rd	2nd	1st	Constant	Area Ratio	Height Ratio	Conc. %	Norm Conc.
1	CO	1.465	2904	937	100.000	Linear	0.000000e+00	0.000000e+00	2.904170e+001	0.000000e+00	0	0	16.667	16.667
2	CH4	1.571	20163	10279	100.000	Linear	0.000000e+00	0.000000e+00	2.016344e+002	0.000000e+00	0	0	16.667	16.667
3	CO2	2.000	2060087	971202	400.000	Linear	0.000000e+00	0.000000e+00	5.150218e+003	0.000000e+00	0	0	66.667	66.667
4	Ethylene	0.000	0	0	0.000	Linear	0.000000e+00	0.000000e+00	0.000000e+00	0.000000e+00	0	0	0.000	0.000
5	Acetylene	0.000	0	0	0.000	Linear	0.000000e+00	0.000000e+00	0.000000e+00	0.000000e+00	0	0	0.000	0.000
6	Ethane	0.000	0	0	0.000	Linear	0.000000e+00	0.000000e+00	0.000000e+00	0.000000e+00	0	0	0.000	0.000

[Compound Results(Ch2)]
# of IDs	5
ID#	Name	R.Time	Area	Height	Conc.	Curve	3rd	2nd	1st	Constant	Area Ratio	Height Ratio	Conc. %	Norm Conc.
1	Hydrogen	0.000	0	0	0.000	Linear	0.000000e+00	0.000000e+00	0.000000e+00	0.000000e+00	0	0	0.000	0.000
2	Oxygen	0.000	0	0	0.000	Linear	0.000000e+00	0.000000e+00	0.000000e+00	0.000000e+00	0	0	0.000	0.000
3	Nitrogen	0.000	0	0	0.000	Linear	0.000000e+00	0.000000e+00	0.000000e+00	0.000000e+00	0	0	0.000	0.000
4	Methane	0.000	0	0	0.000	Linear	0.000000e+00	0.000000e+00	0.000000e+00	0.000000e+00	0	0	0.000	0.000
5	Carbon Monoxide	0.000	0	0	0.000	Linear	0.000000e+00	0.000000e+00	0.000000e+00	0.000000e+00	0	0	0.000	0.000

[Compound Results(Ch3)]
# of IDs	2
ID#	Name	R.Time	Area	Height	Conc.	Curve	3rd	2nd	1st	Constant	Area Ratio	Height Ratio	Conc. %	Norm Conc.
1	N2O	2.884	72344	16680	1.000	Linear	0.000000e+00	0.000000e+00	7.234390e+004	0.000000e+00	0	0	100.000	100.000
2	SF6	0.000	0	0	0.000	Linear	0.000000e+00	0.000000e+00	0.000000e+00	0.000000e+00	0	0	0.000	0.000

[Group Results(Ch1)]
# of Groups	0

[Group Results(Ch2)]
# of Groups	0

[Group Results(Ch3)]
# of Groups	0

[Chromatogram (Ch1)]
Interval(msec)	220
# of Points	1091
Start Time(min)	0.002
End Time(min)	3.998
R.Time (min)	Intensity
0.00167	2
0.00533	3
0.00900	4
0.01267	5
0.01633	2
0.02000	-2
0.02367	-5
0.02733	-9
0.03100	-11
0.03467	-12
0.03833	-12
0.04200	-8
0.04567	-6
0.04933	-4
0.05300	-2
0.05667	-2
0.06033	-2
0.06400	-1
0.06767	3
0.07133	6
0.07500	8
0.07867	9
0.08233	11
0.08600	14
0.08967	16
0.09333	15
0.09700	13
0.10067	8
0.10433	0
0.10800	-10
0.11167	-18
0.11533	-23
0.11900	-25
0.12267	-29
0.12633	-34
0.13000	-34
0.13367	-27
0.13733	-18
0.14100	-13
0.14467	-10
0.14833	-12
0.15200	-16
0.15567	-23
0.15933	-32
0.16300	-39
0.16667	-43
0.17033	-40
0.17400	-33
0.17767	-27
0.18133	-25
0.18500	-23
0.18867	-19
0.19233	-17
0.19600	-20
0.19967	-26
0.20333	-31
0.20700	-32
0.21067	-31
0.21433	-31
0.21800	-30
0.22167	-29
0.22533	-29
0.22900	-31
0.23267	-35
0.23633	-39
0.24000	-44
0.24367	-47
0.24733	-47
0.25100	-44
0.25467	-40
0.25833	-37
0.26200	-35
0.26567	-36
0.26933	-36
0.27300	-39
0.27667	-40
0.28033	-39
0.28400	-38
0.28767	-34
0.29133	-25
0.29500	-17
0.29867	-13
0.30233	-14
0.30600	-18
0.30967	-25
0.31333	-31
0.31700	-33
0.32067	-31
0.32433	-28
0.32800	-26
0.33167	-27
0.33533	-31
0.33900	-38
0.34267	-43
0.34633	-45
0.35000	-47
0.35367	-49
0.35733	-49
0.36100	-47
0.36467	-46
0.36833	-45
0.37200	-42
0.37567	-38
0.37933	-33
0.38300	-32
0.38667	-33
0.39033	-33
0.39400	-37
0.39767	-44
0.40133	-50
0.40500	-53
0.40867	-53
0.41233	-53
0.41600	-51
0.41967	-49
0.42333	-49
0.42700	-49
0.43067	-46
0.43433	-41
0.43800	-35
0.44167	-31
0.44533	-29
0.44900	-32
0.45267	-39
0.45633	-45
0.46000	-45
0.46367	-40
0.46733	-33
0.47100	-30
0.47467	-34
0.47833	-43
0.48200	-51
0.48567	-59
0.48933	-66
0.49300	-68
0.49667	-68
0.50033	-67
0.50400	-67
0.50767	-69
0.51133	-69
0.51500	-64
0.51867	-53
0.52233	-42
0.52600	-37
0.52967	-35
0.53333	-35
0.53700	-36
0.54067	-37
0.54433	-37
0.54800	-37
0.55167	-39
0.55533	-44
0.55900	-50
0.56267	-56
0.56633	-59
0.57000	-61
0.57367	-63
0.57733	-61
0.58100	-59
0.58467	-60
0.58833	-61
0.59200	-61
0.59567	-59
0.59933	-58
0.60300	-57
0.60667	-57
0.61033	-58
0.61400	-58
0.61767	-59
0.62133	-63
0.62500	-67
0.62867	-67
0.63233	-66
0.63600	-65
0.63967	-66
0.64333	-66
0.64700	-64
0.65067	-60
0.65433	-57
0.65800	-58
0.66167	-61
0.66533	-63
0.66900	-65
0.67267	-68
0.67633	-70
0.68000	-71
0.68367	-69
0.68733	-66
0.69100	-64
0.69467	-61
0.69833	-58
0.70200	-57
0.70567	-59
0.70933	-62
0.71300	-67
0.71667	-73
0.72033	-81
0.72400	-89
0.72767	-95
0.73133	-96
0.73500	-91
0.73867	-80
0.74233	-71
0.74600	-68
0.74967	-70
0.75333	-74
0.75700	-79
0.76067	-81
0.76433	-81
0.76800	-81
0.77167	-80
0.77533	-80
0.77900	-83
0.78267	-86
0.78633	-86
0.79000	-84
0.79367	-78
0.79733	-73
0.80100	-67
0.80467	-64
0.80833	-63
0.81200	-65
0.81567	-67
0.81933	-70
0.82300	-74
0.82667	-75
0.83033	-76
0.83400	-78
0.83767	-80
0.84133	-81
0.84500	-82
0.84867	-84
0.85233	-85
0.85600	-84
0.85967	-84
0.86333	-84
0.86700	-84
0.87067	-82
0.87433	-80
0.87800	-80
0.88167	-81
0.88533	-81
0.88900	-85
0.89267	-90
0.89633	-94
0.90000	-95
0.90367	-99
0.90733	-105
0.91100	-110
0.91467	-113
0.91833	-117
0.92200	-120
0.92567	-117
0.92933	-110
0.93300	-101
0.93667	-94
0.94033	-91
0.94400	-93
0.94767	-97
0.95133	-101
0.95500	-104
0.95867	-103
0.96233	-101
0.96600	-102
0.96967	-101
0.97333	-101
0.97700	-104
0.98067	-107
0.98433	-111
0.98800	-111
0.99167	-110
0.99533	-107
0.99900	-106
1.00267	-106
1.00633	-106
1.01000	-105
1.01367	-104
1.01733	-101
1.02100	-97
1.02467	-94
1.02833	-93
1.03200	-94
1.03567	-92
1.03933	-91
1.04300	-91
1.04667	-91
1.05033	-92
1.05400	-93
1.05767	-94
1.06133	-99
1.06500	-104
1.06867	-106
1.07233	-104
1.07600	-100
1.07967	-97
1.08333	-98
1.08700	-98
1.09067	-99
1.09433	-104
1.09800	-113
1.10167	-122
1.10533	-131
1.10900	-136
1.11267	-138
1.11633	-136
1.12000	-131
1.12367	-126
1.12733	-123
1.13100	-122
1.13467	-123
1.13833	-121
1.14200	-115
1.14567	-106
1.14933	-97
1.15300	-91
1.15667	-93
1.16033	-99
1.16400	-105
1.16767	-112
1.17133	-117
1.17500	-120
1.17867	-122
1.18233	-121
1.18600	-119
1.18967	-120
1.19333	-122
1.19700	-123
1.20067	-125
1.20433	-126
1.20800	-124
1.21167	-122
1.21533	-119
1.21900	-115
1.22267	-112
1.22633	-114
1.23000	-120
1.23367	-125
1.23733	-128
1.24100	-130
1.24467	-128
1.24833	-124
1.25200	-120
1.25567	-120
1.25933	-125
1.26300	-130
1.26667	-127
1.27033	-125
1.27400	-126
1.27767	-129
1.28133	-132
1.28500	-130
1.28867	-125
1.29233	-123
1.29600	-120
1.29967	-119
1.30333	-118
1.30700	-120
1.31067	-121
1.31433	-118
1.31800	-118
1.32167	-122
1.32533	-127
1.32900	-129
1.33267	-130
1.33633	-132
1.34000	-133
1.34367	-134
1.34733	-134
1.35100	-127
1.35467	-118
1.35833	-114
1.36200	-115
1.36567	-119
1.36933	-122
1.37300	-121
1.37667	-123
1.38033	-131
1.38400	-141
1.38767	-149
1.39133	-151
1.39500	-149
1.39867	-146
1.40233	-142
1.40600	-141
1.40967	-144
1.41333	-146
1.41700	-148
1.42067	-147
1.42433	-146
1.42800	-146
1.43167	-143
1.43533	-135
1.43900	-117
1.44267	-44
1.44633	136
1.45000	374
1.45367	581
1.45733	717
1.46100	784
1.46467	803
1.46833	792
1.47200	769
1.47567	748
1.47933	725
1.48300	685
1.48667	624
1.49033	543
1.49400	459
1.49767	375
1.50133	292
1.50500	215
1.50867	148
1.51233	93
1.51600	51
1.51967	19
1.52333	-6
1.52700	-26
1.53067	-44
1.53433	-55
1.53800	-24
1.54167	187
1.54533	856
1.54900	2201
1.55267	4096
1.55633	6132
1.56000	7933
1.56367	9294
1.56733	10084
1.57100	10149
1.57467	9407
1.57833	8014
1.58200	6320
1.58567	4677
1.58933	3295
1.59300	2231
1.59667	1460
1.60033	925
1.60400	563
1.60767	324
1.61133	170
1.61500	69
1.61867	5
1.62233	-37
1.62600	-66
1.62967	-86
1.63333	-100
1.63700	-110
1.64067	-118
1.64433	-124
1.64800	-128
1.65167	-127
1.65533	-128
1.65900	-131
1.66267	-132
1.66633	-131
1.67000	-130
1.67367	-127
1.67733	-123
1.68100	-121
1.68467	-120
1.68833	-120
1.69200	-120
1.69567	-122
1.69933	-128
1.70300	-138
1.70667	-147
1.71033	-154
1.71400	-159
1.71767	-159
1.72133	-157
1.72500	-153
1.72867	-148
1.73233	-144
1.73600	-138
1.73967	-133
1.74333	-135
1.74700	-142
1.75067	-150
1.75433	-155
1.75800	-159
1.76167	-159
1.76533	-157
1.76900	-152
1.77267	-147
1.77633	-143
1.78000	-141
1.78367	-140
1.78733	-139
1.79100	-133
1.79467	-123
1.79833	-116
1.80200	-112
1.80567	-112
1.80933	-116
1.81300	-122
1.81667	-126
1.82033	-128
1.82400	-130
1.82767	-134
1.83133	-137
1.83500	-138
1.83867	-136
1.84233	-134
1.84600	-129
1.84967	-123
1.85333	-117
1.85700	-113
1.86067	-111
1.86433	-114
1.86800	-117
1.87167	-119
1.87533	-120
1.87900	-121
1.88267	-124
1.88633	-125
1.89000	-124
1.89367	-124
1.89733	-123
1.90100	-124
1.90467	-126
1.90833	-124
1.91200	-119
1.91567	-114
1.91933	-111
1.92300	-108
1.92667	-106
1.93033	-106
1.93400	-108
1.93767	-110
1.94133	-112
1.94500	-111
1.94867	-106
1.95233	-97
1.95600	-33
1.95967	407
1.96333	2723
1.96700	11910
1.97067	39579
1.97433	103611
1.97800	218614
1.98167	381819
1.98533	569180
1.98900	746898
1.99267	885175
1.99633	963421
2.00000	971131
2.00367	911137
2.00733	799127
2.01100	659042
2.01467	515327
2.01833	386096
2.02200	280411
2.02567	199717
2.02933	141020
2.03300	99681
2.03667	71156
2.04033	51677
2.04400	38409
2.04767	29328
2.05133	23044
2.05500	18627
2.05867	15458
2.06233	13130
2.06600	11376
2.06967	10020
2.07333	8944
2.07700	8074
2.08067	7358
2.08433	6762
2.08800	6256
2.09167	5818
2.09533	5434
2.09900	5092
2.10267	4785
2.10633	4508
2.11000	4255
2.11367	4024
2.11733	3816
2.12100	3633
2.12467	3472
2.12833	3324
2.13200	3185
2.13567	3049
2.13933	2918
2.14300	2798
2.14667	2687
2.15033	2585
2.15400	2492
2.15767	2407
2.16133	2329
2.16500	2258
2.16867	2192
2.17233	2131
2.17600	2071
2.17967	2007
2.18333	1943
2.18700	1884
2.19067	1827
2.19433	1773
2.19800	1726
2.20167	1680
2.20533	1634
2.20900	1590
2.21267	1547
2.21633	1505
2.22000	1465
2.22367	1430
2.22733	1399
2.23100	1368
2.23467	1338
2.23833	1311
2.24200	1287
2.24567	1262
2.24933	1237
2.25300	1212
2.25667	1184
2.26033	1158
2.26400	1133
2.26767	1109
2.27133	1087
2.27500	1067
2.27867	1049
2.28233	1030
2.28600	1011
2.28967	991
2.29333	972
2.29700	954
2.30067	937
2.30433	922
2.30800	908
2.31167	898
2.31533	889
2.31900	880
2.32267	869
2.32633	857
2.33000	842
2.33367	827
2.33733	813
2.34100	804
2.34467	798
2.34833	792
2.35200	784
2.35567	773
2.35933	758
2.36300	740
2.36667	727
2.37033	719
2.37400	714
2.37767	710
2.38133	704
2.38500	696
2.38867	688
2.39233	683
2.39600	681
2.39967	677
2.40333	672
2.40700	665
2.41067	659
2.41433	654
2.41800	648
2.42167	643
2.42533	639
2.42900	632
2.43267	623
2.43633	617
2.44000	613
2.44367	611
2.44733	609
2.45100	603
2.45467	593
2.45833	586
2.46200	583
2.46567	583
2.46933	584
2.47300	582
2.47667	578
2.48033	572
2.48400	567
2.48767	564
2.49133	562
2.49500	559
2.49867	555
2.50233	549
2.50600	542
2.50967	534
2.51333	527
2.51700	522
2.52067	515
2.52433	509
2.52800	506
2.53167	509
2.53533	513
2.53900	511
2.54267	509
2.54633	507
2.55000	502
2.55367	495
2.55733	487
2.56100	483
2.56467	483
2.56833	486
2.57200	490
2.57567	495
2.57933	495
2.58300	489
2.58667	481
2.59033	474
2.59400	467
2.59767	459
2.60133	453
2.60500	451
2.60867	451
2.61233	451
2.61600	450
2.61967	450
2.62333	453
2.62700	457
2.63067	456
2.63433	452
2.63800	446
2.64167	439
2.64533	436
2.64900	436
2.65267	438
2.65633	439
2.66000	439
2.66367	436
2.66733	434
2.67100	432
2.67467	433
2.67833	435
2.68200	437
2.68567	438
2.68933	434
2.69300	425
2.69667	416
2.70033	409
2.70400	408
2.70767	413
2.71133	422
2.71500	429
2.71867	429
2.72233	424
2.72600	421
2.72967	420
2.73333	420
2.73700	421
2.74067	421
2.74433	422
2.74800	421
2.75167	423
2.75533	423
2.75900	423
2.76267	424
2.76633	426
2.77000	426
2.77367	424
2.77733	423
2.78100	422
2.78467	424
2.78833	428
2.79200	431
2.79567	430
2.79933	429
2.80300	430
2.80667	430
2.81033	429
2.81400	428
2.81767	426
2.82133	422
2.82500	416
2.82867	412
2.83233	412
2.83600	415
2.83967	420
2.84333	423
2.84700	423
2.85067	422
2.85433	419
2.85800	413
2.86167	405
2.86533	398
2.86900	393
2.87267	391
2.87633	394
2.88000	401
2.88367	406
2.88733	410
2.89100	415
2.89467	419
2.89833	419
2.90200	415
2.90567	410
2.90933	406
2.91300	405
2.91667	404
2.92033	403
2.92400	404
2.92767	407
2.93133	409
2.93500	410
2.93867	410
2.94233	408
2.94600	408
2.94967	409
2.95333	407
2.95700	403
2.96067	395
2.96433	388
2.96800	385
2.97167	385
2.97533	387
2.97900	394
2.98267	405
2.98633	410
2.99000	410
2.99367	410
2.99733	408
3.00100	405
3.00467	399
3.00833	396
3.01200	396
3.01567	398
3.01933	399
3.02300	400
3.02667	398
3.03033	391
3.03400	382
3.03767	373
3.04133	369
3.04500	368
3.04867	365
3.05233	365
3.05600	372
3.05967	378
3.06333	381
3.06700	383
3.07067	382
3.07433	380
3.07800	379
3.08167	382
3.08533	385
3.08900	390
3.09267	396
3.09633	401
3.10000	402
3.10367	401
3.10733	397
3.11100	390
3.11467	380
3.11833	372
3.12200	369
3.12567	371
3.12933	374
3.13300	378
3.13667	380
3.14033	383
3.14400	383
3.14767	381
3.15133	378
3.15500	379
3.15867	380
3.16233	379
3.16600	373
3.16967	367
3.17333	363
3.17700	356
3.18067	351
3.18433	349
3.18800	348
3.19167	348
3.19533	351
3.19900	358
3.20267	364
3.20633	366
3.21000	364
3.21367	363
3.21733	358
3.22100	355
3.22467	353
3.22833	349
3.23200	346
3.23567	345
3.23933	344
3.24300	343
3.24667	344
3.25033	345
3.25400	345
3.25767	346
3.26133	350
3.26500	352
3.26867	352
3.27233	350
3.27600	347
3.27967	344
3.28333	344
3.28700	343
3.29067	344
3.29433	349
3.29800	352
3.30167	352
3.30533	350
3.30900	346
3.31267	341
3.31633	336
3.32000	333
3.32367	333
3.32733	332
3.33100	332
3.33467	335
3.33833	339
3.34200	340
3.34567	339
3.34933	339
3.35300	337
3.35667	336
3.36033	336
3.36400	338
3.36767	341
3.37133	344
3.37500	346
3.37867	344
3.38233	341
3.38600	339
3.38967	337
3.39333	335
3.39700	336
3.40067	336
3.40433	335
3.40800	333
3.41167	332
3.41533	329
3.41900	329
3.42267	331
3.42633	330
3.43000	327
3.43367	325
3.43733	325
3.44100	326
3.44467	325
3.44833	321
3.45200	318
3.45567	316
3.45933	315
3.46300	315
3.46667	314
3.47033	311
3.47400	310
3.47767	311
3.48133	312
3.48500	310
3.48867	307
3.49233	306
3.49600	309
3.49967	314
3.50333	320
3.50700	321
3.51067	317
3.51433	314
3.51800	311
3.52167	304
3.52533	297
3.52900	292
3.53267	289
3.53633	289
3.54000	291
3.54367	294
3.54733	296
3.55100	296
3.55467	295
3.55833	293
3.56200	293
3.56567	296
3.56933	298
3.57300	299
3.57667	298
3.58033	295
3.58400	292
3.58767	291
3.59133	293
3.59500	295
3.59867	292
3.60233	285
3.60600	280
3.60967	276
3.61333	275
3.61700	279
3.62067	286
3.62433	289
3.62800	290
3.63167	292
3.63533	295
3.63900	297
3.64267	295
3.64633	289
3.65000	283
3.65367	275
3.65733	272
3.66100	274
3.66467	281
3.66833	288
3.67200	290
3.67567	283
3.67933	275
3.68300	269
3.68667	266
3.69033	266
3.69400	267
3.69767	270
3.70133	272
3.70500	275
3.70867	278
3.71233	281
3.71600	281
3.71967	275
3.72333	267
3.72700	263
3.73067	263
3.73433	264
3.73800	264
3.74167	268
3.74533	267
3.74900	264
3.75267	264
3.75633	269
3.76000	277
3.76367	283
3.76733	280
3.77100	275
3.77467	267
3.77833	257
3.78200	248
3.78567	244
3.78933	241
3.79300	240
3.79667	239
3.80033	239
3.80400	241
3.80767	243
3.81133	244
3.81500	246
3.81867	247
3.82233	250
3.82600	254
3.82967	256
3.83333	257
3.83700	258
3.84067	254
3.84433	249
3.84800	246
3.85167	244
3.85533	244
3.85900	246
3.86267	249
3.86633	248
3.87000	250
3.87367	252
3.87733	253
3.88100	254
3.88467	255
3.88833	257
3.89200	263
3.89567	270
3.89933	271
3.90300	267
3.90667	259
3.91033	250
3.91400	239
3.91767	232
3.92133	234
3.92500	240
3.92867	247
3.93233	255
3.93600	262
3.93967	261
3.94333	254
3.94700	250
3.95067	250
3.95433	252
3.95800	251
3.96167	247
3.96533	243
3.96900	239
3.97267	236
3.97633	238
3.98000	239
3.98367	241
3.98733	244
3.99100	246
3.99467	248
3.99833	251

[Chromatogram (Ch2)]
Interval(msec)	220
# of Points	1091
Start Time(min)	0.002
End Time(min)	3.998
R.Time (min)	Intensity
0.00167	1
0.00533	1
0.00900	1
0.01267	1
0.01633	1
0.02000	1
0.02367	1
0.02733	1
0.03100	1
0.03467	1
0.03833	1
0.04200	1
0.04567	1
0.04933	1
0.05300	1
0.05667	1
0.06033	1
0.06400	1
0.06767	1
0.07133	1
0.07500	1
0.07867	1
0.08233	1
0.08600	1
0.08967	1
0.09333	1
0.09700	1
0.10067	1
0.10433	1
0.10800	1
0.11167	1
0.11533	1
0.11900	1
0.12267	2
0.12633	2
0.13000	2
0.13367	2
0.13733	2
0.14100	2
0.14467	2
0.14833	2
0.15200	2
0.15567	1
0.15933	1
0.16300	1
0.16667	1
0.17033	1
0.17400	1
0.17767	1
0.18133	1
0.18500	1
0.18867	1
0.19233	1
0.19600	1
0.19967	1
0.20333	1
0.20700	1
0.21067	1
0.21433	0
0.21800	0
0.22167	0
0.22533	0
0.22900	-0
0.23267	-0
0.23633	-0
0.24000	-0
0.24367	-0
0.24733	-0
0.25100	-0
0.25467	-1
0.25833	-1
0.26200	-1
0.26567	-1
0.26933	-1
0.27300	-2
0.27667	-2
0.28033	-2
0.28400	-2
0.28767	-2
0.29133	-2
0.29500	-2
0.29867	-2
0.30233	-2
0.30600	-2
0.30967	-3
0.31333	-3
0.31700	-3
0.32067	-3
0.32433	-3
0.32800	-3
0.33167	-3
0.33533	-2
0.33900	-2
0.34267	-2
0.34633	-2
0.35000	-2
0.35367	-2
0.35733	-1
0.36100	-1
0.36467	-0
0.36833	-0
0.37200	0
0.37567	0
0.37933	0
0.38300	1
0.38667	1
0.39033	1
0.39400	1
0.39767	1
0.40133	0
0.40500	0
0.40867	-0
0.41233	-0
0.41600	-0
0.41967	-0
0.42333	-0
0.42700	0
0.43067	0
0.43433	0
0.43800	0
0.44167	0
0.44533	0
0.44900	0
0.45267	-0
0.45633	-0
0.46000	-0
0.46367	-0
0.46733	-1
0.47100	-1
0.47467	-1
0.47833	-0
0.48200	-0
0.48567	-0
0.48933	-0
0.49300	-0
0.49667	-0
0.50033	0
0.50400	0
0.50767	0
0.51133	0
0.51500	1
0.51867	1
0.52233	1
0.52600	1
0.52967	0
0.53333	0
0.53700	0
0.54067	0
0.54433	0
0.54800	0
0.55167	-0
0.55533	-0
0.55900	-0
0.56267	-1
0.56633	-1
0.57000	-1
0.57367	-1
0.57733	-1
0.58100	-1
0.58467	-1
0.58833	-1
0.59200	-1
0.59567	-1
0.59933	-1
0.60300	-1
0.60667	-1
0.61033	-1
0.61400	-1
0.61767	-1
0.62133	-1
0.62500	-1
0.62867	-1
0.63233	-1
0.63600	-1
0.63967	-1
0.64333	-1
0.64700	-1
0.65067	-1
0.65433	-1
0.65800	-1
0.66167	-2
0.66533	-2
0.66900	-1
0.67267	-1
0.67633	-1
0.68000	-2
0.68367	-2
0.68733	-2
0.69100	-2
0.69467	-3
0.69833	-3
0.70200	-3
0.70567	-3
0.70933	-3
0.71300	-3
0.71667	-3
0.72033	-3
0.72400	-3
0.72767	-2
0.73133	-2
0.73500	-2
0.73867	-1
0.74233	-1
0.74600	-1
0.74967	-1
0.75333	-0
0.75700	-0
0.76067	-0
0.76433	-0
0.76800	-0
0.77167	-0
0.77533	-0
0.77900	-0
0.78267	-0
0.78633	-0
0.79000	-0
0.79367	-0
0.79733	0
0.80100	0
0.80467	0
0.80833	0
0.81200	0
0.81567	1
0.81933	1
0.82300	1
0.82667	1
0.83033	1
0.83400	0
0.83767	0
0.84133	-0
0.84500	-0
0.84867	0
0.85233	1
0.85600	1
0.85967	1
0.86333	0
0.86700	0
0.87067	-0
0.87433	-1
0.87800	-1
0.88167	-1
0.88533	-1
0.88900	-2
0.89267	-2
0.89633	-2
0.90000	-2
0.90367	-2
0.90733	-2
0.91100	-3
0.91467	-3
0.91833	-3
0.92200	-3
0.92567	-2
0.92933	-2
0.93300	-2
0.93667	-2
0.94033	-2
0.94400	-2
0.94767	-2
0.95133	-2
0.95500	-2
0.95867	-2
0.96233	-2
0.96600	-2
0.96967	-2
0.97333	-2
0.97700	-2
0.98067	-2
0.98433	-2
0.98800	-2
0.99167	-3
0.99533	-3
0.99900	-3
1.00267	-2
1.00633	-2
1.01000	-2
1.01367	-2
1.01733	-2
1.02100	-1
1.02467	-1
1.02833	-1
1.03200	-1
1.03567	-1
1.03933	-1
1.04300	-1
1.04667	-1
1.05033	-1
1.05400	-1
1.05767	-1
1.06133	-1
1.06500	-1
1.06867	-1
1.07233	-1
1.07600	-0
1.07967	-0
1.08333	0
1.08700	0
1.09067	0
1.09433	0
1.09800	0
1.10167	0
1.10533	0
1.10900	0
1.11267	0
1.11633	-0
1.12000	-0
1.12367	0
1.12733	-0
1.13100	-0
1.13467	-0
1.13833	-1
1.14200	-1
1.14567	-1
1.14933	-1
1.15300	-1
1.15667	-2
1.16033	-2
1.16400	-2
1.16767	-3
1.17133	-3
1.17500	-3
1.17867	-3
1.18233	-3
1.18600	-3
1.18967	-3
1.19333	-3
1.19700	-3
1.20067	-3
1.20433	-3
1.20800	-3
1.21167	-3
1.21533	-2
1.21900	-2
1.22267	-2
1.22633	-2
1.23000	-2
1.23367	-2
1.23733	-2
1.24100	-2
1.24467	-2
1.24833	-2
1.25200	-2
1.25567	-2
1.25933	-2
1.26300	-2
1.26667	-2
1.27033	-2
1.27400	-2
1.27767	-2
1.28133	-2
1.28500	-2
1.28867	-1
1.29233	-1
1.29600	-1
1.29967	-1
1.30333	-1
1.30700	-1
1.31067	-1
1.31433	-1
1.31800	-1
1.32167	-1
1.32533	-1
1.32900	-1
1.33267	-1
1.33633	-1
1.34000	-1
1.34367	-1
1.34733	-1
1.35100	-1
1.35467	-1
1.35833	-2
1.36200	-2
1.36567	-2
1.36933	-2
1.37300	-3
1.37667	-3
1.38033	-3
1.38400	-3
1.38767	-3
1.39133	-3
1.39500	-3
1.39867	-3
1.40233	-3
1.40600	-3
1.40967	-3
1.41333	-3
1.41700	-3
1.42067	-3
1.42433	-3
1.42800	-4
1.43167	-4
1.43533	-4
1.43900	-4
1.44267	-4
1.44633	-4
1.45000	-3
1.45367	-3
1.45733	-3
1.46100	-3
1.46467	-3
1.46833	-2
1.47200	-2
1.47567	-2
1.47933	-2
1.48300	-2
1.48667	-2
1.49033	-2
1.49400	-1
1.49767	-1
1.50133	-2
1.50500	-2
1.50867	-2
1.51233	-2
1.51600	-1
1.51967	-1
1.52333	-2
1.52700	-2
1.53067	-2
1.53433	-2
1.53800	-2
1.54167	-2
1.54533	-2
1.54900	-2
1.55267	-2
1.55633	-2
1.56000	-2
1.56367	-2
1.56733	-2
1.57100	-2
1.57467	-1
1.57833	-1
1.58200	-1
1.58567	-1
1.58933	-1
1.59300	-1
1.59667	-2
1.60033	-2
1.60400	-3
1.60767	-5
1.61133	-6
1.61500	-8
1.61867	-10
1.62233	-13
1.62600	-16
1.62967	-19
1.63333	-22
1.63700	-25
1.64067	-29
1.64433	-32
1.64800	-35
1.65167	-39
1.65533	-42
1.65900	-46
1.66267	-50
1.66633	-55
1.67000	-60
1.67367	-64
1.67733	-69
1.68100	-74
1.68467	-79
1.68833	-83
1.69200	-87
1.69567	-91
1.69933	-94
1.70300	-96
1.70667	-98
1.71033	-100
1.71400	-101
1.71767	-103
1.72133	-104
1.72500	-106
1.72867	-107
1.73233	-107
1.73600	-108
1.73967	-108
1.74333	-108
1.74700	-109
1.75067	-109
1.75433	-110
1.75800	-110
1.76167	-111
1.76533	-111
1.76900	-112
1.77267	-112
1.77633	-112
1.78000	-113
1.78367	-113
1.78733	-114
1.79100	-114
1.79467	-114
1.79833	-114
1.80200	-114
1.80567	-114
1.80933	-115
1.81300	-115
1.81667	-116
1.82033	-117
1.82400	-117
1.82767	-117
1.83133	-117
1.83500	-117
1.83867	-116
1.84233	-115
1.84600	-114
1.84967	-113
1.85333	-112
1.85700	-112
1.86067	-111
1.86433	-111
1.86800	-111
1.87167	-111
1.87533	-111
1.87900	-111
1.88267	-112
1.88633	-112
1.89000	-113
1.89367	-113
1.89733	-114
1.90100	-115
1.90467	-115
1.90833	-115
1.91200	-115
1.91567	-115
1.91933	-115
1.92300	-115
1.92667	-115
1.93033	-114
1.93400	-113
1.93767	-112
1.94133	-111
1.94500	-110
1.94867	-110
1.95233	-109
1.95600	-109
1.95967	-110
1.96333	-110
1.96700	-111
1.97067	-111
1.97433	-112
1.97800	-112
1.98167	-112
1.98533	-111
1.98900	-111
1.99267	-110
1.99633	-110
2.00000	-109
2.00367	-109
2.00733	-109
2.01100	-108
2.01467	-108
2.01833	-108
2.02200	-108
2.02567	-108
2.02933	-108
2.03300	-108
2.03667	-108
2.04033	-107
2.04400	-106
2.04767	-105
2.05133	-105
2.05500	-104
2.05867	-104
2.06233	-104
2.06600	-104
2.06967	-104
2.07333	-104
2.07700	-104
2.08067	-104
2.08433	-104
2.08800	-103
2.09167	-103
2.09533	-102
2.09900	-102
2.10267	-102
2.10633	-102
2.11000	-102
2.11367	-102
2.11733	-101
2.12100	-101
2.12467	-101
2.12833	-100
2.13200	-99
2.13567	-99
2.13933	-98
2.14300	-98
2.14667	-98
2.15033	-97
2.15400	-97
2.15767	-96
2.16133	-96
2.16500	-96
2.16867	-95
2.17233	-95
2.17600	-95
2.17967	-95
2.18333	-95
2.18700	-95
2.19067	-95
2.19433	-95
2.19800	-95
2.20167	-95
2.20533	-94
2.20900	-94
2.21267	-93
2.21633	-93
2.22000	-92
2.22367	-92
2.22733	-91
2.23100	-91
2.23467	-90
2.23833	-89
2.24200	-89
2.24567	-88
2.24933	-88
2.25300	-88
2.25667	-88
2.26033	-88
2.26400	-88
2.26767	-87
2.27133	-87
2.27500	-87
2.27867	-87
2.28233	-88
2.28600	-89
2.28967	-90
2.29333	-90
2.29700	-90
2.30067	-90
2.30433	-89
2.30800	-88
2.31167	-87
2.31533	-86
2.31900	-85
2.32267	-85
2.32633	-84
2.33000	-83
2.33367	-82
2.33733	-82
2.34100	-81
2.34467	-80
2.34833	-79
2.35200	-78
2.35567	-76
2.35933	-75
2.36300	-74
2.36667	-73
2.37033	-71
2.37400	-70
2.37767	-68
2.38133	-65
2.38500	-62
2.38867	-59
2.39233	-56
2.39600	-52
2.39967	-49
2.40333	-45
2.40700	-42
2.41067	-38
2.41433	-34
2.41800	-31
2.42167	-28
2.42533	-25
2.42900	-23
2.43267	-21
2.43633	-19
2.44000	-17
2.44367	-15
2.44733	-13
2.45100	-11
2.45467	-9
2.45833	-8
2.46200	-6
2.46567	-4
2.46933	-2
2.47300	-0
2.47667	1
2.48033	2
2.48400	3
2.48767	3
2.49133	4
2.49500	5
2.49867	7
2.50233	8
2.50600	9
2.50967	10
2.51333	10
2.51700	11
2.52067	11
2.52433	12
2.52800	12
2.53167	13
2.53533	13
2.53900	14
2.54267	14
2.54633	15
2.55000	15
2.55367	15
2.55733	15
2.56100	15
2.56467	15
2.56833	15
2.57200	15
2.57567	15
2.57933	16
2.58300	16
2.58667	17
2.59033	17
2.59400	18
2.59767	18
2.60133	18
2.60500	18
2.60867	18
2.61233	19
2.61600	19
2.61967	19
2.62333	19
2.62700	19
2.63067	19
2.63433	19
2.63800	19
2.64167	19
2.64533	20
2.64900	20
2.65267	21
2.65633	21
2.66000	21
2.66367	22
2.66733	22
2.67100	22
2.67467	22
2.67833	22
2.68200	22
2.68567	21
2.68933	21
2.69300	21
2.69667	21
2.70033	21
2.70400	21
2.70767	21
2.71133	21
2.71500	22
2.71867	22
2.72233	22
2.72600	23
2.72967	23
2.73333	23
2.73700	23
2.74067	24
2.74433	23
2.74800	23
2.75167	23
2.75533	23
2.75900	22
2.76267	22
2.76633	23
2.77000	23
2.77367	23
2.77733	23
2.78100	24
2.78467	24
2.78833	24
2.79200	25
2.79567	25
2.79933	26
2.80300	26
2.80667	26
2.81033	26
2.81400	26
2.81767	26
2.82133	25
2.82500	25
2.82867	25
2.83233	25
2.83600	25
2.83967	25
2.84333	25
2.84700	24
2.85067	23
2.85433	21
2.85800	16
2.86167	9
2.86533	-1
2.86900	-16
2.87267	-34
2.87633	-58
2.88000	-86
2.88367	-120
2.88733	-160
2.89100	-204
2.89467	-254
2.89833	-308
2.90200	-367
2.90567	-430
2.90933	-496
2.91300	-566
2.91667	-639
2.92033	-715
2.92400	-794
2.92767	-875
2.93133	-958
2.93500	-1043
2.93867	-1130
2.94233	-1219
2.94600	-1310
2.94967	-1397
2.95333	-1470
2.95700	-1515
2.96067	-1527
2.96433	-1502
2.96800	-1446
2.97167	-1366
2.97533	-1269
2.97900	-1162
2.98267	-1051
2.98633	-941
2.99000	-836
2.99367	-737
2.99733	-646
3.00100	-563
3.00467	-488
3.00833	-422
3.01200	-363
3.01567	-312
3.01933	-267
3.02300	-228
3.02667	-194
3.03033	-165
3.03400	-140
3.03767	-118
3.04133	-99
3.04500	-83
3.04867	-70
3.05233	-58
3.05600	-48
3.05967	-40
3.06333	-33
3.06700	-27
3.07067	-22
3.07433	-17
3.07800	-13
3.08167	-10
3.08533	-7
3.08900	-5
3.09267	-3
3.09633	-1
3.10000	1
3.10367	2
3.10733	3
3.11100	5
3.11467	6
3.11833	7
3.12200	7
3.12567	8
3.12933	9
3.13300	9
3.13667	10
3.14033	10
3.14400	11
3.14767	12
3.15133	12
3.15500	13
3.15867	13
3.16233	13
3.16600	14
3.16967	14
3.17333	14
3.17700	15
3.18067	16
3.18433	16
3.18800	16
3.19167	17
3.19533	17
3.19900	17
3.20267	18
3.20633	18
3.21000	18
3.21367	19
3.21733	19
3.22100	19
3.22467	19
3.22833	19
3.23200	20
3.23567	20
3.23933	20
3.24300	20
3.24667	21
3.25033	21
3.25400	21
3.25767	21
3.26133	21
3.26500	21
3.26867	21
3.27233	21
3.27600	21
3.27967	21
3.28333	21
3.28700	21
3.29067	21
3.29433	21
3.29800	22
3.30167	22
3.30533	22
3.30900	22
3.31267	22
3.31633	23
3.32000	23
3.32367	23
3.32733	23
3.33100	23
3.33467	23
3.33833	23
3.34200	23
3.34567	23
3.34933	23
3.35300	23
3.35667	23
3.36033	23
3.36400	23
3.36767	23
3.37133	24
3.37500	24
3.37867	24
3.38233	25
3.38600	25
3.38967	25
3.39333	26
3.39700	26
3.40067	26
3.40433	26
3.40800	26
3.41167	26
3.41533	26
3.41900	27
3.42267	27
3.42633	27
3.43000	27
3.43367	27
3.43733	27
3.44100	27
3.44467	27
3.44833	27
3.45200	27
3.45567	27
3.45933	26
3.46300	26
3.46667	26
3.47033	26
3.47400	26
3.47767	26
3.48133	26
3.48500	26
3.48867	26
3.49233	26
3.49600	26
3.49967	26
3.50333	26
3.50700	26
3.51067	26
3.51433	26
3.51800	26
3.52167	26
3.52533	26
3.52900	26
3.53267	26
3.53633	26
3.54000	26
3.54367	26
3.54733	26
3.55100	26
3.55467	26
3.55833	26
3.56200	26
3.56567	26
3.56933	26
3.57300	26
3.57667	26
3.58033	25
3.58400	26
3.58767	26
3.59133	26
3.59500	26
3.59867	26
3.60233	25
3.60600	25
3.60967	25
3.61333	25
3.61700	25
3.62067	24
3.62433	24
3.62800	24
3.63167	24
3.63533	25
3.63900	25
3.64267	25
3.64633	25
3.65000	25
3.65367	25
3.65733	25
3.66100	25
3.66467	26
3.66833	26
3.67200	26
3.67567	26
3.67933	26
3.68300	26
3.68667	26
3.69033	26
3.69400	26
3.69767	26
3.70133	26
3.70500	26
3.70867	26
3.71233	26
3.71600	26
3.71967	26
3.72333	26
3.72700	26
3.73067	26
3.73433	26
3.73800	26
3.74167	26
3.74533	26
3.74900	25
3.75267	25
3.75633	25
3.76000	26
3.76367	26
3.76733	26
3.77100	26
3.77467	26
3.77833	26
3.78200	26
3.78567	26
3.78933	26
3.79300	26
3.79667	26
3.80033	26
3.80400	26
3.80767	26
3.81133	25
3.81500	25
3.81867	25
3.82233	24
3.82600	24
3.82967	24
3.83333	24
3.83700	24
3.84067	24
3.84433	24
3.84800	24
3.85167	24
3.85533	24
3.85900	24
3.86267	24
3.86633	24
3.87000	24
3.87367	24
3.87733	24
3.88100	24
3.88467	24
3.88833	24
3.89200	24
3.89567	24
3.89933	24
3.90300	24
3.90667	25
3.91033	25
3.91400	25
3.91767	25
3.92133	25
3.92500	25
3.92867	26
3.93233	26
3.93600	26
3.93967	26
3.94333	26
3.94700	26
3.95067	26
3.95433	26
3.95800	25
3.96167	25
3.96533	25
3.96900	25
3.97267	25
3.97633	25
3.98000	25
3.98367	25
3.98733	26
3.99100	26
3.99467	26
3.99833	26

[Chromatogram (Ch3)]
Interval(msec)	220
# of Points	1091
Start Time(min)	0.002
End Time(min)	3.998
R.Time (min)	Intensity
0.00167	-1
0.00533	-1
0.00900	0
0.01267	3
0.01633	3
0.02000	5
0.02367	4
0.02733	4
0.03100	5
0.03467	4
0.03833	4
0.04200	6
0.04567	5
0.04933	2
0.05300	3
0.05667	5
0.06033	7
0.06400	7
0.06767	8
0.07133	9
0.07500	9
0.07867	12
0.08233	13
0.08600	12
0.08967	11
0.09333	9
0.09700	9
0.10067	6
0.10433	2
0.10800	-0
0.11167	-1
0.11533	-0
0.11900	1
0.12267	4
0.12633	6
0.13000	6
0.13367	6
0.13733	5
0.14100	6
0.14467	5
0.14833	6
0.15200	6
0.15567	8
0.15933	8
0.16300	7
0.16667	6
0.17033	4
0.17400	4
0.17767	6
0.18133	6
0.18500	6
0.18867	9
0.19233	9
0.19600	10
0.19967	12
0.20333	11
0.20700	8
0.21067	3
0.21433	1
0.21800	3
0.22167	3
0.22533	3
0.22900	4
0.23267	7
0.23633	11
0.24000	12
0.24367	11
0.24733	12
0.25100	12
0.25467	11
0.25833	9
0.26200	8
0.26567	6
0.26933	3
0.27300	3
0.27667	5
0.28033	6
0.28400	9
0.28767	9
0.29133	9
0.29500	10
0.29867	8
0.30233	5
0.30600	5
0.30967	7
0.31333	8
0.31700	9
0.32067	10
0.32433	10
0.32800	12
0.33167	13
0.33533	11
0.33900	10
0.34267	12
0.34633	10
0.35000	11
0.35367	11
0.35733	12
0.36100	11
0.36467	11
0.36833	9
0.37200	11
0.37567	14
0.37933	14
0.38300	12
0.38667	12
0.39033	13
0.39400	13
0.39767	15
0.40133	16
0.40500	15
0.40867	14
0.41233	12
0.41600	11
0.41967	11
0.42333	12
0.42700	14
0.43067	16
0.43433	16
0.43800	12
0.44167	9
0.44533	7
0.44900	7
0.45267	9
0.45633	10
0.46000	9
0.46367	11
0.46733	12
0.47100	10
0.47467	10
0.47833	10
0.48200	10
0.48567	9
0.48933	9
0.49300	10
0.49667	10
0.50033	10
0.50400	11
0.50767	11
0.51133	10
0.51500	8
0.51867	7
0.52233	7
0.52600	5
0.52967	5
0.53333	7
0.53700	8
0.54067	8
0.54433	10
0.54800	9
0.55167	11
0.55533	12
0.55900	12
0.56267	11
0.56633	9
0.57000	8
0.57367	6
0.57733	3
0.58100	3
0.58467	2
0.58833	4
0.59200	6
0.59567	7
0.59933	8
0.60300	8
0.60667	6
0.61033	6
0.61400	6
0.61767	6
0.62133	9
0.62500	11
0.62867	13
0.63233	13
0.63600	12
0.63967	11
0.64333	8
0.64700	9
0.65067	9
0.65433	10
0.65800	10
0.66167	10
0.66533	10
0.66900	9
0.67267	9
0.67633	11
0.68000	11
0.68367	10
0.68733	6
0.69100	4
0.69467	4
0.69833	7
0.70200	9
0.70567	10
0.70933	8
0.71300	6
0.71667	5
0.72033	5
0.72400	2
0.72767	-0
0.73133	-0
0.73500	0
0.73867	1
0.74233	3
0.74600	5
0.74967	6
0.75333	3
0.75700	5
0.76067	8
0.76433	9
0.76800	8
0.77167	6
0.77533	4
0.77900	2
0.78267	1
0.78633	-1
0.79000	-2
0.79367	-2
0.79733	1
0.80100	1
0.80467	1
0.80833	1
0.81200	2
0.81567	4
0.81933	7
0.82300	8
0.82667	7
0.83033	6
0.83400	6
0.83767	4
0.84133	1
0.84500	-1
0.84867	-4
0.85233	-5
0.85600	-4
0.85967	-2
0.86333	-0
0.86700	-1
0.87067	-1
0.87433	-0
0.87800	-1
0.88167	-1
0.88533	-1
0.88900	1
0.89267	3
0.89633	4
0.90000	4
0.90367	2
0.90733	2
0.91100	3
0.91467	6
0.91833	6
0.92200	6
0.92567	8
0.92933	11
0.93300	10
0.93667	6
0.94033	5
0.94400	6
0.94767	6
0.95133	5
0.95500	5
0.95867	2
0.96233	-2
0.96600	-4
0.96967	-3
0.97333	-1
0.97700	0
0.98067	1
0.98433	1
0.98800	-1
0.99167	-2
0.99533	-3
0.99900	-3
1.00267	-4
1.00633	-5
1.01000	-6
1.01367	-6
1.01733	-7
1.02100	-8
1.02467	-7
1.02833	-6
1.03200	-2
1.03567	-2
1.03933	-2
1.04300	-1
1.04667	-1
1.05033	1
1.05400	3
1.05767	3
1.06133	2
1.06500	2
1.06867	3
1.07233	3
1.07600	2
1.07967	1
1.08333	-2
1.08700	-2
1.09067	-2
1.09433	-2
1.09800	-1
1.10167	2
1.10533	3
1.10900	3
1.11267	4
1.11633	3
1.12000	1
1.12367	-1
1.12733	-3
1.13100	-4
1.13467	-5
1.13833	-5
1.14200	-4
1.14567	-3
1.14933	1
1.15300	4
1.15667	7
1.16033	5
1.16400	1
1.16767	-1
1.17133	-1
1.17500	-0
1.17867	1
1.18233	2
1.18600	2
1.18967	3
1.19333	3
1.19700	3
1.20067	4
1.20433	6
1.20800	5
1.21167	5
1.21533	5
1.21900	3
1.22267	3
1.22633	3
1.23000	3
1.23367	1
1.23733	-1
1.24100	-1
1.24467	-2
1.24833	-4
1.25200	-4
1.25567	-3
1.25933	-1
1.26300	1
1.26667	2
1.27033	2
1.27400	-1
1.27767	-2
1.28133	-2
1.28500	-2
1.28867	-2
1.29233	-4
1.29600	-6
1.29967	-7
1.30333	-2
1.30700	1
1.31067	3
1.31433	4
1.31800	1
1.32167	-1
1.32533	-3
1.32900	-2
1.33267	-3
1.33633	-4
1.34000	-5
1.34367	-4
1.34733	-2
1.35100	-2
1.35467	-0
1.35833	2
1.36200	3
1.36567	3
1.36933	1
1.37300	-2
1.37667	-6
1.38033	-7
1.38400	-8
1.38767	-11
1.39133	-10
1.39500	-8
1.39867	-7
1.40233	-5
1.40600	-4
1.40967	-2
1.41333	1
1.41700	2
1.42067	1
1.42433	0
1.42800	0
1.43167	1
1.43533	1
1.43900	-1
1.44267	-0
1.44633	-1
1.45000	-2
1.45367	-4
1.45733	-7
1.46100	-6
1.46467	-4
1.46833	-3
1.47200	-2
1.47567	-2
1.47933	-0
1.48300	-1
1.48667	-3
1.49033	-4
1.49400	-6
1.49767	-9
1.50133	-10
1.50500	-10
1.50867	-9
1.51233	-10
1.51600	-10
1.51967	-7
1.52333	-6
1.52700	-8
1.53067	-8
1.53433	-6
1.53800	-6
1.54167	-7
1.54533	-6
1.54900	-6
1.55267	-5
1.55633	-6
1.56000	-7
1.56367	-6
1.56733	-4
1.57100	-3
1.57467	-4
1.57833	-5
1.58200	-4
1.58567	-2
1.58933	-3
1.59300	-4
1.59667	-3
1.60033	-2
1.60400	-3
1.60767	-4
1.61133	-4
1.61500	-3
1.61867	-3
1.62233	-2
1.62600	-3
1.62967	-3
1.63333	-1
1.63700	0
1.64067	-0
1.64433	-3
1.64800	-2
1.65167	-0
1.65533	-0
1.65900	2
1.66267	5
1.66633	6
1.67000	7
1.67367	7
1.67733	8
1.68100	9
1.68467	8
1.68833	8
1.69200	8
1.69567	7
1.69933	7
1.70300	8
1.70667	11
1.71033	13
1.71400	12
1.71767	11
1.72133	9
1.72500	10
1.72867	12
1.73233	14
1.73600	15
1.73967	11
1.74333	11
1.74700	10
1.75067	10
1.75433	11
1.75800	12
1.76167	12
1.76533	12
1.76900	11
1.77267	12
1.77633	10
1.78000	12
1.78367	16
1.78733	17
1.79100	14
1.79467	12
1.79833	13
1.80200	15
1.80567	19
1.80933	19
1.81300	20
1.81667	23
1.82033	23
1.82400	22
1.82767	24
1.83133	24
1.83500	23
1.83867	24
1.84233	24
1.84600	24
1.84967	24
1.85333	24
1.85700	26
1.86067	28
1.86433	29
1.86800	28
1.87167	29
1.87533	30
1.87900	30
1.88267	30
1.88633	32
1.89000	36
1.89367	39
1.89733	39
1.90100	37
1.90467	38
1.90833	37
1.91200	38
1.91567	39
1.91933	40
1.92300	41
1.92667	42
1.93033	44
1.93400	44
1.93767	46
1.94133	49
1.94500	50
1.94867	53
1.95233	57
1.95600	56
1.95967	53
1.96333	52
1.96700	50
1.97067	49
1.97433	50
1.97800	52
1.98167	55
1.98533	58
1.98900	60
1.99267	62
1.99633	63
2.00000	65
2.00367	66
2.00733	65
2.01100	66
2.01467	67
2.01833	68
2.02200	70
2.02567	71
2.02933	70
2.03300	73
2.03667	74
2.04033	76
2.04400	76
2.04767	78
2.05133	81
2.05500	83
2.05867	84
2.06233	84
2.06600	85
2.06967	86
2.07333	86
2.07700	85
2.08067	84
2.08433	85
2.08800	89
2.09167	94
2.09533	100
2.09900	103
2.10267	104
2.10633	103
2.11000	102
2.11367	100
2.11733	100
2.12100	100
2.12467	102
2.12833	105
2.13200	105
2.13567	106
2.13933	109
2.14300	111
2.14667	114
2.15033	115
2.15400	115
2.15767	115
2.16133	116
2.16500	116
2.16867	118
2.17233	119
2.17600	121
2.17967	123
2.18333	127
2.18700	130
2.19067	133
2.19433	133
2.19800	136
2.20167	137
2.20533	137
2.20900	137
2.21267	138
2.21633	141
2.22000	142
2.22367	143
2.22733	145
2.23100	147
2.23467	147
2.23833	149
2.24200	151
2.24567	153
2.24933	153
2.25300	151
2.25667	151
2.26033	154
2.26400	158
2.26767	163
2.27133	166
2.27500	167
2.27867	166
2.28233	166
2.28600	168
2.28967	168
2.29333	168
2.29700	170
2.30067	171
2.30433	170
2.30800	171
2.31167	174
2.31533	177
2.31900	178
2.32267	178
2.32633	180
2.33000	182
2.33367	185
2.33733	189
2.34100	190
2.34467	190
2.34833	192
2.35200	195
2.35567	200
2.35933	205
2.36300	207
2.36667	207
2.37033	207
2.37400	209
2.37767	209
2.38133	208
2.38500	207
2.38867	211
2.39233	215
2.39600	214
2.39967	212
2.40333	211
2.40700	213
2.41067	217
2.41433	220
2.41800	221
2.42167	222
2.42533	224
2.42900	226
2.43267	228
2.43633	234
2.44000	238
2.44367	263
2.44733	316
2.45100	370
2.45467	403
2.45833	414
2.46200	417
2.46567	420
2.46933	416
2.47300	407
2.47667	393
2.48033	377
2.48400	368
2.48767	370
2.49133	377
2.49500	389
2.49867	405
2.50233	418
2.50600	427
2.50967	432
2.51333	430
2.51700	425
2.52067	418
2.52433	410
2.52800	405
2.53167	402
2.53533	402
2.53900	404
2.54267	409
2.54633	417
2.55000	426
2.55367	436
2.55733	449
2.56100	461
2.56467	471
2.56833	480
2.57200	488
2.57567	493
2.57933	497
2.58300	501
2.58667	500
2.59033	499
2.59400	499
2.59767	497
2.60133	494
2.60500	487
2.60867	474
2.61233	453
2.61600	425
2.61967	395
2.62333	366
2.62700	336
2.63067	303
2.63433	272
2.63800	247
2.64167	229
2.64533	214
2.64900	204
2.65267	200
2.65633	199
2.66000	200
2.66367	202
2.66733	207
2.67100	215
2.67467	224
2.67833	234
2.68200	243
2.68567	251
2.68933	259
2.69300	267
2.69667	276
2.70033	283
2.70400	288
2.70767	293
2.71133	300
2.71500	311
2.71867	318
2.72233	322
2.72600	324
2.72967	325
2.73333	331
2.73700	336
2.74067	343
2.74433	348
2.74800	353
2.75167	352
2.75533	354
2.75900	355
2.76267	355
2.76633	357
2.77000	360
2.77367	361
2.77733	361
2.78100	362
2.78467	363
2.78833	363
2.79200	362
2.79567	359
2.79933	358
2.80300	357
2.80667	356
2.81033	356
2.81400	355
2.81767	352
2.82133	352
2.82500	361
2.82867	389
2.83233	462
2.83600	624
2.83967	935
2.84333	1471
2.84700	2301
2.85067	3466
2.85433	4965
2.85800	6750
2.86167	8722
2.86533	10734
2.86900	12628
2.87267	14253
2.87633	15486
2.88000	16254
2.88367	16542
2.88733	16382
2.89100	15852
2.89467	15043
2.89833	14038
2.90200	12922
2.90567	11770
2.90933	10628
2.91300	9532
2.91667	8500
2.92033	7546
2.92400	6676
2.92767	5894
2.93133	5196
2.93500	4573
2.93867	4024
2.94233	3541
2.94600	3117
2.94967	2745
2.95333	2422
2.95700	2139
2.96067	1892
2.96433	1680
2.96800	1501
2.97167	1347
2.97533	1216
2.97900	1102
2.98267	1003
2.98633	912
2.99000	836
2.99367	773
2.99733	718
3.00100	671
3.00467	629
3.00833	593
3.01200	564
3.01567	539
3.01933	519
3.02300	500
3.02667	483
3.03033	471
3.03400	459
3.03767	448
3.04133	440
3.04500	436
3.04867	432
3.05233	426
3.05600	425
3.05967	424
3.06333	423
3.06700	418
3.07067	415
3.07433	412
3.07800	408
3.08167	407
3.08533	407
3.08900	407
3.09267	403
3.09633	397
3.10000	394
3.10367	393
3.10733	394
3.11100	393
3.11467	392
3.11833	393
3.12200	396
3.12567	397
3.12933	399
3.13300	401
3.13667	401
3.14033	402
3.14400	405
3.14767	406
3.15133	403
3.15500	400
3.15867	398
3.16233	399
3.16600	397
3.16967	397
3.17333	396
3.17700	391
3.18067	392
3.18433	391
3.18800	391
3.19167	393
3.19533	392
3.19900	390
3.20267	388
3.20633	386
3.21000	384
3.21367	383
3.21733	383
3.22100	384
3.22467	385
3.22833	385
3.23200	385
3.23567	385
3.23933	381
3.24300	376
3.24667	372
3.25033	369
3.25400	367
3.25767	368
3.26133	369
3.26500	369
3.26867	367
3.27233	367
3.27600	365
3.27967	362
3.28333	358
3.28700	353
3.29067	349
3.29433	346
3.29800	344
3.30167	342
3.30533	339
3.30900	337
3.31267	334
3.31633	333
3.32000	333
3.32367	330
3.32733	325
3.33100	321
3.33467	318
3.33833	317
3.34200	317
3.34567	315
3.34933	314
3.35300	312
3.35667	311
3.36033	310
3.36400	309
3.36767	304
3.37133	300
3.37500	298
3.37867	297
3.38233	295
3.38600	293
3.38967	290
3.39333	286
3.39700	284
3.40067	280
3.40433	276
3.40800	274
3.41167	270
3.41533	267
3.41900	266
3.42267	264
3.42633	262
3.43000	264
3.43367	264
3.43733	264
3.44100	263
3.44467	262
3.44833	261
3.45200	261
3.45567	258
3.45933	256
3.46300	255
3.46667	253
3.47033	250
3.47400	246
3.47767	243
3.48133	243
3.48500	247
3.48867	248
3.49233	246
3.49600	245
3.49967	245
3.50333	243
3.50700	241
3.51067	238
3.51433	238
3.51800	238
3.52167	238
3.52533	238
3.52900	236
3.53267	233
3.53633	229
3.54000	226
3.54367	225
3.54733	224
3.55100	226
3.55467	227
3.55833	226
3.56200	225
3.56567	225
3.56933	224
3.57300	224
3.57667	222
3.58033	220
3.58400	217
3.58767	217
3.59133	219
3.59500	219
3.59867	217
3.60233	216
3.60600	216
3.60967	213
3.61333	210
3.61700	208
3.62067	206
3.62433	205
3.62800	207
3.63167	208
3.63533	209
3.63900	206
3.64267	204
3.64633	205
3.65000	206
3.65367	208
3.65733	208
3.66100	205
3.66467	204
3.66833	201
3.67200	196
3.67567	193
3.67933	191
3.68300	191
3.68667	193
3.69033	196
3.69400	198
3.69767	194
3.70133	192
3.70500	191
3.70867	193
3.71233	195
3.71600	195
3.71967	195
3.72333	194
3.72700	194
3.73067	193
3.73433	195
3.73800	192
3.74167	189
3.74533	189
3.74900	188
3.75267	185
3.75633	182
3.76000	180
3.76367	181
3.76733	182
3.77100	184
3.77467	186
3.77833	185
3.78200	183
3.78567	180
3.78933	178
3.79300	177
3.79667	177
3.80033	178
3.80400	180
3.80767	179
3.81133	177
3.81500	177
3.81867	177
3.82233	179
3.82600	180
3.82967	179
3.83333	179
3.83700	179
3.84067	181
3.84433	181
3.84800	178
3.85167	175
3.85533	175
3.85900	174
3.86267	177
3.86633	179
3.87000	181
3.87367	182
3.87733	182
3.88100	181
3.88467	181
3.88833	180
3.89200	180
3.89567	179
3.89933	177
3.90300	175
3.90667	176
3.91033	179
3.91400	179
3.91767	177
3.92133	176
3.92500	175
3.92867	175
3.93233	177
3.93600	177
3.93967	177
3.94333	177
3.94700	174
3.95067	170
3.95433	170
3.95800	169
3.96167	167
3.96533	166
3.96900	166
3.97267	169
3.97633	171
3.98000	172
3.98367	173
3.98733	174
3.99100	176
3.99467	178
3.99833	177

[Status Trace (Column Oven Temperature)]
Interval(msec)	1000
# of Points	240
Start Time(min)	0.015
End Time(min)	3.999
Intensity Units	
Intensity Multiplier	1
R.Time (min)	Intensity
0.01522	35.02
0.03188	35.02
0.04855	35.02
0.06522	35.01
0.08188	35.02
0.09855	35.01
0.11522	35.01
0.13188	35.00
0.14855	34.99
0.16522	34.98
0.18188	34.98
0.19855	34.98
0.21522	34.98
0.23188	34.99
0.24855	34.99
0.26522	35.00
0.28188	35.00
0.29855	35.01
0.31522	35.02
0.33188	35.02
0.34855	35.01
0.36522	35.00
0.38188	34.99
0.39855	34.98
0.41522	34.98
0.43188	34.98
0.44855	34.98
0.46522	34.98
0.48188	34.98
0.49855	34.97
0.51522	34.98
0.53188	34.97
0.54855	34.98
0.56522	34.98
0.58188	34.98
0.59855	34.98
0.61522	34.98
0.63188	34.98
0.64855	34.99
0.66522	34.99
0.68188	35.00
0.69855	35.01
0.71522	35.01
0.73188	35.01
0.74855	35.01
0.76522	35.00
0.78188	34.99
0.79855	34.98
0.81522	34.98
0.83188	34.97
0.84855	34.97
0.86522	34.97
0.88188	34.98
0.89855	34.99
0.91522	34.99
0.93188	34.99
0.94855	34.99
0.96522	34.99
0.98188	34.99
0.99855	34.99
1.01522	34.99
1.03188	34.99
1.04855	35.00
1.06522	34.99
1.08188	34.99
1.09855	34.98
1.11522	34.98
1.13188	34.99
1.14855	34.98
1.16522	35.00
1.18188	35.00
1.19855	35.00
1.21522	35.01
1.23188	35.00
1.24855	35.00
1.26522	35.00
1.28188	35.00
1.29855	35.00
1.31522	34.98
1.33188	34.98
1.34855	34.99
1.36522	35.00
1.38188	35.00
1.39855	35.00
1.41522	35.01
1.43188	35.02
1.44855	35.02
1.46522	35.02
1.48188	35.02
1.49855	35.01
1.51522	35.00
1.53188	35.00
1.54855	35.01
1.56522	35.01
1.58188	35.00
1.59855	35.02
1.61522	35.10
1.63188	35.25
1.64855	35.46
1.66522	35.74
1.68188	36.10
1.69855	36.45
1.71522	36.80
1.73188	37.14
1.74855	37.48
1.76522	37.82
1.78188	38.15
1.79855	38.48
1.81522	38.83
1.83188	39.15
1.84855	39.46
1.86522	39.78
1.88188	40.11
1.89855	40.44
1.91522	40.78
1.93188	41.10
1.94855	41.42
1.96522	41.76
1.98188	42.09
1.99855	42.40
2.01522	42.73
2.03188	43.05
2.04855	43.37
2.06522	43.70
2.08188	44.02
2.09855	44.35
2.11522	44.68
2.13188	45.01
2.14855	45.34
2.16522	45.67
2.18188	45.98
2.19855	46.32
2.21522	46.66
2.23188	46.97
2.24855	47.31
2.26522	47.62
2.28188	48.01
2.29855	48.34
2.31522	48.67
2.33188	48.99
2.34855	49.27
2.36522	49.53
2.38188	49.69
2.39855	49.73
2.41522	49.72
2.43188	49.74
2.44855	49.74
2.46522	49.73
2.48188	49.76
2.49855	49.75
2.51522	49.77
2.53188	49.77
2.54855	49.79
2.56522	49.80
2.58188	49.80
2.59855	49.81
2.61522	49.82
2.63188	49.82
2.64855	49.82
2.66522	49.82
2.68188	49.83
2.69855	49.85
2.71522	49.85
2.73188	49.85
2.74855	49.85
2.76522	49.86
2.78188	49.85
2.79855	49.85
2.81522	49.86
2.83188	49.88
2.84855	49.89
2.86522	49.90
2.88188	49.90
2.89855	49.90
2.91522	49.92
2.93188	49.92
2.94855	49.93
2.96522	49.95
2.98188	49.96
2.99855	49.98
3.01522	49.98
3.03188	49.98
3.04855	49.98
3.06522	49.99
3.08188	50.01
3.09855	50.02
3.11522	50.02
3.13188	50.03
3.14855	50.04
3.16522	50.03
3.18188	50.04
3.19855	50.05
3.21522	50.05
3.23188	50.06
3.24855	50.07
3.26522	50.08
3.28188	50.09
3.29855	50.09
3.31522	50.10
3.33188	50.11
3.34855	50.11
3.36522	50.10
3.38188	50.09
3.39855	50.08
3.41522	50.06
3.43188	50.05
3.44855	50.04
3.46522	50.03
3.48188	50.03
3.49855	50.03
3.51522	50.03
3.53188	50.03
3.54855	50.03
3.56522	50.03
3.58188	50.03
3.59855	50.03
3.61522	50.04
3.63188	50.05
3.64855	50.05
3.66522	50.06
3.68188	50.06
3.69855	50.06
3.71522	50.06
3.73188	50.07
3.74855	50.07
3.76522	50.06
3.78188	50.07
3.79855	50.08
3.81522	50.08
3.83188	50.09
3.84855	50.09
3.86522	50.09
3.88188	50.09
3.89855	50.09
3.91522	50.08
3.93188	50.08
3.94855	50.09
3.96522	50.08
3.98188	50.08
3.99855	50.07

[Status Trace (Injection Unit Temperature)]
Interval(msec)	1000
# of Points	240
Start Time(min)	0.015
End Time(min)	3.999
Intensity Units	
Intensity Multiplier	1
R.Time (min)	Intensity
0.01522	99.98
0.03188	99.98
0.04855	99.99
0.06522	99.98
0.08188	99.98
0.09855	99.99
0.11522	99.98
0.13188	99.99
0.14855	99.98
0.16522	99.99
0.18188	99.99
0.19855	99.99
0.21522	99.98
0.23188	99.99
0.24855	99.99
0.26522	99.99
0.28188	99.99
0.29855	99.99
0.31522	99.99
0.33188	99.99
0.34855	99.99
0.36522	99.99
0.38188	99.99
0.39855	99.99
0.41522	99.99
0.43188	99.99
0.44855	99.99
0.46522	99.98
0.48188	99.99
0.49855	99.99
0.51522	99.99
0.53188	99.99
0.54855	99.99
0.56522	99.99
0.58188	99.99
0.59855	99.99
0.61522	99.99
0.63188	99.98
0.64855	99.99
0.66522	99.99
0.68188	99.99
0.69855	99.99
0.71522	99.99
0.73188	99.99
0.74855	99.99
0.76522	99.99
0.78188	99.99
0.79855	99.99
0.81522	99.99
0.83188	99.99
0.84855	99.99
0.86522	99.99
0.88188	99.99
0.89855	99.99
0.91522	99.99
0.93188	99.99
0.94855	99.99
0.96522	99.99
0.98188	99.99
0.99855	99.99
1.01522	99.99
1.03188	99.99
1.04855	99.99
1.06522	99.99
1.08188	99.99
1.09855	99.99
1.11522	99.99
1.13188	99.99
1.14855	99.99
1.16522	99.99
1.18188	99.99
1.19855	99.99
1.21522	99.99
1.23188	99.99
1.24855	99.99
1.26522	99.99
1.28188	99.99
1.29855	100.00
1.31522	99.99
1.33188	99.99
1.34855	99.99
1.36522	99.99
1.38188	99.99
1.39855	99.99
1.41522	99.99
1.43188	99.99
1.44855	99.99
1.46522	99.99
1.48188	99.99
1.49855	99.99
1.51522	100.00
1.53188	99.99
1.54855	99.99
1.56522	99.99
1.58188	99.99
1.59855	99.99
1.61522	99.99
1.63188	99.99
1.64855	99.99
1.66522	99.99
1.68188	99.99
1.69855	99.99
1.71522	99.99
1.73188	99.99
1.74855	99.99
1.76522	99.99
1.78188	99.99
1.79855	99.99
1.81522	99.99
1.83188	99.99
1.84855	99.99
1.86522	99.99
1.88188	99.99
1.89855	99.99
1.91522	99.99
1.93188	99.99
1.94855	99.99
1.96522	99.99
1.98188	99.98
1.99855	99.98
2.01522	99.98
2.03188	99.98
2.04855	99.98
2.06522	99.98
2.08188	99.98
2.09855	99.98
2.11522	99.98
2.13188	99.98
2.14855	99.98
2.16522	99.98
2.18188	99.98
2.19855	99.98
2.21522	99.98
2.23188	99.98
2.24855	99.98
2.26522	99.97
2.28188	99.98
2.29855	99.98
2.31522	99.97
2.33188	99.97
2.34855	99.98
2.36522	99.97
2.38188	99.97
2.39855	99.98
2.41522	99.98
2.43188	99.98
2.44855	99.97
2.46522	99.98
2.48188	99.98
2.49855	99.98
2.51522	99.98
2.53188	99.98
2.54855	99.98
2.56522	99.98
2.58188	99.98
2.59855	99.98
2.61522	99.98
2.63188	99.98
2.64855	99.98
2.66522	99.99
2.68188	99.99
2.69855	99.99
2.71522	99.99
2.73188	99.99
2.74855	99.99
2.76522	99.99
2.78188	100.00
2.79855	100.00
2.81522	100.00
2.83188	100.00
2.84855	100.00
2.86522	100.00
2.88188	100.00
2.89855	100.00
2.91522	100.01
2.93188	100.01
2.94855	100.01
2.96522	100.01
2.98188	100.01
2.99855	100.01
3.01522	100.01
3.03188	100.02
3.04855	100.01
3.06522	100.02
3.08188	100.02
3.09855	100.02
3.11522	100.02
3.13188	100.02
3.14855	100.02
3.16522	100.03
3.18188	100.03
3.19855	100.03
3.21522	100.03
3.23188	100.03
3.24855	100.03
3.26522	100.03
3.28188	100.04
3.29855	100.04
3.31522	100.04
3.33188	100.04
3.34855	100.04
3.36522	100.04
3.38188	100.04
3.39855	100.04
3.41522	100.04
3.43188	100.04
3.44855	100.04
3.46522	100.04
3.48188	100.04
3.49855	100.05
3.51522	100.05
3.53188	100.05
3.54855	100.05
3.56522	100.04
3.58188	100.05
3.59855	100.05
3.61522	100.05
3.63188	100.05
3.64855	100.05
3.66522	100.05
3.68188	100.05
3.69855	100.05
3.71522	100.05
3.73188	100.05
3.74855	100.05
3.76522	100.05
3.78188	100.05
3.79855	100.05
3.81522	100.05
3.83188	100.05
3.84855	100.05
3.86522	100.05
3.88188	100.05
3.89855	100.05
3.91522	100.05
3.93188	100.05
3.94855	100.05
3.96522	100.04
3.98188	100.05
3.99855	100.05

[Status Trace (Carrier Gas Pressure)]
Interval(msec)	1000
# of Points	240
Start Time(min)	0.015
End Time(min)	3.999
Intensity Units	
Intensity Multiplier	1
R.Time (min)	Intensity
0.01522	57.07
0.03188	55.63
0.04855	58.12
0.06522	59.89
0.08188	58.56
0.09855	57.97
0.11522	58.00
0.13188	58.01
0.14855	58.01
0.16522	58.00
0.18188	58.00
0.19855	58.00
0.21522	58.00
0.23188	58.00
0.24855	58.00
0.26522	58.00
0.28188	58.00
0.29855	58.00
0.31522	58.00
0.33188	58.00
0.34855	58.00
0.36522	58.00
0.38188	58.00
0.39855	58.00
0.41522	58.00
0.43188	58.00
0.44855	58.00
0.46522	58.00
0.48188	58.00
0.49855	58.00
0.51522	58.00
0.53188	58.00
0.54855	58.00
0.56522	58.00
0.58188	58.00
0.59855	58.00
0.61522	58.00
0.63188	58.00
0.64855	58.00
0.66522	58.00
0.68188	58.00
0.69855	58.00
0.71522	58.00
0.73188	58.00
0.74855	58.00
0.76522	58.00
0.78188	58.00
0.79855	58.00
0.81522	58.00
0.83188	58.00
0.84855	58.00
0.86522	58.00
0.88188	58.00
0.89855	58.00
0.91522	58.00
0.93188	58.00
0.94855	58.00
0.96522	58.00
0.98188	58.00
0.99855	58.00
1.01522	58.00
1.03188	58.00
1.04855	58.00
1.06522	58.00
1.08188	58.00
1.09855	58.00
1.11522	58.00
1.13188	58.00
1.14855	58.00
1.16522	58.00
1.18188	58.00
1.19855	58.00
1.21522	58.00
1.23188	58.00
1.24855	58.00
1.26522	58.00
1.28188	58.00
1.29855	58.00
1.31522	58.00
1.33188	58.00
1.34855	58.00
1.36522	58.00
1.38188	58.00
1.39855	58.00
1.41522	58.00
1.43188	58.00
1.44855	58.00
1.46522	58.00
1.48188	58.00
1.49855	58.00
1.51522	58.00
1.53188	58.00
1.54855	58.00
1.56522	58.00
1.58188	58.00
1.59855	58.00
1.61522	58.00
1.63188	58.00
1.64855	58.00
1.66522	58.01
1.68188	58.01
1.69855	58.00
1.71522	58.00
1.73188	58.00
1.74855	58.00
1.76522	58.00
1.78188	58.00
1.79855	58.00
1.81522	58.00
1.83188	58.00
1.84855	58.00
1.86522	58.00
1.88188	58.00
1.89855	58.00
1.91522	58.00
1.93188	58.00
1.94855	58.00
1.96522	58.00
1.98188	58.00
1.99855	58.00
2.01522	58.00
2.03188	58.00
2.04855	58.00
2.06522	58.00
2.08188	58.00
2.09855	58.00
2.11522	58.00
2.13188	58.00
2.14855	58.00
2.16522	58.00
2.18188	58.00
2.19855	58.00
2.21522	58.00
2.23188	58.00
2.24855	58.00
2.26522	58.00
2.28188	58.00
2.29855	58.00
2.31522	58.00
2.33188	58.00
2.34855	58.00
2.36522	58.00
2.38188	58.00
2.39855	57.99
2.41522	57.99
2.43188	58.00
2.44855	58.00
2.46522	58.00
2.48188	58.00
2.49855	58.00
2.51522	57.99
2.53188	57.99
2.54855	58.00
2.56522	58.00
2.58188	58.00
2.59855	58.00
2.61522	58.00
2.63188	58.00
2.64855	58.00
2.66522	58.00
2.68188	58.00
2.69855	58.00
2.71522	58.00
2.73188	58.00
2.74855	58.00
2.76522	58.00
2.78188	58.00
2.79855	58.00
2.81522	58.00
2.83188	58.00
2.84855	58.00
2.86522	58.00
2.88188	58.00
2.89855	58.00
2.91522	58.00
2.93188	58.00
2.94855	58.00
2.96522	58.00
2.98188	58.00
2.99855	58.00
3.01522	58.00
3.03188	58.00
3.04855	58.00
3.06522	58.00
3.08188	58.00
3.09855	58.00
3.11522	58.00
3.13188	58.00
3.14855	58.00
3.16522	58.00
3.18188	58.00
3.19855	58.00
3.21522	58.00
3.23188	58.00
3.24855	58.00
3.26522	58.00
3.28188	58.00
3.29855	58.00
3.31522	58.00
3.33188	58.00
3.34855	58.00
3.36522	58.00
3.38188	58.00
3.39855	58.00
3.41522	58.00
3.43188	58.00
3.44855	58.00
3.46522	58.00
3.48188	58.00
3.49855	58.00
3.51522	58.00
3.53188	58.00
3.54855	58.00
3.56522	58.00
3.58188	58.00
3.59855	58.00
3.61522	58.00
3.63188	58.00
3.64855	58.00
3.66522	58.00
3.68188	58.00
3.69855	58.00
3.71522	58.00
3.73188	58.00
3.74855	58.00
3.76522	58.00
3.78188	58.00
3.79855	58.00
3.81522	58.00
3.83188	58.00
3.84855	58.00
3.86522	58.00
3.88188	58.00
3.89855	58.00
3.91522	58.00
3.93188	58.00
3.94855	58.00
3.96522	58.00
3.98188	58.00
3.99855	58.00

[Status Trace (Carrier Gas Flow)]
Interval(msec)	1000
# of Points	240
Start Time(min)	0.015
End Time(min)	3.999
Intensity Units	
Intensity Multiplier	1
R.Time (min)	Intensity
0.01522	33.80
0.03188	34.54
0.04855	34.55
0.06522	34.50
0.08188	34.52
0.09855	34.52
0.11522	34.52
0.13188	34.52
0.14855	34.52
0.16522	34.51
0.18188	34.52
0.19855	34.53
0.21522	34.52
0.23188	34.52
0.24855	34.52
0.26522	34.53
0.28188	34.52
0.29855	34.51
0.31522	34.52
0.33188	34.52
0.34855	34.52
0.36522	34.52
0.38188	34.52
0.39855	34.51
0.41522	34.52
0.43188	34.52
0.44855	34.51
0.46522	34.52
0.48188	34.52
0.49855	34.51
0.51522	34.52
0.53188	34.51
0.54855	34.52
0.56522	34.53
0.58188	34.53
0.59855	34.51
0.61522	34.52
0.63188	34.52
0.64855	34.52
0.66522	34.52
0.68188	34.52
0.69855	34.52
0.71522	34.52
0.73188	34.52
0.74855	34.52
0.76522	34.52
0.78188	34.52
0.79855	34.52
0.81522	34.52
0.83188	34.52
0.84855	34.52
0.86522	34.52
0.88188	34.52
0.89855	34.52
0.91522	34.52
0.93188	34.52
0.94855	34.52
0.96522	34.52
0.98188	34.52
0.99855	34.52
1.01522	34.52
1.03188	34.52
1.04855	34.52
1.06522	34.52
1.08188	34.52
1.09855	34.52
1.11522	34.52
1.13188	34.52
1.14855	34.52
1.16522	34.52
1.18188	34.52
1.19855	34.52
1.21522	34.52
1.23188	34.52
1.24855	34.52
1.26522	34.52
1.28188	34.52
1.29855	34.52
1.31522	34.52
1.33188	34.52
1.34855	34.52
1.36522	34.52
1.38188	34.52
1.39855	34.52
1.41522	34.52
1.43188	34.52
1.44855	34.52
1.46522	34.52
1.48188	34.52
1.49855	34.52
1.51522	34.52
1.53188	34.52
1.54855	34.52
1.56522	34.52
1.58188	34.52
1.59855	34.52
1.61522	34.52
1.63188	34.52
1.64855	34.52
1.66522	34.52
1.68188	34.52
1.69855	34.52
1.71522	34.52
1.73188	34.52
1.74855	34.52
1.76522	34.52
1.78188	34.52
1.79855	34.52
1.81522	34.52
1.83188	34.52
1.84855	34.52
1.86522	34.52
1.88188	34.52
1.89855	34.52
1.91522	34.52
1.93188	34.52
1.94855	34.52
1.96522	34.52
1.98188	34.52
1.99855	34.52
2.01522	34.52
2.03188	34.52
2.04855	34.52
2.06522	34.52
2.08188	34.52
2.09855	34.52
2.11522	34.52
2.13188	34.52
2.14855	34.52
2.16522	34.52
2.18188	34.52
2.19855	34.52
2.21522	34.52
2.23188	34.52
2.24855	34.52
2.26522	34.52
2.28188	34.52
2.29855	34.52
2.31522	34.52
2.33188	34.52
2.34855	34.52
2.36522	34.52
2.38188	34.52
2.39855	34.52
2.41522	34.52
2.43188	34.52
2.44855	34.52
2.46522	34.52
2.48188	34.52
2.49855	34.52
2.51522	34.52
2.53188	34.51
2.54855	34.51
2.56522	34.52
2.58188	34.52
2.59855	34.52
2.61522	34.52
2.63188	34.51
2.64855	34.51
2.66522	34.53
2.68188	34.51
2.69855	34.52
2.71522	34.52
2.73188	34.53
2.74855	34.53
2.76522	34.52
2.78188	34.52
2.79855	34.52
2.81522	34.53
2.83188	34.54
2.84855	34.52
2.86522	34.52
2.88188	34.51
2.89855	34.52
2.91522	34.52
2.93188	34.52
2.94855	34.52
2.96522	34.52
2.98188	34.52
2.99855	34.52
3.01522	34.52
3.03188	34.52
3.04855	34.52
3.06522	34.52
3.08188	34.52
3.09855	34.52
3.11522	34.52
3.13188	34.52
3.14855	34.52
3.16522	34.52
3.18188	34.52
3.19855	34.52
3.21522	34.52
3.23188	34.52
3.24855	34.52
3.26522	34.52
3.28188	34.52
3.29855	34.52
3.31522	34.52
3.33188	34.52
3.34855	34.52
3.36522	34.52
3.38188	34.52
3.39855	34.52
3.41522	34.52
3.43188	34.52
3.44855	34.52
3.46522	34.52
3.48188	34.52
3.49855	34.52
3.51522	34.52
3.53188	34.52
3.54855	34.52
3.56522	34.52
3.58188	34.52
3.59855	34.52
3.61522	34.52
3.63188	34.52
3.64855	34.52
3.66522	34.52
3.68188	34.52
3.69855	34.52
3.71522	34.52
3.73188	34.52
3.74855	34.52
3.76522	34.52
3.78188	34.52
3.79855	34.52
3.81522	34.52
3.83188	34.52
3.84855	34.52
3.86522	34.52
3.88188	34.52
3.89855	34.52
3.91522	34.52
3.93188	34.52
3.94855	34.52
3.96522	34.52
3.98188	34.52
3.99855	34.51

[Status Trace (Column Flow)]
Interval(msec)	1000
# of Points	240
Start Time(min)	0.015
End Time(min)	3.999
Intensity Units	
Intensity Multiplier	1
R.Time (min)	Intensity
0.01522	5.34
0.03188	5.18
0.04855	5.46
0.06522	5.67
0.08188	5.51
0.09855	5.45
0.11522	5.45
0.13188	5.45
0.14855	5.45
0.16522	5.45
0.18188	5.45
0.19855	5.45
0.21522	5.45
0.23188	5.45
0.24855	5.45
0.26522	5.45
0.28188	5.45
0.29855	5.45
0.31522	5.45
0.33188	5.45
0.34855	5.45
0.36522	5.45
0.38188	5.45
0.39855	5.45
0.41522	5.45
0.43188	5.45
0.44855	5.45
0.46522	5.45
0.48188	5.45
0.49855	5.45
0.51522	5.45
0.53188	5.45
0.54855	5.45
0.56522	5.45
0.58188	5.45
0.59855	5.45
0.61522	5.45
0.63188	5.45
0.64855	5.45
0.66522	5.45
0.68188	5.45
0.69855	5.45
0.71522	5.45
0.73188	5.45
0.74855	5.45
0.76522	5.45
0.78188	5.45
0.79855	5.45
0.81522	5.45
0.83188	5.45
0.84855	5.45
0.86522	5.45
0.88188	5.45
0.89855	5.45
0.91522	5.45
0.93188	5.45
0.94855	5.45
0.96522	5.45
0.98188	5.45
0.99855	5.45
1.01522	5.45
1.03188	5.45
1.04855	5.45
1.06522	5.45
1.08188	5.45
1.09855	5.45
1.11522	5.45
1.13188	5.45
1.14855	5.45
1.16522	5.45
1.18188	5.45
1.19855	5.45
1.21522	5.45
1.23188	5.45
1.24855	5.45
1.26522	5.45
1.28188	5.45
1.29855	5.45
1.31522	5.45
1.33188	5.45
1.34855	5.45
1.36522	5.45
1.38188	5.45
1.39855	5.45
1.41522	5.45
1.43188	5.45
1.44855	5.45
1.46522	5.45
1.48188	5.45
1.49855	5.45
1.51522	5.45
1.53188	5.45
1.54855	5.45
1.56522	5.45
1.58188	5.45
1.59855	5.45
1.61522	5.45
1.63188	5.44
1.64855	5.44
1.66522	5.43
1.68188	5.42
1.69855	5.40
1.71522	5.39
1.73188	5.38
1.74855	5.37
1.76522	5.36
1.78188	5.35
1.79855	5.34
1.81522	5.33
1.83188	5.32
1.84855	5.31
1.86522	5.30
1.88188	5.29
1.89855	5.28
1.91522	5.27
1.93188	5.26
1.94855	5.25
1.96522	5.25
1.98188	5.24
1.99855	5.23
2.01522	5.22
2.03188	5.21
2.04855	5.20
2.06522	5.19
2.08188	5.18
2.09855	5.17
2.11522	5.16
2.13188	5.15
2.14855	5.14
2.16522	5.13
2.18188	5.12
2.19855	5.11
2.21522	5.10
2.23188	5.10
2.24855	5.09
2.26522	5.08
2.28188	5.07
2.29855	5.06
2.31522	5.05
2.33188	5.04
2.34855	5.03
2.36522	5.02
2.38188	5.02
2.39855	5.02
2.41522	5.02
2.43188	5.02
2.44855	5.02
2.46522	5.02
2.48188	5.02
2.49855	5.02
2.51522	5.02
2.53188	5.02
2.54855	5.02
2.56522	5.02
2.58188	5.02
2.59855	5.02
2.61522	5.02
2.63188	5.02
2.64855	5.02
2.66522	5.02
2.68188	5.02
2.69855	5.02
2.71522	5.02
2.73188	5.02
2.74855	5.02
2.76522	5.02
2.78188	5.02
2.79855	5.02
2.81522	5.02
2.83188	5.02
2.84855	5.01
2.86522	5.01
2.88188	5.01
2.89855	5.01
2.91522	5.01
2.93188	5.01
2.94855	5.01
2.96522	5.01
2.98188	5.01
2.99855	5.01
3.01522	5.01
3.03188	5.01
3.04855	5.01
3.06522	5.01
3.08188	5.01
3.09855	5.01
3.11522	5.01
3.13188	5.01
3.14855	5.01
3.16522	5.01
3.18188	5.01
3.19855	5.01
3.21522	5.01
3.23188	5.01
3.24855	5.01
3.26522	5.01
3.28188	5.01
3.29855	5.01
3.31522	5.01
3.33188	5.01
3.34855	5.01
3.36522	5.01
3.38188	5.01
3.39855	5.01
3.41522	5.01
3.43188	5.01
3.44855	5.01
3.46522	5.01
3.48188	5.01
3.49855	5.01
3.51522	5.01
3.53188	5.01
3.54855	5.01
3.56522	5.01
3.58188	5.01
3.59855	5.01
3.61522	5.01
3.63188	5.01
3.64855	5.01
3.66522	5.01
3.68188	5.01
3.69855	5.01
3.71522	5.01
3.73188	5.01
3.74855	5.01
3.76522	5.01
3.78188	5.01
3.79855	5.01
3.81522	5.01
3.83188	5.01
3.84855	5.01
3.86522	5.01
3.88188	5.01
3.89855	5.01
3.91522	5.01
3.93188	5.01
3.94855	5.01
3.96522	5.01
3.98188	5.01
3.99855	5.01

[Status Trace (Linear Velocity)]
Interval(msec)	1000
# of Points	240
Start Time(min)	0.015
End Time(min)	3.999
Intensity Units	
Intensity Multiplier	1
R.Time (min)	Intensity
0.01522	38.39
0.03188	37.44
0.04855	39.08
0.06522	40.24
0.08188	39.36
0.09855	38.98
0.11522	39.00
0.13188	39.01
0.14855	39.00
0.16522	39.00
0.18188	39.00
0.19855	39.00
0.21522	39.00
0.23188	39.00
0.24855	39.00
0.26522	39.00
0.28188	39.00
0.29855	39.00
0.31522	39.00
0.33188	39.00
0.34855	39.00
0.36522	39.00
0.38188	39.00
0.39855	39.00
0.41522	39.00
0.43188	39.00
0.44855	39.00
0.46522	39.00
0.48188	39.00
0.49855	39.00
0.51522	39.00
0.53188	39.00
0.54855	39.00
0.56522	39.00
0.58188	39.00
0.59855	39.00
0.61522	39.00
0.63188	39.00
0.64855	39.00
0.66522	39.00
0.68188	39.00
0.69855	39.00
0.71522	39.00
0.73188	39.00
0.74855	39.00
0.76522	39.00
0.78188	39.00
0.79855	39.00
0.81522	39.00
0.83188	39.00
0.84855	39.00
0.86522	39.00
0.88188	39.00
0.89855	39.00
0.91522	39.00
0.93188	39.00
0.94855	39.00
0.96522	39.00
0.98188	39.00
0.99855	39.00
1.01522	39.00
1.03188	39.00
1.04855	39.00
1.06522	39.00
1.08188	39.00
1.09855	39.00
1.11522	39.00
1.13188	39.00
1.14855	39.00
1.16522	39.00
1.18188	39.00
1.19855	39.00
1.21522	39.00
1.23188	39.00
1.24855	39.00
1.26522	39.00
1.28188	39.00
1.29855	39.00
1.31522	39.00
1.33188	39.00
1.34855	39.00
1.36522	39.00
1.38188	39.00
1.39855	39.00
1.41522	39.00
1.43188	39.00
1.44855	39.00
1.46522	39.00
1.48188	39.00
1.49855	39.00
1.51522	39.00
1.53188	39.00
1.54855	39.00
1.56522	39.00
1.58188	39.00
1.59855	39.00
1.61522	38.99
1.63188	38.98
1.64855	38.96
1.66522	38.93
1.68188	38.90
1.69855	38.86
1.71522	38.83
1.73188	38.80
1.74855	38.76
1.76522	38.73
1.78188	38.70
1.79855	38.67
1.81522	38.64
1.83188	38.60
1.84855	38.57
1.86522	38.55
1.88188	38.52
1.89855	38.48
1.91522	38.45
1.93188	38.42
1.94855	38.39
1.96522	38.36
1.98188	38.33
1.99855	38.30
2.01522	38.27
2.03188	38.24
2.04855	38.21
2.06522	38.18
2.08188	38.15
2.09855	38.13
2.11522	38.09
2.13188	38.06
2.14855	38.03
2.16522	38.00
2.18188	37.97
2.19855	37.94
2.21522	37.91
2.23188	37.89
2.24855	37.86
2.26522	37.83
2.28188	37.79
2.29855	37.76
2.31522	37.73
2.33188	37.71
2.34855	37.68
2.36522	37.66
2.38188	37.64
2.39855	37.64
2.41522	37.64
2.43188	37.64
2.44855	37.64
2.46522	37.64
2.48188	37.64
2.49855	37.64
2.51522	37.63
2.53188	37.63
2.54855	37.64
2.56522	37.63
2.58188	37.63
2.59855	37.63
2.61522	37.63
2.63188	37.63
2.64855	37.63
2.66522	37.63
2.68188	37.63
2.69855	37.63
2.71522	37.63
2.73188	37.63
2.74855	37.63
2.76522	37.63
2.78188	37.63
2.79855	37.63
2.81522	37.63
2.83188	37.63
2.84855	37.63
2.86522	37.63
2.88188	37.62
2.89855	37.62
2.91522	37.62
2.93188	37.62
2.94855	37.62
2.96522	37.62
2.98188	37.62
2.99855	37.62
3.01522	37.62
3.03188	37.62
3.04855	37.62
3.06522	37.62
3.08188	37.62
3.09855	37.61
3.11522	37.61
3.13188	37.61
3.14855	37.61
3.16522	37.61
3.18188	37.61
3.19855	37.61
3.21522	37.61
3.23188	37.61
3.24855	37.61
3.26522	37.61
3.28188	37.61
3.29855	37.61
3.31522	37.61
3.33188	37.61
3.34855	37.61
3.36522	37.61
3.38188	37.61
3.39855	37.61
3.41522	37.61
3.43188	37.61
3.44855	37.61
3.46522	37.61
3.48188	37.61
3.49855	37.61
3.51522	37.61
3.53188	37.61
3.54855	37.61
3.56522	37.61
3.58188	37.61
3.59855	37.61
3.61522	37.61
3.63188	37.61
3.64855	37.61
3.66522	37.61
3.68188	37.61
3.69855	37.61
3.71522	37.61
3.73188	37.61
3.74855	37.61
3.76522	37.61
3.78188	37.61
3.79855	37.61
3.81522	37.61
3.83188	37.61
3.84855	37.61
3.86522	37.61
3.88188	37.61
3.89855	37.61
3.91522	37.61
3.93188	37.61
3.94855	37.61
3.96522	37.61
3.98188	37.61
3.99855	37.61

