[Header]
Application Name	LabSolutions
Version	5.110
Data File Name	C:\Users\User\Desktop\GC Analyses\Jack\UIC Prairie Sampling\9.2.22\220902_082.gcd
Output Date	10/28/2022
Output Time	1:23:56 PM

[File Information]
Type	Data File
Generated	10/27/2022 1:41:11 PM
Generated by	System Administrator
Modified	10/27/2022 1:45:42 PM
Modified by	System Administrator

[Sample Information]
Operator Name	System Administrator
Acquired	10/27/2022 1:41:40 PM
Sample Type	1:Standard
Level	1
Sample Name	220902_UICPrairie
Sample ID	220902_UICPrairie
ISTD Amount1	1
ISTD Amount2	1
ISTD Amount3	1
ISTD Amount4	1
ISTD Amount5	1
ISTD Amount6	1
ISTD Amount7	1
ISTD Amount8	1
ISTD Amount9	1
ISTD Amount10	1
ISTD Amount11	1
ISTD Amount12	1
ISTD Amount13	1
ISTD Amount14	1
ISTD Amount15	1
ISTD Amount16	1
ISTD Amount17	1
ISTD Amount18	1
ISTD Amount19	1
ISTD Amount20	1
ISTD Amount21	1
ISTD Amount22	1
ISTD Amount23	1
ISTD Amount24	1
ISTD Amount25	1
ISTD Amount26	1
ISTD Amount27	1
ISTD Amount28	1
ISTD Amount29	1
ISTD Amount30	1
ISTD Amount31	1
ISTD Amount32	1
Sample Amount	1
Dilution Factor	1
Vial#	1
Injection Volume	1
Injection Count	1
Bar Code	

[Original Files]
Data File	C:\Users\User\Desktop\GC Analyses\Jack\UIC Prairie Sampling\9.2.22\220902_082.gcd
Method File	C:\LabSolutions\Data\GHG_4min_2022\ghg3_togas_w_acet_4 min_new_int.gcm
Batch File	
Report Format File	c:\LabSolutions\System\DEFAULT.lsr

[File Description]


[Configuration]
Instrument Name	C0B7VH3-Instrument1
Instrument #	1
Line #	1
# of Detectors	3
Detector ID	DET#1	DET#2	DET#3
Detector Name	FID	PTCD	ECD
# of Channels	1	1	1

[Peak Table(Ch1)]
# of Peaks	3
Peak#	R.Time	I.Time	F.Time	Area	Height	A/H	Conc.	Mark	ID#	Name	k'	Plate #	Plate Ht.	Tailing	Resolution	Sep.Factor	Area Ratio	Height Ratio	Conc. %	Norm Conc.
1	1.476	1.432	1.538	12254	5381	2.277	100.000	   	1	CO	0.000	8234	18.218	1.247	0.000	0.000	0	0	16.667	16.667
2	1.571	1.538	1.626	5980	3003	1.992	100.000	 V 	2	CH4	0.065	11383	13.178	1.092	1.538	0.000	0	0	16.667	16.667
3	1.996	1.952	2.271	1131862	544873	2.077	400.000	   	3	CO2	0.353	17566	8.539	1.306	7.139	5.462	0	0	66.667	66.667

[Peak Table(Ch2)]
# of Peaks	0

[Peak Table(Ch3)]
# of Peaks	4
Peak#	R.Time	I.Time	F.Time	Area	Height	A/H	Conc.	Mark	ID#	Name	k'	Plate #	Plate Ht.	Tailing	Resolution	Sep.Factor	Area Ratio	Height Ratio	Conc. %	Norm Conc.
1	2.462	2.238	2.491	467	134	3.484	0.000	   			0.000	14941	10.039	0.000	0.000	0.000	0	0	0.000	0.000
2	2.598	2.491	2.653	3456	526	6.572	0.000	 V 			0.055	2318	64.720	0.000	0.915	0.000	0	0	0.000	0.000
3	2.781	2.653	2.814	3663	440	8.326	0.087	 V 	1	N2O	0.130	48	3104.554	0.000	0.202	2.351	0	0	8.655	8.655
4	2.880	2.814	3.870	38653	6524	5.925	0.913	 V 	1	N2O	0.170	11875	12.632	0.000	0.116	1.310	0	0	91.345	91.345

[Compound Results(Ch1)]
# of IDs	6
ID#	Name	R.Time	Area	Height	Conc.	Curve	3rd	2nd	1st	Constant	Area Ratio	Height Ratio	Conc. %	Norm Conc.
1	CO	1.476	12254	5381	100.000	Linear	0.000000e+00	0.000000e+00	1.225378e+002	0.000000e+00	0	0	16.667	16.667
2	CH4	1.571	5980	3003	100.000	Linear	0.000000e+00	0.000000e+00	5.980425e+001	0.000000e+00	0	0	16.667	16.667
3	CO2	1.996	1131862	544873	400.000	Linear	0.000000e+00	0.000000e+00	2.829654e+003	0.000000e+00	0	0	66.667	66.667
4	Ethylene	0.000	0	0	0.000	Linear	0.000000e+00	0.000000e+00	0.000000e+00	0.000000e+00	0	0	0.000	0.000
5	Acetylene	0.000	0	0	0.000	Linear	0.000000e+00	0.000000e+00	0.000000e+00	0.000000e+00	0	0	0.000	0.000
6	Ethane	0.000	0	0	0.000	Linear	0.000000e+00	0.000000e+00	0.000000e+00	0.000000e+00	0	0	0.000	0.000

[Compound Results(Ch2)]
# of IDs	5
ID#	Name	R.Time	Area	Height	Conc.	Curve	3rd	2nd	1st	Constant	Area Ratio	Height Ratio	Conc. %	Norm Conc.
1	Hydrogen	0.000	0	0	0.000	Linear	0.000000e+00	0.000000e+00	0.000000e+00	0.000000e+00	0	0	0.000	0.000
2	Oxygen	0.000	0	0	0.000	Linear	0.000000e+00	0.000000e+00	0.000000e+00	0.000000e+00	0	0	0.000	0.000
3	Nitrogen	0.000	0	0	0.000	Linear	0.000000e+00	0.000000e+00	0.000000e+00	0.000000e+00	0	0	0.000	0.000
4	Methane	0.000	0	0	0.000	Linear	0.000000e+00	0.000000e+00	0.000000e+00	0.000000e+00	0	0	0.000	0.000
5	Carbon Monoxide	0.000	0	0	0.000	Linear	0.000000e+00	0.000000e+00	0.000000e+00	0.000000e+00	0	0	0.000	0.000

[Compound Results(Ch3)]
# of IDs	2
ID#	Name	R.Time	Area	Height	Conc.	Curve	3rd	2nd	1st	Constant	Area Ratio	Height Ratio	Conc. %	Norm Conc.
1	N2O	2.880	42316	6964	1.000	Linear	0.000000e+00	0.000000e+00	4.231591e+004	0.000000e+00	0	0	100.000	100.000
2	SF6	0.000	0	0	0.000	Linear	0.000000e+00	0.000000e+00	0.000000e+00	0.000000e+00	0	0	0.000	0.000

[Group Results(Ch1)]
# of Groups	0

[Group Results(Ch2)]
# of Groups	0

[Group Results(Ch3)]
# of Groups	0

[Chromatogram (Ch1)]
Interval(msec)	220
# of Points	1091
Start Time(min)	0.002
End Time(min)	3.998
R.Time (min)	Intensity
0.00167	-15
0.00533	-18
0.00900	-17
0.01267	-10
0.01633	-1
0.02000	6
0.02367	12
0.02733	15
0.03100	14
0.03467	7
0.03833	-1
0.04200	-5
0.04567	-6
0.04933	-8
0.05300	-13
0.05667	-18
0.06033	-17
0.06400	-12
0.06767	-9
0.07133	-9
0.07500	-10
0.07867	-14
0.08233	-18
0.08600	-18
0.08967	-15
0.09333	-10
0.09700	-4
0.10067	1
0.10433	6
0.10800	8
0.11167	5
0.11533	-1
0.11900	-7
0.12267	-12
0.12633	-15
0.13000	-15
0.13367	-12
0.13733	-10
0.14100	-9
0.14467	-9
0.14833	-11
0.15200	-14
0.15567	-19
0.15933	-23
0.16300	-26
0.16667	-30
0.17033	-34
0.17400	-36
0.17767	-33
0.18133	-27
0.18500	-21
0.18867	-16
0.19233	-10
0.19600	-6
0.19967	-4
0.20333	-3
0.20700	-7
0.21067	-15
0.21433	-25
0.21800	-34
0.22167	-38
0.22533	-35
0.22900	-29
0.23267	-24
0.23633	-24
0.24000	-26
0.24367	-28
0.24733	-28
0.25100	-28
0.25467	-31
0.25833	-36
0.26200	-38
0.26567	-37
0.26933	-35
0.27300	-32
0.27667	-29
0.28033	-27
0.28400	-28
0.28767	-29
0.29133	-32
0.29500	-35
0.29867	-37
0.30233	-34
0.30600	-31
0.30967	-28
0.31333	-24
0.31700	-20
0.32067	-16
0.32433	-13
0.32800	-12
0.33167	-15
0.33533	-16
0.33900	-18
0.34267	-23
0.34633	-30
0.35000	-39
0.35367	-47
0.35733	-48
0.36100	-45
0.36467	-40
0.36833	-34
0.37200	-32
0.37567	-32
0.37933	-32
0.38300	-33
0.38667	-32
0.39033	-30
0.39400	-30
0.39767	-33
0.40133	-35
0.40500	-38
0.40867	-38
0.41233	-36
0.41600	-32
0.41967	-28
0.42333	-28
0.42700	-30
0.43067	-33
0.43433	-33
0.43800	-28
0.44167	-19
0.44533	-9
0.44900	-6
0.45267	-11
0.45633	-21
0.46000	-31
0.46367	-42
0.46733	-49
0.47100	-50
0.47467	-44
0.47833	-34
0.48200	-27
0.48567	-24
0.48933	-24
0.49300	-24
0.49667	-25
0.50033	-28
0.50400	-36
0.50767	-44
0.51133	-54
0.51500	-59
0.51867	-60
0.52233	-61
0.52600	-58
0.52967	-56
0.53333	-54
0.53700	-54
0.54067	-51
0.54433	-42
0.54800	-31
0.55167	-24
0.55533	-23
0.55900	-26
0.56267	-29
0.56633	-33
0.57000	-38
0.57367	-40
0.57733	-40
0.58100	-42
0.58467	-43
0.58833	-45
0.59200	-47
0.59567	-47
0.59933	-47
0.60300	-50
0.60667	-54
0.61033	-57
0.61400	-62
0.61767	-67
0.62133	-71
0.62500	-71
0.62867	-71
0.63233	-68
0.63600	-63
0.63967	-56
0.64333	-51
0.64700	-48
0.65067	-47
0.65433	-45
0.65800	-45
0.66167	-44
0.66533	-43
0.66900	-45
0.67267	-49
0.67633	-50
0.68000	-52
0.68367	-55
0.68733	-58
0.69100	-59
0.69467	-58
0.69833	-58
0.70200	-58
0.70567	-55
0.70933	-50
0.71300	-46
0.71667	-42
0.72033	-39
0.72400	-38
0.72767	-40
0.73133	-47
0.73500	-55
0.73867	-59
0.74233	-64
0.74600	-67
0.74967	-68
0.75333	-66
0.75700	-62
0.76067	-59
0.76433	-55
0.76800	-52
0.77167	-50
0.77533	-48
0.77900	-46
0.78267	-44
0.78633	-41
0.79000	-40
0.79367	-40
0.79733	-41
0.80100	-44
0.80467	-51
0.80833	-60
0.81200	-63
0.81567	-64
0.81933	-64
0.82300	-65
0.82667	-69
0.83033	-75
0.83400	-79
0.83767	-80
0.84133	-78
0.84500	-75
0.84867	-73
0.85233	-75
0.85600	-78
0.85967	-77
0.86333	-74
0.86700	-70
0.87067	-65
0.87433	-60
0.87800	-54
0.88167	-51
0.88533	-50
0.88900	-49
0.89267	-48
0.89633	-51
0.90000	-53
0.90367	-53
0.90733	-52
0.91100	-51
0.91467	-51
0.91833	-53
0.92200	-56
0.92567	-60
0.92933	-65
0.93300	-73
0.93667	-78
0.94033	-80
0.94400	-80
0.94767	-79
0.95133	-79
0.95500	-78
0.95867	-75
0.96233	-72
0.96600	-65
0.96967	-60
0.97333	-59
0.97700	-57
0.98067	-55
0.98433	-58
0.98800	-67
0.99167	-77
0.99533	-84
0.99900	-87
1.00267	-86
1.00633	-84
1.01000	-80
1.01367	-78
1.01733	-78
1.02100	-82
1.02467	-85
1.02833	-87
1.03200	-87
1.03567	-88
1.03933	-87
1.04300	-86
1.04667	-85
1.05033	-87
1.05400	-88
1.05767	-86
1.06133	-83
1.06500	-82
1.06867	-80
1.07233	-73
1.07600	-63
1.07967	-58
1.08333	-56
1.08700	-56
1.09067	-55
1.09433	-54
1.09800	-56
1.10167	-64
1.10533	-76
1.10900	-86
1.11267	-92
1.11633	-95
1.12000	-99
1.12367	-105
1.12733	-109
1.13100	-110
1.13467	-109
1.13833	-109
1.14200	-106
1.14567	-99
1.14933	-91
1.15300	-86
1.15667	-84
1.16033	-86
1.16400	-91
1.16767	-94
1.17133	-96
1.17500	-96
1.17867	-96
1.18233	-96
1.18600	-95
1.18967	-92
1.19333	-88
1.19700	-84
1.20067	-80
1.20433	-75
1.20800	-70
1.21167	-65
1.21533	-62
1.21900	-67
1.22267	-77
1.22633	-88
1.23000	-101
1.23367	-112
1.23733	-119
1.24100	-123
1.24467	-122
1.24833	-119
1.25200	-114
1.25567	-110
1.25933	-111
1.26300	-112
1.26667	-110
1.27033	-106
1.27400	-97
1.27767	-88
1.28133	-82
1.28500	-80
1.28867	-83
1.29233	-86
1.29600	-90
1.29967	-97
1.30333	-106
1.30700	-111
1.31067	-111
1.31433	-108
1.31800	-104
1.32167	-101
1.32533	-96
1.32900	-91
1.33267	-87
1.33633	-86
1.34000	-88
1.34367	-92
1.34733	-96
1.35100	-100
1.35467	-104
1.35833	-108
1.36200	-113
1.36567	-119
1.36933	-121
1.37300	-118
1.37667	-112
1.38033	-106
1.38400	-104
1.38767	-104
1.39133	-106
1.39500	-108
1.39867	-113
1.40233	-118
1.40600	-121
1.40967	-122
1.41333	-120
1.41700	-119
1.42067	-120
1.42433	-121
1.42800	-121
1.43167	-116
1.43533	-105
1.43900	-75
1.44267	28
1.44633	262
1.45000	649
1.45367	1257
1.45733	2106
1.46100	3055
1.46467	3925
1.46833	4608
1.47200	5065
1.47567	5266
1.47933	5178
1.48300	4788
1.48667	4149
1.49033	3383
1.49400	2621
1.49767	1952
1.50133	1413
1.50500	1001
1.50867	697
1.51233	474
1.51600	314
1.51967	204
1.52333	129
1.52700	75
1.53067	31
1.53433	-4
1.53800	-15
1.54167	46
1.54533	257
1.54900	665
1.55267	1217
1.55633	1794
1.56000	2295
1.56367	2669
1.56733	2881
1.57100	2891
1.57467	2677
1.57833	2278
1.58200	1786
1.58567	1302
1.58933	890
1.59300	569
1.59667	340
1.60033	185
1.60400	83
1.60767	14
1.61133	-31
1.61500	-62
1.61867	-83
1.62233	-99
1.62600	-111
1.62967	-112
1.63333	-106
1.63700	-99
1.64067	-93
1.64433	-91
1.64800	-91
1.65167	-95
1.65533	-104
1.65900	-116
1.66267	-129
1.66633	-139
1.67000	-144
1.67367	-143
1.67733	-136
1.68100	-128
1.68467	-123
1.68833	-121
1.69200	-122
1.69567	-129
1.69933	-137
1.70300	-140
1.70667	-141
1.71033	-143
1.71400	-144
1.71767	-142
1.72133	-137
1.72500	-135
1.72867	-134
1.73233	-134
1.73600	-136
1.73967	-137
1.74333	-135
1.74700	-132
1.75067	-129
1.75433	-129
1.75800	-132
1.76167	-134
1.76533	-135
1.76900	-135
1.77267	-133
1.77633	-127
1.78000	-122
1.78367	-120
1.78733	-121
1.79100	-125
1.79467	-129
1.79833	-134
1.80200	-139
1.80567	-141
1.80933	-143
1.81300	-144
1.81667	-141
1.82033	-133
1.82400	-123
1.82767	-117
1.83133	-111
1.83500	-105
1.83867	-104
1.84233	-105
1.84600	-110
1.84967	-116
1.85333	-121
1.85700	-128
1.86067	-136
1.86433	-143
1.86800	-144
1.87167	-139
1.87533	-127
1.87900	-115
1.88267	-105
1.88633	-98
1.89000	-100
1.89367	-111
1.89733	-126
1.90100	-139
1.90467	-144
1.90833	-143
1.91200	-137
1.91567	-131
1.91933	-127
1.92300	-130
1.92667	-133
1.93033	-137
1.93400	-141
1.93767	-145
1.94133	-148
1.94500	-148
1.94867	-144
1.95233	-130
1.95600	-48
1.95967	409
1.96333	2513
1.96700	9963
1.97067	30116
1.97433	72513
1.97800	142941
1.98167	237090
1.98533	340543
1.98900	435607
1.99267	507167
1.99633	544779
2.00000	543469
2.00367	504744
2.00733	437603
2.01100	356021
2.01467	274058
2.01833	201714
2.02200	143578
2.02567	99935
2.02933	68705
2.03300	47076
2.03667	32409
2.04033	22575
2.04400	16010
2.04767	11611
2.05133	8639
2.05500	6604
2.05867	5184
2.06233	4171
2.06600	3431
2.06967	2880
2.07333	2462
2.07700	2139
2.08067	1886
2.08433	1682
2.08800	1515
2.09167	1378
2.09533	1257
2.09900	1150
2.10267	1055
2.10633	971
2.11000	898
2.11367	837
2.11733	784
2.12100	734
2.12467	686
2.12833	640
2.13200	598
2.13567	563
2.13933	531
2.14300	500
2.14667	472
2.15033	444
2.15400	419
2.15767	397
2.16133	375
2.16500	356
2.16867	336
2.17233	319
2.17600	302
2.17967	288
2.18333	279
2.18700	276
2.19067	274
2.19433	270
2.19800	263
2.20167	257
2.20533	251
2.20900	243
2.21267	231
2.21633	216
2.22000	204
2.22367	194
2.22733	186
2.23100	179
2.23467	174
2.23833	170
2.24200	164
2.24567	159
2.24933	154
2.25300	148
2.25667	142
2.26033	133
2.26400	128
2.26767	127
2.27133	129
2.27500	132
2.27867	132
2.28233	132
2.28600	130
2.28967	127
2.29333	123
2.29700	119
2.30067	115
2.30433	112
2.30800	115
2.31167	117
2.31533	117
2.31900	117
2.32267	114
2.32633	110
2.33000	102
2.33367	93
2.33733	84
2.34100	77
2.34467	70
2.34833	66
2.35200	70
2.35567	74
2.35933	76
2.36300	75
2.36667	72
2.37033	70
2.37400	68
2.37767	66
2.38133	65
2.38500	67
2.38867	69
2.39233	70
2.39600	69
2.39967	69
2.40333	69
2.40700	70
2.41067	69
2.41433	64
2.41800	58
2.42167	57
2.42533	56
2.42900	53
2.43267	49
2.43633	49
2.44000	53
2.44367	59
2.44733	68
2.45100	71
2.45467	66
2.45833	58
2.46200	53
2.46567	53
2.46933	57
2.47300	59
2.47667	58
2.48033	55
2.48400	52
2.48767	51
2.49133	51
2.49500	48
2.49867	45
2.50233	45
2.50600	48
2.50967	51
2.51333	53
2.51700	54
2.52067	57
2.52433	62
2.52800	64
2.53167	64
2.53533	66
2.53900	68
2.54267	71
2.54633	73
2.55000	74
2.55367	78
2.55733	84
2.56100	85
2.56467	79
2.56833	65
2.57200	51
2.57567	41
2.57933	36
2.58300	35
2.58667	32
2.59033	29
2.59400	29
2.59767	34
2.60133	43
2.60500	54
2.60867	63
2.61233	66
2.61600	64
2.61967	58
2.62333	50
2.62700	41
2.63067	36
2.63433	34
2.63800	34
2.64167	36
2.64533	40
2.64900	42
2.65267	44
2.65633	46
2.66000	52
2.66367	56
2.66733	61
2.67100	63
2.67467	59
2.67833	52
2.68200	46
2.68567	45
2.68933	47
2.69300	50
2.69667	52
2.70033	53
2.70400	55
2.70767	58
2.71133	60
2.71500	58
2.71867	57
2.72233	55
2.72600	50
2.72967	45
2.73333	42
2.73700	41
2.74067	42
2.74433	41
2.74800	38
2.75167	38
2.75533	42
2.75900	49
2.76267	54
2.76633	58
2.77000	62
2.77367	65
2.77733	68
2.78100	71
2.78467	71
2.78833	69
2.79200	69
2.79567	66
2.79933	62
2.80300	59
2.80667	61
2.81033	63
2.81400	63
2.81767	59
2.82133	53
2.82500	48
2.82867	44
2.83233	41
2.83600	41
2.83967	46
2.84333	54
2.84700	62
2.85067	67
2.85433	67
2.85800	69
2.86167	71
2.86533	73
2.86900	76
2.87267	78
2.87633	74
2.88000	69
2.88367	65
2.88733	62
2.89100	59
2.89467	58
2.89833	60
2.90200	67
2.90567	72
2.90933	71
2.91300	66
2.91667	61
2.92033	60
2.92400	63
2.92767	67
2.93133	71
2.93500	75
2.93867	76
2.94233	73
2.94600	65
2.94967	58
2.95333	52
2.95700	50
2.96067	50
2.96433	53
2.96800	57
2.97167	63
2.97533	68
2.97900	72
2.98267	74
2.98633	74
2.99000	72
2.99367	72
2.99733	73
3.00100	75
3.00467	77
3.00833	79
3.01200	81
3.01567	80
3.01933	80
3.02300	82
3.02667	88
3.03033	90
3.03400	89
3.03767	86
3.04133	85
3.04500	88
3.04867	95
3.05233	101
3.05600	99
3.05967	91
3.06333	82
3.06700	77
3.07067	73
3.07433	70
3.07800	66
3.08167	62
3.08533	61
3.08900	64
3.09267	66
3.09633	67
3.10000	70
3.10367	73
3.10733	77
3.11100	80
3.11467	81
3.11833	77
3.12200	72
3.12567	68
3.12933	69
3.13300	73
3.13667	77
3.14033	76
3.14400	71
3.14767	69
3.15133	72
3.15500	79
3.15867	86
3.16233	93
3.16600	98
3.16967	99
3.17333	97
3.17700	93
3.18067	84
3.18433	74
3.18800	69
3.19167	65
3.19533	59
3.19900	58
3.20267	58
3.20633	57
3.21000	60
3.21367	68
3.21733	78
3.22100	87
3.22467	92
3.22833	92
3.23200	92
3.23567	94
3.23933	93
3.24300	88
3.24667	79
3.25033	70
3.25400	65
3.25767	62
3.26133	60
3.26500	63
3.26867	69
3.27233	72
3.27600	74
3.27967	76
3.28333	75
3.28700	75
3.29067	75
3.29433	74
3.29800	73
3.30167	73
3.30533	71
3.30900	68
3.31267	65
3.31633	63
3.32000	65
3.32367	69
3.32733	73
3.33100	78
3.33467	87
3.33833	93
3.34200	91
3.34567	86
3.34933	80
3.35300	72
3.35667	61
3.36033	55
3.36400	57
3.36767	63
3.37133	68
3.37500	70
3.37867	74
3.38233	79
3.38600	81
3.38967	77
3.39333	71
3.39700	67
3.40067	67
3.40433	70
3.40800	73
3.41167	77
3.41533	82
3.41900	83
3.42267	82
3.42633	78
3.43000	72
3.43367	67
3.43733	67
3.44100	70
3.44467	74
3.44833	78
3.45200	84
3.45567	89
3.45933	90
3.46300	83
3.46667	71
3.47033	57
3.47400	44
3.47767	36
3.48133	37
3.48500	42
3.48867	46
3.49233	49
3.49600	52
3.49967	57
3.50333	61
3.50700	62
3.51067	61
3.51433	61
3.51800	65
3.52167	75
3.52533	81
3.52900	83
3.53267	82
3.53633	79
3.54000	73
3.54367	64
3.54733	53
3.55100	48
3.55467	50
3.55833	52
3.56200	54
3.56567	59
3.56933	67
3.57300	73
3.57667	73
3.58033	71
3.58400	71
3.58767	76
3.59133	81
3.59500	80
3.59867	74
3.60233	66
3.60600	62
3.60967	62
3.61333	61
3.61700	59
3.62067	61
3.62433	68
3.62800	73
3.63167	71
3.63533	65
3.63900	59
3.64267	54
3.64633	50
3.65000	49
3.65367	49
3.65733	50
3.66100	52
3.66467	52
3.66833	51
3.67200	55
3.67567	57
3.67933	52
3.68300	43
3.68667	34
3.69033	32
3.69400	34
3.69767	37
3.70133	42
3.70500	43
3.70867	40
3.71233	37
3.71600	36
3.71967	40
3.72333	47
3.72700	60
3.73067	74
3.73433	83
3.73800	89
3.74167	90
3.74533	88
3.74900	84
3.75267	81
3.75633	77
3.76000	70
3.76367	62
3.76733	52
3.77100	42
3.77467	33
3.77833	27
3.78200	26
3.78567	31
3.78933	40
3.79300	48
3.79667	54
3.80033	55
3.80400	53
3.80767	52
3.81133	52
3.81500	51
3.81867	54
3.82233	56
3.82600	58
3.82967	57
3.83333	55
3.83700	53
3.84067	52
3.84433	52
3.84800	53
3.85167	55
3.85533	57
3.85900	58
3.86267	58
3.86633	55
3.87000	53
3.87367	51
3.87733	52
3.88100	52
3.88467	50
3.88833	49
3.89200	50
3.89567	54
3.89933	56
3.90300	56
3.90667	53
3.91033	48
3.91400	44
3.91767	41
3.92133	39
3.92500	41
3.92867	48
3.93233	56
3.93600	58
3.93967	56
3.94333	54
3.94700	50
3.95067	47
3.95433	43
3.95800	38
3.96167	33
3.96533	31
3.96900	30
3.97267	32
3.97633	36
3.98000	40
3.98367	45
3.98733	51
3.99100	55
3.99467	56
3.99833	57

[Chromatogram (Ch2)]
Interval(msec)	220
# of Points	1091
Start Time(min)	0.002
End Time(min)	3.998
R.Time (min)	Intensity
0.00167	0
0.00533	0
0.00900	1
0.01267	0
0.01633	-0
0.02000	-1
0.02367	-1
0.02733	-2
0.03100	-2
0.03467	-3
0.03833	-3
0.04200	-3
0.04567	-3
0.04933	-3
0.05300	-3
0.05667	-3
0.06033	-3
0.06400	-3
0.06767	-3
0.07133	-3
0.07500	-3
0.07867	-3
0.08233	-3
0.08600	-3
0.08967	-3
0.09333	-3
0.09700	-3
0.10067	-2
0.10433	-2
0.10800	-1
0.11167	-1
0.11533	-0
0.11900	0
0.12267	0
0.12633	0
0.13000	0
0.13367	0
0.13733	0
0.14100	0
0.14467	0
0.14833	0
0.15200	0
0.15567	0
0.15933	1
0.16300	1
0.16667	1
0.17033	1
0.17400	1
0.17767	1
0.18133	1
0.18500	2
0.18867	2
0.19233	1
0.19600	1
0.19967	2
0.20333	2
0.20700	2
0.21067	2
0.21433	2
0.21800	2
0.22167	3
0.22533	3
0.22900	3
0.23267	3
0.23633	4
0.24000	4
0.24367	4
0.24733	4
0.25100	5
0.25467	5
0.25833	5
0.26200	5
0.26567	4
0.26933	4
0.27300	3
0.27667	3
0.28033	2
0.28400	2
0.28767	1
0.29133	1
0.29500	0
0.29867	-0
0.30233	-1
0.30600	-1
0.30967	-1
0.31333	-1
0.31700	-1
0.32067	-1
0.32433	-1
0.32800	-0
0.33167	-0
0.33533	-0
0.33900	0
0.34267	0
0.34633	0
0.35000	1
0.35367	1
0.35733	1
0.36100	1
0.36467	2
0.36833	2
0.37200	2
0.37567	2
0.37933	2
0.38300	2
0.38667	2
0.39033	2
0.39400	2
0.39767	2
0.40133	1
0.40500	1
0.40867	1
0.41233	0
0.41600	0
0.41967	0
0.42333	0
0.42700	0
0.43067	0
0.43433	-0
0.43800	-0
0.44167	-1
0.44533	-1
0.44900	-2
0.45267	-2
0.45633	-2
0.46000	-2
0.46367	-2
0.46733	-2
0.47100	-3
0.47467	-3
0.47833	-3
0.48200	-3
0.48567	-3
0.48933	-3
0.49300	-3
0.49667	-4
0.50033	-4
0.50400	-4
0.50767	-4
0.51133	-5
0.51500	-5
0.51867	-5
0.52233	-5
0.52600	-5
0.52967	-5
0.53333	-4
0.53700	-4
0.54067	-3
0.54433	-3
0.54800	-3
0.55167	-3
0.55533	-2
0.55900	-2
0.56267	-2
0.56633	-2
0.57000	-2
0.57367	-2
0.57733	-2
0.58100	-3
0.58467	-3
0.58833	-3
0.59200	-3
0.59567	-4
0.59933	-4
0.60300	-4
0.60667	-4
0.61033	-4
0.61400	-4
0.61767	-4
0.62133	-3
0.62500	-3
0.62867	-3
0.63233	-3
0.63600	-3
0.63967	-3
0.64333	-3
0.64700	-2
0.65067	-2
0.65433	-2
0.65800	-2
0.66167	-2
0.66533	-2
0.66900	-1
0.67267	-1
0.67633	-1
0.68000	-1
0.68367	-1
0.68733	-1
0.69100	-1
0.69467	-1
0.69833	-1
0.70200	-1
0.70567	-2
0.70933	-2
0.71300	-2
0.71667	-2
0.72033	-3
0.72400	-3
0.72767	-3
0.73133	-3
0.73500	-3
0.73867	-3
0.74233	-3
0.74600	-3
0.74967	-3
0.75333	-3
0.75700	-3
0.76067	-3
0.76433	-3
0.76800	-3
0.77167	-3
0.77533	-3
0.77900	-3
0.78267	-3
0.78633	-3
0.79000	-3
0.79367	-3
0.79733	-3
0.80100	-3
0.80467	-3
0.80833	-3
0.81200	-4
0.81567	-4
0.81933	-4
0.82300	-4
0.82667	-4
0.83033	-4
0.83400	-4
0.83767	-5
0.84133	-5
0.84500	-5
0.84867	-5
0.85233	-5
0.85600	-5
0.85967	-4
0.86333	-4
0.86700	-4
0.87067	-4
0.87433	-3
0.87800	-3
0.88167	-2
0.88533	-2
0.88900	-2
0.89267	-1
0.89633	-1
0.90000	-1
0.90367	-1
0.90733	-1
0.91100	-1
0.91467	-1
0.91833	-1
0.92200	-1
0.92567	-1
0.92933	-2
0.93300	-2
0.93667	-2
0.94033	-2
0.94400	-1
0.94767	-1
0.95133	-1
0.95500	-1
0.95867	-1
0.96233	-1
0.96600	-1
0.96967	-1
0.97333	-1
0.97700	-1
0.98067	-1
0.98433	-1
0.98800	-1
0.99167	-1
0.99533	-1
0.99900	-0
1.00267	-1
1.00633	-1
1.01000	-1
1.01367	-1
1.01733	-1
1.02100	-1
1.02467	-1
1.02833	-1
1.03200	-1
1.03567	-1
1.03933	-1
1.04300	-1
1.04667	-2
1.05033	-2
1.05400	-2
1.05767	-2
1.06133	-2
1.06500	-2
1.06867	-2
1.07233	-2
1.07600	-2
1.07967	-2
1.08333	-2
1.08700	-2
1.09067	-2
1.09433	-1
1.09800	-1
1.10167	-1
1.10533	-1
1.10900	-1
1.11267	-2
1.11633	-2
1.12000	-2
1.12367	-3
1.12733	-4
1.13100	-4
1.13467	-5
1.13833	-5
1.14200	-6
1.14567	-6
1.14933	-7
1.15300	-7
1.15667	-7
1.16033	-7
1.16400	-7
1.16767	-7
1.17133	-6
1.17500	-6
1.17867	-6
1.18233	-6
1.18600	-6
1.18967	-6
1.19333	-5
1.19700	-5
1.20067	-5
1.20433	-5
1.20800	-5
1.21167	-5
1.21533	-5
1.21900	-5
1.22267	-5
1.22633	-5
1.23000	-4
1.23367	-4
1.23733	-4
1.24100	-3
1.24467	-3
1.24833	-2
1.25200	-2
1.25567	-2
1.25933	-2
1.26300	-2
1.26667	-2
1.27033	-2
1.27400	-2
1.27767	-2
1.28133	-2
1.28500	-2
1.28867	-2
1.29233	-2
1.29600	-2
1.29967	-2
1.30333	-2
1.30700	-2
1.31067	-1
1.31433	-1
1.31800	-1
1.32167	-1
1.32533	-1
1.32900	-1
1.33267	-1
1.33633	-1
1.34000	-1
1.34367	-1
1.34733	-1
1.35100	-1
1.35467	-1
1.35833	-1
1.36200	-1
1.36567	-2
1.36933	-2
1.37300	-3
1.37667	-3
1.38033	-3
1.38400	-3
1.38767	-4
1.39133	-4
1.39500	-4
1.39867	-4
1.40233	-4
1.40600	-4
1.40967	-4
1.41333	-4
1.41700	-4
1.42067	-4
1.42433	-4
1.42800	-4
1.43167	-4
1.43533	-4
1.43900	-4
1.44267	-4
1.44633	-4
1.45000	-4
1.45367	-4
1.45733	-3
1.46100	-3
1.46467	-3
1.46833	-3
1.47200	-3
1.47567	-3
1.47933	-3
1.48300	-3
1.48667	-4
1.49033	-4
1.49400	-4
1.49767	-4
1.50133	-4
1.50500	-4
1.50867	-4
1.51233	-4
1.51600	-4
1.51967	-4
1.52333	-4
1.52700	-4
1.53067	-3
1.53433	-3
1.53800	-3
1.54167	-4
1.54533	-4
1.54900	-4
1.55267	-4
1.55633	-4
1.56000	-5
1.56367	-5
1.56733	-5
1.57100	-5
1.57467	-5
1.57833	-5
1.58200	-5
1.58567	-5
1.58933	-5
1.59300	-6
1.59667	-6
1.60033	-7
1.60400	-8
1.60767	-9
1.61133	-11
1.61500	-12
1.61867	-14
1.62233	-16
1.62600	-18
1.62967	-21
1.63333	-24
1.63700	-27
1.64067	-30
1.64433	-34
1.64800	-37
1.65167	-41
1.65533	-45
1.65900	-48
1.66267	-52
1.66633	-57
1.67000	-62
1.67367	-67
1.67733	-73
1.68100	-78
1.68467	-84
1.68833	-89
1.69200	-93
1.69567	-97
1.69933	-101
1.70300	-104
1.70667	-107
1.71033	-109
1.71400	-111
1.71767	-112
1.72133	-113
1.72500	-113
1.72867	-114
1.73233	-114
1.73600	-115
1.73967	-115
1.74333	-116
1.74700	-116
1.75067	-117
1.75433	-117
1.75800	-118
1.76167	-118
1.76533	-118
1.76900	-119
1.77267	-119
1.77633	-120
1.78000	-121
1.78367	-122
1.78733	-122
1.79100	-123
1.79467	-123
1.79833	-123
1.80200	-122
1.80567	-122
1.80933	-122
1.81300	-121
1.81667	-121
1.82033	-121
1.82400	-121
1.82767	-121
1.83133	-121
1.83500	-121
1.83867	-122
1.84233	-122
1.84600	-122
1.84967	-122
1.85333	-123
1.85700	-123
1.86067	-123
1.86433	-124
1.86800	-124
1.87167	-124
1.87533	-124
1.87900	-125
1.88267	-125
1.88633	-125
1.89000	-125
1.89367	-125
1.89733	-124
1.90100	-124
1.90467	-124
1.90833	-124
1.91200	-124
1.91567	-124
1.91933	-124
1.92300	-123
1.92667	-123
1.93033	-122
1.93400	-122
1.93767	-121
1.94133	-121
1.94500	-121
1.94867	-121
1.95233	-121
1.95600	-120
1.95967	-120
1.96333	-120
1.96700	-119
1.97067	-119
1.97433	-119
1.97800	-120
1.98167	-119
1.98533	-119
1.98900	-119
1.99267	-118
1.99633	-118
2.00000	-117
2.00367	-116
2.00733	-116
2.01100	-115
2.01467	-115
2.01833	-114
2.02200	-114
2.02567	-114
2.02933	-114
2.03300	-114
2.03667	-114
2.04033	-114
2.04400	-114
2.04767	-114
2.05133	-113
2.05500	-112
2.05867	-111
2.06233	-111
2.06600	-110
2.06967	-109
2.07333	-109
2.07700	-108
2.08067	-108
2.08433	-109
2.08800	-109
2.09167	-109
2.09533	-109
2.09900	-109
2.10267	-109
2.10633	-108
2.11000	-108
2.11367	-107
2.11733	-107
2.12100	-106
2.12467	-106
2.12833	-105
2.13200	-104
2.13567	-104
2.13933	-103
2.14300	-103
2.14667	-103
2.15033	-103
2.15400	-103
2.15767	-103
2.16133	-103
2.16500	-102
2.16867	-102
2.17233	-101
2.17600	-100
2.17967	-100
2.18333	-99
2.18700	-98
2.19067	-98
2.19433	-98
2.19800	-98
2.20167	-98
2.20533	-98
2.20900	-98
2.21267	-98
2.21633	-99
2.22000	-99
2.22367	-100
2.22733	-99
2.23100	-99
2.23467	-98
2.23833	-97
2.24200	-97
2.24567	-96
2.24933	-96
2.25300	-96
2.25667	-97
2.26033	-96
2.26400	-96
2.26767	-95
2.27133	-95
2.27500	-94
2.27867	-93
2.28233	-93
2.28600	-92
2.28967	-92
2.29333	-92
2.29700	-93
2.30067	-94
2.30433	-95
2.30800	-95
2.31167	-96
2.31533	-95
2.31900	-95
2.32267	-94
2.32633	-93
2.33000	-92
2.33367	-91
2.33733	-90
2.34100	-89
2.34467	-88
2.34833	-88
2.35200	-87
2.35567	-87
2.35933	-88
2.36300	-88
2.36667	-88
2.37033	-88
2.37400	-87
2.37767	-85
2.38133	-83
2.38500	-80
2.38867	-76
2.39233	-72
2.39600	-68
2.39967	-63
2.40333	-58
2.40700	-52
2.41067	-47
2.41433	-41
2.41800	-36
2.42167	-32
2.42533	-28
2.42900	-24
2.43267	-21
2.43633	-17
2.44000	-15
2.44367	-13
2.44733	-11
2.45100	-9
2.45467	-7
2.45833	-6
2.46200	-4
2.46567	-3
2.46933	-2
2.47300	-0
2.47667	1
2.48033	1
2.48400	2
2.48767	3
2.49133	4
2.49500	4
2.49867	5
2.50233	6
2.50600	7
2.50967	8
2.51333	8
2.51700	9
2.52067	10
2.52433	11
2.52800	12
2.53167	13
2.53533	13
2.53900	14
2.54267	14
2.54633	14
2.55000	14
2.55367	14
2.55733	14
2.56100	14
2.56467	14
2.56833	14
2.57200	15
2.57567	16
2.57933	16
2.58300	17
2.58667	17
2.59033	17
2.59400	17
2.59767	16
2.60133	16
2.60500	16
2.60867	16
2.61233	16
2.61600	16
2.61967	17
2.62333	17
2.62700	17
2.63067	18
2.63433	19
2.63800	19
2.64167	19
2.64533	19
2.64900	19
2.65267	19
2.65633	19
2.66000	19
2.66367	19
2.66733	19
2.67100	19
2.67467	20
2.67833	20
2.68200	20
2.68567	21
2.68933	21
2.69300	22
2.69667	23
2.70033	24
2.70400	24
2.70767	25
2.71133	25
2.71500	26
2.71867	26
2.72233	26
2.72600	26
2.72967	26
2.73333	25
2.73700	25
2.74067	24
2.74433	24
2.74800	23
2.75167	23
2.75533	23
2.75900	23
2.76267	23
2.76633	23
2.77000	23
2.77367	23
2.77733	23
2.78100	24
2.78467	24
2.78833	24
2.79200	24
2.79567	24
2.79933	24
2.80300	24
2.80667	24
2.81033	24
2.81400	24
2.81767	24
2.82133	24
2.82500	25
2.82867	25
2.83233	25
2.83600	25
2.83967	25
2.84333	24
2.84700	23
2.85067	21
2.85433	18
2.85800	13
2.86167	5
2.86533	-6
2.86900	-20
2.87267	-39
2.87633	-61
2.88000	-88
2.88367	-118
2.88733	-153
2.89100	-190
2.89467	-231
2.89833	-275
2.90200	-321
2.90567	-369
2.90933	-418
2.91300	-469
2.91667	-521
2.92033	-573
2.92400	-625
2.92767	-677
2.93133	-729
2.93500	-780
2.93867	-831
2.94233	-885
2.94600	-944
2.94967	-1007
2.95333	-1067
2.95700	-1112
2.96067	-1133
2.96433	-1127
2.96800	-1096
2.97167	-1043
2.97533	-975
2.97900	-897
2.98267	-815
2.98633	-732
2.99000	-652
2.99367	-575
2.99733	-504
3.00100	-439
3.00467	-381
3.00833	-329
3.01200	-282
3.01567	-241
3.01933	-206
3.02300	-175
3.02667	-148
3.03033	-124
3.03400	-104
3.03767	-87
3.04133	-72
3.04500	-60
3.04867	-49
3.05233	-40
3.05600	-32
3.05967	-25
3.06333	-20
3.06700	-15
3.07067	-11
3.07433	-7
3.07800	-4
3.08167	-2
3.08533	-0
3.08900	2
3.09267	3
3.09633	5
3.10000	6
3.10367	7
3.10733	8
3.11100	9
3.11467	10
3.11833	10
3.12200	11
3.12567	11
3.12933	12
3.13300	12
3.13667	12
3.14033	13
3.14400	13
3.14767	13
3.15133	14
3.15500	14
3.15867	15
3.16233	15
3.16600	15
3.16967	16
3.17333	16
3.17700	17
3.18067	17
3.18433	17
3.18800	18
3.19167	18
3.19533	18
3.19900	18
3.20267	18
3.20633	18
3.21000	19
3.21367	19
3.21733	19
3.22100	19
3.22467	19
3.22833	19
3.23200	20
3.23567	20
3.23933	20
3.24300	21
3.24667	21
3.25033	21
3.25400	21
3.25767	21
3.26133	21
3.26500	21
3.26867	21
3.27233	21
3.27600	22
3.27967	22
3.28333	22
3.28700	23
3.29067	23
3.29433	23
3.29800	23
3.30167	23
3.30533	24
3.30900	24
3.31267	24
3.31633	25
3.32000	25
3.32367	25
3.32733	25
3.33100	25
3.33467	25
3.33833	26
3.34200	26
3.34567	26
3.34933	26
3.35300	26
3.35667	26
3.36033	26
3.36400	26
3.36767	26
3.37133	27
3.37500	27
3.37867	27
3.38233	27
3.38600	26
3.38967	26
3.39333	26
3.39700	26
3.40067	26
3.40433	26
3.40800	26
3.41167	26
3.41533	26
3.41900	26
3.42267	26
3.42633	26
3.43000	26
3.43367	26
3.43733	26
3.44100	26
3.44467	26
3.44833	26
3.45200	26
3.45567	26
3.45933	26
3.46300	26
3.46667	26
3.47033	26
3.47400	26
3.47767	26
3.48133	26
3.48500	26
3.48867	26
3.49233	26
3.49600	26
3.49967	26
3.50333	26
3.50700	26
3.51067	26
3.51433	26
3.51800	27
3.52167	27
3.52533	27
3.52900	27
3.53267	26
3.53633	26
3.54000	26
3.54367	26
3.54733	26
3.55100	26
3.55467	26
3.55833	26
3.56200	25
3.56567	25
3.56933	25
3.57300	25
3.57667	25
3.58033	25
3.58400	25
3.58767	25
3.59133	24
3.59500	24
3.59867	24
3.60233	24
3.60600	24
3.60967	24
3.61333	24
3.61700	24
3.62067	24
3.62433	24
3.62800	24
3.63167	24
3.63533	24
3.63900	25
3.64267	25
3.64633	25
3.65000	25
3.65367	25
3.65733	25
3.66100	26
3.66467	26
3.66833	26
3.67200	26
3.67567	26
3.67933	26
3.68300	26
3.68667	26
3.69033	27
3.69400	27
3.69767	27
3.70133	27
3.70500	27
3.70867	28
3.71233	28
3.71600	28
3.71967	28
3.72333	28
3.72700	28
3.73067	28
3.73433	28
3.73800	28
3.74167	28
3.74533	28
3.74900	28
3.75267	28
3.75633	27
3.76000	27
3.76367	27
3.76733	27
3.77100	27
3.77467	26
3.77833	26
3.78200	26
3.78567	26
3.78933	26
3.79300	26
3.79667	26
3.80033	26
3.80400	26
3.80767	26
3.81133	26
3.81500	26
3.81867	26
3.82233	26
3.82600	26
3.82967	26
3.83333	26
3.83700	25
3.84067	25
3.84433	25
3.84800	25
3.85167	25
3.85533	25
3.85900	25
3.86267	25
3.86633	25
3.87000	26
3.87367	26
3.87733	26
3.88100	26
3.88467	27
3.88833	27
3.89200	27
3.89567	27
3.89933	26
3.90300	26
3.90667	26
3.91033	26
3.91400	26
3.91767	26
3.92133	27
3.92500	27
3.92867	27
3.93233	27
3.93600	27
3.93967	27
3.94333	27
3.94700	27
3.95067	28
3.95433	28
3.95800	28
3.96167	28
3.96533	28
3.96900	28
3.97267	28
3.97633	27
3.98000	27
3.98367	27
3.98733	27
3.99100	27
3.99467	27
3.99833	27

[Chromatogram (Ch3)]
Interval(msec)	220
# of Points	1091
Start Time(min)	0.002
End Time(min)	3.998
R.Time (min)	Intensity
0.00167	-1
0.00533	-1
0.00900	2
0.01267	3
0.01633	3
0.02000	3
0.02367	3
0.02733	4
0.03100	2
0.03467	1
0.03833	1
0.04200	1
0.04567	1
0.04933	3
0.05300	5
0.05667	7
0.06033	5
0.06400	5
0.06767	7
0.07133	9
0.07500	12
0.07867	11
0.08233	7
0.08600	7
0.08967	9
0.09333	11
0.09700	12
0.10067	12
0.10433	10
0.10800	8
0.11167	6
0.11533	7
0.11900	9
0.12267	9
0.12633	7
0.13000	8
0.13367	10
0.13733	13
0.14100	12
0.14467	11
0.14833	11
0.15200	11
0.15567	11
0.15933	12
0.16300	13
0.16667	13
0.17033	11
0.17400	10
0.17767	9
0.18133	8
0.18500	6
0.18867	7
0.19233	9
0.19600	12
0.19967	13
0.20333	13
0.20700	10
0.21067	9
0.21433	10
0.21800	12
0.22167	13
0.22533	11
0.22900	7
0.23267	4
0.23633	4
0.24000	8
0.24367	11
0.24733	12
0.25100	11
0.25467	12
0.25833	11
0.26200	8
0.26567	7
0.26933	7
0.27300	6
0.27667	6
0.28033	9
0.28400	11
0.28767	9
0.29133	9
0.29500	8
0.29867	8
0.30233	8
0.30600	8
0.30967	9
0.31333	10
0.31700	11
0.32067	15
0.32433	17
0.32800	18
0.33167	17
0.33533	16
0.33900	13
0.34267	13
0.34633	13
0.35000	12
0.35367	11
0.35733	11
0.36100	12
0.36467	12
0.36833	12
0.37200	12
0.37567	12
0.37933	14
0.38300	14
0.38667	15
0.39033	15
0.39400	15
0.39767	14
0.40133	13
0.40500	13
0.40867	12
0.41233	12
0.41600	13
0.41967	13
0.42333	13
0.42700	15
0.43067	14
0.43433	12
0.43800	13
0.44167	14
0.44533	15
0.44900	16
0.45267	18
0.45633	19
0.46000	19
0.46367	19
0.46733	20
0.47100	21
0.47467	22
0.47833	22
0.48200	21
0.48567	20
0.48933	21
0.49300	22
0.49667	23
0.50033	24
0.50400	26
0.50767	26
0.51133	24
0.51500	22
0.51867	23
0.52233	21
0.52600	18
0.52967	18
0.53333	17
0.53700	19
0.54067	21
0.54433	21
0.54800	22
0.55167	22
0.55533	22
0.55900	22
0.56267	23
0.56633	22
0.57000	23
0.57367	23
0.57733	23
0.58100	25
0.58467	25
0.58833	23
0.59200	21
0.59567	20
0.59933	19
0.60300	21
0.60667	22
0.61033	25
0.61400	27
0.61767	26
0.62133	24
0.62500	23
0.62867	22
0.63233	22
0.63600	23
0.63967	23
0.64333	21
0.64700	19
0.65067	20
0.65433	20
0.65800	19
0.66167	18
0.66533	17
0.66900	18
0.67267	19
0.67633	18
0.68000	17
0.68367	17
0.68733	16
0.69100	16
0.69467	17
0.69833	18
0.70200	20
0.70567	19
0.70933	18
0.71300	17
0.71667	20
0.72033	21
0.72400	21
0.72767	22
0.73133	22
0.73500	22
0.73867	22
0.74233	23
0.74600	22
0.74967	21
0.75333	22
0.75700	25
0.76067	26
0.76433	22
0.76800	21
0.77167	21
0.77533	21
0.77900	20
0.78267	19
0.78633	18
0.79000	19
0.79367	21
0.79733	24
0.80100	25
0.80467	24
0.80833	23
0.81200	25
0.81567	27
0.81933	27
0.82300	30
0.82667	31
0.83033	29
0.83400	28
0.83767	26
0.84133	25
0.84500	23
0.84867	23
0.85233	21
0.85600	19
0.85967	22
0.86333	22
0.86700	21
0.87067	20
0.87433	21
0.87800	22
0.88167	21
0.88533	22
0.88900	22
0.89267	22
0.89633	21
0.90000	19
0.90367	19
0.90733	21
0.91100	20
0.91467	20
0.91833	22
0.92200	23
0.92567	22
0.92933	21
0.93300	21
0.93667	23
0.94033	23
0.94400	23
0.94767	23
0.95133	24
0.95500	25
0.95867	23
0.96233	23
0.96600	25
0.96967	26
0.97333	25
0.97700	23
0.98067	23
0.98433	23
0.98800	20
0.99167	20
0.99533	19
0.99900	17
1.00267	16
1.00633	14
1.01000	14
1.01367	13
1.01733	14
1.02100	15
1.02467	17
1.02833	18
1.03200	19
1.03567	17
1.03933	17
1.04300	16
1.04667	15
1.05033	16
1.05400	17
1.05767	18
1.06133	17
1.06500	16
1.06867	15
1.07233	15
1.07600	16
1.07967	16
1.08333	16
1.08700	16
1.09067	15
1.09433	14
1.09800	16
1.10167	18
1.10533	19
1.10900	18
1.11267	19
1.11633	17
1.12000	14
1.12367	13
1.12733	13
1.13100	15
1.13467	16
1.13833	17
1.14200	16
1.14567	14
1.14933	13
1.15300	14
1.15667	16
1.16033	15
1.16400	13
1.16767	11
1.17133	7
1.17500	6
1.17867	7
1.18233	10
1.18600	13
1.18967	15
1.19333	15
1.19700	14
1.20067	12
1.20433	14
1.20800	14
1.21167	15
1.21533	15
1.21900	14
1.22267	14
1.22633	15
1.23000	16
1.23367	17
1.23733	18
1.24100	19
1.24467	19
1.24833	17
1.25200	15
1.25567	14
1.25933	14
1.26300	13
1.26667	14
1.27033	15
1.27400	15
1.27767	15
1.28133	16
1.28500	15
1.28867	15
1.29233	15
1.29600	17
1.29967	15
1.30333	13
1.30700	13
1.31067	14
1.31433	13
1.31800	13
1.32167	16
1.32533	18
1.32900	20
1.33267	20
1.33633	19
1.34000	18
1.34367	16
1.34733	17
1.35100	18
1.35467	16
1.35833	13
1.36200	9
1.36567	8
1.36933	10
1.37300	11
1.37667	11
1.38033	13
1.38400	17
1.38767	15
1.39133	11
1.39500	10
1.39867	12
1.40233	13
1.40600	13
1.40967	13
1.41333	15
1.41700	16
1.42067	15
1.42433	13
1.42800	12
1.43167	12
1.43533	11
1.43900	11
1.44267	11
1.44633	9
1.45000	9
1.45367	10
1.45733	12
1.46100	14
1.46467	15
1.46833	15
1.47200	13
1.47567	13
1.47933	13
1.48300	14
1.48667	15
1.49033	13
1.49400	13
1.49767	11
1.50133	12
1.50500	13
1.50867	14
1.51233	12
1.51600	12
1.51967	11
1.52333	9
1.52700	8
1.53067	6
1.53433	6
1.53800	7
1.54167	9
1.54533	11
1.54900	11
1.55267	8
1.55633	8
1.56000	6
1.56367	7
1.56733	7
1.57100	7
1.57467	7
1.57833	6
1.58200	4
1.58567	4
1.58933	5
1.59300	6
1.59667	6
1.60033	8
1.60400	8
1.60767	8
1.61133	9
1.61500	9
1.61867	8
1.62233	9
1.62600	10
1.62967	10
1.63333	10
1.63700	11
1.64067	14
1.64433	17
1.64800	19
1.65167	21
1.65533	20
1.65900	18
1.66267	19
1.66633	20
1.67000	19
1.67367	18
1.67733	18
1.68100	18
1.68467	19
1.68833	21
1.69200	21
1.69567	21
1.69933	21
1.70300	21
1.70667	23
1.71033	25
1.71400	24
1.71767	22
1.72133	22
1.72500	25
1.72867	27
1.73233	29
1.73600	30
1.73967	30
1.74333	31
1.74700	31
1.75067	33
1.75433	34
1.75800	36
1.76167	39
1.76533	40
1.76900	38
1.77267	36
1.77633	34
1.78000	33
1.78367	32
1.78733	34
1.79100	36
1.79467	37
1.79833	36
1.80200	37
1.80567	37
1.80933	37
1.81300	38
1.81667	39
1.82033	40
1.82400	42
1.82767	42
1.83133	44
1.83500	45
1.83867	46
1.84233	46
1.84600	44
1.84967	43
1.85333	42
1.85700	42
1.86067	43
1.86433	45
1.86800	45
1.87167	45
1.87533	44
1.87900	41
1.88267	41
1.88633	42
1.89000	43
1.89367	42
1.89733	42
1.90100	45
1.90467	46
1.90833	46
1.91200	45
1.91567	44
1.91933	42
1.92300	40
1.92667	42
1.93033	45
1.93400	48
1.93767	51
1.94133	51
1.94500	50
1.94867	48
1.95233	47
1.95600	48
1.95967	50
1.96333	54
1.96700	55
1.97067	56
1.97433	55
1.97800	54
1.98167	55
1.98533	56
1.98900	58
1.99267	59
1.99633	59
2.00000	61
2.00367	61
2.00733	63
2.01100	65
2.01467	67
2.01833	67
2.02200	67
2.02567	68
2.02933	67
2.03300	68
2.03667	70
2.04033	71
2.04400	71
2.04767	70
2.05133	71
2.05500	72
2.05867	70
2.06233	71
2.06600	70
2.06967	71
2.07333	73
2.07700	77
2.08067	81
2.08433	83
2.08800	83
2.09167	84
2.09533	86
2.09900	86
2.10267	85
2.10633	84
2.11000	85
2.11367	84
2.11733	81
2.12100	80
2.12467	82
2.12833	82
2.13200	82
2.13567	83
2.13933	82
2.14300	83
2.14667	84
2.15033	84
2.15400	86
2.15767	88
2.16133	91
2.16500	93
2.16867	93
2.17233	95
2.17600	94
2.17967	92
2.18333	91
2.18700	93
2.19067	94
2.19433	93
2.19800	95
2.20167	98
2.20533	99
2.20900	99
2.21267	98
2.21633	96
2.22000	95
2.22367	98
2.22733	102
2.23100	105
2.23467	103
2.23833	101
2.24200	103
2.24567	104
2.24933	105
2.25300	105
2.25667	106
2.26033	107
2.26400	105
2.26767	104
2.27133	104
2.27500	104
2.27867	106
2.28233	108
2.28600	111
2.28967	114
2.29333	115
2.29700	115
2.30067	114
2.30433	114
2.30800	112
2.31167	110
2.31533	111
2.31900	113
2.32267	112
2.32633	112
2.33000	114
2.33367	117
2.33733	118
2.34100	118
2.34467	118
2.34833	119
2.35200	119
2.35567	121
2.35933	123
2.36300	125
2.36667	125
2.37033	125
2.37400	129
2.37767	129
2.38133	129
2.38500	127
2.38867	126
2.39233	127
2.39600	127
2.39967	127
2.40333	126
2.40700	127
2.41067	131
2.41433	134
2.41800	137
2.42167	139
2.42533	142
2.42900	141
2.43267	139
2.43633	138
2.44000	141
2.44367	152
2.44733	178
2.45100	207
2.45467	231
2.45833	244
2.46200	245
2.46567	239
2.46933	233
2.47300	230
2.47667	226
2.48033	211
2.48400	197
2.48767	187
2.49133	184
2.49500	191
2.49867	207
2.50233	232
2.50600	261
2.50967	291
2.51333	319
2.51700	343
2.52067	366
2.52433	387
2.52800	405
2.53167	420
2.53533	436
2.53900	453
2.54267	470
2.54633	483
2.55000	500
2.55367	518
2.55733	533
2.56100	547
2.56467	563
2.56833	577
2.57200	590
2.57567	601
2.57933	611
2.58300	621
2.58667	631
2.59033	638
2.59400	642
2.59767	643
2.60133	640
2.60500	631
2.60867	617
2.61233	598
2.61600	575
2.61967	550
2.62333	519
2.62700	487
2.63067	457
2.63433	429
2.63800	407
2.64167	391
2.64533	381
2.64900	375
2.65267	373
2.65633	376
2.66000	379
2.66367	383
2.66733	391
2.67100	400
2.67467	410
2.67833	421
2.68200	432
2.68567	441
2.68933	450
2.69300	457
2.69667	462
2.70033	465
2.70400	470
2.70767	480
2.71133	489
2.71500	494
2.71867	498
2.72233	503
2.72600	511
2.72967	516
2.73333	521
2.73700	525
2.74067	531
2.74433	539
2.74800	546
2.75167	549
2.75533	550
2.75900	552
2.76267	552
2.76633	556
2.77000	559
2.77367	560
2.77733	563
2.78100	565
2.78467	565
2.78833	563
2.79200	562
2.79567	561
2.79933	561
2.80300	563
2.80667	563
2.81033	563
2.81400	561
2.81767	562
2.82133	565
2.82500	573
2.82867	592
2.83233	640
2.83600	735
2.83967	903
2.84333	1171
2.84700	1565
2.85067	2091
2.85433	2733
2.85800	3458
2.86167	4220
2.86533	4957
2.86900	5612
2.87267	6132
2.87633	6485
2.88000	6654
2.88367	6650
2.88733	6495
2.89100	6219
2.89467	5854
2.89833	5436
2.90200	4996
2.90567	4554
2.90933	4124
2.91300	3719
2.91667	3343
2.92033	2999
2.92400	2690
2.92767	2416
2.93133	2170
2.93500	1952
2.93867	1760
2.94233	1596
2.94600	1455
2.94967	1331
2.95333	1223
2.95700	1129
2.96067	1049
2.96433	981
2.96800	921
2.97167	868
2.97533	824
2.97900	785
2.98267	751
2.98633	721
2.99000	693
2.99367	670
2.99733	651
3.00100	633
3.00467	618
3.00833	606
3.01200	595
3.01567	586
3.01933	578
3.02300	572
3.02667	565
3.03033	561
3.03400	556
3.03767	553
3.04133	548
3.04500	543
3.04867	540
3.05233	537
3.05600	534
3.05967	533
3.06333	531
3.06700	530
3.07067	527
3.07433	525
3.07800	522
3.08167	521
3.08533	521
3.08900	520
3.09267	520
3.09633	518
3.10000	514
3.10367	511
3.10733	509
3.11100	510
3.11467	511
3.11833	511
3.12200	511
3.12567	511
3.12933	509
3.13300	508
3.13667	508
3.14033	510
3.14400	510
3.14767	512
3.15133	513
3.15500	513
3.15867	512
3.16233	508
3.16600	505
3.16967	506
3.17333	505
3.17700	504
3.18067	503
3.18433	501
3.18800	501
3.19167	499
3.19533	499
3.19900	499
3.20267	498
3.20633	499
3.21000	499
3.21367	497
3.21733	494
3.22100	493
3.22467	491
3.22833	490
3.23200	490
3.23567	489
3.23933	488
3.24300	486
3.24667	484
3.25033	483
3.25400	483
3.25767	481
3.26133	480
3.26500	478
3.26867	476
3.27233	474
3.27600	474
3.27967	473
3.28333	470
3.28700	466
3.29067	464
3.29433	462
3.29800	460
3.30167	456
3.30533	451
3.30900	447
3.31267	444
3.31633	441
3.32000	439
3.32367	438
3.32733	437
3.33100	437
3.33467	436
3.33833	434
3.34200	427
3.34567	421
3.34933	417
3.35300	415
3.35667	414
3.36033	413
3.36400	408
3.36767	406
3.37133	405
3.37500	403
3.37867	402
3.38233	402
3.38600	399
3.38967	395
3.39333	392
3.39700	389
3.40067	388
3.40433	389
3.40800	389
3.41167	386
3.41533	382
3.41900	379
3.42267	376
3.42633	373
3.43000	370
3.43367	369
3.43733	366
3.44100	364
3.44467	362
3.44833	358
3.45200	355
3.45567	351
3.45933	350
3.46300	348
3.46667	344
3.47033	342
3.47400	339
3.47767	335
3.48133	333
3.48500	334
3.48867	335
3.49233	334
3.49600	332
3.49967	330
3.50333	325
3.50700	321
3.51067	317
3.51433	316
3.51800	316
3.52167	319
3.52533	318
3.52900	314
3.53267	311
3.53633	308
3.54000	307
3.54367	305
3.54733	303
3.55100	301
3.55467	300
3.55833	299
3.56200	297
3.56567	297
3.56933	296
3.57300	295
3.57667	293
3.58033	291
3.58400	289
3.58767	288
3.59133	286
3.59500	284
3.59867	282
3.60233	279
3.60600	276
3.60967	273
3.61333	269
3.61700	268
3.62067	266
3.62433	262
3.62800	261
3.63167	263
3.63533	265
3.63900	265
3.64267	264
3.64633	261
3.65000	259
3.65367	258
3.65733	256
3.66100	255
3.66467	251
3.66833	247
3.67200	245
3.67567	242
3.67933	241
3.68300	238
3.68667	235
3.69033	233
3.69400	232
3.69767	232
3.70133	232
3.70500	230
3.70867	229
3.71233	227
3.71600	223
3.71967	219
3.72333	218
3.72700	216
3.73067	215
3.73433	215
3.73800	216
3.74167	216
3.74533	214
3.74900	213
3.75267	212
3.75633	212
3.76000	209
3.76367	206
3.76733	206
3.77100	208
3.77467	209
3.77833	206
3.78200	204
3.78567	203
3.78933	202
3.79300	200
3.79667	198
3.80033	195
3.80400	190
3.80767	189
3.81133	189
3.81500	189
3.81867	187
3.82233	185
3.82600	185
3.82967	185
3.83333	185
3.83700	185
3.84067	184
3.84433	182
3.84800	181
3.85167	180
3.85533	180
3.85900	179
3.86267	177
3.86633	174
3.87000	173
3.87367	173
3.87733	175
3.88100	176
3.88467	176
3.88833	174
3.89200	173
3.89567	171
3.89933	168
3.90300	164
3.90667	162
3.91033	162
3.91400	163
3.91767	163
3.92133	163
3.92500	162
3.92867	160
3.93233	157
3.93600	154
3.93967	154
3.94333	154
3.94700	153
3.95067	152
3.95433	154
3.95800	154
3.96167	154
3.96533	156
3.96900	156
3.97267	154
3.97633	152
3.98000	151
3.98367	149
3.98733	147
3.99100	145
3.99467	143
3.99833	142

[Status Trace (Column Oven Temperature)]
Interval(msec)	1000
# of Points	240
Start Time(min)	0.008
End Time(min)	3.991
Intensity Units	
Intensity Multiplier	1
R.Time (min)	Intensity
0.00753	35.02
0.02420	35.03
0.04087	35.05
0.05753	35.06
0.07420	35.07
0.09087	35.06
0.10753	35.06
0.12420	35.07
0.14087	35.07
0.15753	35.06
0.17420	35.05
0.19087	35.04
0.20753	35.04
0.22420	35.01
0.24087	34.99
0.25753	34.98
0.27420	34.97
0.29087	34.99
0.30753	34.98
0.32420	34.98
0.34087	34.97
0.35753	34.96
0.37420	34.95
0.39087	34.94
0.40753	34.95
0.42420	34.95
0.44087	34.95
0.45753	34.95
0.47420	34.96
0.49087	34.97
0.50753	34.98
0.52420	35.00
0.54087	34.99
0.55753	34.99
0.57420	34.98
0.59087	34.99
0.60753	35.00
0.62420	35.00
0.64087	34.99
0.65753	34.98
0.67420	34.97
0.69087	34.97
0.70753	34.96
0.72420	34.97
0.74087	34.98
0.75753	34.98
0.77420	34.98
0.79087	34.99
0.80753	35.00
0.82420	35.01
0.84087	35.01
0.85753	35.01
0.87420	35.00
0.89087	34.99
0.90753	34.98
0.92420	34.98
0.94087	34.99
0.95753	34.99
0.97420	34.98
0.99087	34.99
1.00753	34.99
1.02420	34.97
1.04087	34.97
1.05753	34.96
1.07420	34.96
1.09087	34.96
1.10753	34.96
1.12420	34.97
1.14087	34.99
1.15753	35.00
1.17420	35.01
1.19087	35.01
1.20753	35.02
1.22420	35.02
1.24087	35.01
1.25753	35.00
1.27420	34.99
1.29087	35.00
1.30753	34.99
1.32420	34.98
1.34087	34.98
1.35753	34.98
1.37420	34.97
1.39087	34.98
1.40753	34.98
1.42420	34.98
1.44087	34.98
1.45753	34.98
1.47420	34.99
1.49087	34.99
1.50753	34.99
1.52420	34.99
1.54087	34.99
1.55753	35.00
1.57420	35.00
1.59087	35.02
1.60753	35.07
1.62420	35.18
1.64087	35.35
1.65753	35.58
1.67420	35.92
1.69087	36.29
1.70753	36.66
1.72420	36.99
1.74087	37.32
1.75753	37.65
1.77420	37.99
1.79087	38.33
1.80753	38.64
1.82420	38.98
1.84087	39.30
1.85753	39.63
1.87420	39.97
1.89087	40.29
1.90753	40.63
1.92420	40.95
1.94087	41.27
1.95753	41.60
1.97420	41.95
1.99087	42.27
2.00753	42.58
2.02420	42.90
2.04087	43.23
2.05753	43.55
2.07420	43.86
2.09087	44.20
2.10753	44.52
2.12420	44.84
2.14087	45.16
2.15753	45.50
2.17420	45.81
2.19087	46.15
2.20753	46.47
2.22420	46.82
2.24087	47.14
2.25753	47.48
2.27420	47.80
2.29087	48.13
2.30753	48.49
2.32420	48.82
2.34087	49.10
2.35753	49.44
2.37420	49.68
2.39087	49.79
2.40753	49.79
2.42420	49.78
2.44087	49.78
2.45753	49.78
2.47420	49.79
2.49087	49.80
2.50753	49.81
2.52420	49.81
2.54087	49.80
2.55753	49.84
2.57420	49.81
2.59087	49.83
2.60753	49.83
2.62420	49.84
2.64087	49.84
2.65753	49.85
2.67420	49.87
2.69087	49.86
2.70753	49.85
2.72420	49.85
2.74087	49.88
2.75753	49.88
2.77420	49.89
2.79087	49.89
2.80753	49.89
2.82420	49.90
2.84087	49.91
2.85753	49.93
2.87420	49.94
2.89087	49.94
2.90753	49.95
2.92420	49.96
2.94087	49.97
2.95753	49.98
2.97420	50.00
2.99087	50.00
3.00753	49.99
3.02420	49.99
3.04087	49.99
3.05753	50.00
3.07420	50.01
3.09087	50.02
3.10753	50.02
3.12420	50.04
3.14087	50.05
3.15753	50.05
3.17420	50.06
3.19087	50.07
3.20753	50.07
3.22420	50.08
3.24087	50.09
3.25753	50.10
3.27420	50.10
3.29087	50.09
3.30753	50.09
3.32420	50.08
3.34087	50.08
3.35753	50.07
3.37420	50.06
3.39087	50.06
3.40753	50.06
3.42420	50.06
3.44087	50.07
3.45753	50.08
3.47420	50.07
3.49087	50.07
3.50753	50.07
3.52420	50.06
3.54087	50.07
3.55753	50.07
3.57420	50.09
3.59087	50.09
3.60753	50.10
3.62420	50.10
3.64087	50.11
3.65753	50.10
3.67420	50.10
3.69087	50.09
3.70753	50.08
3.72420	50.07
3.74087	50.06
3.75753	50.05
3.77420	50.05
3.79087	50.04
3.80753	50.04
3.82420	50.05
3.84087	50.05
3.85753	50.06
3.87420	50.06
3.89087	50.06
3.90753	50.06
3.92420	50.05
3.94087	50.05
3.95753	50.04
3.97420	50.04
3.99087	50.04

[Status Trace (Injection Unit Temperature)]
Interval(msec)	1000
# of Points	240
Start Time(min)	0.008
End Time(min)	3.991
Intensity Units	
Intensity Multiplier	1
R.Time (min)	Intensity
0.00753	99.98
0.02420	99.97
0.04087	99.98
0.05753	99.98
0.07420	99.98
0.09087	99.98
0.10753	99.98
0.12420	99.98
0.14087	99.98
0.15753	99.98
0.17420	99.98
0.19087	99.98
0.20753	99.98
0.22420	99.97
0.24087	99.98
0.25753	99.98
0.27420	99.98
0.29087	99.98
0.30753	99.98
0.32420	99.98
0.34087	99.98
0.35753	99.99
0.37420	99.99
0.39087	99.98
0.40753	99.98
0.42420	99.98
0.44087	99.99
0.45753	99.98
0.47420	99.98
0.49087	99.98
0.50753	99.98
0.52420	99.98
0.54087	99.98
0.55753	99.99
0.57420	99.98
0.59087	99.98
0.60753	99.99
0.62420	99.99
0.64087	99.98
0.65753	99.99
0.67420	99.99
0.69087	99.99
0.70753	99.99
0.72420	99.99
0.74087	99.99
0.75753	99.98
0.77420	99.98
0.79087	99.99
0.80753	99.99
0.82420	99.99
0.84087	99.99
0.85753	99.99
0.87420	99.99
0.89087	99.99
0.90753	99.99
0.92420	99.99
0.94087	99.99
0.95753	99.99
0.97420	99.98
0.99087	99.99
1.00753	99.99
1.02420	99.99
1.04087	99.99
1.05753	99.99
1.07420	99.99
1.09087	99.99
1.10753	99.99
1.12420	99.99
1.14087	99.99
1.15753	99.99
1.17420	99.99
1.19087	99.99
1.20753	99.99
1.22420	99.99
1.24087	99.99
1.25753	99.99
1.27420	99.99
1.29087	99.99
1.30753	99.99
1.32420	99.99
1.34087	99.99
1.35753	99.99
1.37420	99.99
1.39087	99.99
1.40753	99.99
1.42420	99.99
1.44087	99.99
1.45753	99.99
1.47420	99.99
1.49087	99.99
1.50753	99.99
1.52420	99.99
1.54087	99.99
1.55753	99.99
1.57420	99.99
1.59087	99.99
1.60753	99.99
1.62420	99.99
1.64087	99.98
1.65753	99.99
1.67420	99.99
1.69087	99.99
1.70753	99.99
1.72420	99.98
1.74087	99.99
1.75753	99.99
1.77420	99.98
1.79087	99.99
1.80753	99.98
1.82420	99.98
1.84087	99.98
1.85753	99.98
1.87420	99.98
1.89087	99.98
1.90753	99.98
1.92420	99.98
1.94087	99.98
1.95753	99.98
1.97420	99.99
1.99087	99.98
2.00753	99.98
2.02420	99.98
2.04087	99.98
2.05753	99.98
2.07420	99.98
2.09087	99.98
2.10753	99.98
2.12420	99.98
2.14087	99.98
2.15753	99.98
2.17420	99.98
2.19087	99.98
2.20753	99.98
2.22420	99.98
2.24087	99.98
2.25753	99.97
2.27420	99.98
2.29087	99.98
2.30753	99.98
2.32420	99.98
2.34087	99.98
2.35753	99.97
2.37420	99.98
2.39087	99.98
2.40753	99.98
2.42420	99.98
2.44087	99.98
2.45753	99.98
2.47420	99.98
2.49087	99.98
2.50753	99.98
2.52420	99.97
2.54087	99.98
2.55753	99.98
2.57420	99.98
2.59087	99.98
2.60753	99.98
2.62420	99.98
2.64087	99.98
2.65753	99.98
2.67420	99.99
2.69087	99.98
2.70753	99.99
2.72420	99.99
2.74087	99.99
2.75753	99.99
2.77420	99.99
2.79087	99.99
2.80753	99.99
2.82420	100.00
2.84087	100.00
2.85753	100.00
2.87420	100.00
2.89087	100.00
2.90753	100.00
2.92420	100.00
2.94087	100.00
2.95753	100.01
2.97420	100.00
2.99087	100.01
3.00753	100.01
3.02420	100.01
3.04087	100.01
3.05753	100.01
3.07420	100.02
3.09087	100.01
3.10753	100.02
3.12420	100.02
3.14087	100.02
3.15753	100.01
3.17420	100.02
3.19087	100.02
3.20753	100.03
3.22420	100.02
3.24087	100.03
3.25753	100.02
3.27420	100.03
3.29087	100.03
3.30753	100.03
3.32420	100.03
3.34087	100.03
3.35753	100.04
3.37420	100.04
3.39087	100.03
3.40753	100.04
3.42420	100.04
3.44087	100.03
3.45753	100.04
3.47420	100.04
3.49087	100.04
3.50753	100.04
3.52420	100.04
3.54087	100.04
3.55753	100.05
3.57420	100.04
3.59087	100.05
3.60753	100.05
3.62420	100.04
3.64087	100.04
3.65753	100.05
3.67420	100.04
3.69087	100.05
3.70753	100.05
3.72420	100.05
3.74087	100.05
3.75753	100.05
3.77420	100.05
3.79087	100.05
3.80753	100.05
3.82420	100.05
3.84087	100.06
3.85753	100.06
3.87420	100.05
3.89087	100.06
3.90753	100.05
3.92420	100.06
3.94087	100.05
3.95753	100.06
3.97420	100.06
3.99087	100.06

[Status Trace (Carrier Gas Pressure)]
Interval(msec)	1000
# of Points	240
Start Time(min)	0.008
End Time(min)	3.991
Intensity Units	
Intensity Multiplier	1
R.Time (min)	Intensity
0.00753	58.00
0.02420	55.50
0.04087	57.00
0.05753	59.17
0.07420	59.60
0.09087	58.10
0.10753	57.98
0.12420	58.01
0.14087	58.01
0.15753	58.01
0.17420	58.00
0.19087	58.00
0.20753	58.00
0.22420	58.00
0.24087	58.00
0.25753	58.00
0.27420	58.00
0.29087	58.00
0.30753	58.00
0.32420	58.00
0.34087	58.00
0.35753	58.00
0.37420	58.00
0.39087	58.00
0.40753	58.00
0.42420	58.00
0.44087	58.00
0.45753	58.00
0.47420	58.00
0.49087	58.00
0.50753	58.00
0.52420	58.00
0.54087	58.00
0.55753	58.00
0.57420	58.00
0.59087	58.00
0.60753	58.00
0.62420	58.00
0.64087	58.00
0.65753	58.00
0.67420	58.00
0.69087	58.00
0.70753	58.00
0.72420	58.00
0.74087	58.00
0.75753	58.00
0.77420	58.00
0.79087	58.00
0.80753	58.00
0.82420	58.00
0.84087	58.00
0.85753	58.00
0.87420	58.00
0.89087	58.00
0.90753	58.00
0.92420	58.00
0.94087	58.00
0.95753	58.00
0.97420	58.00
0.99087	58.00
1.00753	58.00
1.02420	58.00
1.04087	58.00
1.05753	58.00
1.07420	58.00
1.09087	58.00
1.10753	58.00
1.12420	58.00
1.14087	58.00
1.15753	58.00
1.17420	58.00
1.19087	58.00
1.20753	58.00
1.22420	58.00
1.24087	58.00
1.25753	58.00
1.27420	58.00
1.29087	58.00
1.30753	58.00
1.32420	58.00
1.34087	58.00
1.35753	58.00
1.37420	58.00
1.39087	58.00
1.40753	58.00
1.42420	58.00
1.44087	58.00
1.45753	58.00
1.47420	58.00
1.49087	58.00
1.50753	58.00
1.52420	58.00
1.54087	58.00
1.55753	58.00
1.57420	58.00
1.59087	58.00
1.60753	58.00
1.62420	58.00
1.64087	58.01
1.65753	58.00
1.67420	58.01
1.69087	58.00
1.70753	58.00
1.72420	58.00
1.74087	58.00
1.75753	58.00
1.77420	58.00
1.79087	58.00
1.80753	58.00
1.82420	58.00
1.84087	58.00
1.85753	58.00
1.87420	58.00
1.89087	58.00
1.90753	58.00
1.92420	58.00
1.94087	58.00
1.95753	58.00
1.97420	58.00
1.99087	58.00
2.00753	58.00
2.02420	58.00
2.04087	58.00
2.05753	58.00
2.07420	58.00
2.09087	58.00
2.10753	58.00
2.12420	58.00
2.14087	58.00
2.15753	58.00
2.17420	58.00
2.19087	58.00
2.20753	58.00
2.22420	58.00
2.24087	58.00
2.25753	58.00
2.27420	58.00
2.29087	58.00
2.30753	58.00
2.32420	58.00
2.34087	58.00
2.35753	58.00
2.37420	58.00
2.39087	57.99
2.40753	57.99
2.42420	58.00
2.44087	58.00
2.45753	58.00
2.47420	58.00
2.49087	58.00
2.50753	58.00
2.52420	57.98
2.54087	58.00
2.55753	58.00
2.57420	58.00
2.59087	58.00
2.60753	58.00
2.62420	58.00
2.64087	58.00
2.65753	58.00
2.67420	58.00
2.69087	58.00
2.70753	58.00
2.72420	58.00
2.74087	58.00
2.75753	58.00
2.77420	58.00
2.79087	58.00
2.80753	58.00
2.82420	58.00
2.84087	58.00
2.85753	58.00
2.87420	58.00
2.89087	58.00
2.90753	58.00
2.92420	58.00
2.94087	58.00
2.95753	58.00
2.97420	58.00
2.99087	58.00
3.00753	58.00
3.02420	58.00
3.04087	58.00
3.05753	58.00
3.07420	58.00
3.09087	58.00
3.10753	58.00
3.12420	58.00
3.14087	58.00
3.15753	58.00
3.17420	58.00
3.19087	58.00
3.20753	58.00
3.22420	58.00
3.24087	58.00
3.25753	58.00
3.27420	58.00
3.29087	58.00
3.30753	58.00
3.32420	58.00
3.34087	58.00
3.35753	58.00
3.37420	58.00
3.39087	58.00
3.40753	58.00
3.42420	58.00
3.44087	58.00
3.45753	58.00
3.47420	58.00
3.49087	58.00
3.50753	58.00
3.52420	58.00
3.54087	58.00
3.55753	58.00
3.57420	58.00
3.59087	58.00
3.60753	58.00
3.62420	58.00
3.64087	58.00
3.65753	58.00
3.67420	58.00
3.69087	58.00
3.70753	58.00
3.72420	58.00
3.74087	58.00
3.75753	58.00
3.77420	58.00
3.79087	58.00
3.80753	58.00
3.82420	58.00
3.84087	58.00
3.85753	58.00
3.87420	58.00
3.89087	58.00
3.90753	58.00
3.92420	58.00
3.94087	58.00
3.95753	58.00
3.97420	58.00
3.99087	58.00

[Status Trace (Carrier Gas Flow)]
Interval(msec)	1000
# of Points	240
Start Time(min)	0.008
End Time(min)	3.991
Intensity Units	
Intensity Multiplier	1
R.Time (min)	Intensity
0.00753	34.52
0.02420	34.55
0.04087	34.54
0.05753	34.54
0.07420	34.50
0.09087	34.52
0.10753	34.52
0.12420	34.52
0.14087	34.52
0.15753	34.52
0.17420	34.52
0.19087	34.52
0.20753	34.52
0.22420	34.52
0.24087	34.52
0.25753	34.52
0.27420	34.52
0.29087	34.52
0.30753	34.52
0.32420	34.52
0.34087	34.52
0.35753	34.52
0.37420	34.52
0.39087	34.52
0.40753	34.52
0.42420	34.52
0.44087	34.52
0.45753	34.52
0.47420	34.52
0.49087	34.52
0.50753	34.52
0.52420	34.52
0.54087	34.52
0.55753	34.52
0.57420	34.52
0.59087	34.52
0.60753	34.52
0.62420	34.52
0.64087	34.52
0.65753	34.52
0.67420	34.52
0.69087	34.52
0.70753	34.52
0.72420	34.52
0.74087	34.52
0.75753	34.52
0.77420	34.52
0.79087	34.52
0.80753	34.52
0.82420	34.52
0.84087	34.52
0.85753	34.52
0.87420	34.52
0.89087	34.52
0.90753	34.52
0.92420	34.52
0.94087	34.52
0.95753	34.52
0.97420	34.52
0.99087	34.52
1.00753	34.52
1.02420	34.52
1.04087	34.52
1.05753	34.52
1.07420	34.52
1.09087	34.52
1.10753	34.52
1.12420	34.52
1.14087	34.52
1.15753	34.52
1.17420	34.52
1.19087	34.52
1.20753	34.52
1.22420	34.52
1.24087	34.52
1.25753	34.52
1.27420	34.52
1.29087	34.52
1.30753	34.52
1.32420	34.52
1.34087	34.52
1.35753	34.52
1.37420	34.52
1.39087	34.52
1.40753	34.52
1.42420	34.52
1.44087	34.52
1.45753	34.52
1.47420	34.52
1.49087	34.52
1.50753	34.52
1.52420	34.52
1.54087	34.52
1.55753	34.52
1.57420	34.52
1.59087	34.52
1.60753	34.52
1.62420	34.52
1.64087	34.52
1.65753	34.52
1.67420	34.52
1.69087	34.52
1.70753	34.52
1.72420	34.52
1.74087	34.52
1.75753	34.52
1.77420	34.52
1.79087	34.52
1.80753	34.52
1.82420	34.52
1.84087	34.52
1.85753	34.52
1.87420	34.52
1.89087	34.51
1.90753	34.52
1.92420	34.52
1.94087	34.52
1.95753	34.51
1.97420	34.52
1.99087	34.52
2.00753	34.52
2.02420	34.52
2.04087	34.52
2.05753	34.52
2.07420	34.52
2.09087	34.52
2.10753	34.52
2.12420	34.52
2.14087	34.52
2.15753	34.52
2.17420	34.52
2.19087	34.52
2.20753	34.52
2.22420	34.52
2.24087	34.52
2.25753	34.52
2.27420	34.52
2.29087	34.52
2.30753	34.52
2.32420	34.52
2.34087	34.52
2.35753	34.53
2.37420	34.52
2.39087	34.52
2.40753	34.51
2.42420	34.51
2.44087	34.52
2.45753	34.53
2.47420	34.52
2.49087	34.52
2.50753	34.37
2.52420	34.51
2.54087	34.52
2.55753	34.52
2.57420	34.52
2.59087	34.52
2.60753	34.52
2.62420	34.52
2.64087	34.52
2.65753	34.52
2.67420	34.52
2.69087	34.52
2.70753	34.50
2.72420	34.52
2.74087	34.52
2.75753	34.52
2.77420	34.52
2.79087	34.52
2.80753	34.52
2.82420	34.53
2.84087	34.52
2.85753	34.52
2.87420	34.52
2.89087	34.52
2.90753	34.52
2.92420	34.52
2.94087	34.51
2.95753	34.53
2.97420	34.52
2.99087	34.52
3.00753	34.52
3.02420	34.52
3.04087	34.52
3.05753	34.52
3.07420	34.53
3.09087	34.52
3.10753	34.52
3.12420	34.52
3.14087	34.52
3.15753	34.50
3.17420	34.52
3.19087	34.52
3.20753	34.52
3.22420	34.52
3.24087	34.53
3.25753	34.51
3.27420	34.52
3.29087	34.50
3.30753	34.51
3.32420	34.53
3.34087	34.52
3.35753	34.51
3.37420	34.52
3.39087	34.52
3.40753	34.51
3.42420	34.52
3.44087	34.52
3.45753	34.52
3.47420	34.52
3.49087	34.50
3.50753	34.53
3.52420	34.52
3.54087	34.50
3.55753	34.52
3.57420	34.50
3.59087	34.52
3.60753	34.52
3.62420	34.52
3.64087	34.52
3.65753	34.53
3.67420	34.52
3.69087	34.52
3.70753	34.51
3.72420	34.50
3.74087	34.53
3.75753	34.52
3.77420	34.52
3.79087	34.52
3.80753	34.50
3.82420	34.51
3.84087	34.52
3.85753	34.52
3.87420	34.52
3.89087	34.51
3.90753	34.52
3.92420	34.52
3.94087	34.52
3.95753	34.52
3.97420	34.52
3.99087	34.52

[Status Trace (Column Flow)]
Interval(msec)	1000
# of Points	240
Start Time(min)	0.008
End Time(min)	3.991
Intensity Units	
Intensity Multiplier	1
R.Time (min)	Intensity
0.00753	5.56
0.02420	5.26
0.04087	5.44
0.05753	5.69
0.07420	5.74
0.09087	5.57
0.10753	5.55
0.12420	5.55
0.14087	5.56
0.15753	5.55
0.17420	5.55
0.19087	5.56
0.20753	5.55
0.22420	5.56
0.24087	5.56
0.25753	5.56
0.27420	5.56
0.29087	5.56
0.30753	5.56
0.32420	5.56
0.34087	5.56
0.35753	5.56
0.37420	5.56
0.39087	5.56
0.40753	5.56
0.42420	5.56
0.44087	5.56
0.45753	5.56
0.47420	5.56
0.49087	5.56
0.50753	5.56
0.52420	5.56
0.54087	5.56
0.55753	5.56
0.57420	5.56
0.59087	5.56
0.60753	5.56
0.62420	5.56
0.64087	5.56
0.65753	5.56
0.67420	5.56
0.69087	5.56
0.70753	5.56
0.72420	5.56
0.74087	5.56
0.75753	5.56
0.77420	5.56
0.79087	5.56
0.80753	5.56
0.82420	5.56
0.84087	5.56
0.85753	5.56
0.87420	5.56
0.89087	5.56
0.90753	5.56
0.92420	5.56
0.94087	5.56
0.95753	5.56
0.97420	5.56
0.99087	5.56
1.00753	5.56
1.02420	5.56
1.04087	5.56
1.05753	5.56
1.07420	5.56
1.09087	5.56
1.10753	5.56
1.12420	5.56
1.14087	5.56
1.15753	5.56
1.17420	5.56
1.19087	5.56
1.20753	5.56
1.22420	5.56
1.24087	5.56
1.25753	5.56
1.27420	5.56
1.29087	5.56
1.30753	5.56
1.32420	5.56
1.34087	5.56
1.35753	5.56
1.37420	5.56
1.39087	5.56
1.40753	5.56
1.42420	5.56
1.44087	5.56
1.45753	5.56
1.47420	5.56
1.49087	5.56
1.50753	5.56
1.52420	5.56
1.54087	5.56
1.55753	5.56
1.57420	5.56
1.59087	5.56
1.60753	5.55
1.62420	5.55
1.64087	5.55
1.65753	5.54
1.67420	5.53
1.69087	5.52
1.70753	5.50
1.72420	5.49
1.74087	5.48
1.75753	5.47
1.77420	5.46
1.79087	5.45
1.80753	5.44
1.82420	5.43
1.84087	5.42
1.85753	5.41
1.87420	5.40
1.89087	5.39
1.90753	5.38
1.92420	5.37
1.94087	5.36
1.95753	5.35
1.97420	5.34
1.99087	5.33
2.00753	5.32
2.02420	5.31
2.04087	5.30
2.05753	5.29
2.07420	5.29
2.09087	5.28
2.10753	5.27
2.12420	5.26
2.14087	5.25
2.15753	5.24
2.17420	5.23
2.19087	5.22
2.20753	5.21
2.22420	5.20
2.24087	5.19
2.25753	5.18
2.27420	5.17
2.29087	5.16
2.30753	5.15
2.32420	5.14
2.34087	5.14
2.35753	5.13
2.37420	5.12
2.39087	5.11
2.40753	5.11
2.42420	5.12
2.44087	5.12
2.45753	5.12
2.47420	5.12
2.49087	5.12
2.50753	5.11
2.52420	5.11
2.54087	5.12
2.55753	5.11
2.57420	5.11
2.59087	5.11
2.60753	5.11
2.62420	5.11
2.64087	5.11
2.65753	5.11
2.67420	5.11
2.69087	5.11
2.70753	5.11
2.72420	5.11
2.74087	5.11
2.75753	5.11
2.77420	5.11
2.79087	5.11
2.80753	5.11
2.82420	5.11
2.84087	5.11
2.85753	5.11
2.87420	5.11
2.89087	5.11
2.90753	5.11
2.92420	5.11
2.94087	5.11
2.95753	5.11
2.97420	5.11
2.99087	5.11
3.00753	5.11
3.02420	5.11
3.04087	5.11
3.05753	5.11
3.07420	5.11
3.09087	5.11
3.10753	5.11
3.12420	5.11
3.14087	5.11
3.15753	5.11
3.17420	5.11
3.19087	5.11
3.20753	5.11
3.22420	5.11
3.24087	5.11
3.25753	5.11
3.27420	5.11
3.29087	5.11
3.30753	5.11
3.32420	5.11
3.34087	5.11
3.35753	5.11
3.37420	5.11
3.39087	5.11
3.40753	5.11
3.42420	5.11
3.44087	5.11
3.45753	5.11
3.47420	5.11
3.49087	5.11
3.50753	5.11
3.52420	5.11
3.54087	5.11
3.55753	5.11
3.57420	5.11
3.59087	5.11
3.60753	5.11
3.62420	5.11
3.64087	5.11
3.65753	5.11
3.67420	5.11
3.69087	5.11
3.70753	5.11
3.72420	5.11
3.74087	5.11
3.75753	5.11
3.77420	5.11
3.79087	5.11
3.80753	5.11
3.82420	5.11
3.84087	5.11
3.85753	5.11
3.87420	5.11
3.89087	5.11
3.90753	5.11
3.92420	5.11
3.94087	5.11
3.95753	5.11
3.97420	5.11
3.99087	5.11

[Status Trace (Linear Velocity)]
Interval(msec)	1000
# of Points	240
Start Time(min)	0.008
End Time(min)	3.991
Intensity Units	
Intensity Multiplier	1
R.Time (min)	Intensity
0.00753	39.02
0.02420	37.38
0.04087	38.37
0.05753	39.78
0.07420	40.07
0.09087	39.08
0.10753	39.00
0.12420	39.02
0.14087	39.03
0.15753	39.02
0.17420	39.02
0.19087	39.02
0.20753	39.02
0.22420	39.02
0.24087	39.03
0.25753	39.03
0.27420	39.03
0.29087	39.03
0.30753	39.03
0.32420	39.03
0.34087	39.03
0.35753	39.03
0.37420	39.03
0.39087	39.03
0.40753	39.03
0.42420	39.03
0.44087	39.03
0.45753	39.03
0.47420	39.03
0.49087	39.03
0.50753	39.03
0.52420	39.03
0.54087	39.03
0.55753	39.03
0.57420	39.03
0.59087	39.03
0.60753	39.02
0.62420	39.03
0.64087	39.03
0.65753	39.03
0.67420	39.03
0.69087	39.03
0.70753	39.03
0.72420	39.03
0.74087	39.03
0.75753	39.03
0.77420	39.03
0.79087	39.03
0.80753	39.03
0.82420	39.02
0.84087	39.02
0.85753	39.02
0.87420	39.02
0.89087	39.03
0.90753	39.03
0.92420	39.03
0.94087	39.03
0.95753	39.03
0.97420	39.03
0.99087	39.03
1.00753	39.03
1.02420	39.03
1.04087	39.03
1.05753	39.03
1.07420	39.03
1.09087	39.03
1.10753	39.03
1.12420	39.03
1.14087	39.03
1.15753	39.02
1.17420	39.02
1.19087	39.02
1.20753	39.02
1.22420	39.02
1.24087	39.02
1.25753	39.02
1.27420	39.03
1.29087	39.02
1.30753	39.03
1.32420	39.03
1.34087	39.03
1.35753	39.03
1.37420	39.03
1.39087	39.03
1.40753	39.03
1.42420	39.03
1.44087	39.03
1.45753	39.03
1.47420	39.03
1.49087	39.03
1.50753	39.03
1.52420	39.03
1.54087	39.03
1.55753	39.02
1.57420	39.02
1.59087	39.02
1.60753	39.02
1.62420	39.01
1.64087	38.99
1.65753	38.97
1.67420	38.94
1.69087	38.90
1.70753	38.87
1.72420	38.83
1.74087	38.80
1.75753	38.77
1.77420	38.74
1.79087	38.71
1.80753	38.68
1.82420	38.65
1.84087	38.62
1.85753	38.58
1.87420	38.55
1.89087	38.52
1.90753	38.49
1.92420	38.46
1.94087	38.43
1.95753	38.40
1.97420	38.37
1.99087	38.34
2.00753	38.31
2.02420	38.28
2.04087	38.25
2.05753	38.22
2.07420	38.19
2.09087	38.16
2.10753	38.13
2.12420	38.10
2.14087	38.07
2.15753	38.04
2.17420	38.01
2.19087	37.99
2.20753	37.96
2.22420	37.92
2.24087	37.89
2.25753	37.87
2.27420	37.84
2.29087	37.81
2.30753	37.78
2.32420	37.74
2.34087	37.72
2.35753	37.69
2.37420	37.67
2.39087	37.65
2.40753	37.65
2.42420	37.66
2.44087	37.66
2.45753	37.66
2.47420	37.66
2.49087	37.66
2.50753	37.65
2.52420	37.65
2.54087	37.66
2.55753	37.66
2.57420	37.66
2.59087	37.66
2.60753	37.66
2.62420	37.65
2.64087	37.66
2.65753	37.65
2.67420	37.65
2.69087	37.65
2.70753	37.65
2.72420	37.65
2.74087	37.65
2.75753	37.65
2.77420	37.65
2.79087	37.65
2.80753	37.65
2.82420	37.65
2.84087	37.65
2.85753	37.65
2.87420	37.65
2.89087	37.65
2.90753	37.64
2.92420	37.64
2.94087	37.64
2.95753	37.64
2.97420	37.64
2.99087	37.64
3.00753	37.64
3.02420	37.64
3.04087	37.64
3.05753	37.64
3.07420	37.64
3.09087	37.64
3.10753	37.64
3.12420	37.64
3.14087	37.64
3.15753	37.64
3.17420	37.63
3.19087	37.63
3.20753	37.63
3.22420	37.63
3.24087	37.63
3.25753	37.63
3.27420	37.63
3.29087	37.63
3.30753	37.63
3.32420	37.63
3.34087	37.63
3.35753	37.63
3.37420	37.64
3.39087	37.64
3.40753	37.63
3.42420	37.63
3.44087	37.63
3.45753	37.63
3.47420	37.63
3.49087	37.63
3.50753	37.63
3.52420	37.64
3.54087	37.63
3.55753	37.63
3.57420	37.63
3.59087	37.63
3.60753	37.63
3.62420	37.63
3.64087	37.63
3.65753	37.63
3.67420	37.63
3.69087	37.63
3.70753	37.63
3.72420	37.63
3.74087	37.64
3.75753	37.64
3.77420	37.64
3.79087	37.64
3.80753	37.64
3.82420	37.64
3.84087	37.64
3.85753	37.63
3.87420	37.63
3.89087	37.64
3.90753	37.64
3.92420	37.64
3.94087	37.64
3.95753	37.64
3.97420	37.64
3.99087	37.64

