[Header]
Application Name	LabSolutions
Version	5.110
Data File Name	C:\Users\User\Desktop\GC Analyses\Jack\UIC Prairie Sampling\9.16.22\220916_035.gcd
Output Date	11/29/2022
Output Time	11:10:17 AM

[File Information]
Type	Data File
Generated	11/14/2022 1:38:38 PM
Generated by	System Administrator
Modified	11/14/2022 1:43:10 PM
Modified by	System Administrator

[Sample Information]
Operator Name	System Administrator
Acquired	11/14/2022 1:39:08 PM
Sample Type	1:Standard
Level	1
Sample Name	220916_UICPrairie
Sample ID	220916_UICPrairie
ISTD Amount1	1
ISTD Amount2	1
ISTD Amount3	1
ISTD Amount4	1
ISTD Amount5	1
ISTD Amount6	1
ISTD Amount7	1
ISTD Amount8	1
ISTD Amount9	1
ISTD Amount10	1
ISTD Amount11	1
ISTD Amount12	1
ISTD Amount13	1
ISTD Amount14	1
ISTD Amount15	1
ISTD Amount16	1
ISTD Amount17	1
ISTD Amount18	1
ISTD Amount19	1
ISTD Amount20	1
ISTD Amount21	1
ISTD Amount22	1
ISTD Amount23	1
ISTD Amount24	1
ISTD Amount25	1
ISTD Amount26	1
ISTD Amount27	1
ISTD Amount28	1
ISTD Amount29	1
ISTD Amount30	1
ISTD Amount31	1
ISTD Amount32	1
Sample Amount	1
Dilution Factor	1
Vial#	1
Injection Volume	1
Injection Count	1
Bar Code	

[Original Files]
Data File	C:\Users\User\Desktop\GC Analyses\Jack\UIC Prairie Sampling\9.16.22\220916_035.gcd
Method File	C:\LabSolutions\Data\GHG_4min_2022\ghg3_togas_w_acet_4 min_new_int.gcm
Batch File	
Report Format File	c:\LabSolutions\System\DEFAULT.lsr

[File Description]


[Configuration]
Instrument Name	C0B7VH3-Instrument1
Instrument #	1
Line #	1
# of Detectors	3
Detector ID	DET#1	DET#2	DET#3
Detector Name	FID	PTCD	ECD
# of Channels	1	1	1

[Peak Table(Ch1)]
# of Peaks	3
Peak#	R.Time	I.Time	F.Time	Area	Height	A/H	Conc.	Mark	ID#	Name	k'	Plate #	Plate Ht.	Tailing	Resolution	Sep.Factor	Area Ratio	Height Ratio	Conc. %	Norm Conc.
1	1.479	1.435	1.538	13164	5832	2.257	100.000	   	1	CO	0.000	8288	18.099	1.207	0.000	0.000	0	0	16.667	16.667
2	1.571	1.538	1.633	4940	2425	2.037	100.000	 V 	2	CH4	0.062	10981	13.660	1.193	1.467	0.000	0	0	16.667	16.667
3	2.000	1.956	2.330	1097698	524450	2.093	400.000	   	3	CO2	0.352	17418	8.612	1.299	7.115	5.680	0	0	66.667	66.667

[Peak Table(Ch2)]
# of Peaks	0

[Peak Table(Ch3)]
# of Peaks	3
Peak#	R.Time	I.Time	F.Time	Area	Height	A/H	Conc.	Mark	ID#	Name	k'	Plate #	Plate Ht.	Tailing	Resolution	Sep.Factor	Area Ratio	Height Ratio	Conc. %	Norm Conc.
1	2.458	1.520	2.653	9498	338	28.102	0.000	   			0.000	90	1664.874	0.609	0.000	0.000	0	0	0.000	0.000
2	2.755	2.667	2.792	581	113	5.153	0.011	   	1	N2O	0.121	718	208.850	0.000	0.410	0.000	0	0	1.120	1.120
3	2.887	2.792	3.965	51312	5407	9.490	0.989	 V 	1	N2O	0.175	10872	13.797	8.420	0.506	1.444	0	0	98.880	98.880

[Compound Results(Ch1)]
# of IDs	6
ID#	Name	R.Time	Area	Height	Conc.	Curve	3rd	2nd	1st	Constant	Area Ratio	Height Ratio	Conc. %	Norm Conc.
1	CO	1.479	13164	5832	100.000	Linear	0.000000e+00	0.000000e+00	1.316355e+002	0.000000e+00	0	0	16.667	16.667
2	CH4	1.571	4940	2425	100.000	Linear	0.000000e+00	0.000000e+00	4.939969e+001	0.000000e+00	0	0	16.667	16.667
3	CO2	2.000	1097698	524450	400.000	Linear	0.000000e+00	0.000000e+00	2.744245e+003	0.000000e+00	0	0	66.667	66.667
4	Ethylene	0.000	0	0	0.000	Linear	0.000000e+00	0.000000e+00	0.000000e+00	0.000000e+00	0	0	0.000	0.000
5	Acetylene	0.000	0	0	0.000	Linear	0.000000e+00	0.000000e+00	0.000000e+00	0.000000e+00	0	0	0.000	0.000
6	Ethane	0.000	0	0	0.000	Linear	0.000000e+00	0.000000e+00	0.000000e+00	0.000000e+00	0	0	0.000	0.000

[Compound Results(Ch2)]
# of IDs	5
ID#	Name	R.Time	Area	Height	Conc.	Curve	3rd	2nd	1st	Constant	Area Ratio	Height Ratio	Conc. %	Norm Conc.
1	Hydrogen	0.000	0	0	0.000	Linear	0.000000e+00	0.000000e+00	0.000000e+00	0.000000e+00	0	0	0.000	0.000
2	Oxygen	0.000	0	0	0.000	Linear	0.000000e+00	0.000000e+00	0.000000e+00	0.000000e+00	0	0	0.000	0.000
3	Nitrogen	0.000	0	0	0.000	Linear	0.000000e+00	0.000000e+00	0.000000e+00	0.000000e+00	0	0	0.000	0.000
4	Methane	0.000	0	0	0.000	Linear	0.000000e+00	0.000000e+00	0.000000e+00	0.000000e+00	0	0	0.000	0.000
5	Carbon Monoxide	0.000	0	0	0.000	Linear	0.000000e+00	0.000000e+00	0.000000e+00	0.000000e+00	0	0	0.000	0.000

[Compound Results(Ch3)]
# of IDs	2
ID#	Name	R.Time	Area	Height	Conc.	Curve	3rd	2nd	1st	Constant	Area Ratio	Height Ratio	Conc. %	Norm Conc.
1	N2O	2.887	51894	5520	1.000	Linear	0.000000e+00	0.000000e+00	5.189380e+004	0.000000e+00	0	0	100.000	100.000
2	SF6	0.000	0	0	0.000	Linear	0.000000e+00	0.000000e+00	0.000000e+00	0.000000e+00	0	0	0.000	0.000

[Group Results(Ch1)]
# of Groups	0

[Group Results(Ch2)]
# of Groups	0

[Group Results(Ch3)]
# of Groups	0

[Chromatogram (Ch1)]
Interval(msec)	220
# of Points	1091
Start Time(min)	0.002
End Time(min)	3.998
R.Time (min)	Intensity
0.00167	-14
0.00533	-8
0.00900	-0
0.01267	11
0.01633	22
0.02000	25
0.02367	22
0.02733	19
0.03100	17
0.03467	10
0.03833	-1
0.04200	-11
0.04567	-15
0.04933	-14
0.05300	-13
0.05667	-13
0.06033	-12
0.06400	-9
0.06767	-3
0.07133	-0
0.07500	-1
0.07867	-2
0.08233	-0
0.08600	2
0.08967	2
0.09333	1
0.09700	1
0.10067	4
0.10433	5
0.10800	5
0.11167	4
0.11533	4
0.11900	4
0.12267	1
0.12633	-6
0.13000	-12
0.13367	-14
0.13733	-12
0.14100	-7
0.14467	-4
0.14833	-4
0.15200	-5
0.15567	-12
0.15933	-20
0.16300	-26
0.16667	-29
0.17033	-26
0.17400	-21
0.17767	-16
0.18133	-11
0.18500	-6
0.18867	-3
0.19233	-2
0.19600	-2
0.19967	-6
0.20333	-7
0.20700	-4
0.21067	3
0.21433	9
0.21800	9
0.22167	7
0.22533	5
0.22900	2
0.23267	2
0.23633	6
0.24000	13
0.24367	18
0.24733	16
0.25100	13
0.25467	12
0.25833	10
0.26200	9
0.26567	9
0.26933	10
0.27300	12
0.27667	15
0.28033	17
0.28400	17
0.28767	18
0.29133	19
0.29500	16
0.29867	10
0.30233	10
0.30600	15
0.30967	20
0.31333	27
0.31700	35
0.32067	41
0.32433	41
0.32800	40
0.33167	39
0.33533	34
0.33900	26
0.34267	21
0.34633	22
0.35000	24
0.35367	25
0.35733	25
0.36100	24
0.36467	22
0.36833	18
0.37200	16
0.37567	17
0.37933	20
0.38300	25
0.38667	30
0.39033	34
0.39400	39
0.39767	44
0.40133	45
0.40500	44
0.40867	43
0.41233	45
0.41600	43
0.41967	38
0.42333	33
0.42700	29
0.43067	23
0.43433	17
0.43800	17
0.44167	24
0.44533	31
0.44900	35
0.45267	38
0.45633	40
0.46000	39
0.46367	35
0.46733	30
0.47100	23
0.47467	13
0.47833	6
0.48200	4
0.48567	4
0.48933	7
0.49300	10
0.49667	13
0.50033	17
0.50400	19
0.50767	20
0.51133	19
0.51500	18
0.51867	15
0.52233	15
0.52600	14
0.52967	14
0.53333	12
0.53700	6
0.54067	0
0.54433	1
0.54800	8
0.55167	17
0.55533	25
0.55900	30
0.56267	30
0.56633	26
0.57000	21
0.57367	16
0.57733	14
0.58100	12
0.58467	12
0.58833	15
0.59200	19
0.59567	24
0.59933	28
0.60300	29
0.60667	27
0.61033	24
0.61400	20
0.61767	15
0.62133	10
0.62500	4
0.62867	-2
0.63233	-5
0.63600	-2
0.63967	5
0.64333	17
0.64700	26
0.65067	30
0.65433	30
0.65800	27
0.66167	24
0.66533	21
0.66900	19
0.67267	17
0.67633	17
0.68000	16
0.68367	14
0.68733	12
0.69100	9
0.69467	3
0.69833	-4
0.70200	-8
0.70567	-7
0.70933	-4
0.71300	-1
0.71667	1
0.72033	2
0.72400	2
0.72767	-0
0.73133	-3
0.73500	-3
0.73867	-3
0.74233	-6
0.74600	-6
0.74967	-7
0.75333	-7
0.75700	-2
0.76067	4
0.76433	6
0.76800	4
0.77167	3
0.77533	-0
0.77900	-2
0.78267	-4
0.78633	-6
0.79000	-8
0.79367	-8
0.79733	-7
0.80100	-7
0.80467	-8
0.80833	-6
0.81200	-3
0.81567	-1
0.81933	1
0.82300	2
0.82667	6
0.83033	9
0.83400	9
0.83767	7
0.84133	4
0.84500	1
0.84867	2
0.85233	3
0.85600	2
0.85967	-2
0.86333	-6
0.86700	-10
0.87067	-13
0.87433	-19
0.87800	-22
0.88167	-23
0.88533	-21
0.88900	-16
0.89267	-11
0.89633	-6
0.90000	-2
0.90367	-1
0.90733	2
0.91100	12
0.91467	20
0.91833	20
0.92200	12
0.92567	-1
0.92933	-14
0.93300	-22
0.93667	-28
0.94033	-32
0.94400	-32
0.94767	-25
0.95133	-13
0.95500	-3
0.95867	-3
0.96233	-11
0.96600	-19
0.96967	-24
0.97333	-25
0.97700	-26
0.98067	-31
0.98433	-40
0.98800	-47
0.99167	-51
0.99533	-52
0.99900	-53
1.00267	-50
1.00633	-44
1.01000	-34
1.01367	-26
1.01733	-23
1.02100	-23
1.02467	-24
1.02833	-25
1.03200	-25
1.03567	-23
1.03933	-17
1.04300	-12
1.04667	-9
1.05033	-5
1.05400	-5
1.05767	-10
1.06133	-20
1.06500	-30
1.06867	-37
1.07233	-39
1.07600	-38
1.07967	-35
1.08333	-30
1.08700	-25
1.09067	-21
1.09433	-21
1.09800	-19
1.10167	-16
1.10533	-14
1.10900	-15
1.11267	-15
1.11633	-15
1.12000	-15
1.12367	-16
1.12733	-16
1.13100	-16
1.13467	-18
1.13833	-24
1.14200	-28
1.14567	-33
1.14933	-38
1.15300	-42
1.15667	-43
1.16033	-40
1.16400	-39
1.16767	-41
1.17133	-43
1.17500	-45
1.17867	-46
1.18233	-48
1.18600	-48
1.18967	-47
1.19333	-43
1.19700	-34
1.20067	-25
1.20433	-16
1.20800	-9
1.21167	-4
1.21533	-5
1.21900	-12
1.22267	-22
1.22633	-31
1.23000	-41
1.23367	-49
1.23733	-53
1.24100	-52
1.24467	-51
1.24833	-49
1.25200	-48
1.25567	-49
1.25933	-49
1.26300	-48
1.26667	-47
1.27033	-46
1.27400	-47
1.27767	-52
1.28133	-58
1.28500	-59
1.28867	-54
1.29233	-47
1.29600	-43
1.29967	-40
1.30333	-37
1.30700	-35
1.31067	-34
1.31433	-32
1.31800	-31
1.32167	-29
1.32533	-28
1.32900	-28
1.33267	-30
1.33633	-33
1.34000	-38
1.34367	-41
1.34733	-40
1.35100	-38
1.35467	-38
1.35833	-37
1.36200	-37
1.36567	-37
1.36933	-35
1.37300	-35
1.37667	-38
1.38033	-44
1.38400	-50
1.38767	-54
1.39133	-56
1.39500	-55
1.39867	-54
1.40233	-52
1.40600	-53
1.40967	-55
1.41333	-57
1.41700	-60
1.42067	-64
1.42433	-66
1.42800	-66
1.43167	-63
1.43533	-58
1.43900	-49
1.44267	-8
1.44633	131
1.45000	411
1.45367	870
1.45733	1595
1.46100	2564
1.46467	3592
1.46833	4497
1.47200	5186
1.47567	5624
1.47933	5776
1.48300	5603
1.48667	5105
1.49033	4367
1.49400	3527
1.49767	2720
1.50133	2023
1.50500	1465
1.50867	1044
1.51233	739
1.51600	522
1.51967	368
1.52333	256
1.52700	174
1.53067	116
1.53433	75
1.53800	52
1.54167	55
1.54533	125
1.54900	328
1.55267	683
1.55633	1134
1.56000	1583
1.56367	1960
1.56733	2233
1.57100	2375
1.57467	2356
1.57833	2164
1.58200	1832
1.58567	1434
1.58933	1051
1.59300	733
1.59667	491
1.60033	316
1.60400	197
1.60767	118
1.61133	63
1.61500	24
1.61867	-1
1.62233	-18
1.62600	-31
1.62967	-41
1.63333	-47
1.63700	-51
1.64067	-51
1.64433	-48
1.64800	-46
1.65167	-47
1.65533	-50
1.65900	-55
1.66267	-62
1.66633	-69
1.67000	-76
1.67367	-79
1.67733	-80
1.68100	-80
1.68467	-79
1.68833	-75
1.69200	-67
1.69567	-62
1.69933	-63
1.70300	-68
1.70667	-72
1.71033	-74
1.71400	-75
1.71767	-74
1.72133	-75
1.72500	-79
1.72867	-79
1.73233	-75
1.73600	-69
1.73967	-66
1.74333	-65
1.74700	-68
1.75067	-73
1.75433	-77
1.75800	-78
1.76167	-78
1.76533	-78
1.76900	-77
1.77267	-77
1.77633	-72
1.78000	-67
1.78367	-65
1.78733	-66
1.79100	-69
1.79467	-72
1.79833	-74
1.80200	-74
1.80567	-72
1.80933	-72
1.81300	-70
1.81667	-66
1.82033	-60
1.82400	-57
1.82767	-58
1.83133	-59
1.83500	-59
1.83867	-59
1.84233	-60
1.84600	-62
1.84967	-64
1.85333	-65
1.85700	-64
1.86067	-59
1.86433	-55
1.86800	-58
1.87167	-62
1.87533	-65
1.87900	-66
1.88267	-63
1.88633	-61
1.89000	-58
1.89367	-55
1.89733	-51
1.90100	-48
1.90467	-47
1.90833	-51
1.91200	-54
1.91567	-55
1.91933	-56
1.92300	-57
1.92667	-58
1.93033	-60
1.93400	-60
1.93767	-58
1.94133	-56
1.94500	-55
1.94867	-55
1.95233	-54
1.95600	-41
1.95967	54
1.96333	577
1.96700	2903
1.97067	10858
1.97433	31785
1.97800	74774
1.98167	144586
1.98533	236042
1.98900	334882
1.99267	424455
1.99633	490814
2.00000	524436
2.00367	520869
2.00733	482185
2.01100	417186
2.01467	339057
2.01833	261015
2.02200	192381
2.02567	137339
2.02933	96036
2.03300	66454
2.03667	45920
2.04033	31949
2.04400	22546
2.04767	16233
2.05133	11975
2.05500	9075
2.05867	7072
2.06233	5663
2.06600	4650
2.06967	3903
2.07333	3341
2.07700	2906
2.08067	2564
2.08433	2290
2.08800	2060
2.09167	1865
2.09533	1698
2.09900	1555
2.10267	1435
2.10633	1333
2.11000	1246
2.11367	1170
2.11733	1103
2.12100	1044
2.12467	993
2.12833	943
2.13200	890
2.13567	836
2.13933	784
2.14300	739
2.14667	701
2.15033	670
2.15400	642
2.15767	615
2.16133	590
2.16500	569
2.16867	550
2.17233	530
2.17600	512
2.17967	497
2.18333	485
2.18700	474
2.19067	462
2.19433	449
2.19800	436
2.20167	421
2.20533	407
2.20900	395
2.21267	384
2.21633	375
2.22000	369
2.22367	364
2.22733	359
2.23100	352
2.23467	342
2.23833	331
2.24200	319
2.24567	309
2.24933	299
2.25300	288
2.25667	278
2.26033	270
2.26400	261
2.26767	254
2.27133	251
2.27500	255
2.27867	258
2.28233	255
2.28600	248
2.28967	238
2.29333	225
2.29700	215
2.30067	210
2.30433	210
2.30800	213
2.31167	216
2.31533	216
2.31900	211
2.32267	204
2.32633	193
2.33000	182
2.33367	174
2.33733	169
2.34100	169
2.34467	171
2.34833	176
2.35200	181
2.35567	184
2.35933	184
2.36300	181
2.36667	172
2.37033	163
2.37400	152
2.37767	144
2.38133	143
2.38500	152
2.38867	161
2.39233	165
2.39600	162
2.39967	158
2.40333	152
2.40700	148
2.41067	148
2.41433	151
2.41800	157
2.42167	161
2.42533	162
2.42900	159
2.43267	155
2.43633	154
2.44000	155
2.44367	159
2.44733	160
2.45100	158
2.45467	153
2.45833	144
2.46200	137
2.46567	132
2.46933	130
2.47300	127
2.47667	125
2.48033	126
2.48400	130
2.48767	136
2.49133	140
2.49500	141
2.49867	138
2.50233	136
2.50600	135
2.50967	133
2.51333	129
2.51700	123
2.52067	119
2.52433	117
2.52800	117
2.53167	120
2.53533	126
2.53900	135
2.54267	144
2.54633	150
2.55000	155
2.55367	156
2.55733	152
2.56100	143
2.56467	135
2.56833	127
2.57200	121
2.57567	117
2.57933	113
2.58300	108
2.58667	103
2.59033	99
2.59400	100
2.59767	102
2.60133	104
2.60500	104
2.60867	108
2.61233	115
2.61600	120
2.61967	119
2.62333	114
2.62700	110
2.63067	108
2.63433	109
2.63800	108
2.64167	105
2.64533	104
2.64900	109
2.65267	117
2.65633	125
2.66000	130
2.66367	131
2.66733	128
2.67100	121
2.67467	112
2.67833	104
2.68200	100
2.68567	100
2.68933	100
2.69300	97
2.69667	92
2.70033	88
2.70400	87
2.70767	91
2.71133	99
2.71500	109
2.71867	117
2.72233	122
2.72600	121
2.72967	117
2.73333	115
2.73700	117
2.74067	121
2.74433	123
2.74800	123
2.75167	127
2.75533	133
2.75900	138
2.76267	137
2.76633	130
2.77000	121
2.77367	117
2.77733	115
2.78100	113
2.78467	108
2.78833	105
2.79200	103
2.79567	102
2.79933	99
2.80300	98
2.80667	100
2.81033	103
2.81400	107
2.81767	113
2.82133	119
2.82500	122
2.82867	121
2.83233	119
2.83600	120
2.83967	124
2.84333	128
2.84700	131
2.85067	133
2.85433	134
2.85800	134
2.86167	130
2.86533	128
2.86900	124
2.87267	119
2.87633	115
2.88000	115
2.88367	118
2.88733	123
2.89100	127
2.89467	130
2.89833	128
2.90200	123
2.90567	117
2.90933	110
2.91300	105
2.91667	102
2.92033	101
2.92400	102
2.92767	104
2.93133	106
2.93500	109
2.93867	113
2.94233	119
2.94600	122
2.94967	121
2.95333	119
2.95700	119
2.96067	123
2.96433	131
2.96800	138
2.97167	140
2.97533	138
2.97900	136
2.98267	138
2.98633	143
2.99000	149
2.99367	152
2.99733	151
3.00100	150
3.00467	149
3.00833	146
3.01200	143
3.01567	141
3.01933	138
3.02300	135
3.02667	132
3.03033	131
3.03400	130
3.03767	133
3.04133	136
3.04500	135
3.04867	133
3.05233	131
3.05600	132
3.05967	137
3.06333	143
3.06700	145
3.07067	146
3.07433	144
3.07800	141
3.08167	137
3.08533	131
3.08900	125
3.09267	122
3.09633	119
3.10000	118
3.10367	119
3.10733	124
3.11100	129
3.11467	131
3.11833	131
3.12200	132
3.12567	134
3.12933	138
3.13300	144
3.13667	147
3.14033	142
3.14400	132
3.14767	123
3.15133	113
3.15500	107
3.15867	106
3.16233	106
3.16600	111
3.16967	118
3.17333	125
3.17700	131
3.18067	138
3.18433	147
3.18800	151
3.19167	151
3.19533	145
3.19900	140
3.20267	139
3.20633	141
3.21000	142
3.21367	138
3.21733	131
3.22100	119
3.22467	108
3.22833	104
3.23200	104
3.23567	105
3.23933	107
3.24300	110
3.24667	113
3.25033	114
3.25400	113
3.25767	111
3.26133	108
3.26500	110
3.26867	117
3.27233	127
3.27600	136
3.27967	143
3.28333	146
3.28700	142
3.29067	134
3.29433	125
3.29800	121
3.30167	124
3.30533	128
3.30900	130
3.31267	128
3.31633	128
3.32000	130
3.32367	134
3.32733	138
3.33100	139
3.33467	138
3.33833	135
3.34200	130
3.34567	127
3.34933	129
3.35300	131
3.35667	131
3.36033	127
3.36400	120
3.36767	115
3.37133	114
3.37500	119
3.37867	128
3.38233	133
3.38600	131
3.38967	127
3.39333	126
3.39700	127
3.40067	131
3.40433	131
3.40800	128
3.41167	122
3.41533	117
3.41900	112
3.42267	108
3.42633	107
3.43000	112
3.43367	116
3.43733	117
3.44100	116
3.44467	116
3.44833	116
3.45200	119
3.45567	121
3.45933	123
3.46300	122
3.46667	117
3.47033	113
3.47400	110
3.47767	108
3.48133	107
3.48500	112
3.48867	120
3.49233	128
3.49600	131
3.49967	131
3.50333	126
3.50700	115
3.51067	108
3.51433	105
3.51800	105
3.52167	105
3.52533	105
3.52900	106
3.53267	110
3.53633	115
3.54000	113
3.54367	104
3.54733	95
3.55100	93
3.55467	97
3.55833	105
3.56200	113
3.56567	116
3.56933	114
3.57300	110
3.57667	108
3.58033	106
3.58400	102
3.58767	96
3.59133	94
3.59500	95
3.59867	98
3.60233	105
3.60600	108
3.60967	108
3.61333	107
3.61700	110
3.62067	112
3.62433	113
3.62800	113
3.63167	113
3.63533	111
3.63900	111
3.64267	115
3.64633	123
3.65000	127
3.65367	125
3.65733	120
3.66100	116
3.66467	111
3.66833	105
3.67200	99
3.67567	94
3.67933	88
3.68300	79
3.68667	72
3.69033	66
3.69400	66
3.69767	68
3.70133	71
3.70500	74
3.70867	79
3.71233	83
3.71600	84
3.71967	84
3.72333	84
3.72700	85
3.73067	88
3.73433	89
3.73800	91
3.74167	95
3.74533	100
3.74900	104
3.75267	101
3.75633	93
3.76000	84
3.76367	77
3.76733	74
3.77100	74
3.77467	79
3.77833	85
3.78200	89
3.78567	88
3.78933	83
3.79300	78
3.79667	74
3.80033	70
3.80400	67
3.80767	69
3.81133	76
3.81500	84
3.81867	92
3.82233	100
3.82600	104
3.82967	102
3.83333	99
3.83700	93
3.84067	85
3.84433	78
3.84800	73
3.85167	71
3.85533	71
3.85900	67
3.86267	63
3.86633	62
3.87000	64
3.87367	68
3.87733	70
3.88100	69
3.88467	68
3.88833	67
3.89200	65
3.89567	67
3.89933	71
3.90300	74
3.90667	77
3.91033	76
3.91400	75
3.91767	72
3.92133	66
3.92500	62
3.92867	61
3.93233	61
3.93600	61
3.93967	64
3.94333	70
3.94700	75
3.95067	77
3.95433	76
3.95800	73
3.96167	73
3.96533	73
3.96900	71
3.97267	66
3.97633	62
3.98000	60
3.98367	60
3.98733	62
3.99100	64
3.99467	66
3.99833	66

[Chromatogram (Ch2)]
Interval(msec)	220
# of Points	1091
Start Time(min)	0.002
End Time(min)	3.998
R.Time (min)	Intensity
0.00167	0
0.00533	0
0.00900	-0
0.01267	-0
0.01633	-0
0.02000	-0
0.02367	-0
0.02733	-0
0.03100	-1
0.03467	-1
0.03833	-1
0.04200	-1
0.04567	-1
0.04933	-1
0.05300	-2
0.05667	-2
0.06033	-1
0.06400	-1
0.06767	-1
0.07133	-1
0.07500	-1
0.07867	-1
0.08233	-1
0.08600	-0
0.08967	-0
0.09333	-0
0.09700	-0
0.10067	-0
0.10433	-0
0.10800	-0
0.11167	0
0.11533	0
0.11900	0
0.12267	0
0.12633	0
0.13000	1
0.13367	1
0.13733	1
0.14100	1
0.14467	1
0.14833	1
0.15200	1
0.15567	1
0.15933	1
0.16300	1
0.16667	1
0.17033	2
0.17400	2
0.17767	1
0.18133	1
0.18500	1
0.18867	0
0.19233	0
0.19600	-0
0.19967	-0
0.20333	-1
0.20700	-1
0.21067	-1
0.21433	-2
0.21800	-2
0.22167	-2
0.22533	-2
0.22900	-2
0.23267	-3
0.23633	-3
0.24000	-3
0.24367	-3
0.24733	-3
0.25100	-3
0.25467	-3
0.25833	-3
0.26200	-3
0.26567	-4
0.26933	-4
0.27300	-3
0.27667	-3
0.28033	-3
0.28400	-3
0.28767	-2
0.29133	-2
0.29500	-3
0.29867	-3
0.30233	-3
0.30600	-3
0.30967	-3
0.31333	-3
0.31700	-2
0.32067	-2
0.32433	-2
0.32800	-2
0.33167	-2
0.33533	-3
0.33900	-3
0.34267	-3
0.34633	-3
0.35000	-4
0.35367	-4
0.35733	-4
0.36100	-3
0.36467	-3
0.36833	-3
0.37200	-3
0.37567	-2
0.37933	-2
0.38300	-2
0.38667	-2
0.39033	-1
0.39400	-1
0.39767	-1
0.40133	-1
0.40500	-1
0.40867	-1
0.41233	-1
0.41600	-1
0.41967	-1
0.42333	-1
0.42700	-1
0.43067	-1
0.43433	-1
0.43800	-1
0.44167	-2
0.44533	-2
0.44900	-2
0.45267	-2
0.45633	-2
0.46000	-2
0.46367	-2
0.46733	-2
0.47100	-2
0.47467	-2
0.47833	-2
0.48200	-3
0.48567	-3
0.48933	-3
0.49300	-3
0.49667	-3
0.50033	-3
0.50400	-3
0.50767	-4
0.51133	-4
0.51500	-4
0.51867	-4
0.52233	-4
0.52600	-4
0.52967	-4
0.53333	-4
0.53700	-4
0.54067	-3
0.54433	-3
0.54800	-3
0.55167	-3
0.55533	-3
0.55900	-3
0.56267	-3
0.56633	-3
0.57000	-3
0.57367	-4
0.57733	-4
0.58100	-4
0.58467	-4
0.58833	-4
0.59200	-4
0.59567	-3
0.59933	-3
0.60300	-3
0.60667	-2
0.61033	-2
0.61400	-2
0.61767	-1
0.62133	-1
0.62500	-1
0.62867	-2
0.63233	-2
0.63600	-2
0.63967	-2
0.64333	-2
0.64700	-2
0.65067	-2
0.65433	-2
0.65800	-2
0.66167	-1
0.66533	-1
0.66900	-1
0.67267	-1
0.67633	-1
0.68000	-1
0.68367	-1
0.68733	-1
0.69100	-1
0.69467	-2
0.69833	-2
0.70200	-2
0.70567	-2
0.70933	-2
0.71300	-3
0.71667	-3
0.72033	-3
0.72400	-3
0.72767	-3
0.73133	-4
0.73500	-4
0.73867	-4
0.74233	-4
0.74600	-4
0.74967	-4
0.75333	-4
0.75700	-4
0.76067	-4
0.76433	-3
0.76800	-3
0.77167	-3
0.77533	-3
0.77900	-3
0.78267	-3
0.78633	-3
0.79000	-3
0.79367	-4
0.79733	-4
0.80100	-4
0.80467	-4
0.80833	-4
0.81200	-3
0.81567	-3
0.81933	-3
0.82300	-3
0.82667	-3
0.83033	-3
0.83400	-3
0.83767	-3
0.84133	-3
0.84500	-4
0.84867	-4
0.85233	-4
0.85600	-4
0.85967	-4
0.86333	-4
0.86700	-4
0.87067	-5
0.87433	-5
0.87800	-5
0.88167	-5
0.88533	-5
0.88900	-5
0.89267	-5
0.89633	-5
0.90000	-5
0.90367	-5
0.90733	-4
0.91100	-4
0.91467	-4
0.91833	-3
0.92200	-3
0.92567	-3
0.92933	-2
0.93300	-2
0.93667	-2
0.94033	-2
0.94400	-2
0.94767	-2
0.95133	-2
0.95500	-2
0.95867	-2
0.96233	-1
0.96600	-1
0.96967	-1
0.97333	-1
0.97700	-1
0.98067	-1
0.98433	-1
0.98800	-1
0.99167	-1
0.99533	-1
0.99900	-1
1.00267	-1
1.00633	-1
1.01000	-1
1.01367	-1
1.01733	-2
1.02100	-2
1.02467	-2
1.02833	-3
1.03200	-3
1.03567	-3
1.03933	-4
1.04300	-4
1.04667	-4
1.05033	-5
1.05400	-5
1.05767	-6
1.06133	-6
1.06500	-7
1.06867	-8
1.07233	-8
1.07600	-8
1.07967	-9
1.08333	-9
1.08700	-9
1.09067	-9
1.09433	-9
1.09800	-9
1.10167	-9
1.10533	-9
1.10900	-8
1.11267	-8
1.11633	-8
1.12000	-7
1.12367	-7
1.12733	-7
1.13100	-6
1.13467	-6
1.13833	-6
1.14200	-6
1.14567	-6
1.14933	-6
1.15300	-5
1.15667	-5
1.16033	-5
1.16400	-5
1.16767	-4
1.17133	-4
1.17500	-3
1.17867	-3
1.18233	-2
1.18600	-2
1.18967	-1
1.19333	-1
1.19700	-1
1.20067	-0
1.20433	-0
1.20800	-0
1.21167	-0
1.21533	-0
1.21900	-0
1.22267	-0
1.22633	-0
1.23000	0
1.23367	0
1.23733	1
1.24100	1
1.24467	1
1.24833	1
1.25200	1
1.25567	1
1.25933	1
1.26300	1
1.26667	0
1.27033	0
1.27400	0
1.27767	0
1.28133	0
1.28500	1
1.28867	1
1.29233	1
1.29600	1
1.29967	1
1.30333	1
1.30700	1
1.31067	1
1.31433	1
1.31800	0
1.32167	0
1.32533	0
1.32900	-0
1.33267	-1
1.33633	-1
1.34000	-2
1.34367	-2
1.34733	-3
1.35100	-3
1.35467	-3
1.35833	-3
1.36200	-3
1.36567	-3
1.36933	-3
1.37300	-3
1.37667	-3
1.38033	-3
1.38400	-4
1.38767	-4
1.39133	-4
1.39500	-4
1.39867	-4
1.40233	-4
1.40600	-4
1.40967	-4
1.41333	-5
1.41700	-5
1.42067	-6
1.42433	-6
1.42800	-6
1.43167	-7
1.43533	-7
1.43900	-8
1.44267	-8
1.44633	-8
1.45000	-8
1.45367	-8
1.45733	-8
1.46100	-8
1.46467	-8
1.46833	-8
1.47200	-8
1.47567	-8
1.47933	-8
1.48300	-8
1.48667	-8
1.49033	-7
1.49400	-7
1.49767	-6
1.50133	-6
1.50500	-5
1.50867	-5
1.51233	-4
1.51600	-3
1.51967	-3
1.52333	-2
1.52700	-1
1.53067	-1
1.53433	-1
1.53800	-0
1.54167	-0
1.54533	-0
1.54900	-0
1.55267	-0
1.55633	-0
1.56000	-0
1.56367	-0
1.56733	-0
1.57100	-0
1.57467	-0
1.57833	-0
1.58200	-1
1.58567	-1
1.58933	-1
1.59300	-1
1.59667	-2
1.60033	-3
1.60400	-4
1.60767	-5
1.61133	-7
1.61500	-9
1.61867	-12
1.62233	-14
1.62600	-17
1.62967	-20
1.63333	-24
1.63700	-28
1.64067	-32
1.64433	-35
1.64800	-39
1.65167	-42
1.65533	-46
1.65900	-50
1.66267	-54
1.66633	-58
1.67000	-64
1.67367	-69
1.67733	-74
1.68100	-80
1.68467	-85
1.68833	-89
1.69200	-93
1.69567	-97
1.69933	-100
1.70300	-103
1.70667	-105
1.71033	-107
1.71400	-109
1.71767	-110
1.72133	-112
1.72500	-113
1.72867	-114
1.73233	-114
1.73600	-115
1.73967	-116
1.74333	-117
1.74700	-117
1.75067	-118
1.75433	-119
1.75800	-119
1.76167	-120
1.76533	-121
1.76900	-121
1.77267	-122
1.77633	-122
1.78000	-123
1.78367	-124
1.78733	-124
1.79100	-124
1.79467	-125
1.79833	-125
1.80200	-126
1.80567	-126
1.80933	-126
1.81300	-126
1.81667	-126
1.82033	-126
1.82400	-126
1.82767	-126
1.83133	-126
1.83500	-126
1.83867	-126
1.84233	-126
1.84600	-126
1.84967	-126
1.85333	-126
1.85700	-126
1.86067	-126
1.86433	-126
1.86800	-126
1.87167	-125
1.87533	-125
1.87900	-124
1.88267	-124
1.88633	-123
1.89000	-123
1.89367	-123
1.89733	-123
1.90100	-122
1.90467	-122
1.90833	-122
1.91200	-121
1.91567	-120
1.91933	-120
1.92300	-120
1.92667	-120
1.93033	-121
1.93400	-121
1.93767	-121
1.94133	-120
1.94500	-120
1.94867	-120
1.95233	-120
1.95600	-119
1.95967	-119
1.96333	-119
1.96700	-119
1.97067	-119
1.97433	-119
1.97800	-119
1.98167	-119
1.98533	-119
1.98900	-119
1.99267	-119
1.99633	-119
2.00000	-119
2.00367	-118
2.00733	-118
2.01100	-117
2.01467	-116
2.01833	-116
2.02200	-116
2.02567	-116
2.02933	-116
2.03300	-116
2.03667	-115
2.04033	-115
2.04400	-114
2.04767	-113
2.05133	-112
2.05500	-112
2.05867	-111
2.06233	-111
2.06600	-111
2.06967	-111
2.07333	-111
2.07700	-111
2.08067	-110
2.08433	-110
2.08800	-109
2.09167	-108
2.09533	-108
2.09900	-107
2.10267	-107
2.10633	-107
2.11000	-107
2.11367	-107
2.11733	-107
2.12100	-108
2.12467	-107
2.12833	-107
2.13200	-106
2.13567	-105
2.13933	-105
2.14300	-105
2.14667	-104
2.15033	-104
2.15400	-104
2.15767	-104
2.16133	-104
2.16500	-103
2.16867	-103
2.17233	-102
2.17600	-102
2.17967	-101
2.18333	-102
2.18700	-102
2.19067	-102
2.19433	-103
2.19800	-103
2.20167	-102
2.20533	-102
2.20900	-102
2.21267	-101
2.21633	-100
2.22000	-98
2.22367	-97
2.22733	-97
2.23100	-97
2.23467	-98
2.23833	-99
2.24200	-99
2.24567	-100
2.24933	-100
2.25300	-100
2.25667	-99
2.26033	-98
2.26400	-97
2.26767	-96
2.27133	-95
2.27500	-94
2.27867	-94
2.28233	-93
2.28600	-93
2.28967	-92
2.29333	-91
2.29700	-90
2.30067	-90
2.30433	-89
2.30800	-89
2.31167	-88
2.31533	-88
2.31900	-87
2.32267	-87
2.32633	-87
2.33000	-87
2.33367	-87
2.33733	-88
2.34100	-88
2.34467	-88
2.34833	-88
2.35200	-87
2.35567	-86
2.35933	-86
2.36300	-84
2.36667	-83
2.37033	-81
2.37400	-79
2.37767	-77
2.38133	-74
2.38500	-70
2.38867	-66
2.39233	-62
2.39600	-57
2.39967	-52
2.40333	-47
2.40700	-43
2.41067	-38
2.41433	-34
2.41800	-31
2.42167	-28
2.42533	-26
2.42900	-23
2.43267	-21
2.43633	-18
2.44000	-16
2.44367	-14
2.44733	-12
2.45100	-10
2.45467	-9
2.45833	-8
2.46200	-7
2.46567	-6
2.46933	-5
2.47300	-4
2.47667	-2
2.48033	-1
2.48400	0
2.48767	2
2.49133	3
2.49500	3
2.49867	4
2.50233	4
2.50600	4
2.50967	5
2.51333	6
2.51700	6
2.52067	6
2.52433	7
2.52800	7
2.53167	7
2.53533	7
2.53900	8
2.54267	8
2.54633	9
2.55000	9
2.55367	9
2.55733	10
2.56100	10
2.56467	11
2.56833	11
2.57200	12
2.57567	12
2.57933	12
2.58300	11
2.58667	11
2.59033	10
2.59400	10
2.59767	10
2.60133	10
2.60500	11
2.60867	12
2.61233	12
2.61600	13
2.61967	13
2.62333	14
2.62700	14
2.63067	15
2.63433	15
2.63800	16
2.64167	16
2.64533	17
2.64900	17
2.65267	17
2.65633	16
2.66000	16
2.66367	17
2.66733	17
2.67100	17
2.67467	18
2.67833	19
2.68200	19
2.68567	20
2.68933	20
2.69300	21
2.69667	21
2.70033	21
2.70400	20
2.70767	20
2.71133	21
2.71500	21
2.71867	21
2.72233	22
2.72600	22
2.72967	22
2.73333	23
2.73700	22
2.74067	22
2.74433	22
2.74800	21
2.75167	21
2.75533	21
2.75900	21
2.76267	20
2.76633	20
2.77000	20
2.77367	21
2.77733	21
2.78100	21
2.78467	22
2.78833	22
2.79200	23
2.79567	23
2.79933	23
2.80300	23
2.80667	24
2.81033	24
2.81400	24
2.81767	24
2.82133	24
2.82500	24
2.82867	24
2.83233	24
2.83600	24
2.83967	24
2.84333	24
2.84700	23
2.85067	22
2.85433	20
2.85800	17
2.86167	12
2.86533	4
2.86900	-6
2.87267	-20
2.87633	-38
2.88000	-59
2.88367	-85
2.88733	-114
2.89100	-146
2.89467	-183
2.89833	-222
2.90200	-264
2.90567	-308
2.90933	-355
2.91300	-403
2.91667	-452
2.92033	-503
2.92400	-553
2.92767	-603
2.93133	-653
2.93500	-703
2.93867	-752
2.94233	-801
2.94600	-852
2.94967	-907
2.95333	-969
2.95700	-1029
2.96067	-1079
2.96433	-1107
2.96800	-1109
2.97167	-1084
2.97533	-1038
2.97900	-974
2.98267	-900
2.98633	-821
2.99000	-739
2.99367	-659
2.99733	-583
3.00100	-512
3.00467	-447
3.00833	-388
3.01200	-336
3.01567	-289
3.01933	-248
3.02300	-212
3.02667	-181
3.03033	-154
3.03400	-130
3.03767	-110
3.04133	-93
3.04500	-78
3.04867	-65
3.05233	-54
3.05600	-45
3.05967	-37
3.06333	-30
3.06700	-24
3.07067	-19
3.07433	-15
3.07800	-11
3.08167	-8
3.08533	-6
3.08900	-3
3.09267	-1
3.09633	0
3.10000	2
3.10367	3
3.10733	4
3.11100	5
3.11467	6
3.11833	7
3.12200	8
3.12567	8
3.12933	9
3.13300	10
3.13667	10
3.14033	11
3.14400	11
3.14767	12
3.15133	12
3.15500	12
3.15867	13
3.16233	13
3.16600	13
3.16967	14
3.17333	14
3.17700	14
3.18067	14
3.18433	15
3.18800	15
3.19167	15
3.19533	15
3.19900	15
3.20267	15
3.20633	15
3.21000	15
3.21367	15
3.21733	16
3.22100	16
3.22467	16
3.22833	17
3.23200	17
3.23567	17
3.23933	18
3.24300	18
3.24667	18
3.25033	19
3.25400	19
3.25767	19
3.26133	19
3.26500	19
3.26867	20
3.27233	20
3.27600	20
3.27967	20
3.28333	19
3.28700	19
3.29067	19
3.29433	19
3.29800	19
3.30167	19
3.30533	19
3.30900	19
3.31267	19
3.31633	19
3.32000	20
3.32367	20
3.32733	20
3.33100	20
3.33467	20
3.33833	20
3.34200	20
3.34567	21
3.34933	21
3.35300	21
3.35667	21
3.36033	21
3.36400	22
3.36767	22
3.37133	22
3.37500	23
3.37867	23
3.38233	23
3.38600	24
3.38967	24
3.39333	24
3.39700	24
3.40067	24
3.40433	24
3.40800	24
3.41167	24
3.41533	25
3.41900	24
3.42267	24
3.42633	24
3.43000	24
3.43367	23
3.43733	23
3.44100	24
3.44467	23
3.44833	23
3.45200	23
3.45567	23
3.45933	23
3.46300	22
3.46667	22
3.47033	22
3.47400	22
3.47767	22
3.48133	22
3.48500	22
3.48867	23
3.49233	23
3.49600	23
3.49967	22
3.50333	22
3.50700	22
3.51067	22
3.51433	22
3.51800	22
3.52167	22
3.52533	22
3.52900	23
3.53267	22
3.53633	22
3.54000	22
3.54367	22
3.54733	22
3.55100	22
3.55467	22
3.55833	22
3.56200	21
3.56567	21
3.56933	21
3.57300	21
3.57667	21
3.58033	21
3.58400	21
3.58767	21
3.59133	21
3.59500	21
3.59867	20
3.60233	20
3.60600	21
3.60967	21
3.61333	21
3.61700	21
3.62067	21
3.62433	22
3.62800	22
3.63167	22
3.63533	22
3.63900	22
3.64267	22
3.64633	22
3.65000	23
3.65367	23
3.65733	22
3.66100	23
3.66467	23
3.66833	23
3.67200	23
3.67567	23
3.67933	23
3.68300	23
3.68667	23
3.69033	23
3.69400	23
3.69767	22
3.70133	22
3.70500	22
3.70867	22
3.71233	22
3.71600	22
3.71967	22
3.72333	22
3.72700	22
3.73067	22
3.73433	22
3.73800	22
3.74167	22
3.74533	22
3.74900	22
3.75267	22
3.75633	22
3.76000	22
3.76367	22
3.76733	23
3.77100	22
3.77467	22
3.77833	22
3.78200	23
3.78567	23
3.78933	23
3.79300	23
3.79667	23
3.80033	23
3.80400	23
3.80767	23
3.81133	23
3.81500	23
3.81867	23
3.82233	23
3.82600	22
3.82967	22
3.83333	23
3.83700	23
3.84067	23
3.84433	23
3.84800	23
3.85167	23
3.85533	23
3.85900	23
3.86267	23
3.86633	24
3.87000	23
3.87367	23
3.87733	23
3.88100	23
3.88467	23
3.88833	23
3.89200	23
3.89567	23
3.89933	23
3.90300	23
3.90667	24
3.91033	24
3.91400	24
3.91767	24
3.92133	24
3.92500	24
3.92867	23
3.93233	23
3.93600	23
3.93967	22
3.94333	22
3.94700	22
3.95067	22
3.95433	23
3.95800	22
3.96167	22
3.96533	22
3.96900	22
3.97267	22
3.97633	22
3.98000	22
3.98367	22
3.98733	22
3.99100	22
3.99467	22
3.99833	22

[Chromatogram (Ch3)]
Interval(msec)	220
# of Points	1091
Start Time(min)	0.002
End Time(min)	3.998
R.Time (min)	Intensity
0.00167	1
0.00533	3
0.00900	4
0.01267	2
0.01633	-1
0.02000	-5
0.02367	-7
0.02733	-9
0.03100	-9
0.03467	-6
0.03833	-5
0.04200	-3
0.04567	-1
0.04933	0
0.05300	-0
0.05667	-1
0.06033	-3
0.06400	-2
0.06767	-2
0.07133	-3
0.07500	-2
0.07867	0
0.08233	2
0.08600	3
0.08967	3
0.09333	3
0.09700	2
0.10067	0
0.10433	-1
0.10800	-2
0.11167	-3
0.11533	-3
0.11900	-2
0.12267	-1
0.12633	1
0.13000	2
0.13367	4
0.13733	6
0.14100	9
0.14467	9
0.14833	8
0.15200	7
0.15567	7
0.15933	7
0.16300	9
0.16667	11
0.17033	11
0.17400	8
0.17767	7
0.18133	6
0.18500	3
0.18867	7
0.19233	9
0.19600	8
0.19967	10
0.20333	12
0.20700	14
0.21067	15
0.21433	16
0.21800	15
0.22167	12
0.22533	12
0.22900	13
0.23267	13
0.23633	15
0.24000	15
0.24367	15
0.24733	13
0.25100	10
0.25467	9
0.25833	11
0.26200	13
0.26567	13
0.26933	12
0.27300	11
0.27667	11
0.28033	13
0.28400	13
0.28767	13
0.29133	15
0.29500	16
0.29867	15
0.30233	14
0.30600	10
0.30967	7
0.31333	7
0.31700	8
0.32067	9
0.32433	11
0.32800	11
0.33167	11
0.33533	12
0.33900	12
0.34267	12
0.34633	13
0.35000	15
0.35367	19
0.35733	20
0.36100	18
0.36467	18
0.36833	18
0.37200	16
0.37567	16
0.37933	17
0.38300	17
0.38667	16
0.39033	16
0.39400	16
0.39767	19
0.40133	19
0.40500	19
0.40867	20
0.41233	20
0.41600	19
0.41967	20
0.42333	20
0.42700	20
0.43067	22
0.43433	21
0.43800	21
0.44167	21
0.44533	20
0.44900	20
0.45267	20
0.45633	21
0.46000	22
0.46367	25
0.46733	27
0.47100	27
0.47467	26
0.47833	26
0.48200	26
0.48567	27
0.48933	27
0.49300	27
0.49667	28
0.50033	28
0.50400	28
0.50767	29
0.51133	27
0.51500	26
0.51867	22
0.52233	20
0.52600	20
0.52967	20
0.53333	21
0.53700	22
0.54067	24
0.54433	23
0.54800	23
0.55167	23
0.55533	25
0.55900	27
0.56267	27
0.56633	28
0.57000	27
0.57367	24
0.57733	22
0.58100	23
0.58467	24
0.58833	25
0.59200	28
0.59567	30
0.59933	32
0.60300	30
0.60667	28
0.61033	27
0.61400	29
0.61767	31
0.62133	31
0.62500	28
0.62867	27
0.63233	25
0.63600	24
0.63967	24
0.64333	23
0.64700	24
0.65067	27
0.65433	29
0.65800	28
0.66167	24
0.66533	23
0.66900	24
0.67267	26
0.67633	26
0.68000	25
0.68367	24
0.68733	24
0.69100	25
0.69467	30
0.69833	31
0.70200	29
0.70567	28
0.70933	28
0.71300	27
0.71667	26
0.72033	25
0.72400	24
0.72767	23
0.73133	21
0.73500	20
0.73867	19
0.74233	19
0.74600	21
0.74967	21
0.75333	21
0.75700	21
0.76067	22
0.76433	23
0.76800	24
0.77167	27
0.77533	29
0.77900	28
0.78267	25
0.78633	23
0.79000	25
0.79367	26
0.79733	27
0.80100	30
0.80467	31
0.80833	31
0.81200	31
0.81567	33
0.81933	34
0.82300	32
0.82667	31
0.83033	31
0.83400	30
0.83767	31
0.84133	30
0.84500	26
0.84867	22
0.85233	18
0.85600	19
0.85967	21
0.86333	22
0.86700	23
0.87067	23
0.87433	24
0.87800	25
0.88167	28
0.88533	30
0.88900	27
0.89267	25
0.89633	25
0.90000	26
0.90367	28
0.90733	29
0.91100	29
0.91467	28
0.91833	27
0.92200	26
0.92567	25
0.92933	24
0.93300	23
0.93667	23
0.94033	24
0.94400	25
0.94767	27
0.95133	30
0.95500	30
0.95867	30
0.96233	32
0.96600	33
0.96967	33
0.97333	34
0.97700	33
0.98067	32
0.98433	31
0.98800	31
0.99167	30
0.99533	29
0.99900	29
1.00267	31
1.00633	32
1.01000	32
1.01367	33
1.01733	34
1.02100	34
1.02467	33
1.02833	31
1.03200	30
1.03567	31
1.03933	31
1.04300	30
1.04667	30
1.05033	30
1.05400	31
1.05767	33
1.06133	33
1.06500	34
1.06867	34
1.07233	34
1.07600	33
1.07967	32
1.08333	31
1.08700	32
1.09067	31
1.09433	31
1.09800	29
1.10167	29
1.10533	30
1.10900	31
1.11267	31
1.11633	32
1.12000	34
1.12367	32
1.12733	31
1.13100	30
1.13467	32
1.13833	33
1.14200	33
1.14567	34
1.14933	34
1.15300	35
1.15667	36
1.16033	33
1.16400	29
1.16767	28
1.17133	29
1.17500	29
1.17867	28
1.18233	29
1.18600	32
1.18967	35
1.19333	35
1.19700	34
1.20067	35
1.20433	35
1.20800	34
1.21167	36
1.21533	38
1.21900	39
1.22267	37
1.22633	40
1.23000	41
1.23367	40
1.23733	39
1.24100	39
1.24467	36
1.24833	33
1.25200	30
1.25567	32
1.25933	33
1.26300	34
1.26667	35
1.27033	36
1.27400	37
1.27767	36
1.28133	35
1.28500	35
1.28867	37
1.29233	37
1.29600	35
1.29967	33
1.30333	34
1.30700	37
1.31067	38
1.31433	38
1.31800	37
1.32167	37
1.32533	36
1.32900	36
1.33267	35
1.33633	34
1.34000	34
1.34367	34
1.34733	35
1.35100	34
1.35467	33
1.35833	34
1.36200	35
1.36567	37
1.36933	39
1.37300	38
1.37667	37
1.38033	36
1.38400	35
1.38767	36
1.39133	39
1.39500	39
1.39867	40
1.40233	40
1.40600	39
1.40967	36
1.41333	35
1.41700	34
1.42067	34
1.42433	36
1.42800	38
1.43167	41
1.43533	42
1.43900	43
1.44267	46
1.44633	44
1.45000	42
1.45367	39
1.45733	40
1.46100	41
1.46467	40
1.46833	41
1.47200	40
1.47567	39
1.47933	39
1.48300	39
1.48667	38
1.49033	36
1.49400	34
1.49767	31
1.50133	31
1.50500	33
1.50867	34
1.51233	30
1.51600	30
1.51967	33
1.52333	35
1.52700	36
1.53067	36
1.53433	35
1.53800	33
1.54167	33
1.54533	32
1.54900	30
1.55267	31
1.55633	32
1.56000	33
1.56367	33
1.56733	32
1.57100	31
1.57467	31
1.57833	32
1.58200	33
1.58567	35
1.58933	38
1.59300	40
1.59667	41
1.60033	41
1.60400	42
1.60767	43
1.61133	44
1.61500	47
1.61867	48
1.62233	47
1.62600	44
1.62967	42
1.63333	42
1.63700	42
1.64067	42
1.64433	45
1.64800	47
1.65167	46
1.65533	45
1.65900	44
1.66267	46
1.66633	46
1.67000	46
1.67367	47
1.67733	48
1.68100	51
1.68467	52
1.68833	54
1.69200	56
1.69567	55
1.69933	55
1.70300	53
1.70667	49
1.71033	48
1.71400	48
1.71767	48
1.72133	48
1.72500	51
1.72867	53
1.73233	53
1.73600	54
1.73967	55
1.74333	54
1.74700	53
1.75067	54
1.75433	55
1.75800	57
1.76167	62
1.76533	66
1.76900	66
1.77267	66
1.77633	65
1.78000	65
1.78367	64
1.78733	64
1.79100	64
1.79467	64
1.79833	64
1.80200	64
1.80567	64
1.80933	64
1.81300	67
1.81667	69
1.82033	70
1.82400	70
1.82767	71
1.83133	73
1.83500	74
1.83867	71
1.84233	68
1.84600	68
1.84967	68
1.85333	69
1.85700	70
1.86067	72
1.86433	74
1.86800	76
1.87167	76
1.87533	76
1.87900	74
1.88267	73
1.88633	71
1.89000	71
1.89367	73
1.89733	75
1.90100	79
1.90467	81
1.90833	81
1.91200	81
1.91567	84
1.91933	84
1.92300	82
1.92667	82
1.93033	82
1.93400	79
1.93767	76
1.94133	75
1.94500	78
1.94867	81
1.95233	85
1.95600	86
1.95967	86
1.96333	88
1.96700	89
1.97067	91
1.97433	92
1.97800	93
1.98167	92
1.98533	91
1.98900	91
1.99267	93
1.99633	96
2.00000	98
2.00367	100
2.00733	101
2.01100	102
2.01467	105
2.01833	108
2.02200	110
2.02567	110
2.02933	110
2.03300	111
2.03667	109
2.04033	110
2.04400	112
2.04767	113
2.05133	113
2.05500	114
2.05867	115
2.06233	116
2.06600	116
2.06967	116
2.07333	117
2.07700	117
2.08067	116
2.08433	117
2.08800	118
2.09167	119
2.09533	119
2.09900	121
2.10267	122
2.10633	121
2.11000	121
2.11367	122
2.11733	123
2.12100	122
2.12467	121
2.12833	121
2.13200	123
2.13567	125
2.13933	126
2.14300	128
2.14667	127
2.15033	127
2.15400	127
2.15767	128
2.16133	130
2.16500	132
2.16867	134
2.17233	137
2.17600	139
2.17967	139
2.18333	140
2.18700	142
2.19067	144
2.19433	146
2.19800	147
2.20167	147
2.20533	144
2.20900	144
2.21267	147
2.21633	148
2.22000	148
2.22367	146
2.22733	147
2.23100	151
2.23467	155
2.23833	154
2.24200	152
2.24567	152
2.24933	153
2.25300	156
2.25667	157
2.26033	161
2.26400	162
2.26767	161
2.27133	163
2.27500	163
2.27867	164
2.28233	165
2.28600	165
2.28967	167
2.29333	168
2.29700	168
2.30067	169
2.30433	169
2.30800	169
2.31167	169
2.31533	171
2.31900	174
2.32267	176
2.32633	175
2.33000	177
2.33367	180
2.33733	183
2.34100	182
2.34467	179
2.34833	178
2.35200	180
2.35567	183
2.35933	181
2.36300	179
2.36667	181
2.37033	184
2.37400	185
2.37767	188
2.38133	191
2.38500	191
2.38867	193
2.39233	196
2.39600	197
2.39967	199
2.40333	200
2.40700	201
2.41067	202
2.41433	201
2.41800	202
2.42167	204
2.42533	205
2.42900	208
2.43267	207
2.43633	206
2.44000	206
2.44367	212
2.44733	230
2.45100	251
2.45467	270
2.45833	278
2.46200	277
2.46567	275
2.46933	272
2.47300	271
2.47667	271
2.48033	265
2.48400	256
2.48767	248
2.49133	237
2.49500	227
2.49867	219
2.50233	215
2.50600	214
2.50967	214
2.51333	215
2.51700	217
2.52067	216
2.52433	214
2.52800	210
2.53167	207
2.53533	202
2.53900	197
2.54267	193
2.54633	187
2.55000	182
2.55367	179
2.55733	174
2.56100	171
2.56467	171
2.56833	174
2.57200	176
2.57567	176
2.57933	175
2.58300	174
2.58667	173
2.59033	170
2.59400	168
2.59767	166
2.60133	162
2.60500	159
2.60867	156
2.61233	147
2.61600	129
2.61967	107
2.62333	79
2.62700	50
2.63067	22
2.63433	-2
2.63800	-25
2.64167	-46
2.64533	-60
2.64900	-71
2.65267	-80
2.65633	-84
2.66000	-86
2.66367	-86
2.66733	-83
2.67100	-77
2.67467	-70
2.67833	-59
2.68200	-49
2.68567	-41
2.68933	-35
2.69300	-28
2.69667	-21
2.70033	-15
2.70400	-10
2.70767	-5
2.71133	-1
2.71500	4
2.71867	10
2.72233	18
2.72600	23
2.72967	29
2.73333	34
2.73700	39
2.74067	44
2.74433	49
2.74800	54
2.75167	58
2.75533	60
2.75900	59
2.76267	60
2.76633	62
2.77000	62
2.77367	62
2.77733	60
2.78100	60
2.78467	60
2.78833	60
2.79200	62
2.79567	64
2.79933	66
2.80300	68
2.80667	70
2.81033	72
2.81400	75
2.81767	78
2.82133	77
2.82500	76
2.82867	82
2.83233	99
2.83600	137
2.83967	210
2.84333	336
2.84700	542
2.85067	857
2.85433	1290
2.85800	1833
2.86167	2457
2.86533	3114
2.86900	3758
2.87267	4340
2.87633	4812
2.88000	5153
2.88367	5347
2.88733	5398
2.89100	5321
2.89467	5139
2.89833	4885
2.90200	4583
2.90567	4258
2.90933	3926
2.91300	3604
2.91667	3301
2.92033	3019
2.92400	2759
2.92767	2526
2.93133	2320
2.93500	2134
2.93867	1973
2.94233	1832
2.94600	1709
2.94967	1602
2.95333	1507
2.95700	1426
2.96067	1359
2.96433	1301
2.96800	1250
2.97167	1208
2.97533	1172
2.97900	1142
2.98267	1119
2.98633	1098
2.99000	1077
2.99367	1059
2.99733	1045
3.00100	1032
3.00467	1022
3.00833	1016
3.01200	1013
3.01567	1012
3.01933	1008
3.02300	1004
3.02667	1002
3.03033	1000
3.03400	999
3.03767	999
3.04133	999
3.04500	997
3.04867	998
3.05233	998
3.05600	996
3.05967	993
3.06333	990
3.06700	986
3.07067	984
3.07433	980
3.07800	974
3.08167	968
3.08533	965
3.08900	962
3.09267	959
3.09633	956
3.10000	954
3.10367	952
3.10733	950
3.11100	946
3.11467	943
3.11833	938
3.12200	931
3.12567	926
3.12933	922
3.13300	918
3.13667	916
3.14033	914
3.14400	910
3.14767	905
3.15133	898
3.15500	893
3.15867	888
3.16233	884
3.16600	878
3.16967	874
3.17333	873
3.17700	871
3.18067	872
3.18433	874
3.18800	875
3.19167	874
3.19533	871
3.19900	869
3.20267	868
3.20633	867
3.21000	865
3.21367	863
3.21733	861
3.22100	859
3.22467	858
3.22833	857
3.23200	855
3.23567	851
3.23933	848
3.24300	846
3.24667	844
3.25033	844
3.25400	843
3.25767	840
3.26133	836
3.26500	831
3.26867	829
3.27233	825
3.27600	820
3.27967	816
3.28333	814
3.28700	813
3.29067	810
3.29433	808
3.29800	806
3.30167	801
3.30533	798
3.30900	793
3.31267	786
3.31633	783
3.32000	781
3.32367	780
3.32733	778
3.33100	776
3.33467	776
3.33833	772
3.34200	765
3.34567	760
3.34933	756
3.35300	751
3.35667	748
3.36033	742
3.36400	738
3.36767	735
3.37133	731
3.37500	723
3.37867	717
3.38233	713
3.38600	712
3.38967	710
3.39333	707
3.39700	707
3.40067	704
3.40433	699
3.40800	695
3.41167	691
3.41533	685
3.41900	679
3.42267	674
3.42633	670
3.43000	667
3.43367	664
3.43733	662
3.44100	659
3.44467	655
3.44833	652
3.45200	648
3.45567	645
3.45933	645
3.46300	645
3.46667	642
3.47033	637
3.47400	631
3.47767	628
3.48133	628
3.48500	627
3.48867	625
3.49233	622
3.49600	619
3.49967	613
3.50333	610
3.50700	609
3.51067	608
3.51433	606
3.51800	604
3.52167	602
3.52533	599
3.52900	597
3.53267	593
3.53633	587
3.54000	583
3.54367	580
3.54733	575
3.55100	570
3.55467	569
3.55833	569
3.56200	566
3.56567	564
3.56933	563
3.57300	559
3.57667	554
3.58033	552
3.58400	551
3.58767	552
3.59133	551
3.59500	547
3.59867	542
3.60233	539
3.60600	536
3.60967	530
3.61333	524
3.61700	519
3.62067	514
3.62433	509
3.62800	505
3.63167	504
3.63533	506
3.63900	507
3.64267	506
3.64633	503
3.65000	498
3.65367	495
3.65733	494
3.66100	491
3.66467	486
3.66833	484
3.67200	485
3.67567	485
3.67933	482
3.68300	479
3.68667	477
3.69033	474
3.69400	470
3.69767	467
3.70133	465
3.70500	463
3.70867	460
3.71233	455
3.71600	453
3.71967	453
3.72333	453
3.72700	453
3.73067	451
3.73433	447
3.73800	445
3.74167	443
3.74533	440
3.74900	437
3.75267	437
3.75633	436
3.76000	434
3.76367	428
3.76733	424
3.77100	421
3.77467	420
3.77833	419
3.78200	417
3.78567	416
3.78933	416
3.79300	416
3.79667	416
3.80033	416
3.80400	417
3.80767	418
3.81133	416
3.81500	413
3.81867	410
3.82233	410
3.82600	407
3.82967	403
3.83333	399
3.83700	397
3.84067	397
3.84433	396
3.84800	391
3.85167	388
3.85533	386
3.85900	384
3.86267	384
3.86633	384
3.87000	382
3.87367	381
3.87733	381
3.88100	380
3.88467	377
3.88833	374
3.89200	372
3.89567	371
3.89933	371
3.90300	369
3.90667	368
3.91033	367
3.91400	365
3.91767	363
3.92133	362
3.92500	363
3.92867	363
3.93233	360
3.93600	358
3.93967	357
3.94333	356
3.94700	355
3.95067	356
3.95433	353
3.95800	350
3.96167	350
3.96533	350
3.96900	347
3.97267	343
3.97633	340
3.98000	338
3.98367	337
3.98733	338
3.99100	340
3.99467	339
3.99833	337

[Status Trace (Column Oven Temperature)]
Interval(msec)	1000
# of Points	240
Start Time(min)	0.013
End Time(min)	3.997
Intensity Units	
Intensity Multiplier	1
R.Time (min)	Intensity
0.01323	34.99
0.02990	34.99
0.04657	35.00
0.06323	34.99
0.07990	35.00
0.09657	34.99
0.11323	34.99
0.12990	34.99
0.14657	34.99
0.16323	34.98
0.17990	34.97
0.19657	34.98
0.21323	34.97
0.22990	34.99
0.24657	35.00
0.26323	35.00
0.27990	34.99
0.29657	34.98
0.31323	34.98
0.32990	34.99
0.34657	35.00
0.36323	34.99
0.37990	34.99
0.39657	34.98
0.41323	34.97
0.42990	34.97
0.44657	34.97
0.46323	34.97
0.47990	34.98
0.49657	34.98
0.51323	34.98
0.52990	34.98
0.54657	34.99
0.56323	34.99
0.57990	34.99
0.59657	34.99
0.61323	34.98
0.62990	34.98
0.64657	34.98
0.66323	34.97
0.67990	34.97
0.69657	34.98
0.71323	34.98
0.72990	34.99
0.74657	35.00
0.76323	35.00
0.77990	35.00
0.79657	35.01
0.81323	35.00
0.82990	34.99
0.84657	35.00
0.86323	35.00
0.87990	35.01
0.89657	35.01
0.91323	35.01
0.92990	35.00
0.94657	35.00
0.96323	34.99
0.97990	34.99
0.99657	34.98
1.01323	34.98
1.02990	34.98
1.04657	35.00
1.06323	35.02
1.07990	35.05
1.09657	35.07
1.11323	35.08
1.12990	35.08
1.14657	35.08
1.16323	35.07
1.17990	35.05
1.19657	35.04
1.21323	35.03
1.22990	35.02
1.24657	35.00
1.26323	35.00
1.27990	34.99
1.29657	34.98
1.31323	34.97
1.32990	34.97
1.34657	34.98
1.36323	34.98
1.37990	34.98
1.39657	34.99
1.41323	35.01
1.42990	35.03
1.44657	35.05
1.46323	35.05
1.47990	35.06
1.49657	35.05
1.51323	35.03
1.52990	35.01
1.54657	35.01
1.56323	34.99
1.57990	34.98
1.59657	35.00
1.61323	35.07
1.62990	35.22
1.64657	35.40
1.66323	35.69
1.67990	36.06
1.69657	36.40
1.71323	36.75
1.72990	37.08
1.74657	37.43
1.76323	37.77
1.77990	38.10
1.79657	38.44
1.81323	38.77
1.82990	39.10
1.84657	39.43
1.86323	39.77
1.87990	40.09
1.89657	40.43
1.91323	40.73
1.92990	41.06
1.94657	41.39
1.96323	41.70
1.97990	42.03
1.99657	42.38
2.01323	42.69
2.02990	43.02
2.04657	43.34
2.06323	43.67
2.07990	43.99
2.09657	44.30
2.11323	44.65
2.12990	44.95
2.14657	45.29
2.16323	45.59
2.17990	45.92
2.19657	46.26
2.21323	46.58
2.22990	46.94
2.24657	47.29
2.26323	47.60
2.27990	47.95
2.29657	48.28
2.31323	48.59
2.32990	48.93
2.34657	49.25
2.36323	49.50
2.37990	49.64
2.39657	49.64
2.41323	49.65
2.42990	49.65
2.44657	49.64
2.46323	49.68
2.47990	49.68
2.49657	49.71
2.51323	49.72
2.52990	49.75
2.54657	49.77
2.56323	49.77
2.57990	49.80
2.59657	49.82
2.61323	49.82
2.62990	49.82
2.64657	49.84
2.66323	49.85
2.67990	49.84
2.69657	49.85
2.71323	49.84
2.72990	49.84
2.74657	49.87
2.76323	49.88
2.77990	49.87
2.79657	49.87
2.81323	49.85
2.82990	49.85
2.84657	49.87
2.86323	49.88
2.87990	49.89
2.89657	49.91
2.91323	49.91
2.92990	49.93
2.94657	49.94
2.96323	49.96
2.97990	49.97
2.99657	49.97
3.01323	49.97
3.02990	49.98
3.04657	49.99
3.06323	50.00
3.07990	50.00
3.09657	50.01
3.11323	50.02
3.12990	50.03
3.14657	50.04
3.16323	50.05
3.17990	50.05
3.19657	50.06
3.21323	50.07
3.22990	50.08
3.24657	50.07
3.26323	50.08
3.27990	50.09
3.29657	50.10
3.31323	50.10
3.32990	50.10
3.34657	50.10
3.36323	50.08
3.37990	50.07
3.39657	50.07
3.41323	50.06
3.42990	50.05
3.44657	50.05
3.46323	50.04
3.47990	50.05
3.49657	50.06
3.51323	50.05
3.52990	50.05
3.54657	50.05
3.56323	50.05
3.57990	50.06
3.59657	50.07
3.61323	50.06
3.62990	50.06
3.64657	50.06
3.66323	50.06
3.67990	50.06
3.69657	50.07
3.71323	50.07
3.72990	50.07
3.74657	50.07
3.76323	50.07
3.77990	50.08
3.79657	50.07
3.81323	50.07
3.82990	50.08
3.84657	50.07
3.86323	50.06
3.87990	50.06
3.89657	50.05
3.91323	50.04
3.92990	50.05
3.94657	50.04
3.96323	50.05
3.97990	50.06
3.99657	50.06

[Status Trace (Injection Unit Temperature)]
Interval(msec)	1000
# of Points	240
Start Time(min)	0.013
End Time(min)	3.997
Intensity Units	
Intensity Multiplier	1
R.Time (min)	Intensity
0.01323	99.98
0.02990	99.98
0.04657	99.99
0.06323	99.98
0.07990	99.98
0.09657	99.98
0.11323	99.98
0.12990	99.98
0.14657	99.98
0.16323	99.99
0.17990	99.99
0.19657	99.99
0.21323	99.98
0.22990	99.98
0.24657	99.98
0.26323	99.98
0.27990	99.99
0.29657	99.98
0.31323	99.99
0.32990	99.99
0.34657	99.98
0.36323	99.98
0.37990	99.99
0.39657	99.99
0.41323	99.99
0.42990	99.98
0.44657	99.99
0.46323	99.99
0.47990	99.98
0.49657	99.99
0.51323	99.99
0.52990	99.98
0.54657	99.99
0.56323	99.98
0.57990	99.98
0.59657	99.99
0.61323	99.98
0.62990	99.99
0.64657	99.99
0.66323	99.98
0.67990	99.99
0.69657	99.98
0.71323	99.98
0.72990	99.98
0.74657	99.99
0.76323	99.98
0.77990	99.98
0.79657	99.99
0.81323	99.98
0.82990	99.98
0.84657	99.99
0.86323	99.98
0.87990	99.98
0.89657	99.98
0.91323	99.98
0.92990	99.98
0.94657	99.98
0.96323	99.98
0.97990	99.99
0.99657	99.98
1.01323	99.98
1.02990	99.98
1.04657	99.98
1.06323	99.98
1.07990	99.98
1.09657	99.98
1.11323	99.98
1.12990	99.98
1.14657	99.98
1.16323	99.98
1.17990	99.98
1.19657	99.98
1.21323	99.98
1.22990	99.98
1.24657	99.98
1.26323	99.98
1.27990	99.98
1.29657	99.98
1.31323	99.98
1.32990	99.97
1.34657	99.98
1.36323	99.98
1.37990	99.98
1.39657	99.98
1.41323	99.98
1.42990	99.98
1.44657	99.98
1.46323	99.98
1.47990	99.98
1.49657	99.99
1.51323	99.98
1.52990	99.98
1.54657	99.98
1.56323	99.98
1.57990	99.98
1.59657	99.98
1.61323	99.98
1.62990	99.98
1.64657	99.98
1.66323	99.98
1.67990	99.98
1.69657	99.98
1.71323	99.98
1.72990	99.98
1.74657	99.98
1.76323	99.98
1.77990	99.99
1.79657	99.98
1.81323	99.99
1.82990	99.98
1.84657	99.98
1.86323	99.98
1.87990	99.97
1.89657	99.98
1.91323	99.98
1.92990	99.98
1.94657	99.97
1.96323	99.97
1.97990	99.98
1.99657	99.97
2.01323	99.97
2.02990	99.97
2.04657	99.96
2.06323	99.97
2.07990	99.96
2.09657	99.97
2.11323	99.96
2.12990	99.96
2.14657	99.97
2.16323	99.96
2.17990	99.96
2.19657	99.97
2.21323	99.97
2.22990	99.96
2.24657	99.96
2.26323	99.97
2.27990	99.96
2.29657	99.96
2.31323	99.97
2.32990	99.97
2.34657	99.96
2.36323	99.97
2.37990	99.97
2.39657	99.96
2.41323	99.96
2.42990	99.96
2.44657	99.96
2.46323	99.96
2.47990	99.97
2.49657	99.96
2.51323	99.97
2.52990	99.97
2.54657	99.97
2.56323	99.97
2.57990	99.97
2.59657	99.97
2.61323	99.97
2.62990	99.97
2.64657	99.98
2.66323	99.97
2.67990	99.98
2.69657	99.98
2.71323	99.98
2.72990	99.98
2.74657	99.98
2.76323	99.98
2.77990	99.98
2.79657	99.99
2.81323	99.99
2.82990	99.99
2.84657	99.99
2.86323	100.00
2.87990	99.99
2.89657	99.99
2.91323	100.00
2.92990	100.00
2.94657	100.01
2.96323	100.00
2.97990	100.01
2.99657	100.01
3.01323	100.01
3.02990	100.01
3.04657	100.01
3.06323	100.02
3.07990	100.02
3.09657	100.02
3.11323	100.01
3.12990	100.02
3.14657	100.02
3.16323	100.02
3.17990	100.02
3.19657	100.02
3.21323	100.03
3.22990	100.03
3.24657	100.03
3.26323	100.03
3.27990	100.03
3.29657	100.03
3.31323	100.03
3.32990	100.03
3.34657	100.04
3.36323	100.03
3.37990	100.04
3.39657	100.04
3.41323	100.04
3.42990	100.04
3.44657	100.04
3.46323	100.04
3.47990	100.04
3.49657	100.04
3.51323	100.04
3.52990	100.04
3.54657	100.04
3.56323	100.04
3.57990	100.04
3.59657	100.05
3.61323	100.04
3.62990	100.05
3.64657	100.05
3.66323	100.05
3.67990	100.05
3.69657	100.05
3.71323	100.05
3.72990	100.05
3.74657	100.05
3.76323	100.05
3.77990	100.05
3.79657	100.05
3.81323	100.05
3.82990	100.05
3.84657	100.05
3.86323	100.05
3.87990	100.05
3.89657	100.05
3.91323	100.05
3.92990	100.05
3.94657	100.05
3.96323	100.05
3.97990	100.05
3.99657	100.05

[Status Trace (Carrier Gas Pressure)]
Interval(msec)	1000
# of Points	240
Start Time(min)	0.013
End Time(min)	3.997
Intensity Units	
Intensity Multiplier	1
R.Time (min)	Intensity
0.01323	57.76
0.02990	55.08
0.04657	57.78
0.06323	59.77
0.07990	58.90
0.09657	57.99
0.11323	57.99
0.12990	58.01
0.14657	58.01
0.16323	58.00
0.17990	58.00
0.19657	58.00
0.21323	58.00
0.22990	58.00
0.24657	58.00
0.26323	58.00
0.27990	58.00
0.29657	58.00
0.31323	58.00
0.32990	58.00
0.34657	58.00
0.36323	58.00
0.37990	58.00
0.39657	58.00
0.41323	58.00
0.42990	58.00
0.44657	58.00
0.46323	58.00
0.47990	58.00
0.49657	58.00
0.51323	58.00
0.52990	58.00
0.54657	58.00
0.56323	58.00
0.57990	58.00
0.59657	58.00
0.61323	58.00
0.62990	58.00
0.64657	58.00
0.66323	58.00
0.67990	58.00
0.69657	58.00
0.71323	58.00
0.72990	58.00
0.74657	58.00
0.76323	58.00
0.77990	58.00
0.79657	58.00
0.81323	58.00
0.82990	58.00
0.84657	58.00
0.86323	58.00
0.87990	58.00
0.89657	58.00
0.91323	58.00
0.92990	58.00
0.94657	58.00
0.96323	58.00
0.97990	58.00
0.99657	58.00
1.01323	58.00
1.02990	58.00
1.04657	58.00
1.06323	58.00
1.07990	58.00
1.09657	58.00
1.11323	58.00
1.12990	58.00
1.14657	58.00
1.16323	58.00
1.17990	58.00
1.19657	58.00
1.21323	58.00
1.22990	58.00
1.24657	58.00
1.26323	58.00
1.27990	58.00
1.29657	58.00
1.31323	58.00
1.32990	58.00
1.34657	58.00
1.36323	58.00
1.37990	58.00
1.39657	58.00
1.41323	58.00
1.42990	58.00
1.44657	58.00
1.46323	58.00
1.47990	58.00
1.49657	58.00
1.51323	58.00
1.52990	58.00
1.54657	58.00
1.56323	58.00
1.57990	58.00
1.59657	58.00
1.61323	58.00
1.62990	58.01
1.64657	58.00
1.66323	58.01
1.67990	58.01
1.69657	58.00
1.71323	58.00
1.72990	58.00
1.74657	58.00
1.76323	58.00
1.77990	58.00
1.79657	58.00
1.81323	58.00
1.82990	58.00
1.84657	58.00
1.86323	58.00
1.87990	58.00
1.89657	58.00
1.91323	58.00
1.92990	58.00
1.94657	58.00
1.96323	58.00
1.97990	58.00
1.99657	58.00
2.01323	58.00
2.02990	58.00
2.04657	58.00
2.06323	58.00
2.07990	58.00
2.09657	58.00
2.11323	58.00
2.12990	58.00
2.14657	58.00
2.16323	58.00
2.17990	58.00
2.19657	58.00
2.21323	58.00
2.22990	58.00
2.24657	58.00
2.26323	58.00
2.27990	58.00
2.29657	58.00
2.31323	58.00
2.32990	58.00
2.34657	58.00
2.36323	58.00
2.37990	57.99
2.39657	57.99
2.41323	58.00
2.42990	58.00
2.44657	58.00
2.46323	58.00
2.47990	58.00
2.49657	58.00
2.51323	57.99
2.52990	57.99
2.54657	58.00
2.56323	58.00
2.57990	58.00
2.59657	58.00
2.61323	58.00
2.62990	58.00
2.64657	58.00
2.66323	58.00
2.67990	58.00
2.69657	58.00
2.71323	58.00
2.72990	58.00
2.74657	58.00
2.76323	58.00
2.77990	58.00
2.79657	58.00
2.81323	58.00
2.82990	58.00
2.84657	58.00
2.86323	58.00
2.87990	58.00
2.89657	58.00
2.91323	58.00
2.92990	58.00
2.94657	58.00
2.96323	58.00
2.97990	58.00
2.99657	58.00
3.01323	58.00
3.02990	58.00
3.04657	58.00
3.06323	58.00
3.07990	58.00
3.09657	58.00
3.11323	58.00
3.12990	58.00
3.14657	58.00
3.16323	58.00
3.17990	58.00
3.19657	58.00
3.21323	58.00
3.22990	58.00
3.24657	58.00
3.26323	58.00
3.27990	58.00
3.29657	58.00
3.31323	58.00
3.32990	58.00
3.34657	58.00
3.36323	58.00
3.37990	58.00
3.39657	58.00
3.41323	58.00
3.42990	58.00
3.44657	58.00
3.46323	58.00
3.47990	58.00
3.49657	58.00
3.51323	58.00
3.52990	58.00
3.54657	58.00
3.56323	58.00
3.57990	58.00
3.59657	58.00
3.61323	58.00
3.62990	58.00
3.64657	58.00
3.66323	58.00
3.67990	58.00
3.69657	58.00
3.71323	58.00
3.72990	58.00
3.74657	58.00
3.76323	58.00
3.77990	58.00
3.79657	58.00
3.81323	58.00
3.82990	58.00
3.84657	58.00
3.86323	58.00
3.87990	58.00
3.89657	58.00
3.91323	58.00
3.92990	58.00
3.94657	58.00
3.96323	58.00
3.97990	58.00
3.99657	58.00

[Status Trace (Carrier Gas Flow)]
Interval(msec)	1000
# of Points	240
Start Time(min)	0.013
End Time(min)	3.997
Intensity Units	
Intensity Multiplier	1
R.Time (min)	Intensity
0.01323	34.51
0.02990	34.54
0.04657	34.55
0.06323	34.52
0.07990	34.50
0.09657	34.52
0.11323	34.52
0.12990	34.52
0.14657	34.52
0.16323	34.52
0.17990	34.52
0.19657	34.52
0.21323	34.52
0.22990	34.52
0.24657	34.52
0.26323	34.52
0.27990	34.52
0.29657	34.52
0.31323	34.52
0.32990	34.52
0.34657	34.52
0.36323	34.52
0.37990	34.52
0.39657	34.52
0.41323	34.52
0.42990	34.52
0.44657	34.52
0.46323	34.52
0.47990	34.52
0.49657	34.52
0.51323	34.52
0.52990	34.52
0.54657	34.52
0.56323	34.52
0.57990	34.52
0.59657	34.52
0.61323	34.52
0.62990	34.52
0.64657	34.52
0.66323	34.52
0.67990	34.52
0.69657	34.52
0.71323	34.52
0.72990	34.52
0.74657	34.52
0.76323	34.52
0.77990	34.52
0.79657	34.52
0.81323	34.52
0.82990	34.52
0.84657	34.52
0.86323	34.52
0.87990	34.52
0.89657	34.52
0.91323	34.52
0.92990	34.52
0.94657	34.52
0.96323	34.52
0.97990	34.52
0.99657	34.52
1.01323	34.52
1.02990	34.52
1.04657	34.52
1.06323	34.52
1.07990	34.52
1.09657	34.52
1.11323	34.52
1.12990	34.52
1.14657	34.52
1.16323	34.52
1.17990	34.52
1.19657	34.52
1.21323	34.52
1.22990	34.52
1.24657	34.52
1.26323	34.52
1.27990	34.52
1.29657	34.52
1.31323	34.52
1.32990	34.52
1.34657	34.52
1.36323	34.52
1.37990	34.52
1.39657	34.52
1.41323	34.52
1.42990	34.52
1.44657	34.52
1.46323	34.52
1.47990	34.52
1.49657	34.52
1.51323	34.52
1.52990	34.52
1.54657	34.52
1.56323	34.52
1.57990	34.52
1.59657	34.52
1.61323	34.52
1.62990	34.52
1.64657	34.52
1.66323	34.52
1.67990	34.52
1.69657	34.52
1.71323	34.52
1.72990	34.52
1.74657	34.52
1.76323	34.52
1.77990	34.52
1.79657	34.52
1.81323	34.52
1.82990	34.52
1.84657	34.52
1.86323	34.52
1.87990	34.52
1.89657	34.52
1.91323	34.52
1.92990	34.52
1.94657	34.52
1.96323	34.52
1.97990	34.52
1.99657	34.52
2.01323	34.52
2.02990	34.52
2.04657	34.52
2.06323	34.52
2.07990	34.52
2.09657	34.52
2.11323	34.52
2.12990	34.52
2.14657	34.52
2.16323	34.52
2.17990	34.52
2.19657	34.52
2.21323	34.52
2.22990	34.52
2.24657	34.52
2.26323	34.52
2.27990	34.52
2.29657	34.52
2.31323	34.52
2.32990	34.52
2.34657	34.52
2.36323	34.52
2.37990	34.52
2.39657	34.48
2.41323	34.52
2.42990	34.52
2.44657	34.52
2.46323	34.52
2.47990	34.52
2.49657	34.52
2.51323	34.52
2.52990	34.52
2.54657	34.52
2.56323	34.52
2.57990	34.52
2.59657	34.52
2.61323	34.52
2.62990	34.52
2.64657	34.52
2.66323	34.52
2.67990	34.52
2.69657	34.51
2.71323	34.52
2.72990	34.52
2.74657	34.52
2.76323	34.52
2.77990	34.52
2.79657	34.52
2.81323	34.52
2.82990	34.52
2.84657	34.52
2.86323	34.52
2.87990	34.52
2.89657	34.51
2.91323	34.53
2.92990	34.52
2.94657	34.52
2.96323	34.52
2.97990	34.52
2.99657	34.51
3.01323	34.52
3.02990	34.52
3.04657	34.51
3.06323	34.52
3.07990	34.52
3.09657	34.52
3.11323	34.52
3.12990	34.52
3.14657	34.52
3.16323	34.52
3.17990	34.52
3.19657	34.52
3.21323	34.52
3.22990	34.52
3.24657	34.52
3.26323	34.51
3.27990	34.51
3.29657	34.52
3.31323	34.50
3.32990	34.52
3.34657	34.52
3.36323	34.52
3.37990	34.52
3.39657	34.52
3.41323	34.52
3.42990	34.52
3.44657	34.52
3.46323	34.52
3.47990	34.52
3.49657	34.52
3.51323	34.52
3.52990	34.52
3.54657	34.52
3.56323	34.52
3.57990	34.52
3.59657	34.52
3.61323	34.52
3.62990	34.52
3.64657	34.52
3.66323	34.52
3.67990	34.52
3.69657	34.52
3.71323	34.52
3.72990	34.52
3.74657	34.52
3.76323	34.52
3.77990	34.52
3.79657	34.52
3.81323	34.52
3.82990	34.52
3.84657	34.52
3.86323	34.52
3.87990	34.52
3.89657	34.52
3.91323	34.52
3.92990	34.52
3.94657	34.52
3.96323	34.52
3.97990	34.52
3.99657	34.56

[Status Trace (Column Flow)]
Interval(msec)	1000
# of Points	240
Start Time(min)	0.013
End Time(min)	3.997
Intensity Units	
Intensity Multiplier	1
R.Time (min)	Intensity
0.01323	5.52
0.02990	5.21
0.04657	5.52
0.06323	5.76
0.07990	5.65
0.09657	5.55
0.11323	5.55
0.12990	5.55
0.14657	5.55
0.16323	5.55
0.17990	5.55
0.19657	5.55
0.21323	5.55
0.22990	5.55
0.24657	5.55
0.26323	5.55
0.27990	5.55
0.29657	5.55
0.31323	5.55
0.32990	5.55
0.34657	5.55
0.36323	5.55
0.37990	5.55
0.39657	5.55
0.41323	5.55
0.42990	5.55
0.44657	5.55
0.46323	5.55
0.47990	5.55
0.49657	5.55
0.51323	5.55
0.52990	5.55
0.54657	5.55
0.56323	5.55
0.57990	5.55
0.59657	5.55
0.61323	5.55
0.62990	5.55
0.64657	5.55
0.66323	5.55
0.67990	5.55
0.69657	5.55
0.71323	5.55
0.72990	5.55
0.74657	5.55
0.76323	5.55
0.77990	5.55
0.79657	5.55
0.81323	5.55
0.82990	5.55
0.84657	5.55
0.86323	5.55
0.87990	5.55
0.89657	5.55
0.91323	5.55
0.92990	5.55
0.94657	5.55
0.96323	5.55
0.97990	5.55
0.99657	5.55
1.01323	5.55
1.02990	5.55
1.04657	5.55
1.06323	5.55
1.07990	5.55
1.09657	5.55
1.11323	5.55
1.12990	5.55
1.14657	5.55
1.16323	5.55
1.17990	5.55
1.19657	5.55
1.21323	5.55
1.22990	5.55
1.24657	5.55
1.26323	5.55
1.27990	5.55
1.29657	5.55
1.31323	5.55
1.32990	5.55
1.34657	5.55
1.36323	5.55
1.37990	5.55
1.39657	5.55
1.41323	5.55
1.42990	5.55
1.44657	5.55
1.46323	5.55
1.47990	5.55
1.49657	5.55
1.51323	5.55
1.52990	5.55
1.54657	5.55
1.56323	5.55
1.57990	5.55
1.59657	5.55
1.61323	5.55
1.62990	5.54
1.64657	5.54
1.66323	5.53
1.67990	5.52
1.69657	5.50
1.71323	5.49
1.72990	5.48
1.74657	5.47
1.76323	5.46
1.77990	5.45
1.79657	5.44
1.81323	5.43
1.82990	5.42
1.84657	5.41
1.86323	5.40
1.87990	5.39
1.89657	5.38
1.91323	5.37
1.92990	5.36
1.94657	5.35
1.96323	5.34
1.97990	5.33
1.99657	5.32
2.01323	5.31
2.02990	5.30
2.04657	5.29
2.06323	5.28
2.07990	5.27
2.09657	5.27
2.11323	5.26
2.12990	5.25
2.14657	5.24
2.16323	5.23
2.17990	5.22
2.19657	5.21
2.21323	5.20
2.22990	5.19
2.24657	5.18
2.26323	5.17
2.27990	5.16
2.29657	5.15
2.31323	5.14
2.32990	5.13
2.34657	5.12
2.36323	5.12
2.37990	5.11
2.39657	5.11
2.41323	5.11
2.42990	5.11
2.44657	5.11
2.46323	5.11
2.47990	5.11
2.49657	5.11
2.51323	5.11
2.52990	5.11
2.54657	5.11
2.56323	5.11
2.57990	5.11
2.59657	5.11
2.61323	5.11
2.62990	5.11
2.64657	5.11
2.66323	5.11
2.67990	5.11
2.69657	5.11
2.71323	5.11
2.72990	5.11
2.74657	5.11
2.76323	5.11
2.77990	5.11
2.79657	5.11
2.81323	5.11
2.82990	5.11
2.84657	5.11
2.86323	5.11
2.87990	5.11
2.89657	5.11
2.91323	5.10
2.92990	5.10
2.94657	5.10
2.96323	5.10
2.97990	5.10
2.99657	5.10
3.01323	5.10
3.02990	5.10
3.04657	5.10
3.06323	5.10
3.07990	5.10
3.09657	5.10
3.11323	5.10
3.12990	5.10
3.14657	5.10
3.16323	5.10
3.17990	5.10
3.19657	5.10
3.21323	5.10
3.22990	5.10
3.24657	5.10
3.26323	5.10
3.27990	5.10
3.29657	5.10
3.31323	5.10
3.32990	5.10
3.34657	5.10
3.36323	5.10
3.37990	5.10
3.39657	5.10
3.41323	5.10
3.42990	5.10
3.44657	5.10
3.46323	5.10
3.47990	5.10
3.49657	5.10
3.51323	5.10
3.52990	5.10
3.54657	5.10
3.56323	5.10
3.57990	5.10
3.59657	5.10
3.61323	5.10
3.62990	5.10
3.64657	5.10
3.66323	5.10
3.67990	5.10
3.69657	5.10
3.71323	5.10
3.72990	5.10
3.74657	5.10
3.76323	5.10
3.77990	5.10
3.79657	5.10
3.81323	5.10
3.82990	5.10
3.84657	5.10
3.86323	5.10
3.87990	5.10
3.89657	5.10
3.91323	5.10
3.92990	5.10
3.94657	5.10
3.96323	5.10
3.97990	5.10
3.99657	5.10

[Status Trace (Linear Velocity)]
Interval(msec)	1000
# of Points	240
Start Time(min)	0.013
End Time(min)	3.997
Intensity Units	
Intensity Multiplier	1
R.Time (min)	Intensity
0.01323	38.87
0.02990	37.11
0.04657	38.88
0.06323	40.18
0.07990	39.62
0.09657	39.02
0.11323	39.02
0.12990	39.03
0.14657	39.03
0.16323	39.03
0.17990	39.03
0.19657	39.03
0.21323	39.03
0.22990	39.03
0.24657	39.02
0.26323	39.02
0.27990	39.02
0.29657	39.03
0.31323	39.03
0.32990	39.03
0.34657	39.02
0.36323	39.02
0.37990	39.02
0.39657	39.02
0.41323	39.03
0.42990	39.03
0.44657	39.03
0.46323	39.03
0.47990	39.03
0.49657	39.03
0.51323	39.02
0.52990	39.02
0.54657	39.02
0.56323	39.02
0.57990	39.02
0.59657	39.02
0.61323	39.02
0.62990	39.03
0.64657	39.03
0.66323	39.03
0.67990	39.03
0.69657	39.03
0.71323	39.03
0.72990	39.02
0.74657	39.02
0.76323	39.02
0.77990	39.02
0.79657	39.02
0.81323	39.02
0.82990	39.02
0.84657	39.02
0.86323	39.02
0.87990	39.02
0.89657	39.02
0.91323	39.02
0.92990	39.02
0.94657	39.02
0.96323	39.02
0.97990	39.02
0.99657	39.02
1.01323	39.03
1.02990	39.02
1.04657	39.02
1.06323	39.02
1.07990	39.02
1.09657	39.02
1.11323	39.01
1.12990	39.01
1.14657	39.02
1.16323	39.02
1.17990	39.02
1.19657	39.02
1.21323	39.02
1.22990	39.02
1.24657	39.02
1.26323	39.02
1.27990	39.02
1.29657	39.02
1.31323	39.03
1.32990	39.03
1.34657	39.02
1.36323	39.02
1.37990	39.03
1.39657	39.02
1.41323	39.02
1.42990	39.02
1.44657	39.02
1.46323	39.02
1.47990	39.02
1.49657	39.02
1.51323	39.02
1.52990	39.02
1.54657	39.02
1.56323	39.02
1.57990	39.02
1.59657	39.02
1.61323	39.02
1.62990	39.01
1.64657	38.99
1.66323	38.96
1.67990	38.93
1.69657	38.89
1.71323	38.86
1.72990	38.82
1.74657	38.79
1.76323	38.76
1.77990	38.73
1.79657	38.70
1.81323	38.66
1.82990	38.63
1.84657	38.60
1.86323	38.57
1.87990	38.54
1.89657	38.51
1.91323	38.48
1.92990	38.45
1.94657	38.42
1.96323	38.39
1.97990	38.36
1.99657	38.33
2.01323	38.30
2.02990	38.27
2.04657	38.24
2.06323	38.21
2.07990	38.18
2.09657	38.15
2.11323	38.12
2.12990	38.09
2.14657	38.06
2.16323	38.03
2.17990	38.00
2.19657	37.97
2.21323	37.94
2.22990	37.91
2.24657	37.88
2.26323	37.85
2.27990	37.82
2.29657	37.79
2.31323	37.76
2.32990	37.73
2.34657	37.71
2.36323	37.68
2.37990	37.67
2.39657	37.66
2.41323	37.67
2.42990	37.67
2.44657	37.67
2.46323	37.67
2.47990	37.67
2.49657	37.66
2.51323	37.66
2.52990	37.65
2.54657	37.66
2.56323	37.66
2.57990	37.66
2.59657	37.65
2.61323	37.65
2.62990	37.65
2.64657	37.65
2.66323	37.65
2.67990	37.65
2.69657	37.65
2.71323	37.65
2.72990	37.65
2.74657	37.65
2.76323	37.65
2.77990	37.65
2.79657	37.65
2.81323	37.65
2.82990	37.65
2.84657	37.65
2.86323	37.65
2.87990	37.65
2.89657	37.65
2.91323	37.65
2.92990	37.65
2.94657	37.64
2.96323	37.64
2.97990	37.64
2.99657	37.64
3.01323	37.64
3.02990	37.64
3.04657	37.64
3.06323	37.64
3.07990	37.64
3.09657	37.64
3.11323	37.64
3.12990	37.64
3.14657	37.63
3.16323	37.63
3.17990	37.63
3.19657	37.63
3.21323	37.63
3.22990	37.63
3.24657	37.63
3.26323	37.63
3.27990	37.63
3.29657	37.63
3.31323	37.63
3.32990	37.63
3.34657	37.63
3.36323	37.63
3.37990	37.63
3.39657	37.63
3.41323	37.63
3.42990	37.63
3.44657	37.63
3.46323	37.63
3.47990	37.63
3.49657	37.63
3.51323	37.63
3.52990	37.63
3.54657	37.63
3.56323	37.63
3.57990	37.63
3.59657	37.63
3.61323	37.63
3.62990	37.63
3.64657	37.63
3.66323	37.63
3.67990	37.63
3.69657	37.63
3.71323	37.63
3.72990	37.63
3.74657	37.63
3.76323	37.63
3.77990	37.63
3.79657	37.63
3.81323	37.63
3.82990	37.63
3.84657	37.63
3.86323	37.63
3.87990	37.63
3.89657	37.63
3.91323	37.63
3.92990	37.63
3.94657	37.63
3.96323	37.63
3.97990	37.63
3.99657	37.63

