[Header]
Application Name	LabSolutions
Version	5.110
Data File Name	C:\Users\User\Desktop\GC Analyses\Jack\UIC Prairie Sampling\11.2.22\221102_032.gcd
Output Date	3/20/2023
Output Time	1:25:37 PM

[File Information]
Type	Data File
Generated	12/20/2022 3:37:57 PM
Generated by	System Administrator
Modified	12/20/2022 3:42:15 PM
Modified by	System Administrator

[Sample Information]
Operator Name	System Administrator
Acquired	12/20/2022 3:38:14 PM
Sample Type	1:Standard
Level	1
Sample Name	221102_UICPrairie
Sample ID	221102_UICPrairie
ISTD Amount1	1
ISTD Amount2	1
ISTD Amount3	1
ISTD Amount4	1
ISTD Amount5	1
ISTD Amount6	1
ISTD Amount7	1
ISTD Amount8	1
ISTD Amount9	1
ISTD Amount10	1
ISTD Amount11	1
ISTD Amount12	1
ISTD Amount13	1
ISTD Amount14	1
ISTD Amount15	1
ISTD Amount16	1
ISTD Amount17	1
ISTD Amount18	1
ISTD Amount19	1
ISTD Amount20	1
ISTD Amount21	1
ISTD Amount22	1
ISTD Amount23	1
ISTD Amount24	1
ISTD Amount25	1
ISTD Amount26	1
ISTD Amount27	1
ISTD Amount28	1
ISTD Amount29	1
ISTD Amount30	1
ISTD Amount31	1
ISTD Amount32	1
Sample Amount	1
Dilution Factor	1
Vial#	1
Injection Volume	1
Injection Count	1
Bar Code	

[Original Files]
Data File	C:\Users\User\Desktop\GC Analyses\Jack\UIC Prairie Sampling\11.2.22\221102_032.gcd
Method File	C:\LabSolutions\Data\GHG_4min_2022\ghg3_togas_w_acet_4 min_new_int.gcm
Batch File	
Report Format File	c:\LabSolutions\System\DEFAULT.lsr

[File Description]


[Configuration]
Instrument Name	C0B7VH3-Instrument1
Instrument #	1
Line #	1
# of Detectors	3
Detector ID	DET#1	DET#2	DET#3
Detector Name	FID	PTCD	ECD
# of Channels	1	1	1

[Peak Table(Ch1)]
# of Peaks	3
Peak#	R.Time	I.Time	F.Time	Area	Height	A/H	Conc.	Mark	ID#	Name	k'	Plate #	Plate Ht.	Tailing	Resolution	Sep.Factor	Area Ratio	Height Ratio	Conc. %	Norm Conc.
1	1.479	1.435	1.538	10987	4867	2.258	100.000	   	1	CO	0.000	8369	17.924	1.232	0.000	0.000	0	0	16.667	16.667
2	1.571	1.538	1.637	5195	2520	2.061	100.000	 V 	2	CH4	0.062	10777	13.919	0.000	1.464	0.000	0	0	16.667	16.667
3	2.000	1.952	2.649	1505406	700097	2.150	400.000	   	3	CO2	0.352	17389	8.626	1.217	7.079	5.680	0	0	66.667	66.667

[Peak Table(Ch2)]
# of Peaks	0

[Peak Table(Ch3)]
# of Peaks	5
Peak#	R.Time	I.Time	F.Time	Area	Height	A/H	Conc.	Mark	ID#	Name	k'	Plate #	Plate Ht.	Tailing	Resolution	Sep.Factor	Area Ratio	Height Ratio	Conc. %	Norm Conc.
1	2.458	2.275	2.499	2190	555	3.946	0.000	   			0.000	8370	17.921	0.000	0.000	0.000	0	0	0.000	0.000
2	2.517	2.499	2.572	1362	385	3.541	0.000	 V 			0.024	2137	70.208	0.000	0.361	0.000	0	0	0.000	0.000
3	2.605	2.572	2.660	1092	332	3.285	0.000	 V 			0.060	4297	34.911	0.000	0.467	2.500	0	0	0.000	0.000
4	2.880	2.671	3.027	24470	5480	4.465	1.000	   	1	N2O	0.172	12835	11.687	0.000	2.110	2.875	0	0	50.000	50.000
5	3.217	3.027	3.962	18492	632	29.277	1.000	 V 	2	SF6	0.309	69	2188.430	0.000	0.407	1.800	0	0	50.000	50.000

[Compound Results(Ch1)]
# of IDs	6
ID#	Name	R.Time	Area	Height	Conc.	Curve	3rd	2nd	1st	Constant	Area Ratio	Height Ratio	Conc. %	Norm Conc.
1	CO	1.479	10987	4867	100.000	Linear	0.000000e+00	0.000000e+00	1.098706e+002	0.000000e+00	0	0	16.667	16.667
2	CH4	1.571	5195	2520	100.000	Linear	0.000000e+00	0.000000e+00	5.194573e+001	0.000000e+00	0	0	16.667	16.667
3	CO2	2.000	1505406	700097	400.000	Linear	0.000000e+00	0.000000e+00	3.763515e+003	0.000000e+00	0	0	66.667	66.667
4	Ethylene	0.000	0	0	0.000	Linear	0.000000e+00	0.000000e+00	0.000000e+00	0.000000e+00	0	0	0.000	0.000
5	Acetylene	0.000	0	0	0.000	Linear	0.000000e+00	0.000000e+00	0.000000e+00	0.000000e+00	0	0	0.000	0.000
6	Ethane	0.000	0	0	0.000	Linear	0.000000e+00	0.000000e+00	0.000000e+00	0.000000e+00	0	0	0.000	0.000

[Compound Results(Ch2)]
# of IDs	5
ID#	Name	R.Time	Area	Height	Conc.	Curve	3rd	2nd	1st	Constant	Area Ratio	Height Ratio	Conc. %	Norm Conc.
1	Hydrogen	0.000	0	0	0.000	Linear	0.000000e+00	0.000000e+00	0.000000e+00	0.000000e+00	0	0	0.000	0.000
2	Oxygen	0.000	0	0	0.000	Linear	0.000000e+00	0.000000e+00	0.000000e+00	0.000000e+00	0	0	0.000	0.000
3	Nitrogen	0.000	0	0	0.000	Linear	0.000000e+00	0.000000e+00	0.000000e+00	0.000000e+00	0	0	0.000	0.000
4	Methane	0.000	0	0	0.000	Linear	0.000000e+00	0.000000e+00	0.000000e+00	0.000000e+00	0	0	0.000	0.000
5	Carbon Monoxide	0.000	0	0	0.000	Linear	0.000000e+00	0.000000e+00	0.000000e+00	0.000000e+00	0	0	0.000	0.000

[Compound Results(Ch3)]
# of IDs	2
ID#	Name	R.Time	Area	Height	Conc.	Curve	3rd	2nd	1st	Constant	Area Ratio	Height Ratio	Conc. %	Norm Conc.
1	N2O	2.880	24470	5480	1.000	Linear	0.000000e+00	0.000000e+00	2.446959e+004	0.000000e+00	0	0	50.000	50.000
2	SF6	3.217	18492	632	1.000	Linear	0.000000e+00	0.000000e+00	1.849240e+004	0.000000e+00	0	0	50.000	50.000

[Group Results(Ch1)]
# of Groups	0

[Group Results(Ch2)]
# of Groups	0

[Group Results(Ch3)]
# of Groups	0

[Chromatogram (Ch1)]
Interval(msec)	220
# of Points	1091
Start Time(min)	0.002
End Time(min)	3.998
R.Time (min)	Intensity
0.00167	-14
0.00533	-9
0.00900	-6
0.01267	-1
0.01633	6
0.02000	12
0.02367	13
0.02733	12
0.03100	11
0.03467	8
0.03833	1
0.04200	-9
0.04567	-14
0.04933	-8
0.05300	3
0.05667	14
0.06033	22
0.06400	25
0.06767	27
0.07133	30
0.07500	34
0.07867	36
0.08233	36
0.08600	37
0.08967	37
0.09333	36
0.09700	37
0.10067	39
0.10433	39
0.10800	37
0.11167	33
0.11533	31
0.11900	29
0.12267	26
0.12633	22
0.13000	22
0.13367	25
0.13733	30
0.14100	37
0.14467	41
0.14833	42
0.15200	43
0.15567	46
0.15933	52
0.16300	57
0.16667	59
0.17033	56
0.17400	51
0.17767	47
0.18133	43
0.18500	41
0.18867	41
0.19233	41
0.19600	42
0.19967	42
0.20333	38
0.20700	36
0.21067	39
0.21433	45
0.21800	47
0.22167	44
0.22533	43
0.22900	45
0.23267	43
0.23633	37
0.24000	29
0.24367	24
0.24733	25
0.25100	29
0.25467	31
0.25833	35
0.26200	40
0.26567	40
0.26933	37
0.27300	33
0.27667	30
0.28033	28
0.28400	26
0.28767	25
0.29133	24
0.29500	23
0.29867	23
0.30233	20
0.30600	18
0.30967	19
0.31333	22
0.31700	28
0.32067	35
0.32433	38
0.32800	39
0.33167	39
0.33533	38
0.33900	34
0.34267	30
0.34633	24
0.35000	22
0.35367	24
0.35733	22
0.36100	16
0.36467	11
0.36833	9
0.37200	10
0.37567	15
0.37933	17
0.38300	14
0.38667	13
0.39033	12
0.39400	12
0.39767	14
0.40133	17
0.40500	19
0.40867	20
0.41233	21
0.41600	25
0.41967	28
0.42333	29
0.42700	27
0.43067	19
0.43433	12
0.43800	9
0.44167	9
0.44533	11
0.44900	14
0.45267	18
0.45633	18
0.46000	16
0.46367	16
0.46733	21
0.47100	28
0.47467	31
0.47833	28
0.48200	23
0.48567	18
0.48933	14
0.49300	10
0.49667	8
0.50033	7
0.50400	8
0.50767	11
0.51133	15
0.51500	20
0.51867	22
0.52233	22
0.52600	22
0.52967	20
0.53333	18
0.53700	18
0.54067	16
0.54433	12
0.54800	8
0.55167	3
0.55533	-2
0.55900	-6
0.56267	-7
0.56633	-8
0.57000	-3
0.57367	3
0.57733	6
0.58100	7
0.58467	8
0.58833	7
0.59200	5
0.59567	5
0.59933	5
0.60300	7
0.60667	6
0.61033	5
0.61400	5
0.61767	4
0.62133	2
0.62500	-0
0.62867	-6
0.63233	-17
0.63600	-27
0.63967	-30
0.64333	-29
0.64700	-25
0.65067	-20
0.65433	-15
0.65800	-11
0.66167	-6
0.66533	-0
0.66900	2
0.67267	-3
0.67633	-11
0.68000	-17
0.68367	-17
0.68733	-17
0.69100	-17
0.69467	-20
0.69833	-24
0.70200	-23
0.70567	-15
0.70933	-8
0.71300	-5
0.71667	-5
0.72033	-5
0.72400	-2
0.72767	-1
0.73133	-3
0.73500	-6
0.73867	-9
0.74233	-12
0.74600	-13
0.74967	-14
0.75333	-16
0.75700	-20
0.76067	-23
0.76433	-24
0.76800	-27
0.77167	-27
0.77533	-22
0.77900	-16
0.78267	-13
0.78633	-15
0.79000	-19
0.79367	-22
0.79733	-23
0.80100	-23
0.80467	-25
0.80833	-27
0.81200	-27
0.81567	-26
0.81933	-26
0.82300	-27
0.82667	-28
0.83033	-27
0.83400	-24
0.83767	-18
0.84133	-12
0.84500	-7
0.84867	-5
0.85233	-7
0.85600	-10
0.85967	-13
0.86333	-16
0.86700	-18
0.87067	-20
0.87433	-22
0.87800	-21
0.88167	-18
0.88533	-14
0.88900	-13
0.89267	-17
0.89633	-21
0.90000	-24
0.90367	-25
0.90733	-24
0.91100	-23
0.91467	-23
0.91833	-23
0.92200	-23
0.92567	-22
0.92933	-22
0.93300	-24
0.93667	-25
0.94033	-28
0.94400	-31
0.94767	-34
0.95133	-37
0.95500	-40
0.95867	-45
0.96233	-48
0.96600	-48
0.96967	-48
0.97333	-48
0.97700	-46
0.98067	-43
0.98433	-40
0.98800	-39
0.99167	-38
0.99533	-34
0.99900	-28
1.00267	-28
1.00633	-32
1.01000	-39
1.01367	-46
1.01733	-48
1.02100	-47
1.02467	-43
1.02833	-38
1.03200	-36
1.03567	-36
1.03933	-36
1.04300	-40
1.04667	-46
1.05033	-51
1.05400	-54
1.05767	-56
1.06133	-53
1.06500	-49
1.06867	-47
1.07233	-48
1.07600	-49
1.07967	-48
1.08333	-48
1.08700	-50
1.09067	-51
1.09433	-51
1.09800	-50
1.10167	-47
1.10533	-45
1.10900	-46
1.11267	-48
1.11633	-48
1.12000	-48
1.12367	-48
1.12733	-51
1.13100	-55
1.13467	-55
1.13833	-56
1.14200	-60
1.14567	-62
1.14933	-62
1.15300	-59
1.15667	-56
1.16033	-54
1.16400	-51
1.16767	-49
1.17133	-48
1.17500	-50
1.17867	-53
1.18233	-56
1.18600	-59
1.18967	-58
1.19333	-55
1.19700	-52
1.20067	-50
1.20433	-44
1.20800	-42
1.21167	-45
1.21533	-52
1.21900	-55
1.22267	-54
1.22633	-51
1.23000	-51
1.23367	-52
1.23733	-54
1.24100	-56
1.24467	-54
1.24833	-50
1.25200	-48
1.25567	-48
1.25933	-48
1.26300	-50
1.26667	-55
1.27033	-58
1.27400	-58
1.27767	-55
1.28133	-50
1.28500	-48
1.28867	-50
1.29233	-56
1.29600	-59
1.29967	-61
1.30333	-63
1.30700	-64
1.31067	-60
1.31433	-56
1.31800	-54
1.32167	-54
1.32533	-58
1.32900	-63
1.33267	-69
1.33633	-72
1.34000	-72
1.34367	-70
1.34733	-67
1.35100	-66
1.35467	-64
1.35833	-62
1.36200	-60
1.36567	-57
1.36933	-52
1.37300	-50
1.37667	-54
1.38033	-61
1.38400	-66
1.38767	-67
1.39133	-67
1.39500	-68
1.39867	-66
1.40233	-62
1.40600	-59
1.40967	-57
1.41333	-56
1.41700	-56
1.42067	-60
1.42433	-66
1.42800	-71
1.43167	-76
1.43533	-75
1.43900	-54
1.44267	27
1.44633	203
1.45000	459
1.45367	856
1.45733	1477
1.46100	2279
1.46467	3115
1.46833	3854
1.47200	4419
1.47567	4751
1.47933	4794
1.48300	4524
1.48667	3992
1.49033	3310
1.49400	2606
1.49767	1977
1.50133	1465
1.50500	1071
1.50867	776
1.51233	563
1.51600	412
1.51967	309
1.52333	240
1.52700	191
1.53067	151
1.53433	121
1.53800	112
1.54167	158
1.54533	321
1.54900	645
1.55267	1087
1.55633	1552
1.56000	1955
1.56367	2257
1.56733	2433
1.57100	2451
1.57467	2285
1.57833	1958
1.58200	1550
1.58567	1147
1.58933	807
1.59300	546
1.59667	356
1.60033	220
1.60400	125
1.60767	60
1.61133	18
1.61500	-6
1.61867	-19
1.62233	-27
1.62600	-36
1.62967	-50
1.63333	-61
1.63700	-67
1.64067	-71
1.64433	-73
1.64800	-69
1.65167	-61
1.65533	-55
1.65900	-53
1.66267	-56
1.66633	-64
1.67000	-70
1.67367	-71
1.67733	-67
1.68100	-65
1.68467	-66
1.68833	-71
1.69200	-76
1.69567	-81
1.69933	-84
1.70300	-81
1.70667	-78
1.71033	-78
1.71400	-76
1.71767	-71
1.72133	-65
1.72500	-63
1.72867	-65
1.73233	-69
1.73600	-73
1.73967	-77
1.74333	-79
1.74700	-80
1.75067	-83
1.75433	-86
1.75800	-86
1.76167	-86
1.76533	-85
1.76900	-87
1.77267	-91
1.77633	-96
1.78000	-103
1.78367	-113
1.78733	-107
1.79100	-93
1.79467	-84
1.79833	-80
1.80200	-77
1.80567	-73
1.80933	-70
1.81300	-69
1.81667	-71
1.82033	-74
1.82400	-79
1.82767	-84
1.83133	-85
1.83500	-84
1.83867	-82
1.84233	-79
1.84600	-79
1.84967	-78
1.85333	-80
1.85700	-83
1.86067	-80
1.86433	-72
1.86800	-64
1.87167	-61
1.87533	-65
1.87900	-74
1.88267	-82
1.88633	-84
1.89000	-83
1.89367	-83
1.89733	-82
1.90100	-82
1.90467	-82
1.90833	-78
1.91200	-75
1.91567	-77
1.91933	-78
1.92300	-78
1.92667	-78
1.93033	-76
1.93400	-72
1.93767	-68
1.94133	-67
1.94500	-69
1.94867	-73
1.95233	-69
1.95600	5
1.95967	456
1.96333	2603
1.96700	10480
1.97067	32684
1.97433	81372
1.97800	165505
1.98167	281877
1.98533	414066
1.98900	539464
1.99267	637705
1.99633	693928
2.00000	700065
2.00367	657327
2.00733	576755
2.01100	475758
2.01467	372165
2.01833	279146
2.02200	203191
2.02567	145249
2.02933	103111
2.03300	73432
2.03667	52931
2.04033	38904
2.04400	29319
2.04767	22730
2.05133	18145
2.05500	14897
2.05867	12545
2.06233	10801
2.06600	9474
2.06967	8438
2.07333	7610
2.07700	6939
2.08067	6387
2.08433	5919
2.08800	5514
2.09167	5157
2.09533	4847
2.09900	4573
2.10267	4324
2.10633	4099
2.11000	3894
2.11367	3712
2.11733	3550
2.12100	3401
2.12467	3259
2.12833	3123
2.13200	2998
2.13567	2882
2.13933	2778
2.14300	2684
2.14667	2595
2.15033	2509
2.15400	2432
2.15767	2362
2.16133	2294
2.16500	2226
2.16867	2158
2.17233	2087
2.17600	2017
2.17967	1952
2.18333	1895
2.18700	1847
2.19067	1808
2.19433	1769
2.19800	1725
2.20167	1679
2.20533	1634
2.20900	1592
2.21267	1556
2.21633	1524
2.22000	1494
2.22367	1464
2.22733	1431
2.23100	1399
2.23467	1365
2.23833	1332
2.24200	1304
2.24567	1278
2.24933	1253
2.25300	1230
2.25667	1210
2.26033	1192
2.26400	1173
2.26767	1153
2.27133	1132
2.27500	1112
2.27867	1095
2.28233	1080
2.28600	1062
2.28967	1042
2.29333	1025
2.29700	1011
2.30067	1001
2.30433	995
2.30800	987
2.31167	973
2.31533	955
2.31900	939
2.32267	928
2.32633	917
2.33000	904
2.33367	890
2.33733	878
2.34100	866
2.34467	853
2.34833	841
2.35200	832
2.35567	826
2.35933	817
2.36300	805
2.36667	792
2.37033	778
2.37400	765
2.37767	757
2.38133	752
2.38500	746
2.38867	738
2.39233	731
2.39600	724
2.39967	715
2.40333	704
2.40700	695
2.41067	687
2.41433	683
2.41800	681
2.42167	678
2.42533	674
2.42900	670
2.43267	664
2.43633	657
2.44000	649
2.44367	643
2.44733	637
2.45100	631
2.45467	628
2.45833	626
2.46200	623
2.46567	621
2.46933	619
2.47300	615
2.47667	609
2.48033	600
2.48400	592
2.48767	589
2.49133	589
2.49500	587
2.49867	581
2.50233	575
2.50600	569
2.50967	560
2.51333	555
2.51700	557
2.52067	559
2.52433	562
2.52800	565
2.53167	569
2.53533	565
2.53900	555
2.54267	547
2.54633	540
2.55000	538
2.55367	538
2.55733	539
2.56100	537
2.56467	532
2.56833	527
2.57200	522
2.57567	520
2.57933	520
2.58300	521
2.58667	519
2.59033	512
2.59400	501
2.59767	494
2.60133	489
2.60500	487
2.60867	489
2.61233	491
2.61600	492
2.61967	493
2.62333	495
2.62700	497
2.63067	492
2.63433	483
2.63800	476
2.64167	472
2.64533	471
2.64900	469
2.65267	469
2.65633	472
2.66000	474
2.66367	475
2.66733	474
2.67100	472
2.67467	474
2.67833	476
2.68200	479
2.68567	481
2.68933	480
2.69300	477
2.69667	472
2.70033	471
2.70400	478
2.70767	486
2.71133	490
2.71500	487
2.71867	480
2.72233	472
2.72600	463
2.72967	456
2.73333	453
2.73700	453
2.74067	456
2.74433	457
2.74800	457
2.75167	461
2.75533	461
2.75900	456
2.76267	445
2.76633	432
2.77000	423
2.77367	416
2.77733	412
2.78100	412
2.78467	416
2.78833	418
2.79200	418
2.79567	418
2.79933	419
2.80300	423
2.80667	426
2.81033	429
2.81400	434
2.81767	438
2.82133	438
2.82500	440
2.82867	442
2.83233	446
2.83600	452
2.83967	459
2.84333	462
2.84700	464
2.85067	465
2.85433	462
2.85800	454
2.86167	441
2.86533	429
2.86900	426
2.87267	426
2.87633	429
2.88000	430
2.88367	430
2.88733	431
2.89100	435
2.89467	439
2.89833	439
2.90200	433
2.90567	427
2.90933	421
2.91300	419
2.91667	419
2.92033	419
2.92400	420
2.92767	423
2.93133	423
2.93500	418
2.93867	410
2.94233	401
2.94600	395
2.94967	392
2.95333	397
2.95700	405
2.96067	409
2.96433	407
2.96800	402
2.97167	398
2.97533	398
2.97900	403
2.98267	410
2.98633	416
2.99000	422
2.99367	429
2.99733	435
3.00100	440
3.00467	445
3.00833	450
3.01200	453
3.01567	453
3.01933	449
3.02300	441
3.02667	432
3.03033	425
3.03400	421
3.03767	417
3.04133	412
3.04500	404
3.04867	397
3.05233	398
3.05600	404
3.05967	406
3.06333	403
3.06700	399
3.07067	395
3.07433	390
3.07800	385
3.08167	383
3.08533	385
3.08900	392
3.09267	398
3.09633	401
3.10000	399
3.10367	398
3.10733	399
3.11100	398
3.11467	396
3.11833	396
3.12200	397
3.12567	397
3.12933	396
3.13300	396
3.13667	401
3.14033	405
3.14400	407
3.14767	403
3.15133	396
3.15500	387
3.15867	379
3.16233	373
3.16600	372
3.16967	372
3.17333	371
3.17700	371
3.18067	370
3.18433	372
3.18800	375
3.19167	379
3.19533	382
3.19900	382
3.20267	382
3.20633	383
3.21000	388
3.21367	391
3.21733	388
3.22100	381
3.22467	377
3.22833	376
3.23200	374
3.23567	370
3.23933	368
3.24300	368
3.24667	366
3.25033	359
3.25400	355
3.25767	356
3.26133	359
3.26500	363
3.26867	368
3.27233	369
3.27600	366
3.27967	364
3.28333	365
3.28700	366
3.29067	364
3.29433	359
3.29800	355
3.30167	353
3.30533	353
3.30900	355
3.31267	357
3.31633	356
3.32000	356
3.32367	360
3.32733	367
3.33100	375
3.33467	379
3.33833	375
3.34200	369
3.34567	363
3.34933	361
3.35300	362
3.35667	363
3.36033	362
3.36400	360
3.36767	360
3.37133	361
3.37500	362
3.37867	361
3.38233	357
3.38600	353
3.38967	349
3.39333	347
3.39700	347
3.40067	349
3.40433	354
3.40800	357
3.41167	359
3.41533	360
3.41900	357
3.42267	351
3.42633	345
3.43000	341
3.43367	338
3.43733	338
3.44100	341
3.44467	347
3.44833	350
3.45200	353
3.45567	356
3.45933	358
3.46300	357
3.46667	355
3.47033	351
3.47400	344
3.47767	338
3.48133	332
3.48500	326
3.48867	323
3.49233	322
3.49600	323
3.49967	328
3.50333	331
3.50700	334
3.51067	335
3.51433	338
3.51800	341
3.52167	341
3.52533	338
3.52900	333
3.53267	329
3.53633	327
3.54000	326
3.54367	324
3.54733	323
3.55100	323
3.55467	320
3.55833	313
3.56200	310
3.56567	312
3.56933	319
3.57300	322
3.57667	320
3.58033	313
3.58400	306
3.58767	307
3.59133	310
3.59500	312
3.59867	310
3.60233	305
3.60600	298
3.60967	293
3.61333	291
3.61700	289
3.62067	288
3.62433	289
3.62800	292
3.63167	293
3.63533	293
3.63900	296
3.64267	300
3.64633	305
3.65000	312
3.65367	317
3.65733	319
3.66100	316
3.66467	308
3.66833	300
3.67200	294
3.67567	289
3.67933	289
3.68300	295
3.68667	299
3.69033	300
3.69400	298
3.69767	298
3.70133	298
3.70500	295
3.70867	294
3.71233	294
3.71600	292
3.71967	290
3.72333	291
3.72700	294
3.73067	297
3.73433	298
3.73800	296
3.74167	292
3.74533	285
3.74900	276
3.75267	273
3.75633	276
3.76000	280
3.76367	284
3.76733	287
3.77100	287
3.77467	281
3.77833	270
3.78200	262
3.78567	258
3.78933	255
3.79300	254
3.79667	258
3.80033	265
3.80400	272
3.80767	276
3.81133	275
3.81500	274
3.81867	272
3.82233	268
3.82600	263
3.82967	261
3.83333	261
3.83700	261
3.84067	260
3.84433	255
3.84800	252
3.85167	258
3.85533	266
3.85900	271
3.86267	270
3.86633	266
3.87000	261
3.87367	254
3.87733	245
3.88100	243
3.88467	247
3.88833	252
3.89200	259
3.89567	264
3.89933	269
3.90300	273
3.90667	274
3.91033	270
3.91400	265
3.91767	262
3.92133	260
3.92500	261
3.92867	264
3.93233	269
3.93600	273
3.93967	274
3.94333	271
3.94700	263
3.95067	256
3.95433	253
3.95800	249
3.96167	248
3.96533	250
3.96900	252
3.97267	253
3.97633	253
3.98000	250
3.98367	246
3.98733	242
3.99100	243
3.99467	246
3.99833	250

[Chromatogram (Ch2)]
Interval(msec)	220
# of Points	1091
Start Time(min)	0.002
End Time(min)	3.998
R.Time (min)	Intensity
0.00167	0
0.00533	0
0.00900	-0
0.01267	-0
0.01633	-0
0.02000	-1
0.02367	-1
0.02733	-1
0.03100	-1
0.03467	-1
0.03833	-1
0.04200	-1
0.04567	-1
0.04933	-1
0.05300	-2
0.05667	-2
0.06033	-2
0.06400	-2
0.06767	-2
0.07133	-1
0.07500	-1
0.07867	-1
0.08233	-1
0.08600	-1
0.08967	-0
0.09333	-1
0.09700	-1
0.10067	-1
0.10433	-1
0.10800	-1
0.11167	-1
0.11533	-1
0.11900	-1
0.12267	-1
0.12633	-1
0.13000	-1
0.13367	-1
0.13733	-1
0.14100	-1
0.14467	-0
0.14833	-0
0.15200	-1
0.15567	-1
0.15933	-1
0.16300	-1
0.16667	-1
0.17033	-1
0.17400	-1
0.17767	-1
0.18133	-2
0.18500	-2
0.18867	-2
0.19233	-2
0.19600	-2
0.19967	-2
0.20333	-2
0.20700	-1
0.21067	-1
0.21433	-1
0.21800	-1
0.22167	-1
0.22533	-1
0.22900	-1
0.23267	-1
0.23633	-1
0.24000	-1
0.24367	-1
0.24733	-1
0.25100	-1
0.25467	-1
0.25833	-1
0.26200	-1
0.26567	-1
0.26933	-1
0.27300	-1
0.27667	-1
0.28033	-1
0.28400	-1
0.28767	-1
0.29133	-1
0.29500	-1
0.29867	-1
0.30233	-1
0.30600	-1
0.30967	-1
0.31333	-1
0.31700	-1
0.32067	-1
0.32433	-1
0.32800	-1
0.33167	-1
0.33533	-1
0.33900	-1
0.34267	-1
0.34633	-2
0.35000	-2
0.35367	-2
0.35733	-3
0.36100	-3
0.36467	-3
0.36833	-3
0.37200	-3
0.37567	-3
0.37933	-2
0.38300	-2
0.38667	-2
0.39033	-2
0.39400	-2
0.39767	-2
0.40133	-2
0.40500	-2
0.40867	-2
0.41233	-2
0.41600	-2
0.41967	-2
0.42333	-2
0.42700	-2
0.43067	-2
0.43433	-2
0.43800	-2
0.44167	-2
0.44533	-2
0.44900	-2
0.45267	-3
0.45633	-3
0.46000	-3
0.46367	-4
0.46733	-4
0.47100	-3
0.47467	-3
0.47833	-3
0.48200	-3
0.48567	-3
0.48933	-3
0.49300	-3
0.49667	-3
0.50033	-3
0.50400	-3
0.50767	-3
0.51133	-3
0.51500	-3
0.51867	-3
0.52233	-3
0.52600	-3
0.52967	-3
0.53333	-3
0.53700	-4
0.54067	-4
0.54433	-3
0.54800	-3
0.55167	-3
0.55533	-3
0.55900	-3
0.56267	-3
0.56633	-3
0.57000	-3
0.57367	-2
0.57733	-2
0.58100	-2
0.58467	-2
0.58833	-2
0.59200	-2
0.59567	-2
0.59933	-2
0.60300	-2
0.60667	-2
0.61033	-2
0.61400	-2
0.61767	-2
0.62133	-2
0.62500	-2
0.62867	-2
0.63233	-2
0.63600	-2
0.63967	-2
0.64333	-2
0.64700	-2
0.65067	-2
0.65433	-2
0.65800	-2
0.66167	-2
0.66533	-2
0.66900	-3
0.67267	-3
0.67633	-3
0.68000	-2
0.68367	-2
0.68733	-2
0.69100	-2
0.69467	-2
0.69833	-2
0.70200	-2
0.70567	-2
0.70933	-2
0.71300	-1
0.71667	-1
0.72033	-1
0.72400	-2
0.72767	-2
0.73133	-2
0.73500	-3
0.73867	-3
0.74233	-3
0.74600	-3
0.74967	-4
0.75333	-4
0.75700	-4
0.76067	-4
0.76433	-4
0.76800	-4
0.77167	-4
0.77533	-4
0.77900	-4
0.78267	-4
0.78633	-4
0.79000	-4
0.79367	-4
0.79733	-5
0.80100	-5
0.80467	-5
0.80833	-5
0.81200	-5
0.81567	-5
0.81933	-5
0.82300	-5
0.82667	-4
0.83033	-4
0.83400	-3
0.83767	-3
0.84133	-3
0.84500	-3
0.84867	-3
0.85233	-3
0.85600	-3
0.85967	-3
0.86333	-3
0.86700	-3
0.87067	-4
0.87433	-4
0.87800	-4
0.88167	-4
0.88533	-4
0.88900	-4
0.89267	-4
0.89633	-4
0.90000	-4
0.90367	-4
0.90733	-4
0.91100	-4
0.91467	-3
0.91833	-3
0.92200	-3
0.92567	-3
0.92933	-3
0.93300	-3
0.93667	-3
0.94033	-3
0.94400	-3
0.94767	-3
0.95133	-4
0.95500	-4
0.95867	-4
0.96233	-4
0.96600	-4
0.96967	-4
0.97333	-4
0.97700	-4
0.98067	-4
0.98433	-4
0.98800	-4
0.99167	-4
0.99533	-4
0.99900	-4
1.00267	-4
1.00633	-4
1.01000	-3
1.01367	-3
1.01733	-3
1.02100	-3
1.02467	-3
1.02833	-3
1.03200	-3
1.03567	-2
1.03933	-2
1.04300	-2
1.04667	-2
1.05033	-2
1.05400	-2
1.05767	-2
1.06133	-2
1.06500	-2
1.06867	-2
1.07233	-2
1.07600	-2
1.07967	-2
1.08333	-2
1.08700	-3
1.09067	-3
1.09433	-3
1.09800	-3
1.10167	-3
1.10533	-3
1.10900	-3
1.11267	-3
1.11633	-3
1.12000	-3
1.12367	-3
1.12733	-3
1.13100	-3
1.13467	-3
1.13833	-3
1.14200	-3
1.14567	-4
1.14933	-4
1.15300	-4
1.15667	-4
1.16033	-4
1.16400	-4
1.16767	-4
1.17133	-4
1.17500	-3
1.17867	-3
1.18233	-3
1.18600	-3
1.18967	-4
1.19333	-4
1.19700	-4
1.20067	-4
1.20433	-4
1.20800	-4
1.21167	-4
1.21533	-4
1.21900	-4
1.22267	-4
1.22633	-5
1.23000	-5
1.23367	-5
1.23733	-5
1.24100	-5
1.24467	-4
1.24833	-4
1.25200	-4
1.25567	-4
1.25933	-4
1.26300	-4
1.26667	-4
1.27033	-4
1.27400	-3
1.27767	-3
1.28133	-3
1.28500	-3
1.28867	-3
1.29233	-3
1.29600	-3
1.29967	-3
1.30333	-2
1.30700	-2
1.31067	-3
1.31433	-2
1.31800	-2
1.32167	-2
1.32533	-3
1.32900	-3
1.33267	-3
1.33633	-4
1.34000	-4
1.34367	-4
1.34733	-4
1.35100	-4
1.35467	-4
1.35833	-4
1.36200	-4
1.36567	-4
1.36933	-4
1.37300	-4
1.37667	-4
1.38033	-5
1.38400	-5
1.38767	-5
1.39133	-5
1.39500	-5
1.39867	-5
1.40233	-5
1.40600	-5
1.40967	-6
1.41333	-6
1.41700	-6
1.42067	-5
1.42433	-5
1.42800	-5
1.43167	-5
1.43533	-5
1.43900	-5
1.44267	-5
1.44633	-5
1.45000	-5
1.45367	-6
1.45733	-6
1.46100	-6
1.46467	-6
1.46833	-6
1.47200	-6
1.47567	-6
1.47933	-6
1.48300	-6
1.48667	-6
1.49033	-6
1.49400	-5
1.49767	-5
1.50133	-5
1.50500	-5
1.50867	-5
1.51233	-5
1.51600	-5
1.51967	-5
1.52333	-4
1.52700	-4
1.53067	-4
1.53433	-4
1.53800	-4
1.54167	-4
1.54533	-4
1.54900	-5
1.55267	-5
1.55633	-5
1.56000	-5
1.56367	-5
1.56733	-5
1.57100	-5
1.57467	-5
1.57833	-5
1.58200	-5
1.58567	-5
1.58933	-5
1.59300	-6
1.59667	-6
1.60033	-7
1.60400	-8
1.60767	-9
1.61133	-11
1.61500	-12
1.61867	-14
1.62233	-17
1.62600	-20
1.62967	-23
1.63333	-26
1.63700	-30
1.64067	-34
1.64433	-37
1.64800	-41
1.65167	-45
1.65533	-49
1.65900	-52
1.66267	-56
1.66633	-61
1.67000	-65
1.67367	-70
1.67733	-75
1.68100	-80
1.68467	-86
1.68833	-90
1.69200	-95
1.69567	-98
1.69933	-102
1.70300	-104
1.70667	-106
1.71033	-108
1.71400	-109
1.71767	-110
1.72133	-111
1.72500	-111
1.72867	-112
1.73233	-112
1.73600	-112
1.73967	-113
1.74333	-113
1.74700	-113
1.75067	-114
1.75433	-115
1.75800	-117
1.76167	-118
1.76533	-119
1.76900	-120
1.77267	-121
1.77633	-121
1.78000	-122
1.78367	-121
1.78733	-121
1.79100	-120
1.79467	-119
1.79833	-119
1.80200	-119
1.80567	-119
1.80933	-119
1.81300	-120
1.81667	-120
1.82033	-121
1.82400	-122
1.82767	-122
1.83133	-123
1.83500	-123
1.83867	-123
1.84233	-123
1.84600	-123
1.84967	-122
1.85333	-122
1.85700	-122
1.86067	-121
1.86433	-121
1.86800	-121
1.87167	-121
1.87533	-120
1.87900	-120
1.88267	-120
1.88633	-120
1.89000	-120
1.89367	-120
1.89733	-120
1.90100	-120
1.90467	-120
1.90833	-120
1.91200	-120
1.91567	-120
1.91933	-120
1.92300	-120
1.92667	-119
1.93033	-119
1.93400	-119
1.93767	-119
1.94133	-119
1.94500	-119
1.94867	-118
1.95233	-118
1.95600	-118
1.95967	-118
1.96333	-118
1.96700	-118
1.97067	-118
1.97433	-117
1.97800	-117
1.98167	-117
1.98533	-117
1.98900	-116
1.99267	-116
1.99633	-116
2.00000	-116
2.00367	-116
2.00733	-116
2.01100	-115
2.01467	-115
2.01833	-114
2.02200	-114
2.02567	-113
2.02933	-113
2.03300	-113
2.03667	-113
2.04033	-113
2.04400	-112
2.04767	-112
2.05133	-111
2.05500	-110
2.05867	-110
2.06233	-109
2.06600	-109
2.06967	-109
2.07333	-108
2.07700	-108
2.08067	-108
2.08433	-108
2.08800	-107
2.09167	-107
2.09533	-106
2.09900	-106
2.10267	-105
2.10633	-105
2.11000	-105
2.11367	-105
2.11733	-105
2.12100	-106
2.12467	-105
2.12833	-105
2.13200	-104
2.13567	-103
2.13933	-103
2.14300	-102
2.14667	-101
2.15033	-101
2.15400	-100
2.15767	-100
2.16133	-100
2.16500	-100
2.16867	-100
2.17233	-101
2.17600	-101
2.17967	-101
2.18333	-100
2.18700	-100
2.19067	-99
2.19433	-99
2.19800	-98
2.20167	-97
2.20533	-96
2.20900	-96
2.21267	-96
2.21633	-96
2.22000	-97
2.22367	-97
2.22733	-98
2.23100	-98
2.23467	-98
2.23833	-98
2.24200	-98
2.24567	-97
2.24933	-96
2.25300	-95
2.25667	-94
2.26033	-93
2.26400	-92
2.26767	-92
2.27133	-91
2.27500	-90
2.27867	-90
2.28233	-90
2.28600	-90
2.28967	-89
2.29333	-89
2.29700	-89
2.30067	-89
2.30433	-88
2.30800	-87
2.31167	-87
2.31533	-87
2.31900	-87
2.32267	-88
2.32633	-89
2.33000	-89
2.33367	-90
2.33733	-89
2.34100	-88
2.34467	-87
2.34833	-85
2.35200	-84
2.35567	-82
2.35933	-80
2.36300	-78
2.36667	-75
2.37033	-72
2.37400	-69
2.37767	-66
2.38133	-62
2.38500	-59
2.38867	-55
2.39233	-51
2.39600	-47
2.39967	-43
2.40333	-40
2.40700	-37
2.41067	-34
2.41433	-31
2.41800	-29
2.42167	-27
2.42533	-25
2.42900	-23
2.43267	-21
2.43633	-19
2.44000	-17
2.44367	-15
2.44733	-13
2.45100	-11
2.45467	-9
2.45833	-7
2.46200	-6
2.46567	-5
2.46933	-4
2.47300	-3
2.47667	-2
2.48033	-1
2.48400	-0
2.48767	1
2.49133	2
2.49500	2
2.49867	3
2.50233	4
2.50600	5
2.50967	6
2.51333	6
2.51700	7
2.52067	8
2.52433	8
2.52800	9
2.53167	10
2.53533	10
2.53900	10
2.54267	10
2.54633	11
2.55000	11
2.55367	11
2.55733	11
2.56100	11
2.56467	12
2.56833	13
2.57200	13
2.57567	13
2.57933	13
2.58300	13
2.58667	12
2.59033	12
2.59400	12
2.59767	12
2.60133	12
2.60500	13
2.60867	13
2.61233	13
2.61600	14
2.61967	14
2.62333	14
2.62700	14
2.63067	14
2.63433	15
2.63800	15
2.64167	15
2.64533	16
2.64900	16
2.65267	17
2.65633	17
2.66000	18
2.66367	18
2.66733	19
2.67100	19
2.67467	19
2.67833	19
2.68200	20
2.68567	20
2.68933	21
2.69300	21
2.69667	21
2.70033	21
2.70400	21
2.70767	21
2.71133	20
2.71500	20
2.71867	20
2.72233	20
2.72600	21
2.72967	21
2.73333	22
2.73700	22
2.74067	23
2.74433	23
2.74800	24
2.75167	24
2.75533	24
2.75900	25
2.76267	26
2.76633	26
2.77000	26
2.77367	26
2.77733	26
2.78100	26
2.78467	25
2.78833	25
2.79200	25
2.79567	24
2.79933	24
2.80300	24
2.80667	24
2.81033	24
2.81400	24
2.81767	24
2.82133	25
2.82500	25
2.82867	25
2.83233	25
2.83600	25
2.83967	26
2.84333	26
2.84700	26
2.85067	25
2.85433	24
2.85800	21
2.86167	18
2.86533	11
2.86900	2
2.87267	-10
2.87633	-26
2.88000	-45
2.88367	-69
2.88733	-97
2.89100	-129
2.89467	-165
2.89833	-204
2.90200	-246
2.90567	-292
2.90933	-339
2.91300	-389
2.91667	-439
2.92033	-491
2.92400	-543
2.92767	-595
2.93133	-647
2.93500	-699
2.93867	-750
2.94233	-800
2.94600	-850
2.94967	-905
2.95333	-965
2.95700	-1024
2.96067	-1072
2.96433	-1099
2.96800	-1100
2.97167	-1076
2.97533	-1030
2.97900	-968
2.98267	-895
2.98633	-816
2.99000	-736
2.99367	-657
2.99733	-581
3.00100	-511
3.00467	-447
3.00833	-388
3.01200	-336
3.01567	-289
3.01933	-248
3.02300	-212
3.02667	-181
3.03033	-154
3.03400	-130
3.03767	-110
3.04133	-93
3.04500	-78
3.04867	-65
3.05233	-54
3.05600	-44
3.05967	-37
3.06333	-30
3.06700	-24
3.07067	-19
3.07433	-15
3.07800	-11
3.08167	-8
3.08533	-5
3.08900	-2
3.09267	-0
3.09633	1
3.10000	3
3.10367	4
3.10733	5
3.11100	6
3.11467	7
3.11833	8
3.12200	9
3.12567	9
3.12933	10
3.13300	11
3.13667	11
3.14033	12
3.14400	13
3.14767	13
3.15133	14
3.15500	14
3.15867	15
3.16233	15
3.16600	16
3.16967	16
3.17333	16
3.17700	16
3.18067	16
3.18433	16
3.18800	16
3.19167	16
3.19533	17
3.19900	17
3.20267	17
3.20633	17
3.21000	17
3.21367	18
3.21733	18
3.22100	18
3.22467	18
3.22833	18
3.23200	18
3.23567	19
3.23933	19
3.24300	19
3.24667	20
3.25033	20
3.25400	20
3.25767	20
3.26133	20
3.26500	20
3.26867	20
3.27233	20
3.27600	20
3.27967	21
3.28333	21
3.28700	21
3.29067	21
3.29433	21
3.29800	21
3.30167	21
3.30533	21
3.30900	22
3.31267	22
3.31633	22
3.32000	22
3.32367	22
3.32733	22
3.33100	22
3.33467	22
3.33833	22
3.34200	22
3.34567	23
3.34933	23
3.35300	23
3.35667	23
3.36033	23
3.36400	23
3.36767	23
3.37133	23
3.37500	23
3.37867	23
3.38233	24
3.38600	24
3.38967	24
3.39333	24
3.39700	24
3.40067	24
3.40433	24
3.40800	24
3.41167	24
3.41533	24
3.41900	24
3.42267	24
3.42633	24
3.43000	24
3.43367	24
3.43733	24
3.44100	25
3.44467	25
3.44833	25
3.45200	25
3.45567	25
3.45933	24
3.46300	24
3.46667	24
3.47033	24
3.47400	24
3.47767	24
3.48133	24
3.48500	24
3.48867	24
3.49233	24
3.49600	24
3.49967	24
3.50333	24
3.50700	24
3.51067	24
3.51433	25
3.51800	25
3.52167	25
3.52533	24
3.52900	24
3.53267	24
3.53633	24
3.54000	24
3.54367	25
3.54733	25
3.55100	25
3.55467	25
3.55833	25
3.56200	25
3.56567	25
3.56933	25
3.57300	25
3.57667	25
3.58033	25
3.58400	25
3.58767	25
3.59133	24
3.59500	25
3.59867	25
3.60233	25
3.60600	25
3.60967	25
3.61333	25
3.61700	25
3.62067	25
3.62433	25
3.62800	25
3.63167	25
3.63533	25
3.63900	25
3.64267	25
3.64633	25
3.65000	25
3.65367	25
3.65733	25
3.66100	25
3.66467	25
3.66833	25
3.67200	24
3.67567	24
3.67933	24
3.68300	24
3.68667	24
3.69033	24
3.69400	24
3.69767	24
3.70133	24
3.70500	24
3.70867	24
3.71233	24
3.71600	24
3.71967	24
3.72333	24
3.72700	24
3.73067	24
3.73433	24
3.73800	24
3.74167	24
3.74533	24
3.74900	24
3.75267	23
3.75633	23
3.76000	23
3.76367	23
3.76733	24
3.77100	24
3.77467	24
3.77833	24
3.78200	24
3.78567	24
3.78933	24
3.79300	24
3.79667	24
3.80033	24
3.80400	24
3.80767	25
3.81133	25
3.81500	25
3.81867	24
3.82233	24
3.82600	24
3.82967	24
3.83333	24
3.83700	24
3.84067	24
3.84433	24
3.84800	24
3.85167	24
3.85533	24
3.85900	24
3.86267	24
3.86633	24
3.87000	24
3.87367	24
3.87733	24
3.88100	25
3.88467	24
3.88833	24
3.89200	24
3.89567	24
3.89933	25
3.90300	25
3.90667	25
3.91033	24
3.91400	25
3.91767	25
3.92133	25
3.92500	25
3.92867	25
3.93233	25
3.93600	25
3.93967	24
3.94333	24
3.94700	24
3.95067	24
3.95433	24
3.95800	24
3.96167	24
3.96533	24
3.96900	24
3.97267	24
3.97633	24
3.98000	24
3.98367	25
3.98733	25
3.99100	25
3.99467	25
3.99833	25

[Chromatogram (Ch3)]
Interval(msec)	220
# of Points	1091
Start Time(min)	0.002
End Time(min)	3.998
R.Time (min)	Intensity
0.00167	0
0.00533	-0
0.00900	-0
0.01267	-2
0.01633	-3
0.02000	-3
0.02367	-5
0.02733	-6
0.03100	-6
0.03467	-5
0.03833	-4
0.04200	-2
0.04567	-0
0.04933	-1
0.05300	-1
0.05667	-0
0.06033	1
0.06400	2
0.06767	3
0.07133	4
0.07500	3
0.07867	1
0.08233	1
0.08600	4
0.08967	5
0.09333	3
0.09700	0
0.10067	1
0.10433	3
0.10800	3
0.11167	5
0.11533	6
0.11900	2
0.12267	2
0.12633	4
0.13000	6
0.13367	7
0.13733	8
0.14100	6
0.14467	4
0.14833	3
0.15200	3
0.15567	3
0.15933	3
0.16300	4
0.16667	6
0.17033	6
0.17400	8
0.17767	8
0.18133	8
0.18500	7
0.18867	7
0.19233	8
0.19600	9
0.19967	9
0.20333	12
0.20700	13
0.21067	14
0.21433	15
0.21800	15
0.22167	16
0.22533	16
0.22900	14
0.23267	13
0.23633	12
0.24000	12
0.24367	12
0.24733	12
0.25100	11
0.25467	8
0.25833	7
0.26200	8
0.26567	9
0.26933	9
0.27300	9
0.27667	10
0.28033	10
0.28400	9
0.28767	7
0.29133	8
0.29500	9
0.29867	8
0.30233	8
0.30600	8
0.30967	10
0.31333	13
0.31700	14
0.32067	15
0.32433	15
0.32800	13
0.33167	14
0.33533	16
0.33900	16
0.34267	13
0.34633	11
0.35000	9
0.35367	9
0.35733	12
0.36100	14
0.36467	14
0.36833	15
0.37200	15
0.37567	15
0.37933	16
0.38300	16
0.38667	13
0.39033	12
0.39400	11
0.39767	9
0.40133	9
0.40500	9
0.40867	9
0.41233	10
0.41600	12
0.41967	15
0.42333	17
0.42700	17
0.43067	16
0.43433	17
0.43800	19
0.44167	21
0.44533	21
0.44900	20
0.45267	18
0.45633	16
0.46000	14
0.46367	13
0.46733	11
0.47100	10
0.47467	10
0.47833	11
0.48200	13
0.48567	14
0.48933	13
0.49300	12
0.49667	12
0.50033	14
0.50400	15
0.50767	17
0.51133	18
0.51500	18
0.51867	19
0.52233	20
0.52600	21
0.52967	22
0.53333	21
0.53700	20
0.54067	19
0.54433	20
0.54800	21
0.55167	21
0.55533	19
0.55900	18
0.56267	18
0.56633	16
0.57000	14
0.57367	16
0.57733	17
0.58100	17
0.58467	18
0.58833	16
0.59200	16
0.59567	15
0.59933	15
0.60300	15
0.60667	17
0.61033	18
0.61400	17
0.61767	17
0.62133	18
0.62500	18
0.62867	16
0.63233	16
0.63600	17
0.63967	16
0.64333	16
0.64700	17
0.65067	15
0.65433	15
0.65800	15
0.66167	15
0.66533	15
0.66900	18
0.67267	18
0.67633	16
0.68000	16
0.68367	16
0.68733	16
0.69100	15
0.69467	16
0.69833	16
0.70200	14
0.70567	12
0.70933	13
0.71300	12
0.71667	11
0.72033	14
0.72400	14
0.72767	13
0.73133	14
0.73500	15
0.73867	14
0.74233	14
0.74600	13
0.74967	15
0.75333	17
0.75700	19
0.76067	21
0.76433	23
0.76800	23
0.77167	21
0.77533	18
0.77900	17
0.78267	16
0.78633	17
0.79000	18
0.79367	18
0.79733	17
0.80100	14
0.80467	11
0.80833	11
0.81200	13
0.81567	14
0.81933	15
0.82300	17
0.82667	19
0.83033	19
0.83400	17
0.83767	15
0.84133	15
0.84500	15
0.84867	18
0.85233	20
0.85600	21
0.85967	22
0.86333	20
0.86700	19
0.87067	19
0.87433	17
0.87800	16
0.88167	15
0.88533	13
0.88900	13
0.89267	15
0.89633	17
0.90000	16
0.90367	15
0.90733	14
0.91100	15
0.91467	15
0.91833	16
0.92200	17
0.92567	17
0.92933	18
0.93300	18
0.93667	19
0.94033	19
0.94400	16
0.94767	11
0.95133	8
0.95500	8
0.95867	10
0.96233	12
0.96600	12
0.96967	12
0.97333	13
0.97700	14
0.98067	14
0.98433	15
0.98800	16
0.99167	19
0.99533	22
0.99900	22
1.00267	20
1.00633	17
1.01000	15
1.01367	17
1.01733	19
1.02100	20
1.02467	18
1.02833	18
1.03200	18
1.03567	17
1.03933	16
1.04300	17
1.04667	16
1.05033	14
1.05400	15
1.05767	18
1.06133	20
1.06500	20
1.06867	20
1.07233	22
1.07600	21
1.07967	19
1.08333	20
1.08700	20
1.09067	20
1.09433	22
1.09800	23
1.10167	22
1.10533	23
1.10900	23
1.11267	21
1.11633	16
1.12000	12
1.12367	11
1.12733	10
1.13100	11
1.13467	12
1.13833	11
1.14200	12
1.14567	14
1.14933	15
1.15300	15
1.15667	13
1.16033	10
1.16400	11
1.16767	14
1.17133	17
1.17500	16
1.17867	14
1.18233	11
1.18600	9
1.18967	9
1.19333	8
1.19700	8
1.20067	11
1.20433	13
1.20800	14
1.21167	13
1.21533	12
1.21900	12
1.22267	12
1.22633	12
1.23000	12
1.23367	12
1.23733	10
1.24100	7
1.24467	6
1.24833	8
1.25200	11
1.25567	11
1.25933	12
1.26300	11
1.26667	7
1.27033	4
1.27400	2
1.27767	2
1.28133	4
1.28500	3
1.28867	4
1.29233	4
1.29600	5
1.29967	5
1.30333	6
1.30700	7
1.31067	8
1.31433	8
1.31800	8
1.32167	7
1.32533	6
1.32900	5
1.33267	4
1.33633	4
1.34000	5
1.34367	4
1.34733	5
1.35100	6
1.35467	8
1.35833	9
1.36200	10
1.36567	10
1.36933	11
1.37300	12
1.37667	12
1.38033	10
1.38400	7
1.38767	7
1.39133	7
1.39500	7
1.39867	6
1.40233	5
1.40600	3
1.40967	2
1.41333	2
1.41700	2
1.42067	1
1.42433	3
1.42800	5
1.43167	6
1.43533	6
1.43900	4
1.44267	4
1.44633	4
1.45000	4
1.45367	6
1.45733	7
1.46100	7
1.46467	5
1.46833	5
1.47200	6
1.47567	7
1.47933	8
1.48300	10
1.48667	11
1.49033	9
1.49400	8
1.49767	8
1.50133	9
1.50500	8
1.50867	8
1.51233	9
1.51600	12
1.51967	11
1.52333	12
1.52700	12
1.53067	10
1.53433	8
1.53800	8
1.54167	9
1.54533	11
1.54900	13
1.55267	12
1.55633	10
1.56000	8
1.56367	7
1.56733	7
1.57100	5
1.57467	3
1.57833	3
1.58200	2
1.58567	1
1.58933	3
1.59300	4
1.59667	5
1.60033	6
1.60400	6
1.60767	5
1.61133	2
1.61500	-0
1.61867	-1
1.62233	0
1.62600	1
1.62967	5
1.63333	6
1.63700	7
1.64067	8
1.64433	10
1.64800	10
1.65167	10
1.65533	10
1.65900	12
1.66267	14
1.66633	17
1.67000	16
1.67367	12
1.67733	12
1.68100	12
1.68467	12
1.68833	13
1.69200	14
1.69567	16
1.69933	17
1.70300	20
1.70667	20
1.71033	18
1.71400	17
1.71767	19
1.72133	20
1.72500	20
1.72867	20
1.73233	22
1.73600	23
1.73967	21
1.74333	19
1.74700	19
1.75067	18
1.75433	17
1.75800	18
1.76167	21
1.76533	22
1.76900	20
1.77267	20
1.77633	21
1.78000	23
1.78367	22
1.78733	21
1.79100	20
1.79467	22
1.79833	21
1.80200	22
1.80567	25
1.80933	28
1.81300	29
1.81667	29
1.82033	32
1.82400	33
1.82767	32
1.83133	30
1.83500	33
1.83867	37
1.84233	38
1.84600	37
1.84967	37
1.85333	37
1.85700	35
1.86067	33
1.86433	32
1.86800	32
1.87167	32
1.87533	34
1.87900	37
1.88267	36
1.88633	38
1.89000	39
1.89367	39
1.89733	37
1.90100	36
1.90467	35
1.90833	34
1.91200	34
1.91567	35
1.91933	36
1.92300	37
1.92667	37
1.93033	40
1.93400	43
1.93767	43
1.94133	43
1.94500	42
1.94867	41
1.95233	39
1.95600	39
1.95967	40
1.96333	41
1.96700	43
1.97067	48
1.97433	50
1.97800	51
1.98167	51
1.98533	53
1.98900	53
1.99267	51
1.99633	48
2.00000	47
2.00367	46
2.00733	49
2.01100	52
2.01467	53
2.01833	55
2.02200	57
2.02567	60
2.02933	60
2.03300	59
2.03667	61
2.04033	61
2.04400	60
2.04767	58
2.05133	56
2.05500	57
2.05867	59
2.06233	61
2.06600	64
2.06967	67
2.07333	67
2.07700	67
2.08067	67
2.08433	67
2.08800	67
2.09167	67
2.09533	69
2.09900	70
2.10267	72
2.10633	72
2.11000	74
2.11367	75
2.11733	75
2.12100	78
2.12467	80
2.12833	83
2.13200	83
2.13567	81
2.13933	81
2.14300	80
2.14667	80
2.15033	84
2.15400	86
2.15767	87
2.16133	87
2.16500	88
2.16867	91
2.17233	92
2.17600	92
2.17967	90
2.18333	89
2.18700	90
2.19067	91
2.19433	92
2.19800	94
2.20167	97
2.20533	101
2.20900	102
2.21267	101
2.21633	102
2.22000	102
2.22367	102
2.22733	104
2.23100	105
2.23467	107
2.23833	106
2.24200	106
2.24567	109
2.24933	113
2.25300	113
2.25667	114
2.26033	115
2.26400	117
2.26767	116
2.27133	112
2.27500	110
2.27867	110
2.28233	111
2.28600	113
2.28967	115
2.29333	118
2.29700	122
2.30067	122
2.30433	122
2.30800	122
2.31167	123
2.31533	124
2.31900	126
2.32267	128
2.32633	128
2.33000	128
2.33367	127
2.33733	128
2.34100	129
2.34467	131
2.34833	133
2.35200	134
2.35567	133
2.35933	132
2.36300	134
2.36667	135
2.37033	137
2.37400	138
2.37767	138
2.38133	138
2.38500	136
2.38867	132
2.39233	132
2.39600	136
2.39967	142
2.40333	147
2.40700	152
2.41067	155
2.41433	158
2.41800	158
2.42167	160
2.42533	163
2.42900	165
2.43267	163
2.43633	160
2.44000	161
2.44367	202
2.44733	309
2.45100	431
2.45467	528
2.45833	569
2.46200	566
2.46567	552
2.46933	542
2.47300	530
2.47667	509
2.48033	476
2.48400	435
2.48767	396
2.49133	364
2.49500	340
2.49867	333
2.50233	334
2.50600	340
2.50967	350
2.51333	362
2.51700	368
2.52067	362
2.52433	348
2.52800	327
2.53167	305
2.53533	282
2.53900	262
2.54267	247
2.54633	234
2.55000	224
2.55367	217
2.55733	213
2.56100	209
2.56467	206
2.56833	203
2.57200	200
2.57567	203
2.57933	210
2.58300	219
2.58667	230
2.59033	241
2.59400	250
2.59767	258
2.60133	265
2.60500	269
2.60867	266
2.61233	252
2.61600	230
2.61967	201
2.62333	167
2.62700	130
2.63067	89
2.63433	48
2.63800	12
2.64167	-18
2.64533	-43
2.64900	-63
2.65267	-76
2.65633	-85
2.66000	-92
2.66367	-95
2.66733	-95
2.67100	-92
2.67467	-87
2.67833	-82
2.68200	-74
2.68567	-65
2.68933	-55
2.69300	-46
2.69667	-37
2.70033	-29
2.70400	-21
2.70767	-13
2.71133	-6
2.71500	2
2.71867	9
2.72233	17
2.72600	26
2.72967	34
2.73333	40
2.73700	46
2.74067	53
2.74433	61
2.74800	67
2.75167	72
2.75533	77
2.75900	82
2.76267	90
2.76633	96
2.77000	103
2.77367	110
2.77733	116
2.78100	122
2.78467	128
2.78833	136
2.79200	145
2.79567	154
2.79933	161
2.80300	168
2.80667	175
2.81033	182
2.81400	189
2.81767	197
2.82133	206
2.82500	216
2.82867	233
2.83233	269
2.83600	341
2.83967	475
2.84333	698
2.84700	1027
2.85067	1464
2.85433	2007
2.85800	2632
2.86167	3294
2.86533	3940
2.86900	4518
2.87267	4988
2.87633	5308
2.88000	5462
2.88367	5442
2.88733	5276
2.89100	5010
2.89467	4679
2.89833	4316
2.90200	3938
2.90567	3558
2.90933	3188
2.91300	2839
2.91667	2518
2.92033	2233
2.92400	1987
2.92767	1779
2.93133	1605
2.93500	1458
2.93867	1334
2.94233	1231
2.94600	1142
2.94967	1066
2.95333	1000
2.95700	942
2.96067	890
2.96433	843
2.96800	801
2.97167	764
2.97533	732
2.97900	702
2.98267	676
2.98633	656
2.99000	641
2.99367	631
2.99733	624
3.00100	617
3.00467	611
3.00833	606
3.01200	601
3.01567	599
3.01933	599
3.02300	598
3.02667	598
3.03033	602
3.03400	604
3.03767	605
3.04133	606
3.04500	605
3.04867	608
3.05233	611
3.05600	611
3.05967	610
3.06333	611
3.06700	613
3.07067	617
3.07433	620
3.07800	622
3.08167	626
3.08533	631
3.08900	634
3.09267	639
3.09633	641
3.10000	642
3.10367	644
3.10733	646
3.11100	650
3.11467	654
3.11833	656
3.12200	659
3.12567	663
3.12933	666
3.13300	670
3.13667	673
3.14033	678
3.14400	683
3.14767	686
3.15133	688
3.15500	692
3.15867	695
3.16233	697
3.16600	701
3.16967	707
3.17333	711
3.17700	714
3.18067	719
3.18433	721
3.18800	722
3.19167	723
3.19533	724
3.19900	726
3.20267	728
3.20633	729
3.21000	730
3.21367	732
3.21733	734
3.22100	733
3.22467	732
3.22833	732
3.23200	732
3.23567	731
3.23933	729
3.24300	729
3.24667	727
3.25033	722
3.25400	716
3.25767	712
3.26133	709
3.26500	707
3.26867	703
3.27233	700
3.27600	696
3.27967	693
3.28333	688
3.28700	685
3.29067	683
3.29433	681
3.29800	677
3.30167	673
3.30533	670
3.30900	667
3.31267	663
3.31633	659
3.32000	656
3.32367	651
3.32733	646
3.33100	641
3.33467	638
3.33833	634
3.34200	631
3.34567	630
3.34933	626
3.35300	623
3.35667	619
3.36033	616
3.36400	612
3.36767	610
3.37133	608
3.37500	605
3.37867	603
3.38233	600
3.38600	594
3.38967	589
3.39333	586
3.39700	581
3.40067	578
3.40433	577
3.40800	574
3.41167	573
3.41533	570
3.41900	567
3.42267	561
3.42633	556
3.43000	553
3.43367	551
3.43733	550
3.44100	547
3.44467	546
3.44833	545
3.45200	543
3.45567	543
3.45933	543
3.46300	541
3.46667	538
3.47033	536
3.47400	529
3.47767	523
3.48133	520
3.48500	519
3.48867	518
3.49233	515
3.49600	511
3.49967	507
3.50333	503
3.50700	502
3.51067	498
3.51433	494
3.51800	492
3.52167	491
3.52533	490
3.52900	489
3.53267	488
3.53633	488
3.54000	487
3.54367	483
3.54733	482
3.55100	481
3.55467	478
3.55833	475
3.56200	471
3.56567	468
3.56933	464
3.57300	461
3.57667	459
3.58033	459
3.58400	458
3.58767	457
3.59133	455
3.59500	453
3.59867	451
3.60233	453
3.60600	454
3.60967	452
3.61333	449
3.61700	449
3.62067	449
3.62433	449
3.62800	447
3.63167	445
3.63533	442
3.63900	440
3.64267	438
3.64633	436
3.65000	434
3.65367	432
3.65733	429
3.66100	428
3.66467	427
3.66833	425
3.67200	423
3.67567	422
3.67933	421
3.68300	421
3.68667	419
3.69033	418
3.69400	415
3.69767	413
3.70133	414
3.70500	413
3.70867	412
3.71233	413
3.71600	414
3.71967	413
3.72333	413
3.72700	411
3.73067	406
3.73433	404
3.73800	403
3.74167	403
3.74533	403
3.74900	400
3.75267	399
3.75633	400
3.76000	399
3.76367	398
3.76733	400
3.77100	402
3.77467	402
3.77833	402
3.78200	399
3.78567	396
3.78933	396
3.79300	397
3.79667	395
3.80033	394
3.80400	396
3.80767	395
3.81133	394
3.81500	391
3.81867	388
3.82233	388
3.82600	388
3.82967	389
3.83333	389
3.83700	389
3.84067	388
3.84433	388
3.84800	388
3.85167	386
3.85533	385
3.85900	384
3.86267	384
3.86633	383
3.87000	383
3.87367	381
3.87733	381
3.88100	385
3.88467	386
3.88833	384
3.89200	383
3.89567	380
3.89933	380
3.90300	381
3.90667	382
3.91033	382
3.91400	380
3.91767	378
3.92133	378
3.92500	378
3.92867	378
3.93233	377
3.93600	376
3.93967	375
3.94333	372
3.94700	370
3.95067	369
3.95433	369
3.95800	368
3.96167	367
3.96533	365
3.96900	364
3.97267	364
3.97633	365
3.98000	367
3.98367	368
3.98733	368
3.99100	366
3.99467	363
3.99833	360

[Status Trace (Column Oven Temperature)]
Interval(msec)	1000
# of Points	240
Start Time(min)	0.012
End Time(min)	3.995
Intensity Units	
Intensity Multiplier	1
R.Time (min)	Intensity
0.01180	35.01
0.02847	35.02
0.04513	35.02
0.06180	35.02
0.07847	35.02
0.09513	35.02
0.11180	35.02
0.12847	35.01
0.14513	35.01
0.16180	35.00
0.17847	35.01
0.19513	35.01
0.21180	35.00
0.22847	35.00
0.24513	35.00
0.26180	35.00
0.27847	34.99
0.29513	35.00
0.31180	34.98
0.32847	34.98
0.34513	34.99
0.36180	34.99
0.37847	34.99
0.39513	34.98
0.41180	34.98
0.42847	34.98
0.44513	34.98
0.46180	34.98
0.47847	34.99
0.49513	34.99
0.51180	34.99
0.52847	34.99
0.54513	35.00
0.56180	35.00
0.57847	35.00
0.59513	35.01
0.61180	35.01
0.62847	35.00
0.64513	34.99
0.66180	34.99
0.67847	35.00
0.69513	34.99
0.71180	34.99
0.72847	34.98
0.74513	34.98
0.76180	34.98
0.77847	34.98
0.79513	35.00
0.81180	35.00
0.82847	35.00
0.84513	35.00
0.86180	35.00
0.87847	35.00
0.89513	35.00
0.91180	35.00
0.92847	34.99
0.94513	34.99
0.96180	34.99
0.97847	35.00
0.99513	35.00
1.01180	35.00
1.02847	35.00
1.04513	35.00
1.06180	35.00
1.07847	35.00
1.09513	34.99
1.11180	35.00
1.12847	34.99
1.14513	34.99
1.16180	34.99
1.17847	35.00
1.19513	35.00
1.21180	35.00
1.22847	35.01
1.24513	35.01
1.26180	35.01
1.27847	35.01
1.29513	35.00
1.31180	35.00
1.32847	35.00
1.34513	34.99
1.36180	34.99
1.37847	34.99
1.39513	34.99
1.41180	35.01
1.42847	35.02
1.44513	35.02
1.46180	35.03
1.47847	35.02
1.49513	35.02
1.51180	35.01
1.52847	35.00
1.54513	35.01
1.56180	35.01
1.57847	35.01
1.59513	35.03
1.61180	35.09
1.62847	35.23
1.64513	35.42
1.66180	35.69
1.67847	36.04
1.69513	36.41
1.71180	36.76
1.72847	37.08
1.74513	37.40
1.76180	37.76
1.77847	38.08
1.79513	38.39
1.81180	38.73
1.82847	39.08
1.84513	39.40
1.86180	39.73
1.87847	40.05
1.89513	40.38
1.91180	40.69
1.92847	41.02
1.94513	41.34
1.96180	41.68
1.97847	42.00
1.99513	42.33
2.01180	42.66
2.02847	42.99
2.04513	43.31
2.06180	43.63
2.07847	43.96
2.09513	44.28
2.11180	44.61
2.12847	44.92
2.14513	45.25
2.16180	45.58
2.17847	45.91
2.19513	46.22
2.21180	46.56
2.22847	46.92
2.24513	47.26
2.26180	47.58
2.27847	47.91
2.29513	48.23
2.31180	48.57
2.32847	48.92
2.34513	49.22
2.36180	49.46
2.37847	49.58
2.39513	49.60
2.41180	49.60
2.42847	49.62
2.44513	49.63
2.46180	49.64
2.47847	49.66
2.49513	49.68
2.51180	49.70
2.52847	49.72
2.54513	49.74
2.56180	49.75
2.57847	49.78
2.59513	49.80
2.61180	49.80
2.62847	49.83
2.64513	49.83
2.66180	49.84
2.67847	49.84
2.69513	49.84
2.71180	49.87
2.72847	49.86
2.74513	49.85
2.76180	49.85
2.77847	49.86
2.79513	49.87
2.81180	49.86
2.82847	49.86
2.84513	49.86
2.86180	49.86
2.87847	49.87
2.89513	49.89
2.91180	49.91
2.92847	49.92
2.94513	49.93
2.96180	49.94
2.97847	49.95
2.99513	49.95
3.01180	49.96
3.02847	49.97
3.04513	49.98
3.06180	50.00
3.07847	50.01
3.09513	50.02
3.11180	50.03
3.12847	50.04
3.14513	50.04
3.16180	50.04
3.17847	50.05
3.19513	50.06
3.21180	50.07
3.22847	50.07
3.24513	50.08
3.26180	50.09
3.27847	50.10
3.29513	50.10
3.31180	50.10
3.32847	50.10
3.34513	50.10
3.36180	50.09
3.37847	50.08
3.39513	50.08
3.41180	50.08
3.42847	50.07
3.44513	50.07
3.46180	50.08
3.47847	50.08
3.49513	50.08
3.51180	50.08
3.52847	50.08
3.54513	50.08
3.56180	50.07
3.57847	50.08
3.59513	50.07
3.61180	50.08
3.62847	50.07
3.64513	50.07
3.66180	50.07
3.67847	50.07
3.69513	50.07
3.71180	50.08
3.72847	50.08
3.74513	50.08
3.76180	50.09
3.77847	50.09
3.79513	50.09
3.81180	50.09
3.82847	50.10
3.84513	50.09
3.86180	50.08
3.87847	50.08
3.89513	50.08
3.91180	50.09
3.92847	50.09
3.94513	50.09
3.96180	50.10
3.97847	50.09
3.99513	50.08

[Status Trace (Injection Unit Temperature)]
Interval(msec)	1000
# of Points	240
Start Time(min)	0.012
End Time(min)	3.995
Intensity Units	
Intensity Multiplier	1
R.Time (min)	Intensity
0.01180	99.98
0.02847	99.99
0.04513	99.99
0.06180	99.98
0.07847	99.99
0.09513	99.99
0.11180	99.99
0.12847	99.99
0.14513	99.99
0.16180	99.99
0.17847	99.99
0.19513	99.98
0.21180	99.99
0.22847	99.99
0.24513	99.99
0.26180	99.99
0.27847	99.98
0.29513	99.98
0.31180	99.99
0.32847	99.99
0.34513	99.98
0.36180	99.99
0.37847	99.99
0.39513	99.99
0.41180	99.99
0.42847	99.99
0.44513	99.98
0.46180	99.99
0.47847	99.98
0.49513	99.98
0.51180	99.98
0.52847	99.99
0.54513	99.98
0.56180	99.98
0.57847	99.98
0.59513	99.98
0.61180	99.98
0.62847	99.98
0.64513	99.98
0.66180	99.98
0.67847	99.98
0.69513	99.98
0.71180	99.98
0.72847	99.98
0.74513	99.98
0.76180	99.98
0.77847	99.98
0.79513	99.98
0.81180	99.98
0.82847	99.98
0.84513	99.98
0.86180	99.98
0.87847	99.98
0.89513	99.98
0.91180	99.98
0.92847	99.98
0.94513	99.98
0.96180	99.98
0.97847	99.99
0.99513	99.98
1.01180	99.99
1.02847	99.98
1.04513	99.99
1.06180	99.99
1.07847	99.98
1.09513	99.98
1.11180	99.99
1.12847	99.99
1.14513	99.99
1.16180	99.99
1.17847	99.99
1.19513	99.99
1.21180	99.99
1.22847	99.98
1.24513	99.99
1.26180	99.99
1.27847	99.99
1.29513	99.99
1.31180	99.99
1.32847	99.98
1.34513	99.99
1.36180	99.99
1.37847	99.99
1.39513	99.99
1.41180	99.99
1.42847	99.99
1.44513	99.99
1.46180	99.99
1.47847	99.99
1.49513	99.99
1.51180	99.99
1.52847	99.99
1.54513	99.99
1.56180	99.99
1.57847	99.99
1.59513	99.99
1.61180	99.99
1.62847	99.99
1.64513	99.99
1.66180	99.99
1.67847	99.99
1.69513	99.98
1.71180	99.99
1.72847	99.99
1.74513	99.99
1.76180	99.99
1.77847	99.99
1.79513	99.99
1.81180	99.99
1.82847	99.99
1.84513	99.99
1.86180	99.98
1.87847	99.98
1.89513	99.98
1.91180	99.98
1.92847	99.98
1.94513	99.98
1.96180	99.98
1.97847	99.98
1.99513	99.98
2.01180	99.97
2.02847	99.98
2.04513	99.98
2.06180	99.98
2.07847	99.97
2.09513	99.97
2.11180	99.98
2.12847	99.97
2.14513	99.97
2.16180	99.97
2.17847	99.97
2.19513	99.97
2.21180	99.97
2.22847	99.97
2.24513	99.97
2.26180	99.97
2.27847	99.97
2.29513	99.97
2.31180	99.97
2.32847	99.97
2.34513	99.97
2.36180	99.97
2.37847	99.97
2.39513	99.97
2.41180	99.97
2.42847	99.97
2.44513	99.97
2.46180	99.97
2.47847	99.96
2.49513	99.97
2.51180	99.97
2.52847	99.97
2.54513	99.97
2.56180	99.97
2.57847	99.97
2.59513	99.97
2.61180	99.97
2.62847	99.98
2.64513	99.98
2.66180	99.98
2.67847	99.98
2.69513	99.98
2.71180	99.98
2.72847	99.98
2.74513	99.98
2.76180	99.99
2.77847	99.99
2.79513	99.99
2.81180	99.99
2.82847	100.00
2.84513	99.99
2.86180	100.00
2.87847	99.99
2.89513	100.00
2.91180	100.00
2.92847	100.00
2.94513	100.00
2.96180	100.01
2.97847	100.01
2.99513	100.01
3.01180	100.01
3.02847	100.01
3.04513	100.01
3.06180	100.01
3.07847	100.02
3.09513	100.02
3.11180	100.02
3.12847	100.02
3.14513	100.02
3.16180	100.02
3.17847	100.02
3.19513	100.03
3.21180	100.03
3.22847	100.03
3.24513	100.03
3.26180	100.03
3.27847	100.03
3.29513	100.03
3.31180	100.03
3.32847	100.03
3.34513	100.03
3.36180	100.03
3.37847	100.04
3.39513	100.04
3.41180	100.04
3.42847	100.04
3.44513	100.04
3.46180	100.04
3.47847	100.04
3.49513	100.04
3.51180	100.04
3.52847	100.04
3.54513	100.04
3.56180	100.05
3.57847	100.05
3.59513	100.05
3.61180	100.05
3.62847	100.05
3.64513	100.05
3.66180	100.05
3.67847	100.05
3.69513	100.05
3.71180	100.05
3.72847	100.05
3.74513	100.05
3.76180	100.05
3.77847	100.05
3.79513	100.05
3.81180	100.05
3.82847	100.05
3.84513	100.05
3.86180	100.05
3.87847	100.05
3.89513	100.05
3.91180	100.05
3.92847	100.05
3.94513	100.05
3.96180	100.05
3.97847	100.06
3.99513	100.06

[Status Trace (Carrier Gas Pressure)]
Interval(msec)	1000
# of Points	240
Start Time(min)	0.012
End Time(min)	3.995
Intensity Units	
Intensity Multiplier	1
R.Time (min)	Intensity
0.01180	57.99
0.02847	55.01
0.04513	57.61
0.06180	59.68
0.07847	59.02
0.09513	58.00
0.11180	57.99
0.12847	58.01
0.14513	58.01
0.16180	58.00
0.17847	58.00
0.19513	58.00
0.21180	58.00
0.22847	58.00
0.24513	58.00
0.26180	58.00
0.27847	58.00
0.29513	58.00
0.31180	58.00
0.32847	58.00
0.34513	58.00
0.36180	58.00
0.37847	58.00
0.39513	58.00
0.41180	58.00
0.42847	58.00
0.44513	58.00
0.46180	58.00
0.47847	58.00
0.49513	58.00
0.51180	58.00
0.52847	58.00
0.54513	58.00
0.56180	58.00
0.57847	58.00
0.59513	58.00
0.61180	58.00
0.62847	58.00
0.64513	58.00
0.66180	58.00
0.67847	58.00
0.69513	58.00
0.71180	58.00
0.72847	58.00
0.74513	58.00
0.76180	58.00
0.77847	58.00
0.79513	58.00
0.81180	58.00
0.82847	58.00
0.84513	58.00
0.86180	58.00
0.87847	58.00
0.89513	58.00
0.91180	58.00
0.92847	58.00
0.94513	58.00
0.96180	58.00
0.97847	58.00
0.99513	58.00
1.01180	58.00
1.02847	58.00
1.04513	58.00
1.06180	58.00
1.07847	58.00
1.09513	58.00
1.11180	58.00
1.12847	58.00
1.14513	58.00
1.16180	58.00
1.17847	58.00
1.19513	58.00
1.21180	58.00
1.22847	58.00
1.24513	58.00
1.26180	58.00
1.27847	58.00
1.29513	58.00
1.31180	58.00
1.32847	58.00
1.34513	58.00
1.36180	58.00
1.37847	58.00
1.39513	58.00
1.41180	58.00
1.42847	58.00
1.44513	58.00
1.46180	58.00
1.47847	58.00
1.49513	58.00
1.51180	58.00
1.52847	58.00
1.54513	58.00
1.56180	58.00
1.57847	58.00
1.59513	58.00
1.61180	58.00
1.62847	58.00
1.64513	58.00
1.66180	58.01
1.67847	58.01
1.69513	58.00
1.71180	58.00
1.72847	58.00
1.74513	58.00
1.76180	58.00
1.77847	58.00
1.79513	58.00
1.81180	58.00
1.82847	58.00
1.84513	58.00
1.86180	58.00
1.87847	58.00
1.89513	58.00
1.91180	58.00
1.92847	58.00
1.94513	58.00
1.96180	58.00
1.97847	58.00
1.99513	58.00
2.01180	58.00
2.02847	58.00
2.04513	58.00
2.06180	58.00
2.07847	58.00
2.09513	58.00
2.11180	58.00
2.12847	58.00
2.14513	58.00
2.16180	58.00
2.17847	58.00
2.19513	58.00
2.21180	58.00
2.22847	58.00
2.24513	58.00
2.26180	58.00
2.27847	58.00
2.29513	58.00
2.31180	58.00
2.32847	58.00
2.34513	58.00
2.36180	58.00
2.37847	57.99
2.39513	57.99
2.41180	58.00
2.42847	58.00
2.44513	58.00
2.46180	58.00
2.47847	58.00
2.49513	58.00
2.51180	57.99
2.52847	57.98
2.54513	58.00
2.56180	58.00
2.57847	58.00
2.59513	58.00
2.61180	58.00
2.62847	58.00
2.64513	58.00
2.66180	58.00
2.67847	58.00
2.69513	58.00
2.71180	58.00
2.72847	58.00
2.74513	58.00
2.76180	58.00
2.77847	58.00
2.79513	58.00
2.81180	58.00
2.82847	58.00
2.84513	58.00
2.86180	58.00
2.87847	58.00
2.89513	58.00
2.91180	58.00
2.92847	58.00
2.94513	58.00
2.96180	58.00
2.97847	58.00
2.99513	58.00
3.01180	58.00
3.02847	58.00
3.04513	58.00
3.06180	58.00
3.07847	58.00
3.09513	58.00
3.11180	58.00
3.12847	58.00
3.14513	58.00
3.16180	58.00
3.17847	58.00
3.19513	58.00
3.21180	58.00
3.22847	58.00
3.24513	58.00
3.26180	58.00
3.27847	58.00
3.29513	58.00
3.31180	58.00
3.32847	58.00
3.34513	58.00
3.36180	58.00
3.37847	58.00
3.39513	58.00
3.41180	58.00
3.42847	58.00
3.44513	58.00
3.46180	58.00
3.47847	58.00
3.49513	58.00
3.51180	58.00
3.52847	58.00
3.54513	58.00
3.56180	58.00
3.57847	58.00
3.59513	58.00
3.61180	58.00
3.62847	58.00
3.64513	58.00
3.66180	58.00
3.67847	58.00
3.69513	58.00
3.71180	58.00
3.72847	58.00
3.74513	58.00
3.76180	58.00
3.77847	58.00
3.79513	58.00
3.81180	58.00
3.82847	58.00
3.84513	58.00
3.86180	58.00
3.87847	58.00
3.89513	58.00
3.91180	58.00
3.92847	58.00
3.94513	58.00
3.96180	58.00
3.97847	58.00
3.99513	58.00

[Status Trace (Carrier Gas Flow)]
Interval(msec)	1000
# of Points	240
Start Time(min)	0.012
End Time(min)	3.995
Intensity Units	
Intensity Multiplier	1
R.Time (min)	Intensity
0.01180	34.53
0.02847	34.53
0.04513	34.54
0.06180	34.54
0.07847	34.50
0.09513	34.52
0.11180	34.52
0.12847	34.52
0.14513	34.52
0.16180	34.52
0.17847	34.52
0.19513	34.52
0.21180	34.52
0.22847	34.52
0.24513	34.52
0.26180	34.52
0.27847	34.52
0.29513	34.52
0.31180	34.52
0.32847	34.52
0.34513	34.52
0.36180	34.52
0.37847	34.52
0.39513	34.52
0.41180	34.52
0.42847	34.52
0.44513	34.52
0.46180	34.52
0.47847	34.52
0.49513	34.52
0.51180	34.52
0.52847	34.52
0.54513	34.52
0.56180	34.52
0.57847	34.52
0.59513	34.52
0.61180	34.52
0.62847	34.52
0.64513	34.52
0.66180	34.52
0.67847	34.52
0.69513	34.52
0.71180	34.52
0.72847	34.52
0.74513	34.52
0.76180	34.52
0.77847	34.52
0.79513	34.52
0.81180	34.52
0.82847	34.52
0.84513	34.52
0.86180	34.52
0.87847	34.52
0.89513	34.52
0.91180	34.52
0.92847	34.52
0.94513	34.52
0.96180	34.52
0.97847	34.52
0.99513	34.52
1.01180	34.52
1.02847	34.52
1.04513	34.52
1.06180	34.52
1.07847	34.52
1.09513	34.52
1.11180	34.52
1.12847	34.52
1.14513	34.52
1.16180	34.52
1.17847	34.52
1.19513	34.52
1.21180	34.52
1.22847	34.52
1.24513	34.52
1.26180	34.52
1.27847	34.52
1.29513	34.52
1.31180	34.52
1.32847	34.52
1.34513	34.52
1.36180	34.52
1.37847	34.52
1.39513	34.52
1.41180	34.52
1.42847	34.52
1.44513	34.52
1.46180	34.52
1.47847	34.52
1.49513	34.52
1.51180	34.52
1.52847	34.52
1.54513	34.52
1.56180	34.52
1.57847	34.52
1.59513	34.52
1.61180	34.52
1.62847	34.52
1.64513	34.52
1.66180	34.52
1.67847	34.52
1.69513	34.52
1.71180	34.52
1.72847	34.52
1.74513	34.52
1.76180	34.52
1.77847	34.52
1.79513	34.52
1.81180	34.52
1.82847	34.52
1.84513	34.52
1.86180	34.52
1.87847	34.52
1.89513	34.52
1.91180	34.52
1.92847	34.52
1.94513	34.52
1.96180	34.53
1.97847	34.52
1.99513	34.52
2.01180	34.52
2.02847	34.52
2.04513	34.52
2.06180	34.52
2.07847	34.51
2.09513	34.52
2.11180	34.52
2.12847	34.52
2.14513	34.52
2.16180	34.52
2.17847	34.52
2.19513	34.52
2.21180	34.52
2.22847	34.52
2.24513	34.52
2.26180	34.52
2.27847	34.52
2.29513	34.52
2.31180	34.52
2.32847	34.52
2.34513	34.52
2.36180	34.52
2.37847	34.52
2.39513	34.52
2.41180	34.51
2.42847	34.51
2.44513	34.51
2.46180	34.52
2.47847	34.53
2.49513	34.52
2.51180	34.52
2.52847	34.52
2.54513	34.52
2.56180	34.52
2.57847	34.52
2.59513	34.52
2.61180	34.52
2.62847	34.52
2.64513	34.52
2.66180	34.52
2.67847	34.52
2.69513	34.52
2.71180	34.52
2.72847	34.52
2.74513	34.52
2.76180	34.52
2.77847	34.52
2.79513	34.52
2.81180	34.52
2.82847	34.52
2.84513	34.52
2.86180	34.52
2.87847	34.52
2.89513	34.52
2.91180	34.52
2.92847	34.52
2.94513	34.52
2.96180	34.52
2.97847	34.52
2.99513	34.52
3.01180	34.52
3.02847	34.52
3.04513	34.52
3.06180	34.52
3.07847	34.52
3.09513	34.52
3.11180	34.52
3.12847	34.52
3.14513	34.52
3.16180	34.52
3.17847	34.52
3.19513	34.52
3.21180	34.52
3.22847	34.52
3.24513	34.52
3.26180	34.52
3.27847	34.52
3.29513	34.52
3.31180	34.52
3.32847	34.52
3.34513	34.52
3.36180	34.52
3.37847	34.52
3.39513	34.52
3.41180	34.52
3.42847	34.52
3.44513	34.52
3.46180	34.52
3.47847	34.52
3.49513	34.52
3.51180	34.52
3.52847	34.52
3.54513	34.52
3.56180	34.52
3.57847	34.52
3.59513	34.52
3.61180	34.52
3.62847	34.52
3.64513	34.52
3.66180	34.52
3.67847	34.52
3.69513	34.52
3.71180	34.52
3.72847	34.52
3.74513	34.52
3.76180	34.52
3.77847	34.52
3.79513	34.52
3.81180	34.52
3.82847	34.52
3.84513	34.52
3.86180	34.52
3.87847	34.52
3.89513	34.52
3.91180	34.52
3.92847	34.52
3.94513	34.52
3.96180	34.52
3.97847	34.52
3.99513	34.52

[Status Trace (Column Flow)]
Interval(msec)	1000
# of Points	240
Start Time(min)	0.012
End Time(min)	3.995
Intensity Units	
Intensity Multiplier	1
R.Time (min)	Intensity
0.01180	5.57
0.02847	5.22
0.04513	5.52
0.06180	5.77
0.07847	5.69
0.09513	5.57
0.11180	5.57
0.12847	5.57
0.14513	5.57
0.16180	5.57
0.17847	5.57
0.19513	5.57
0.21180	5.57
0.22847	5.57
0.24513	5.57
0.26180	5.57
0.27847	5.57
0.29513	5.57
0.31180	5.57
0.32847	5.57
0.34513	5.57
0.36180	5.57
0.37847	5.57
0.39513	5.57
0.41180	5.57
0.42847	5.57
0.44513	5.57
0.46180	5.57
0.47847	5.57
0.49513	5.57
0.51180	5.57
0.52847	5.57
0.54513	5.57
0.56180	5.57
0.57847	5.57
0.59513	5.57
0.61180	5.57
0.62847	5.57
0.64513	5.57
0.66180	5.57
0.67847	5.57
0.69513	5.57
0.71180	5.57
0.72847	5.57
0.74513	5.57
0.76180	5.57
0.77847	5.57
0.79513	5.57
0.81180	5.57
0.82847	5.57
0.84513	5.57
0.86180	5.57
0.87847	5.57
0.89513	5.57
0.91180	5.57
0.92847	5.57
0.94513	5.57
0.96180	5.57
0.97847	5.57
0.99513	5.57
1.01180	5.57
1.02847	5.57
1.04513	5.57
1.06180	5.57
1.07847	5.57
1.09513	5.57
1.11180	5.57
1.12847	5.57
1.14513	5.57
1.16180	5.57
1.17847	5.57
1.19513	5.57
1.21180	5.57
1.22847	5.57
1.24513	5.57
1.26180	5.57
1.27847	5.57
1.29513	5.57
1.31180	5.57
1.32847	5.57
1.34513	5.57
1.36180	5.57
1.37847	5.57
1.39513	5.57
1.41180	5.57
1.42847	5.57
1.44513	5.57
1.46180	5.57
1.47847	5.57
1.49513	5.57
1.51180	5.57
1.52847	5.57
1.54513	5.57
1.56180	5.57
1.57847	5.57
1.59513	5.57
1.61180	5.57
1.62847	5.56
1.64513	5.56
1.66180	5.55
1.67847	5.54
1.69513	5.53
1.71180	5.51
1.72847	5.50
1.74513	5.49
1.76180	5.48
1.77847	5.47
1.79513	5.46
1.81180	5.45
1.82847	5.44
1.84513	5.43
1.86180	5.42
1.87847	5.41
1.89513	5.40
1.91180	5.39
1.92847	5.38
1.94513	5.37
1.96180	5.36
1.97847	5.35
1.99513	5.34
2.01180	5.33
2.02847	5.32
2.04513	5.31
2.06180	5.31
2.07847	5.30
2.09513	5.29
2.11180	5.28
2.12847	5.27
2.14513	5.26
2.16180	5.25
2.17847	5.24
2.19513	5.23
2.21180	5.22
2.22847	5.21
2.24513	5.20
2.26180	5.19
2.27847	5.18
2.29513	5.17
2.31180	5.16
2.32847	5.15
2.34513	5.14
2.36180	5.14
2.37847	5.13
2.39513	5.13
2.41180	5.13
2.42847	5.13
2.44513	5.13
2.46180	5.13
2.47847	5.13
2.49513	5.13
2.51180	5.13
2.52847	5.13
2.54513	5.13
2.56180	5.13
2.57847	5.13
2.59513	5.13
2.61180	5.13
2.62847	5.13
2.64513	5.13
2.66180	5.13
2.67847	5.13
2.69513	5.13
2.71180	5.13
2.72847	5.13
2.74513	5.13
2.76180	5.13
2.77847	5.13
2.79513	5.13
2.81180	5.13
2.82847	5.13
2.84513	5.13
2.86180	5.13
2.87847	5.13
2.89513	5.13
2.91180	5.13
2.92847	5.12
2.94513	5.12
2.96180	5.12
2.97847	5.12
2.99513	5.12
3.01180	5.12
3.02847	5.12
3.04513	5.12
3.06180	5.12
3.07847	5.12
3.09513	5.12
3.11180	5.12
3.12847	5.12
3.14513	5.12
3.16180	5.12
3.17847	5.12
3.19513	5.12
3.21180	5.12
3.22847	5.12
3.24513	5.12
3.26180	5.12
3.27847	5.12
3.29513	5.12
3.31180	5.12
3.32847	5.12
3.34513	5.12
3.36180	5.12
3.37847	5.12
3.39513	5.12
3.41180	5.12
3.42847	5.12
3.44513	5.12
3.46180	5.12
3.47847	5.12
3.49513	5.12
3.51180	5.12
3.52847	5.12
3.54513	5.12
3.56180	5.12
3.57847	5.12
3.59513	5.12
3.61180	5.12
3.62847	5.12
3.64513	5.12
3.66180	5.12
3.67847	5.12
3.69513	5.12
3.71180	5.12
3.72847	5.12
3.74513	5.12
3.76180	5.12
3.77847	5.12
3.79513	5.12
3.81180	5.12
3.82847	5.12
3.84513	5.12
3.86180	5.12
3.87847	5.12
3.89513	5.12
3.91180	5.12
3.92847	5.12
3.94513	5.12
3.96180	5.12
3.97847	5.12
3.99513	5.12

[Status Trace (Linear Velocity)]
Interval(msec)	1000
# of Points	240
Start Time(min)	0.012
End Time(min)	3.995
Intensity Units	
Intensity Multiplier	1
R.Time (min)	Intensity
0.01180	39.02
0.02847	37.06
0.04513	38.77
0.06180	40.13
0.07847	39.69
0.09513	39.02
0.11180	39.02
0.12847	39.03
0.14513	39.03
0.16180	39.03
0.17847	39.03
0.19513	39.03
0.21180	39.03
0.22847	39.03
0.24513	39.03
0.26180	39.03
0.27847	39.03
0.29513	39.03
0.31180	39.03
0.32847	39.03
0.34513	39.03
0.36180	39.03
0.37847	39.03
0.39513	39.03
0.41180	39.03
0.42847	39.03
0.44513	39.03
0.46180	39.03
0.47847	39.03
0.49513	39.03
0.51180	39.03
0.52847	39.03
0.54513	39.03
0.56180	39.03
0.57847	39.03
0.59513	39.03
0.61180	39.03
0.62847	39.03
0.64513	39.03
0.66180	39.03
0.67847	39.03
0.69513	39.03
0.71180	39.03
0.72847	39.03
0.74513	39.03
0.76180	39.03
0.77847	39.03
0.79513	39.03
0.81180	39.03
0.82847	39.03
0.84513	39.03
0.86180	39.03
0.87847	39.03
0.89513	39.03
0.91180	39.03
0.92847	39.03
0.94513	39.03
0.96180	39.03
0.97847	39.03
0.99513	39.03
1.01180	39.03
1.02847	39.03
1.04513	39.03
1.06180	39.03
1.07847	39.03
1.09513	39.03
1.11180	39.03
1.12847	39.03
1.14513	39.03
1.16180	39.03
1.17847	39.03
1.19513	39.03
1.21180	39.03
1.22847	39.03
1.24513	39.03
1.26180	39.03
1.27847	39.03
1.29513	39.03
1.31180	39.03
1.32847	39.03
1.34513	39.03
1.36180	39.03
1.37847	39.03
1.39513	39.03
1.41180	39.03
1.42847	39.03
1.44513	39.03
1.46180	39.03
1.47847	39.03
1.49513	39.03
1.51180	39.03
1.52847	39.03
1.54513	39.03
1.56180	39.03
1.57847	39.03
1.59513	39.03
1.61180	39.02
1.62847	39.01
1.64513	38.99
1.66180	38.97
1.67847	38.93
1.69513	38.89
1.71180	38.86
1.72847	38.83
1.74513	38.80
1.76180	38.77
1.77847	38.73
1.79513	38.70
1.81180	38.67
1.82847	38.64
1.84513	38.61
1.86180	38.58
1.87847	38.55
1.89513	38.52
1.91180	38.49
1.92847	38.46
1.94513	38.43
1.96180	38.40
1.97847	38.37
1.99513	38.34
2.01180	38.31
2.02847	38.28
2.04513	38.25
2.06180	38.22
2.07847	38.19
2.09513	38.16
2.11180	38.13
2.12847	38.10
2.14513	38.07
2.16180	38.04
2.17847	38.01
2.19513	37.98
2.21180	37.95
2.22847	37.92
2.24513	37.89
2.26180	37.86
2.27847	37.83
2.29513	37.80
2.31180	37.77
2.32847	37.74
2.34513	37.71
2.36180	37.69
2.37847	37.68
2.39513	37.67
2.41180	37.68
2.42847	37.68
2.44513	37.67
2.46180	37.67
2.47847	37.67
2.49513	37.67
2.51180	37.67
2.52847	37.66
2.54513	37.67
2.56180	37.67
2.57847	37.66
2.59513	37.66
2.61180	37.66
2.62847	37.66
2.64513	37.66
2.66180	37.66
2.67847	37.66
2.69513	37.66
2.71180	37.66
2.72847	37.66
2.74513	37.66
2.76180	37.66
2.77847	37.66
2.79513	37.66
2.81180	37.66
2.82847	37.66
2.84513	37.66
2.86180	37.66
2.87847	37.66
2.89513	37.65
2.91180	37.65
2.92847	37.65
2.94513	37.65
2.96180	37.65
2.97847	37.65
2.99513	37.65
3.01180	37.65
3.02847	37.65
3.04513	37.65
3.06180	37.64
3.07847	37.64
3.09513	37.64
3.11180	37.64
3.12847	37.64
3.14513	37.64
3.16180	37.64
3.17847	37.64
3.19513	37.64
3.21180	37.64
3.22847	37.64
3.24513	37.64
3.26180	37.64
3.27847	37.64
3.29513	37.63
3.31180	37.63
3.32847	37.63
3.34513	37.63
3.36180	37.64
3.37847	37.64
3.39513	37.64
3.41180	37.64
3.42847	37.64
3.44513	37.64
3.46180	37.64
3.47847	37.64
3.49513	37.64
3.51180	37.64
3.52847	37.64
3.54513	37.64
3.56180	37.64
3.57847	37.64
3.59513	37.64
3.61180	37.64
3.62847	37.64
3.64513	37.64
3.66180	37.64
3.67847	37.64
3.69513	37.64
3.71180	37.64
3.72847	37.64
3.74513	37.64
3.76180	37.64
3.77847	37.63
3.79513	37.64
3.81180	37.64
3.82847	37.64
3.84513	37.64
3.86180	37.64
3.87847	37.64
3.89513	37.64
3.91180	37.64
3.92847	37.63
3.94513	37.64
3.96180	37.63
3.97847	37.64
3.99513	37.64

