[Header]
Application Name	LabSolutions
Version	5.110
Data File Name	C:\Users\User\Desktop\GC Analyses\Jack\UIC Prairie Sampling\11.2.22\221102_024.gcd
Output Date	3/20/2023
Output Time	1:25:37 PM

[File Information]
Type	Data File
Generated	12/20/2022 2:28:41 PM
Generated by	System Administrator
Modified	12/20/2022 2:32:57 PM
Modified by	System Administrator

[Sample Information]
Operator Name	System Administrator
Acquired	12/20/2022 2:28:55 PM
Sample Type	1:Standard
Level	1
Sample Name	221102_UICPrairie
Sample ID	221102_UICPrairie
ISTD Amount1	1
ISTD Amount2	1
ISTD Amount3	1
ISTD Amount4	1
ISTD Amount5	1
ISTD Amount6	1
ISTD Amount7	1
ISTD Amount8	1
ISTD Amount9	1
ISTD Amount10	1
ISTD Amount11	1
ISTD Amount12	1
ISTD Amount13	1
ISTD Amount14	1
ISTD Amount15	1
ISTD Amount16	1
ISTD Amount17	1
ISTD Amount18	1
ISTD Amount19	1
ISTD Amount20	1
ISTD Amount21	1
ISTD Amount22	1
ISTD Amount23	1
ISTD Amount24	1
ISTD Amount25	1
ISTD Amount26	1
ISTD Amount27	1
ISTD Amount28	1
ISTD Amount29	1
ISTD Amount30	1
ISTD Amount31	1
ISTD Amount32	1
Sample Amount	1
Dilution Factor	1
Vial#	1
Injection Volume	1
Injection Count	1
Bar Code	

[Original Files]
Data File	C:\Users\User\Desktop\GC Analyses\Jack\UIC Prairie Sampling\11.2.22\221102_024.gcd
Method File	C:\LabSolutions\Data\GHG_4min_2022\ghg3_togas_w_acet_4 min_new_int.gcm
Batch File	
Report Format File	c:\LabSolutions\System\DEFAULT.lsr

[File Description]


[Configuration]
Instrument Name	C0B7VH3-Instrument1
Instrument #	1
Line #	1
# of Detectors	3
Detector ID	DET#1	DET#2	DET#3
Detector Name	FID	PTCD	ECD
# of Channels	1	1	1

[Peak Table(Ch1)]
# of Peaks	3
Peak#	R.Time	I.Time	F.Time	Area	Height	A/H	Conc.	Mark	ID#	Name	k'	Plate #	Plate Ht.	Tailing	Resolution	Sep.Factor	Area Ratio	Height Ratio	Conc. %	Norm Conc.
1	1.483	1.450	1.545	5250	2691	1.951	100.000	   	1	CO	0.000	10850	13.825	1.344	0.000	0.000	0	0	16.667	16.667
2	1.575	1.545	1.641	3158	1871	1.688	100.000	 V 	2	CH4	0.062	16137	9.295	1.206	1.721	0.000	0	0	16.667	16.667
3	2.004	1.956	2.425	610011	327567	1.862	400.000	   	3	CO2	0.351	21893	6.851	1.318	8.270	5.680	0	0	66.667	66.667

[Peak Table(Ch2)]
# of Peaks	0

[Peak Table(Ch3)]
# of Peaks	5
Peak#	R.Time	I.Time	F.Time	Area	Height	A/H	Conc.	Mark	ID#	Name	k'	Plate #	Plate Ht.	Tailing	Resolution	Sep.Factor	Area Ratio	Height Ratio	Conc. %	Norm Conc.
1	2.462	2.425	2.499	1015	399	2.542	0.000	   			0.000	12258	12.237	0.000	0.000	0.000	0	0	0.000	0.000
2	2.517	2.499	2.561	757	266	2.848	0.000	 V 			0.022	4016	37.348	0.000	0.444	0.000	0	0	0.000	0.000
3	2.616	2.561	2.664	917	248	3.690	0.000	 V 			0.063	7879	19.037	0.000	0.715	2.800	0	0	0.000	0.000
4	2.814	2.682	2.836	3741	757	4.943	0.104	   	1	N2O	0.143	347	432.701	0.000	0.548	2.286	0	0	10.353	10.353
5	2.887	2.836	3.874	32392	3802	8.520	0.896	 V 	1	N2O	0.173	11081	13.537	0.000	0.205	1.208	0	0	89.647	89.647

[Compound Results(Ch1)]
# of IDs	6
ID#	Name	R.Time	Area	Height	Conc.	Curve	3rd	2nd	1st	Constant	Area Ratio	Height Ratio	Conc. %	Norm Conc.
1	CO	1.483	5250	2691	100.000	Linear	0.000000e+00	0.000000e+00	5.250465e+001	0.000000e+00	0	0	16.667	16.667
2	CH4	1.575	3158	1871	100.000	Linear	0.000000e+00	0.000000e+00	3.158437e+001	0.000000e+00	0	0	16.667	16.667
3	CO2	2.004	610011	327567	400.000	Linear	0.000000e+00	0.000000e+00	1.525027e+003	0.000000e+00	0	0	66.667	66.667
4	Ethylene	0.000	0	0	0.000	Linear	0.000000e+00	0.000000e+00	0.000000e+00	0.000000e+00	0	0	0.000	0.000
5	Acetylene	0.000	0	0	0.000	Linear	0.000000e+00	0.000000e+00	0.000000e+00	0.000000e+00	0	0	0.000	0.000
6	Ethane	0.000	0	0	0.000	Linear	0.000000e+00	0.000000e+00	0.000000e+00	0.000000e+00	0	0	0.000	0.000

[Compound Results(Ch2)]
# of IDs	5
ID#	Name	R.Time	Area	Height	Conc.	Curve	3rd	2nd	1st	Constant	Area Ratio	Height Ratio	Conc. %	Norm Conc.
1	Hydrogen	0.000	0	0	0.000	Linear	0.000000e+00	0.000000e+00	0.000000e+00	0.000000e+00	0	0	0.000	0.000
2	Oxygen	0.000	0	0	0.000	Linear	0.000000e+00	0.000000e+00	0.000000e+00	0.000000e+00	0	0	0.000	0.000
3	Nitrogen	0.000	0	0	0.000	Linear	0.000000e+00	0.000000e+00	0.000000e+00	0.000000e+00	0	0	0.000	0.000
4	Methane	0.000	0	0	0.000	Linear	0.000000e+00	0.000000e+00	0.000000e+00	0.000000e+00	0	0	0.000	0.000
5	Carbon Monoxide	0.000	0	0	0.000	Linear	0.000000e+00	0.000000e+00	0.000000e+00	0.000000e+00	0	0	0.000	0.000

[Compound Results(Ch3)]
# of IDs	2
ID#	Name	R.Time	Area	Height	Conc.	Curve	3rd	2nd	1st	Constant	Area Ratio	Height Ratio	Conc. %	Norm Conc.
1	N2O	2.887	36133	4559	1.000	Linear	0.000000e+00	0.000000e+00	3.613294e+004	0.000000e+00	0	0	100.000	100.000
2	SF6	0.000	0	0	0.000	Linear	0.000000e+00	0.000000e+00	0.000000e+00	0.000000e+00	0	0	0.000	0.000

[Group Results(Ch1)]
# of Groups	0

[Group Results(Ch2)]
# of Groups	0

[Group Results(Ch3)]
# of Groups	0

[Chromatogram (Ch1)]
Interval(msec)	220
# of Points	1091
Start Time(min)	0.002
End Time(min)	3.998
R.Time (min)	Intensity
0.00167	3
0.00533	3
0.00900	5
0.01267	8
0.01633	10
0.02000	12
0.02367	10
0.02733	5
0.03100	2
0.03467	1
0.03833	0
0.04200	-4
0.04567	-9
0.04933	-9
0.05300	-7
0.05667	-5
0.06033	-6
0.06400	-5
0.06767	-4
0.07133	-4
0.07500	-7
0.07867	-13
0.08233	-15
0.08600	-16
0.08967	-14
0.09333	-11
0.09700	-9
0.10067	-8
0.10433	-7
0.10800	-7
0.11167	-6
0.11533	-3
0.11900	-1
0.12267	-3
0.12633	-7
0.13000	-9
0.13367	-6
0.13733	-3
0.14100	1
0.14467	5
0.14833	7
0.15200	6
0.15567	2
0.15933	-5
0.16300	-11
0.16667	-15
0.17033	-17
0.17400	-17
0.17767	-15
0.18133	-13
0.18500	-7
0.18867	0
0.19233	6
0.19600	7
0.19967	6
0.20333	4
0.20700	3
0.21067	5
0.21433	5
0.21800	3
0.22167	-2
0.22533	-8
0.22900	-12
0.23267	-15
0.23633	-16
0.24000	-17
0.24367	-19
0.24733	-19
0.25100	-18
0.25467	-17
0.25833	-15
0.26200	-13
0.26567	-11
0.26933	-5
0.27300	3
0.27667	11
0.28033	16
0.28400	21
0.28767	25
0.29133	28
0.29500	31
0.29867	32
0.30233	30
0.30600	26
0.30967	19
0.31333	14
0.31700	9
0.32067	6
0.32433	4
0.32800	4
0.33167	5
0.33533	10
0.33900	16
0.34267	20
0.34633	24
0.35000	27
0.35367	29
0.35733	30
0.36100	27
0.36467	25
0.36833	23
0.37200	20
0.37567	16
0.37933	13
0.38300	11
0.38667	13
0.39033	18
0.39400	22
0.39767	24
0.40133	23
0.40500	22
0.40867	19
0.41233	16
0.41600	17
0.41967	25
0.42333	33
0.42700	39
0.43067	39
0.43433	39
0.43800	37
0.44167	31
0.44533	24
0.44900	18
0.45267	15
0.45633	14
0.46000	16
0.46367	20
0.46733	25
0.47100	25
0.47467	23
0.47833	21
0.48200	19
0.48567	18
0.48933	18
0.49300	15
0.49667	10
0.50033	7
0.50400	6
0.50767	4
0.51133	2
0.51500	1
0.51867	3
0.52233	6
0.52600	9
0.52967	9
0.53333	6
0.53700	-0
0.54067	-3
0.54433	-1
0.54800	8
0.55167	18
0.55533	23
0.55900	21
0.56267	17
0.56633	11
0.57000	3
0.57367	-4
0.57733	-7
0.58100	-8
0.58467	-7
0.58833	-1
0.59200	8
0.59567	15
0.59933	18
0.60300	20
0.60667	22
0.61033	19
0.61400	13
0.61767	5
0.62133	-4
0.62500	-11
0.62867	-11
0.63233	-8
0.63600	-2
0.63967	2
0.64333	2
0.64700	2
0.65067	4
0.65433	9
0.65800	13
0.66167	13
0.66533	13
0.66900	14
0.67267	15
0.67633	15
0.68000	13
0.68367	10
0.68733	9
0.69100	10
0.69467	6
0.69833	-3
0.70200	-12
0.70567	-14
0.70933	-14
0.71300	-11
0.71667	-9
0.72033	-6
0.72400	-2
0.72767	2
0.73133	6
0.73500	9
0.73867	8
0.74233	5
0.74600	-0
0.74967	-7
0.75333	-14
0.75700	-19
0.76067	-18
0.76433	-14
0.76800	-12
0.77167	-13
0.77533	-15
0.77900	-14
0.78267	-10
0.78633	-6
0.79000	-6
0.79367	-11
0.79733	-18
0.80100	-27
0.80467	-32
0.80833	-29
0.81200	-21
0.81567	-16
0.81933	-17
0.82300	-18
0.82667	-16
0.83033	-9
0.83400	1
0.83767	9
0.84133	17
0.84500	23
0.84867	24
0.85233	18
0.85600	7
0.85967	-7
0.86333	-21
0.86700	-31
0.87067	-35
0.87433	-36
0.87800	-33
0.88167	-27
0.88533	-21
0.88900	-17
0.89267	-16
0.89633	-19
0.90000	-23
0.90367	-28
0.90733	-30
0.91100	-29
0.91467	-26
0.91833	-19
0.92200	-10
0.92567	-2
0.92933	2
0.93300	4
0.93667	2
0.94033	-2
0.94400	-7
0.94767	-11
0.95133	-14
0.95500	-13
0.95867	-11
0.96233	-11
0.96600	-11
0.96967	-10
0.97333	-9
0.97700	-11
0.98067	-15
0.98433	-18
0.98800	-18
0.99167	-16
0.99533	-12
0.99900	-7
1.00267	-6
1.00633	-10
1.01000	-12
1.01367	-11
1.01733	-12
1.02100	-11
1.02467	-10
1.02833	-9
1.03200	-10
1.03567	-14
1.03933	-19
1.04300	-22
1.04667	-25
1.05033	-25
1.05400	-25
1.05767	-24
1.06133	-24
1.06500	-21
1.06867	-21
1.07233	-22
1.07600	-22
1.07967	-18
1.08333	-13
1.08700	-9
1.09067	-8
1.09433	-6
1.09800	-7
1.10167	-9
1.10533	-13
1.10900	-17
1.11267	-20
1.11633	-23
1.12000	-25
1.12367	-27
1.12733	-27
1.13100	-25
1.13467	-23
1.13833	-21
1.14200	-21
1.14567	-26
1.14933	-32
1.15300	-36
1.15667	-41
1.16033	-43
1.16400	-45
1.16767	-46
1.17133	-46
1.17500	-43
1.17867	-39
1.18233	-35
1.18600	-37
1.18967	-40
1.19333	-39
1.19700	-38
1.20067	-37
1.20433	-33
1.20800	-27
1.21167	-25
1.21533	-25
1.21900	-27
1.22267	-30
1.22633	-38
1.23000	-46
1.23367	-51
1.23733	-54
1.24100	-56
1.24467	-57
1.24833	-56
1.25200	-51
1.25567	-46
1.25933	-40
1.26300	-34
1.26667	-32
1.27033	-33
1.27400	-41
1.27767	-51
1.28133	-58
1.28500	-58
1.28867	-54
1.29233	-48
1.29600	-42
1.29967	-38
1.30333	-38
1.30700	-40
1.31067	-45
1.31433	-48
1.31800	-47
1.32167	-44
1.32533	-43
1.32900	-42
1.33267	-39
1.33633	-37
1.34000	-36
1.34367	-35
1.34733	-36
1.35100	-40
1.35467	-43
1.35833	-43
1.36200	-43
1.36567	-42
1.36933	-39
1.37300	-36
1.37667	-36
1.38033	-38
1.38400	-40
1.38767	-40
1.39133	-40
1.39500	-42
1.39867	-44
1.40233	-51
1.40600	-57
1.40967	-62
1.41333	-64
1.41700	-64
1.42067	-63
1.42433	-62
1.42800	-57
1.43167	-54
1.43533	-51
1.43900	-50
1.44267	-52
1.44633	-52
1.45000	-35
1.45367	49
1.45733	221
1.46100	436
1.46467	700
1.46833	1086
1.47200	1604
1.47567	2143
1.47933	2532
1.48300	2652
1.48667	2496
1.49033	2150
1.49400	1727
1.49767	1323
1.50133	983
1.50500	722
1.50867	530
1.51233	392
1.51600	289
1.51967	212
1.52333	155
1.52700	115
1.53067	89
1.53433	73
1.53800	59
1.54167	45
1.54533	34
1.54900	39
1.55267	101
1.55633	286
1.56000	631
1.56367	1082
1.56733	1511
1.57100	1782
1.57467	1820
1.57833	1640
1.58200	1334
1.58567	1005
1.58933	712
1.59300	479
1.59667	308
1.60033	191
1.60400	114
1.60767	62
1.61133	29
1.61500	7
1.61867	-8
1.62233	-16
1.62600	-22
1.62967	-31
1.63333	-43
1.63700	-53
1.64067	-60
1.64433	-63
1.64800	-62
1.65167	-59
1.65533	-56
1.65900	-56
1.66267	-58
1.66633	-60
1.67000	-61
1.67367	-62
1.67733	-61
1.68100	-61
1.68467	-61
1.68833	-59
1.69200	-56
1.69567	-54
1.69933	-53
1.70300	-50
1.70667	-47
1.71033	-48
1.71400	-50
1.71767	-50
1.72133	-46
1.72500	-43
1.72867	-44
1.73233	-46
1.73600	-51
1.73967	-55
1.74333	-57
1.74700	-61
1.75067	-69
1.75433	-78
1.75800	-84
1.76167	-85
1.76533	-84
1.76900	-79
1.77267	-74
1.77633	-71
1.78000	-69
1.78367	-67
1.78733	-65
1.79100	-62
1.79467	-58
1.79833	-53
1.80200	-49
1.80567	-46
1.80933	-48
1.81300	-53
1.81667	-56
1.82033	-55
1.82400	-51
1.82767	-48
1.83133	-50
1.83500	-55
1.83867	-58
1.84233	-56
1.84600	-52
1.84967	-46
1.85333	-44
1.85700	-48
1.86067	-53
1.86433	-55
1.86800	-57
1.87167	-56
1.87533	-51
1.87900	-43
1.88267	-37
1.88633	-35
1.89000	-37
1.89367	-40
1.89733	-45
1.90100	-51
1.90467	-59
1.90833	-67
1.91200	-74
1.91567	-78
1.91933	-81
1.92300	-80
1.92667	-77
1.93033	-70
1.93400	-61
1.93767	-50
1.94133	-40
1.94500	-36
1.94867	-36
1.95233	-34
1.95600	-27
1.95967	-17
1.96333	6
1.96700	106
1.97067	615
1.97433	2780
1.97800	9978
1.98167	28549
1.98533	65958
1.98900	125065
1.99267	198151
1.99633	267674
2.00000	314526
2.00367	327580
2.00733	307533
2.01100	264556
2.01467	212021
2.01833	160920
2.02200	117489
2.02567	83709
2.02933	58951
2.03300	41501
2.03667	29499
2.04033	21348
2.04400	15834
2.04767	12089
2.05133	9519
2.05500	7725
2.05867	6446
2.06233	5510
2.06600	4808
2.06967	4264
2.07333	3830
2.07700	3474
2.08067	3178
2.08433	2929
2.08800	2716
2.09167	2534
2.09533	2376
2.09900	2237
2.10267	2112
2.10633	2000
2.11000	1898
2.11367	1804
2.11733	1720
2.12100	1644
2.12467	1575
2.12833	1514
2.13200	1459
2.13567	1409
2.13933	1364
2.14300	1323
2.14667	1281
2.15033	1236
2.15400	1191
2.15767	1148
2.16133	1107
2.16500	1066
2.16867	1025
2.17233	990
2.17600	961
2.17967	936
2.18333	912
2.18700	888
2.19067	864
2.19433	844
2.19800	826
2.20167	808
2.20533	791
2.20900	776
2.21267	762
2.21633	746
2.22000	729
2.22367	713
2.22733	699
2.23100	687
2.23467	677
2.23833	667
2.24200	656
2.24567	645
2.24933	634
2.25300	621
2.25667	608
2.26033	594
2.26400	579
2.26767	563
2.27133	551
2.27500	544
2.27867	538
2.28233	530
2.28600	519
2.28967	508
2.29333	499
2.29700	492
2.30067	486
2.30433	482
2.30800	480
2.31167	475
2.31533	468
2.31900	461
2.32267	454
2.32633	446
2.33000	439
2.33367	436
2.33733	436
2.34100	439
2.34467	439
2.34833	436
2.35200	428
2.35567	420
2.35933	416
2.36300	413
2.36667	410
2.37033	402
2.37400	394
2.37767	389
2.38133	389
2.38500	389
2.38867	388
2.39233	389
2.39600	390
2.39967	388
2.40333	382
2.40700	376
2.41067	370
2.41433	364
2.41800	363
2.42167	366
2.42533	368
2.42900	370
2.43267	372
2.43633	373
2.44000	372
2.44367	364
2.44733	354
2.45100	340
2.45467	324
2.45833	313
2.46200	310
2.46567	314
2.46933	321
2.47300	332
2.47667	339
2.48033	342
2.48400	341
2.48767	334
2.49133	322
2.49500	310
2.49867	302
2.50233	300
2.50600	302
2.50967	306
2.51333	305
2.51700	304
2.52067	306
2.52433	310
2.52800	313
2.53167	313
2.53533	311
2.53900	307
2.54267	301
2.54633	294
2.55000	289
2.55367	288
2.55733	288
2.56100	292
2.56467	297
2.56833	297
2.57200	294
2.57567	292
2.57933	293
2.58300	291
2.58667	288
2.59033	287
2.59400	287
2.59767	289
2.60133	292
2.60500	294
2.60867	295
2.61233	297
2.61600	302
2.61967	304
2.62333	301
2.62700	296
2.63067	294
2.63433	297
2.63800	304
2.64167	309
2.64533	309
2.64900	307
2.65267	307
2.65633	305
2.66000	300
2.66367	293
2.66733	284
2.67100	275
2.67467	270
2.67833	267
2.68200	267
2.68567	269
2.68933	270
2.69300	270
2.69667	269
2.70033	271
2.70400	275
2.70767	277
2.71133	279
2.71500	281
2.71867	283
2.72233	284
2.72600	282
2.72967	279
2.73333	280
2.73700	281
2.74067	284
2.74433	287
2.74800	290
2.75167	295
2.75533	301
2.75900	303
2.76267	301
2.76633	299
2.77000	299
2.77367	300
2.77733	300
2.78100	294
2.78467	287
2.78833	281
2.79200	279
2.79567	280
2.79933	280
2.80300	282
2.80667	286
2.81033	288
2.81400	288
2.81767	288
2.82133	290
2.82500	290
2.82867	290
2.83233	291
2.83600	290
2.83967	288
2.84333	284
2.84700	282
2.85067	282
2.85433	283
2.85800	282
2.86167	280
2.86533	277
2.86900	275
2.87267	275
2.87633	281
2.88000	289
2.88367	297
2.88733	302
2.89100	304
2.89467	301
2.89833	294
2.90200	285
2.90567	279
2.90933	278
2.91300	278
2.91667	276
2.92033	273
2.92400	274
2.92767	280
2.93133	288
2.93500	292
2.93867	292
2.94233	289
2.94600	284
2.94967	280
2.95333	274
2.95700	267
2.96067	260
2.96433	257
2.96800	257
2.97167	259
2.97533	262
2.97900	264
2.98267	267
2.98633	272
2.99000	278
2.99367	287
2.99733	296
3.00100	302
3.00467	305
3.00833	308
3.01200	311
3.01567	311
3.01933	306
3.02300	302
3.02667	297
3.03033	289
3.03400	280
3.03767	270
3.04133	263
3.04500	260
3.04867	259
3.05233	259
3.05600	258
3.05967	256
3.06333	256
3.06700	258
3.07067	260
3.07433	260
3.07800	261
3.08167	266
3.08533	269
3.08900	270
3.09267	271
3.09633	274
3.10000	280
3.10367	285
3.10733	287
3.11100	284
3.11467	278
3.11833	271
3.12200	264
3.12567	259
3.12933	256
3.13300	254
3.13667	255
3.14033	257
3.14400	260
3.14767	261
3.15133	260
3.15500	261
3.15867	262
3.16233	262
3.16600	262
3.16967	260
3.17333	258
3.17700	259
3.18067	262
3.18433	267
3.18800	270
3.19167	274
3.19533	279
3.19900	282
3.20267	281
3.20633	277
3.21000	270
3.21367	263
3.21733	258
3.22100	255
3.22467	251
3.22833	248
3.23200	249
3.23567	252
3.23933	254
3.24300	255
3.24667	254
3.25033	256
3.25400	259
3.25767	260
3.26133	261
3.26500	262
3.26867	260
3.27233	259
3.27600	258
3.27967	255
3.28333	255
3.28700	258
3.29067	262
3.29433	267
3.29800	272
3.30167	275
3.30533	276
3.30900	273
3.31267	266
3.31633	261
3.32000	254
3.32367	247
3.32733	243
3.33100	241
3.33467	241
3.33833	246
3.34200	251
3.34567	254
3.34933	257
3.35300	261
3.35667	265
3.36033	268
3.36400	272
3.36767	272
3.37133	271
3.37500	269
3.37867	263
3.38233	257
3.38600	253
3.38967	248
3.39333	244
3.39700	243
3.40067	242
3.40433	243
3.40800	243
3.41167	242
3.41533	241
3.41900	239
3.42267	238
3.42633	237
3.43000	232
3.43367	226
3.43733	220
3.44100	218
3.44467	222
3.44833	228
3.45200	231
3.45567	229
3.45933	224
3.46300	220
3.46667	219
3.47033	220
3.47400	224
3.47767	232
3.48133	242
3.48500	253
3.48867	264
3.49233	270
3.49600	272
3.49967	271
3.50333	265
3.50700	257
3.51067	248
3.51433	239
3.51800	234
3.52167	230
3.52533	226
3.52900	224
3.53267	223
3.53633	221
3.54000	217
3.54367	212
3.54733	208
3.55100	210
3.55467	217
3.55833	226
3.56200	230
3.56567	231
3.56933	228
3.57300	224
3.57667	225
3.58033	228
3.58400	230
3.58767	229
3.59133	228
3.59500	229
3.59867	228
3.60233	225
3.60600	218
3.60967	209
3.61333	200
3.61700	195
3.62067	195
3.62433	199
3.62800	204
3.63167	210
3.63533	214
3.63900	214
3.64267	213
3.64633	213
3.65000	211
3.65367	208
3.65733	201
3.66100	198
3.66467	202
3.66833	205
3.67200	207
3.67567	205
3.67933	200
3.68300	196
3.68667	192
3.69033	191
3.69400	191
3.69767	193
3.70133	198
3.70500	205
3.70867	209
3.71233	213
3.71600	217
3.71967	219
3.72333	217
3.72700	212
3.73067	203
3.73433	193
3.73800	188
3.74167	187
3.74533	188
3.74900	189
3.75267	189
3.75633	187
3.76000	187
3.76367	185
3.76733	181
3.77100	177
3.77467	173
3.77833	171
3.78200	172
3.78567	175
3.78933	181
3.79300	189
3.79667	195
3.80033	195
3.80400	188
3.80767	179
3.81133	173
3.81500	171
3.81867	174
3.82233	180
3.82600	187
3.82967	192
3.83333	192
3.83700	189
3.84067	188
3.84433	186
3.84800	183
3.85167	175
3.85533	167
3.85900	162
3.86267	158
3.86633	157
3.87000	158
3.87367	162
3.87733	171
3.88100	177
3.88467	178
3.88833	178
3.89200	175
3.89567	174
3.89933	177
3.90300	181
3.90667	181
3.91033	175
3.91400	166
3.91767	159
3.92133	157
3.92500	160
3.92867	163
3.93233	161
3.93600	157
3.93967	156
3.94333	157
3.94700	160
3.95067	166
3.95433	172
3.95800	175
3.96167	176
3.96533	174
3.96900	170
3.97267	165
3.97633	160
3.98000	157
3.98367	157
3.98733	160
3.99100	163
3.99467	165
3.99833	168

[Chromatogram (Ch2)]
Interval(msec)	220
# of Points	1091
Start Time(min)	0.002
End Time(min)	3.998
R.Time (min)	Intensity
0.00167	-0
0.00533	-0
0.00900	0
0.01267	0
0.01633	0
0.02000	-0
0.02367	-0
0.02733	-0
0.03100	-0
0.03467	-0
0.03833	-0
0.04200	0
0.04567	0
0.04933	0
0.05300	1
0.05667	1
0.06033	1
0.06400	1
0.06767	1
0.07133	1
0.07500	1
0.07867	1
0.08233	2
0.08600	2
0.08967	2
0.09333	2
0.09700	2
0.10067	2
0.10433	2
0.10800	2
0.11167	2
0.11533	2
0.11900	2
0.12267	1
0.12633	1
0.13000	1
0.13367	1
0.13733	0
0.14100	0
0.14467	0
0.14833	0
0.15200	0
0.15567	-0
0.15933	-0
0.16300	-1
0.16667	-1
0.17033	-2
0.17400	-2
0.17767	-2
0.18133	-2
0.18500	-1
0.18867	-1
0.19233	-1
0.19600	-1
0.19967	-1
0.20333	-1
0.20700	-1
0.21067	-1
0.21433	-1
0.21800	-1
0.22167	-1
0.22533	-1
0.22900	-2
0.23267	-2
0.23633	-2
0.24000	-1
0.24367	-1
0.24733	-1
0.25100	-1
0.25467	-0
0.25833	-0
0.26200	-0
0.26567	-0
0.26933	-0
0.27300	-0
0.27667	-0
0.28033	-0
0.28400	-1
0.28767	-1
0.29133	-1
0.29500	-1
0.29867	-1
0.30233	-1
0.30600	-1
0.30967	-1
0.31333	-1
0.31700	-1
0.32067	-1
0.32433	-1
0.32800	-1
0.33167	-1
0.33533	-1
0.33900	-1
0.34267	-1
0.34633	-0
0.35000	-0
0.35367	0
0.35733	0
0.36100	1
0.36467	1
0.36833	1
0.37200	1
0.37567	1
0.37933	1
0.38300	1
0.38667	0
0.39033	0
0.39400	-0
0.39767	-0
0.40133	0
0.40500	0
0.40867	0
0.41233	0
0.41600	0
0.41967	-0
0.42333	-0
0.42700	-0
0.43067	-0
0.43433	-0
0.43800	-0
0.44167	-0
0.44533	-1
0.44900	-1
0.45267	-1
0.45633	-1
0.46000	-1
0.46367	-1
0.46733	-1
0.47100	-0
0.47467	-0
0.47833	-0
0.48200	-0
0.48567	-0
0.48933	-0
0.49300	-1
0.49667	-1
0.50033	-1
0.50400	-1
0.50767	-1
0.51133	-1
0.51500	-2
0.51867	-2
0.52233	-2
0.52600	-2
0.52967	-2
0.53333	-1
0.53700	-1
0.54067	-1
0.54433	-1
0.54800	-1
0.55167	-1
0.55533	-1
0.55900	-1
0.56267	-1
0.56633	-2
0.57000	-2
0.57367	-2
0.57733	-2
0.58100	-2
0.58467	-3
0.58833	-3
0.59200	-3
0.59567	-3
0.59933	-3
0.60300	-2
0.60667	-2
0.61033	-2
0.61400	-2
0.61767	-2
0.62133	-2
0.62500	-2
0.62867	-2
0.63233	-2
0.63600	-2
0.63967	-2
0.64333	-2
0.64700	-2
0.65067	-1
0.65433	-1
0.65800	-1
0.66167	-1
0.66533	-1
0.66900	-1
0.67267	-0
0.67633	-0
0.68000	-0
0.68367	-0
0.68733	-0
0.69100	-1
0.69467	-1
0.69833	-1
0.70200	-1
0.70567	-1
0.70933	-1
0.71300	-1
0.71667	-2
0.72033	-2
0.72400	-2
0.72767	-2
0.73133	-3
0.73500	-3
0.73867	-3
0.74233	-2
0.74600	-2
0.74967	-2
0.75333	-2
0.75700	-2
0.76067	-2
0.76433	-2
0.76800	-2
0.77167	-2
0.77533	-2
0.77900	-3
0.78267	-2
0.78633	-2
0.79000	-2
0.79367	-3
0.79733	-3
0.80100	-3
0.80467	-3
0.80833	-2
0.81200	-2
0.81567	-2
0.81933	-2
0.82300	-2
0.82667	-2
0.83033	-2
0.83400	-2
0.83767	-3
0.84133	-3
0.84500	-2
0.84867	-2
0.85233	-2
0.85600	-2
0.85967	-2
0.86333	-2
0.86700	-2
0.87067	-2
0.87433	-2
0.87800	-2
0.88167	-1
0.88533	-1
0.88900	-1
0.89267	-1
0.89633	-1
0.90000	-1
0.90367	-1
0.90733	-1
0.91100	-1
0.91467	-1
0.91833	-1
0.92200	-1
0.92567	-1
0.92933	-1
0.93300	-1
0.93667	-1
0.94033	-1
0.94400	-1
0.94767	-1
0.95133	-1
0.95500	-2
0.95867	-2
0.96233	-2
0.96600	-2
0.96967	-2
0.97333	-2
0.97700	-2
0.98067	-2
0.98433	-2
0.98800	-1
0.99167	-1
0.99533	-1
0.99900	-1
1.00267	-1
1.00633	-1
1.01000	-2
1.01367	-2
1.01733	-3
1.02100	-3
1.02467	-3
1.02833	-3
1.03200	-3
1.03567	-3
1.03933	-4
1.04300	-4
1.04667	-4
1.05033	-4
1.05400	-4
1.05767	-4
1.06133	-4
1.06500	-4
1.06867	-4
1.07233	-4
1.07600	-4
1.07967	-4
1.08333	-4
1.08700	-3
1.09067	-3
1.09433	-3
1.09800	-3
1.10167	-3
1.10533	-2
1.10900	-2
1.11267	-2
1.11633	-2
1.12000	-2
1.12367	-2
1.12733	-2
1.13100	-2
1.13467	-2
1.13833	-2
1.14200	-2
1.14567	-2
1.14933	-2
1.15300	-2
1.15667	-2
1.16033	-2
1.16400	-2
1.16767	-2
1.17133	-2
1.17500	-2
1.17867	-2
1.18233	-2
1.18600	-2
1.18967	-2
1.19333	-2
1.19700	-2
1.20067	-3
1.20433	-3
1.20800	-3
1.21167	-3
1.21533	-3
1.21900	-3
1.22267	-3
1.22633	-3
1.23000	-3
1.23367	-3
1.23733	-3
1.24100	-3
1.24467	-3
1.24833	-3
1.25200	-3
1.25567	-3
1.25933	-4
1.26300	-4
1.26667	-4
1.27033	-4
1.27400	-4
1.27767	-3
1.28133	-4
1.28500	-4
1.28867	-4
1.29233	-4
1.29600	-4
1.29967	-4
1.30333	-4
1.30700	-4
1.31067	-4
1.31433	-5
1.31800	-5
1.32167	-5
1.32533	-5
1.32900	-5
1.33267	-5
1.33633	-5
1.34000	-5
1.34367	-5
1.34733	-4
1.35100	-4
1.35467	-4
1.35833	-4
1.36200	-4
1.36567	-4
1.36933	-4
1.37300	-4
1.37667	-4
1.38033	-3
1.38400	-3
1.38767	-3
1.39133	-3
1.39500	-4
1.39867	-4
1.40233	-4
1.40600	-4
1.40967	-4
1.41333	-5
1.41700	-5
1.42067	-5
1.42433	-5
1.42800	-5
1.43167	-5
1.43533	-5
1.43900	-5
1.44267	-5
1.44633	-5
1.45000	-5
1.45367	-5
1.45733	-5
1.46100	-5
1.46467	-5
1.46833	-5
1.47200	-5
1.47567	-5
1.47933	-5
1.48300	-5
1.48667	-5
1.49033	-5
1.49400	-5
1.49767	-5
1.50133	-5
1.50500	-5
1.50867	-5
1.51233	-5
1.51600	-5
1.51967	-5
1.52333	-5
1.52700	-5
1.53067	-5
1.53433	-5
1.53800	-5
1.54167	-6
1.54533	-6
1.54900	-6
1.55267	-6
1.55633	-6
1.56000	-6
1.56367	-5
1.56733	-5
1.57100	-5
1.57467	-5
1.57833	-5
1.58200	-5
1.58567	-5
1.58933	-5
1.59300	-5
1.59667	-6
1.60033	-6
1.60400	-7
1.60767	-7
1.61133	-9
1.61500	-11
1.61867	-13
1.62233	-15
1.62600	-18
1.62967	-21
1.63333	-24
1.63700	-28
1.64067	-31
1.64433	-35
1.64800	-39
1.65167	-43
1.65533	-47
1.65900	-51
1.66267	-55
1.66633	-60
1.67000	-65
1.67367	-69
1.67733	-74
1.68100	-80
1.68467	-85
1.68833	-89
1.69200	-94
1.69567	-97
1.69933	-101
1.70300	-103
1.70667	-106
1.71033	-108
1.71400	-109
1.71767	-110
1.72133	-111
1.72500	-112
1.72867	-114
1.73233	-115
1.73600	-116
1.73967	-116
1.74333	-117
1.74700	-117
1.75067	-118
1.75433	-118
1.75800	-117
1.76167	-117
1.76533	-116
1.76900	-116
1.77267	-115
1.77633	-115
1.78000	-115
1.78367	-116
1.78733	-117
1.79100	-118
1.79467	-119
1.79833	-120
1.80200	-120
1.80567	-121
1.80933	-122
1.81300	-122
1.81667	-122
1.82033	-122
1.82400	-122
1.82767	-122
1.83133	-121
1.83500	-121
1.83867	-122
1.84233	-122
1.84600	-122
1.84967	-122
1.85333	-122
1.85700	-123
1.86067	-123
1.86433	-123
1.86800	-123
1.87167	-123
1.87533	-122
1.87900	-121
1.88267	-120
1.88633	-120
1.89000	-119
1.89367	-119
1.89733	-120
1.90100	-120
1.90467	-120
1.90833	-120
1.91200	-120
1.91567	-120
1.91933	-120
1.92300	-120
1.92667	-119
1.93033	-119
1.93400	-118
1.93767	-118
1.94133	-117
1.94500	-117
1.94867	-116
1.95233	-116
1.95600	-116
1.95967	-116
1.96333	-116
1.96700	-116
1.97067	-116
1.97433	-116
1.97800	-116
1.98167	-115
1.98533	-115
1.98900	-115
1.99267	-115
1.99633	-115
2.00000	-115
2.00367	-115
2.00733	-114
2.01100	-114
2.01467	-113
2.01833	-113
2.02200	-113
2.02567	-113
2.02933	-112
2.03300	-112
2.03667	-111
2.04033	-111
2.04400	-111
2.04767	-110
2.05133	-110
2.05500	-110
2.05867	-110
2.06233	-109
2.06600	-109
2.06967	-108
2.07333	-108
2.07700	-107
2.08067	-107
2.08433	-106
2.08800	-106
2.09167	-105
2.09533	-105
2.09900	-105
2.10267	-105
2.10633	-105
2.11000	-105
2.11367	-105
2.11733	-105
2.12100	-105
2.12467	-105
2.12833	-105
2.13200	-104
2.13567	-104
2.13933	-103
2.14300	-103
2.14667	-102
2.15033	-102
2.15400	-101
2.15767	-101
2.16133	-100
2.16500	-100
2.16867	-100
2.17233	-100
2.17600	-100
2.17967	-100
2.18333	-100
2.18700	-100
2.19067	-100
2.19433	-100
2.19800	-100
2.20167	-99
2.20533	-99
2.20900	-98
2.21267	-98
2.21633	-97
2.22000	-97
2.22367	-96
2.22733	-96
2.23100	-96
2.23467	-96
2.23833	-95
2.24200	-95
2.24567	-95
2.24933	-95
2.25300	-95
2.25667	-95
2.26033	-94
2.26400	-94
2.26767	-93
2.27133	-92
2.27500	-91
2.27867	-91
2.28233	-90
2.28600	-90
2.28967	-90
2.29333	-89
2.29700	-89
2.30067	-88
2.30433	-87
2.30800	-86
2.31167	-86
2.31533	-85
2.31900	-84
2.32267	-84
2.32633	-84
2.33000	-85
2.33367	-85
2.33733	-85
2.34100	-86
2.34467	-85
2.34833	-85
2.35200	-84
2.35567	-82
2.35933	-80
2.36300	-78
2.36667	-76
2.37033	-74
2.37400	-71
2.37767	-68
2.38133	-65
2.38500	-61
2.38867	-57
2.39233	-52
2.39600	-48
2.39967	-44
2.40333	-39
2.40700	-35
2.41067	-32
2.41433	-28
2.41800	-25
2.42167	-23
2.42533	-20
2.42900	-18
2.43267	-17
2.43633	-15
2.44000	-13
2.44367	-11
2.44733	-9
2.45100	-7
2.45467	-5
2.45833	-3
2.46200	-2
2.46567	-1
2.46933	0
2.47300	1
2.47667	2
2.48033	2
2.48400	3
2.48767	4
2.49133	5
2.49500	6
2.49867	7
2.50233	8
2.50600	9
2.50967	9
2.51333	10
2.51700	10
2.52067	11
2.52433	11
2.52800	12
2.53167	13
2.53533	14
2.53900	14
2.54267	14
2.54633	14
2.55000	15
2.55367	15
2.55733	16
2.56100	16
2.56467	16
2.56833	16
2.57200	16
2.57567	16
2.57933	16
2.58300	16
2.58667	17
2.59033	17
2.59400	17
2.59767	17
2.60133	17
2.60500	17
2.60867	17
2.61233	17
2.61600	18
2.61967	18
2.62333	18
2.62700	18
2.63067	17
2.63433	17
2.63800	17
2.64167	17
2.64533	17
2.64900	17
2.65267	18
2.65633	18
2.66000	18
2.66367	18
2.66733	18
2.67100	18
2.67467	18
2.67833	19
2.68200	19
2.68567	19
2.68933	19
2.69300	19
2.69667	19
2.70033	20
2.70400	20
2.70767	20
2.71133	21
2.71500	21
2.71867	21
2.72233	21
2.72600	21
2.72967	21
2.73333	21
2.73700	22
2.74067	22
2.74433	22
2.74800	23
2.75167	23
2.75533	24
2.75900	25
2.76267	25
2.76633	25
2.77000	25
2.77367	25
2.77733	25
2.78100	24
2.78467	24
2.78833	24
2.79200	24
2.79567	23
2.79933	23
2.80300	23
2.80667	23
2.81033	23
2.81400	24
2.81767	24
2.82133	24
2.82500	24
2.82867	24
2.83233	24
2.83600	25
2.83967	25
2.84333	25
2.84700	25
2.85067	25
2.85433	25
2.85800	26
2.86167	26
2.86533	25
2.86900	25
2.87267	23
2.87633	20
2.88000	14
2.88367	6
2.88733	-4
2.89100	-19
2.89467	-36
2.89833	-58
2.90200	-84
2.90567	-113
2.90933	-146
2.91300	-181
2.91667	-220
2.92033	-261
2.92400	-303
2.92767	-347
2.93133	-391
2.93500	-438
2.93867	-488
2.94233	-539
2.94600	-587
2.94967	-625
2.95333	-646
2.95700	-650
2.96067	-637
2.96433	-609
2.96800	-572
2.97167	-528
2.97533	-480
2.97900	-432
2.98267	-385
2.98633	-340
2.99000	-297
2.99367	-259
2.99733	-224
3.00100	-192
3.00467	-164
3.00833	-140
3.01200	-118
3.01567	-99
3.01933	-83
3.02300	-69
3.02667	-56
3.03033	-46
3.03400	-37
3.03767	-29
3.04133	-22
3.04500	-17
3.04867	-12
3.05233	-8
3.05600	-4
3.05967	-1
3.06333	2
3.06700	4
3.07067	7
3.07433	8
3.07800	10
3.08167	11
3.08533	12
3.08900	13
3.09267	14
3.09633	15
3.10000	16
3.10367	16
3.10733	16
3.11100	17
3.11467	17
3.11833	18
3.12200	18
3.12567	19
3.12933	19
3.13300	19
3.13667	19
3.14033	19
3.14400	19
3.14767	19
3.15133	19
3.15500	19
3.15867	19
3.16233	20
3.16600	20
3.16967	20
3.17333	20
3.17700	20
3.18067	21
3.18433	21
3.18800	21
3.19167	21
3.19533	21
3.19900	21
3.20267	22
3.20633	21
3.21000	21
3.21367	21
3.21733	21
3.22100	21
3.22467	21
3.22833	21
3.23200	21
3.23567	21
3.23933	21
3.24300	21
3.24667	21
3.25033	21
3.25400	22
3.25767	22
3.26133	22
3.26500	22
3.26867	22
3.27233	22
3.27600	22
3.27967	22
3.28333	23
3.28700	23
3.29067	23
3.29433	23
3.29800	24
3.30167	24
3.30533	24
3.30900	24
3.31267	25
3.31633	25
3.32000	25
3.32367	26
3.32733	26
3.33100	26
3.33467	26
3.33833	26
3.34200	27
3.34567	27
3.34933	27
3.35300	27
3.35667	27
3.36033	27
3.36400	27
3.36767	27
3.37133	27
3.37500	27
3.37867	27
3.38233	27
3.38600	27
3.38967	27
3.39333	27
3.39700	26
3.40067	26
3.40433	26
3.40800	27
3.41167	27
3.41533	27
3.41900	27
3.42267	27
3.42633	27
3.43000	27
3.43367	27
3.43733	27
3.44100	27
3.44467	27
3.44833	27
3.45200	27
3.45567	27
3.45933	27
3.46300	27
3.46667	27
3.47033	27
3.47400	27
3.47767	27
3.48133	27
3.48500	27
3.48867	27
3.49233	27
3.49600	27
3.49967	27
3.50333	27
3.50700	27
3.51067	27
3.51433	27
3.51800	27
3.52167	27
3.52533	26
3.52900	26
3.53267	26
3.53633	26
3.54000	25
3.54367	25
3.54733	26
3.55100	26
3.55467	26
3.55833	26
3.56200	26
3.56567	26
3.56933	26
3.57300	27
3.57667	27
3.58033	27
3.58400	27
3.58767	27
3.59133	27
3.59500	27
3.59867	27
3.60233	27
3.60600	27
3.60967	27
3.61333	27
3.61700	27
3.62067	26
3.62433	26
3.62800	26
3.63167	26
3.63533	27
3.63900	27
3.64267	27
3.64633	27
3.65000	26
3.65367	26
3.65733	26
3.66100	26
3.66467	26
3.66833	26
3.67200	26
3.67567	26
3.67933	26
3.68300	26
3.68667	26
3.69033	26
3.69400	26
3.69767	25
3.70133	25
3.70500	25
3.70867	24
3.71233	24
3.71600	24
3.71967	24
3.72333	24
3.72700	24
3.73067	24
3.73433	24
3.73800	24
3.74167	24
3.74533	24
3.74900	24
3.75267	24
3.75633	24
3.76000	24
3.76367	24
3.76733	24
3.77100	24
3.77467	24
3.77833	24
3.78200	25
3.78567	25
3.78933	25
3.79300	25
3.79667	25
3.80033	25
3.80400	26
3.80767	26
3.81133	26
3.81500	26
3.81867	27
3.82233	27
3.82600	27
3.82967	27
3.83333	27
3.83700	27
3.84067	27
3.84433	27
3.84800	27
3.85167	27
3.85533	27
3.85900	27
3.86267	27
3.86633	27
3.87000	27
3.87367	27
3.87733	27
3.88100	27
3.88467	27
3.88833	27
3.89200	27
3.89567	27
3.89933	27
3.90300	27
3.90667	27
3.91033	27
3.91400	27
3.91767	27
3.92133	27
3.92500	27
3.92867	27
3.93233	27
3.93600	27
3.93967	27
3.94333	27
3.94700	27
3.95067	27
3.95433	27
3.95800	27
3.96167	26
3.96533	26
3.96900	26
3.97267	26
3.97633	26
3.98000	26
3.98367	26
3.98733	26
3.99100	25
3.99467	25
3.99833	25

[Chromatogram (Ch3)]
Interval(msec)	220
# of Points	1091
Start Time(min)	0.002
End Time(min)	3.998
R.Time (min)	Intensity
0.00167	0
0.00533	2
0.00900	4
0.01267	5
0.01633	6
0.02000	5
0.02367	5
0.02733	4
0.03100	5
0.03467	5
0.03833	5
0.04200	5
0.04567	4
0.04933	3
0.05300	2
0.05667	1
0.06033	3
0.06400	3
0.06767	2
0.07133	4
0.07500	4
0.07867	7
0.08233	10
0.08600	10
0.08967	10
0.09333	10
0.09700	8
0.10067	7
0.10433	6
0.10800	8
0.11167	10
0.11533	9
0.11900	5
0.12267	2
0.12633	3
0.13000	4
0.13367	2
0.13733	2
0.14100	5
0.14467	7
0.14833	8
0.15200	9
0.15567	8
0.15933	8
0.16300	7
0.16667	5
0.17033	5
0.17400	5
0.17767	6
0.18133	7
0.18500	10
0.18867	11
0.19233	10
0.19600	8
0.19967	7
0.20333	8
0.20700	8
0.21067	7
0.21433	7
0.21800	8
0.22167	11
0.22533	13
0.22900	12
0.23267	13
0.23633	11
0.24000	12
0.24367	15
0.24733	14
0.25100	13
0.25467	12
0.25833	10
0.26200	11
0.26567	14
0.26933	13
0.27300	12
0.27667	13
0.28033	14
0.28400	14
0.28767	12
0.29133	12
0.29500	12
0.29867	12
0.30233	12
0.30600	9
0.30967	8
0.31333	8
0.31700	9
0.32067	11
0.32433	13
0.32800	14
0.33167	14
0.33533	13
0.33900	12
0.34267	11
0.34633	10
0.35000	11
0.35367	11
0.35733	11
0.36100	11
0.36467	9
0.36833	8
0.37200	10
0.37567	12
0.37933	12
0.38300	13
0.38667	15
0.39033	17
0.39400	19
0.39767	19
0.40133	16
0.40500	14
0.40867	12
0.41233	10
0.41600	10
0.41967	10
0.42333	11
0.42700	11
0.43067	11
0.43433	12
0.43800	12
0.44167	11
0.44533	12
0.44900	14
0.45267	13
0.45633	13
0.46000	13
0.46367	13
0.46733	16
0.47100	17
0.47467	17
0.47833	16
0.48200	13
0.48567	12
0.48933	11
0.49300	11
0.49667	11
0.50033	8
0.50400	8
0.50767	9
0.51133	10
0.51500	11
0.51867	10
0.52233	10
0.52600	12
0.52967	14
0.53333	12
0.53700	12
0.54067	12
0.54433	13
0.54800	15
0.55167	17
0.55533	20
0.55900	21
0.56267	21
0.56633	21
0.57000	21
0.57367	19
0.57733	15
0.58100	14
0.58467	14
0.58833	15
0.59200	16
0.59567	15
0.59933	17
0.60300	17
0.60667	16
0.61033	15
0.61400	15
0.61767	17
0.62133	17
0.62500	16
0.62867	16
0.63233	16
0.63600	14
0.63967	13
0.64333	14
0.64700	15
0.65067	16
0.65433	15
0.65800	13
0.66167	11
0.66533	12
0.66900	11
0.67267	10
0.67633	11
0.68000	11
0.68367	11
0.68733	14
0.69100	17
0.69467	16
0.69833	15
0.70200	14
0.70567	12
0.70933	12
0.71300	14
0.71667	17
0.72033	19
0.72400	19
0.72767	17
0.73133	16
0.73500	17
0.73867	17
0.74233	16
0.74600	14
0.74967	14
0.75333	14
0.75700	14
0.76067	14
0.76433	13
0.76800	14
0.77167	16
0.77533	18
0.77900	19
0.78267	20
0.78633	17
0.79000	14
0.79367	12
0.79733	12
0.80100	13
0.80467	16
0.80833	17
0.81200	18
0.81567	19
0.81933	21
0.82300	21
0.82667	18
0.83033	17
0.83400	17
0.83767	16
0.84133	15
0.84500	15
0.84867	15
0.85233	17
0.85600	19
0.85967	19
0.86333	17
0.86700	14
0.87067	11
0.87433	11
0.87800	13
0.88167	13
0.88533	13
0.88900	13
0.89267	12
0.89633	11
0.90000	11
0.90367	11
0.90733	13
0.91100	15
0.91467	15
0.91833	15
0.92200	15
0.92567	13
0.92933	11
0.93300	11
0.93667	12
0.94033	13
0.94400	14
0.94767	12
0.95133	11
0.95500	12
0.95867	15
0.96233	15
0.96600	13
0.96967	12
0.97333	14
0.97700	16
0.98067	16
0.98433	14
0.98800	14
0.99167	14
0.99533	14
0.99900	16
1.00267	16
1.00633	17
1.01000	14
1.01367	13
1.01733	12
1.02100	13
1.02467	15
1.02833	16
1.03200	16
1.03567	14
1.03933	10
1.04300	9
1.04667	10
1.05033	10
1.05400	12
1.05767	15
1.06133	16
1.06500	16
1.06867	15
1.07233	14
1.07600	14
1.07967	16
1.08333	16
1.08700	15
1.09067	15
1.09433	15
1.09800	15
1.10167	14
1.10533	14
1.10900	12
1.11267	9
1.11633	9
1.12000	10
1.12367	11
1.12733	11
1.13100	11
1.13467	13
1.13833	16
1.14200	18
1.14567	17
1.14933	16
1.15300	15
1.15667	15
1.16033	15
1.16400	16
1.16767	16
1.17133	15
1.17500	15
1.17867	14
1.18233	14
1.18600	14
1.18967	12
1.19333	11
1.19700	11
1.20067	13
1.20433	14
1.20800	13
1.21167	12
1.21533	11
1.21900	11
1.22267	12
1.22633	14
1.23000	15
1.23367	13
1.23733	12
1.24100	12
1.24467	10
1.24833	10
1.25200	11
1.25567	11
1.25933	12
1.26300	12
1.26667	14
1.27033	14
1.27400	13
1.27767	12
1.28133	10
1.28500	10
1.28867	11
1.29233	12
1.29600	10
1.29967	9
1.30333	10
1.30700	9
1.31067	8
1.31433	8
1.31800	10
1.32167	10
1.32533	11
1.32900	10
1.33267	10
1.33633	9
1.34000	10
1.34367	12
1.34733	13
1.35100	11
1.35467	10
1.35833	10
1.36200	10
1.36567	9
1.36933	9
1.37300	8
1.37667	8
1.38033	8
1.38400	8
1.38767	9
1.39133	11
1.39500	13
1.39867	13
1.40233	11
1.40600	9
1.40967	6
1.41333	4
1.41700	4
1.42067	5
1.42433	6
1.42800	6
1.43167	6
1.43533	7
1.43900	6
1.44267	5
1.44633	5
1.45000	5
1.45367	7
1.45733	9
1.46100	12
1.46467	12
1.46833	12
1.47200	12
1.47567	10
1.47933	11
1.48300	11
1.48667	12
1.49033	11
1.49400	11
1.49767	12
1.50133	10
1.50500	8
1.50867	5
1.51233	2
1.51600	1
1.51967	1
1.52333	2
1.52700	2
1.53067	2
1.53433	2
1.53800	4
1.54167	5
1.54533	5
1.54900	5
1.55267	6
1.55633	7
1.56000	7
1.56367	4
1.56733	2
1.57100	1
1.57467	-0
1.57833	1
1.58200	5
1.58567	9
1.58933	9
1.59300	9
1.59667	9
1.60033	8
1.60400	7
1.60767	8
1.61133	8
1.61500	6
1.61867	4
1.62233	5
1.62600	6
1.62967	7
1.63333	9
1.63700	11
1.64067	10
1.64433	8
1.64800	9
1.65167	8
1.65533	9
1.65900	14
1.66267	19
1.66633	20
1.67000	19
1.67367	17
1.67733	17
1.68100	18
1.68467	19
1.68833	22
1.69200	25
1.69567	26
1.69933	24
1.70300	21
1.70667	20
1.71033	19
1.71400	19
1.71767	21
1.72133	23
1.72500	22
1.72867	21
1.73233	20
1.73600	19
1.73967	18
1.74333	21
1.74700	23
1.75067	22
1.75433	21
1.75800	19
1.76167	17
1.76533	14
1.76900	14
1.77267	18
1.77633	20
1.78000	21
1.78367	23
1.78733	25
1.79100	25
1.79467	25
1.79833	26
1.80200	28
1.80567	31
1.80933	34
1.81300	37
1.81667	36
1.82033	34
1.82400	32
1.82767	32
1.83133	33
1.83500	34
1.83867	33
1.84233	33
1.84600	34
1.84967	33
1.85333	32
1.85700	31
1.86067	30
1.86433	32
1.86800	34
1.87167	34
1.87533	33
1.87900	32
1.88267	32
1.88633	33
1.89000	36
1.89367	39
1.89733	40
1.90100	40
1.90467	36
1.90833	32
1.91200	30
1.91567	32
1.91933	34
1.92300	36
1.92667	37
1.93033	36
1.93400	35
1.93767	35
1.94133	37
1.94500	38
1.94867	39
1.95233	40
1.95600	40
1.95967	42
1.96333	44
1.96700	45
1.97067	45
1.97433	46
1.97800	48
1.98167	50
1.98533	52
1.98900	54
1.99267	56
1.99633	55
2.00000	54
2.00367	54
2.00733	55
2.01100	55
2.01467	55
2.01833	56
2.02200	57
2.02567	59
2.02933	59
2.03300	58
2.03667	57
2.04033	58
2.04400	61
2.04767	63
2.05133	64
2.05500	65
2.05867	64
2.06233	65
2.06600	65
2.06967	65
2.07333	65
2.07700	65
2.08067	65
2.08433	65
2.08800	66
2.09167	68
2.09533	71
2.09900	74
2.10267	75
2.10633	76
2.11000	77
2.11367	77
2.11733	78
2.12100	76
2.12467	74
2.12833	75
2.13200	78
2.13567	80
2.13933	81
2.14300	82
2.14667	85
2.15033	89
2.15400	91
2.15767	90
2.16133	91
2.16500	93
2.16867	93
2.17233	92
2.17600	94
2.17967	95
2.18333	96
2.18700	97
2.19067	98
2.19433	100
2.19800	103
2.20167	104
2.20533	101
2.20900	99
2.21267	99
2.21633	101
2.22000	103
2.22367	104
2.22733	105
2.23100	107
2.23467	106
2.23833	106
2.24200	105
2.24567	107
2.24933	110
2.25300	111
2.25667	113
2.26033	115
2.26400	113
2.26767	114
2.27133	115
2.27500	115
2.27867	118
2.28233	119
2.28600	121
2.28967	123
2.29333	125
2.29700	128
2.30067	129
2.30433	130
2.30800	131
2.31167	132
2.31533	131
2.31900	128
2.32267	127
2.32633	130
2.33000	132
2.33367	134
2.33733	137
2.34100	140
2.34467	141
2.34833	141
2.35200	139
2.35567	137
2.35933	135
2.36300	134
2.36667	132
2.37033	131
2.37400	132
2.37767	136
2.38133	139
2.38500	142
2.38867	143
2.39233	142
2.39600	142
2.39967	145
2.40333	151
2.40700	157
2.41067	163
2.41433	166
2.41800	169
2.42167	170
2.42533	171
2.42900	172
2.43267	171
2.43633	168
2.44000	169
2.44367	206
2.44733	301
2.45100	412
2.45467	502
2.45833	545
2.46200	552
2.46567	548
2.46933	546
2.47300	536
2.47667	513
2.48033	480
2.48400	441
2.48767	404
2.49133	379
2.49500	365
2.49867	360
2.50233	362
2.50600	370
2.50967	382
2.51333	391
2.51700	392
2.52067	386
2.52433	371
2.52800	349
2.53167	326
2.53533	305
2.53900	286
2.54267	270
2.54633	259
2.55000	252
2.55367	246
2.55733	241
2.56100	239
2.56467	239
2.56833	238
2.57200	238
2.57567	242
2.57933	247
2.58300	255
2.58667	261
2.59033	269
2.59400	280
2.59767	294
2.60133	306
2.60500	317
2.60867	323
2.61233	328
2.61600	328
2.61967	320
2.62333	304
2.62700	278
2.63067	247
2.63433	214
2.63800	181
2.64167	148
2.64533	120
2.64900	97
2.65267	80
2.65633	71
2.66000	62
2.66367	56
2.66733	54
2.67100	54
2.67467	53
2.67833	54
2.68200	57
2.68567	64
2.68933	70
2.69300	75
2.69667	82
2.70033	86
2.70400	88
2.70767	89
2.71133	99
2.71500	117
2.71867	142
2.72233	166
2.72600	187
2.72967	205
2.73333	224
2.73700	248
2.74067	283
2.74433	325
2.74800	371
2.75167	418
2.75533	465
2.75900	512
2.76267	555
2.76633	597
2.77000	635
2.77367	670
2.77733	702
2.78100	731
2.78467	755
2.78833	774
2.79200	791
2.79567	804
2.79933	816
2.80300	827
2.80667	836
2.81033	842
2.81400	843
2.81767	840
2.82133	839
2.82500	838
2.82867	835
2.83233	829
2.83600	826
2.83967	829
2.84333	848
2.84700	900
2.85067	1002
2.85433	1178
2.85800	1442
2.86167	1795
2.86533	2219
2.86900	2668
2.87267	3096
2.87633	3461
2.88000	3726
2.88367	3873
2.88733	3905
2.89100	3840
2.89467	3696
2.89833	3498
2.90200	3272
2.90567	3031
2.90933	2791
2.91300	2562
2.91667	2347
2.92033	2150
2.92400	1975
2.92767	1818
2.93133	1674
2.93500	1547
2.93867	1436
2.94233	1338
2.94600	1255
2.94967	1184
2.95333	1125
2.95700	1073
2.96067	1028
2.96433	988
2.96800	955
2.97167	926
2.97533	902
2.97900	882
2.98267	866
2.98633	852
2.99000	840
2.99367	828
2.99733	819
3.00100	811
3.00467	805
3.00833	803
3.01200	802
3.01567	799
3.01933	794
3.02300	795
3.02667	797
3.03033	800
3.03400	802
3.03767	804
3.04133	803
3.04500	802
3.04867	801
3.05233	803
3.05600	804
3.05967	806
3.06333	806
3.06700	805
3.07067	806
3.07433	808
3.07800	809
3.08167	810
3.08533	812
3.08900	812
3.09267	811
3.09633	813
3.10000	812
3.10367	812
3.10733	809
3.11100	804
3.11467	802
3.11833	800
3.12200	798
3.12567	796
3.12933	795
3.13300	794
3.13667	793
3.14033	789
3.14400	785
3.14767	781
3.15133	778
3.15500	775
3.15867	769
3.16233	764
3.16600	759
3.16967	756
3.17333	754
3.17700	752
3.18067	747
3.18433	740
3.18800	734
3.19167	727
3.19533	721
3.19900	716
3.20267	712
3.20633	708
3.21000	703
3.21367	699
3.21733	695
3.22100	689
3.22467	684
3.22833	681
3.23200	679
3.23567	676
3.23933	671
3.24300	664
3.24667	658
3.25033	653
3.25400	650
3.25767	648
3.26133	646
3.26500	642
3.26867	635
3.27233	629
3.27600	621
3.27967	613
3.28333	606
3.28700	601
3.29067	597
3.29433	594
3.29800	589
3.30167	585
3.30533	581
3.30900	576
3.31267	570
3.31633	565
3.32000	561
3.32367	556
3.32733	552
3.33100	549
3.33467	548
3.33833	543
3.34200	536
3.34567	533
3.34933	528
3.35300	524
3.35667	520
3.36033	517
3.36400	513
3.36767	508
3.37133	506
3.37500	503
3.37867	499
3.38233	494
3.38600	491
3.38967	489
3.39333	488
3.39700	485
3.40067	482
3.40433	478
3.40800	475
3.41167	471
3.41533	469
3.41900	466
3.42267	462
3.42633	459
3.43000	456
3.43367	451
3.43733	449
3.44100	448
3.44467	446
3.44833	442
3.45200	437
3.45567	435
3.45933	432
3.46300	428
3.46667	427
3.47033	424
3.47400	421
3.47767	418
3.48133	419
3.48500	417
3.48867	416
3.49233	416
3.49600	414
3.49967	411
3.50333	408
3.50700	406
3.51067	403
3.51433	400
3.51800	397
3.52167	395
3.52533	392
3.52900	392
3.53267	393
3.53633	392
3.54000	387
3.54367	385
3.54733	384
3.55100	382
3.55467	381
3.55833	379
3.56200	377
3.56567	376
3.56933	372
3.57300	367
3.57667	365
3.58033	365
3.58400	366
3.58767	364
3.59133	362
3.59500	360
3.59867	360
3.60233	359
3.60600	358
3.60967	356
3.61333	356
3.61700	355
3.62067	352
3.62433	349
3.62800	346
3.63167	347
3.63533	347
3.63900	347
3.64267	347
3.64633	345
3.65000	343
3.65367	343
3.65733	343
3.66100	343
3.66467	345
3.66833	344
3.67200	343
3.67567	341
3.67933	339
3.68300	338
3.68667	337
3.69033	339
3.69400	341
3.69767	341
3.70133	339
3.70500	337
3.70867	335
3.71233	335
3.71600	335
3.71967	336
3.72333	336
3.72700	334
3.73067	331
3.73433	329
3.73800	329
3.74167	329
3.74533	329
3.74900	330
3.75267	332
3.75633	330
3.76000	328
3.76367	327
3.76733	328
3.77100	328
3.77467	329
3.77833	328
3.78200	327
3.78567	324
3.78933	321
3.79300	320
3.79667	322
3.80033	321
3.80400	319
3.80767	319
3.81133	321
3.81500	322
3.81867	322
3.82233	321
3.82600	322
3.82967	324
3.83333	323
3.83700	320
3.84067	320
3.84433	321
3.84800	322
3.85167	324
3.85533	325
3.85900	321
3.86267	321
3.86633	321
3.87000	322
3.87367	322
3.87733	322
3.88100	320
3.88467	321
3.88833	320
3.89200	318
3.89567	317
3.89933	318
3.90300	320
3.90667	320
3.91033	318
3.91400	317
3.91767	316
3.92133	316
3.92500	316
3.92867	319
3.93233	320
3.93600	320
3.93967	316
3.94333	313
3.94700	312
3.95067	312
3.95433	311
3.95800	310
3.96167	310
3.96533	310
3.96900	309
3.97267	310
3.97633	311
3.98000	312
3.98367	312
3.98733	310
3.99100	310
3.99467	309
3.99833	306

[Status Trace (Column Oven Temperature)]
Interval(msec)	1000
# of Points	240
Start Time(min)	0.002
End Time(min)	3.986
Intensity Units	
Intensity Multiplier	1
R.Time (min)	Intensity
0.00230	35.01
0.01897	35.00
0.03563	35.00
0.05230	35.00
0.06897	35.00
0.08563	35.00
0.10230	34.99
0.11897	35.00
0.13563	34.99
0.15230	34.99
0.16897	35.00
0.18563	35.01
0.20230	35.00
0.21897	35.01
0.23563	35.01
0.25230	35.00
0.26897	35.00
0.28563	35.00
0.30230	35.01
0.31897	35.00
0.33563	35.00
0.35230	35.00
0.36897	34.99
0.38563	34.99
0.40230	34.99
0.41897	34.99
0.43563	34.99
0.45230	34.99
0.46897	35.00
0.48563	35.00
0.50230	35.00
0.51897	35.00
0.53563	35.00
0.55230	35.00
0.56897	35.01
0.58563	35.01
0.60230	35.01
0.61897	35.01
0.63563	35.00
0.65230	35.00
0.66897	34.99
0.68563	34.98
0.70230	34.99
0.71897	35.00
0.73563	34.99
0.75230	35.00
0.76897	35.00
0.78563	35.01
0.80230	35.01
0.81897	35.01
0.83563	35.01
0.85230	35.01
0.86897	35.01
0.88563	35.00
0.90230	34.99
0.91897	34.99
0.93563	34.99
0.95230	34.99
0.96897	34.98
0.98563	34.99
1.00230	34.99
1.01897	34.99
1.03563	34.99
1.05230	35.00
1.06897	35.01
1.08563	35.01
1.10230	35.00
1.11897	35.00
1.13563	35.01
1.15230	35.00
1.16897	35.00
1.18563	34.99
1.20230	34.99
1.21897	34.98
1.23563	34.99
1.25230	34.98
1.26897	34.98
1.28563	34.99
1.30230	34.99
1.31897	35.00
1.33563	34.99
1.35230	34.99
1.36897	34.98
1.38563	34.98
1.40230	34.99
1.41897	34.99
1.43563	34.99
1.45230	34.99
1.46897	34.99
1.48563	34.99
1.50230	35.00
1.51897	35.00
1.53563	35.00
1.55230	35.01
1.56897	35.01
1.58563	35.01
1.60230	35.04
1.61897	35.13
1.63563	35.30
1.65230	35.52
1.66897	35.82
1.68563	36.19
1.70230	36.54
1.71897	36.88
1.73563	37.23
1.75230	37.56
1.76897	37.87
1.78563	38.20
1.80230	38.55
1.81897	38.86
1.83563	39.20
1.85230	39.53
1.86897	39.86
1.88563	40.18
1.90230	40.51
1.91897	40.83
1.93563	41.17
1.95230	41.48
1.96897	41.81
1.98563	42.14
2.00230	42.47
2.01897	42.79
2.03563	43.12
2.05230	43.44
2.06897	43.77
2.08563	44.10
2.10230	44.43
2.11897	44.75
2.13563	45.07
2.15230	45.39
2.16897	45.73
2.18563	46.06
2.20230	46.41
2.21897	46.72
2.23563	47.05
2.25230	47.40
2.26897	47.70
2.28563	48.05
2.30230	48.37
2.31897	48.69
2.33563	49.04
2.35230	49.32
2.36897	49.54
2.38563	49.65
2.40230	49.64
2.41897	49.65
2.43563	49.66
2.45230	49.66
2.46897	49.67
2.48563	49.68
2.50230	49.68
2.51897	49.69
2.53563	49.71
2.55230	49.71
2.56897	49.73
2.58563	49.74
2.60230	49.76
2.61897	49.77
2.63563	49.82
2.65230	49.82
2.66897	49.83
2.68563	49.84
2.70230	49.84
2.71897	49.86
2.73563	49.86
2.75230	49.85
2.76897	49.85
2.78563	49.87
2.80230	49.88
2.81897	49.87
2.83563	49.86
2.85230	49.86
2.86897	49.87
2.88563	49.88
2.90230	49.90
2.91897	49.90
2.93563	49.91
2.95230	49.93
2.96897	49.93
2.98563	49.94
3.00230	49.96
3.01897	49.97
3.03563	49.99
3.05230	50.00
3.06897	50.00
3.08563	50.01
3.10230	50.02
3.11897	50.02
3.13563	50.03
3.15230	50.04
3.16897	50.05
3.18563	50.05
3.20230	50.06
3.21897	50.07
3.23563	50.08
3.25230	50.09
3.26897	50.10
3.28563	50.10
3.30230	50.10
3.31897	50.10
3.33563	50.08
3.35230	50.08
3.36897	50.06
3.38563	50.06
3.40230	50.06
3.41897	50.06
3.43563	50.05
3.45230	50.04
3.46897	50.04
3.48563	50.04
3.50230	50.04
3.51897	50.04
3.53563	50.06
3.55230	50.05
3.56897	50.05
3.58563	50.04
3.60230	50.04
3.61897	50.05
3.63563	50.05
3.65230	50.05
3.66897	50.05
3.68563	50.06
3.70230	50.07
3.71897	50.08
3.73563	50.08
3.75230	50.08
3.76897	50.08
3.78563	50.08
3.80230	50.08
3.81897	50.07
3.83563	50.07
3.85230	50.06
3.86897	50.05
3.88563	50.06
3.90230	50.06
3.91897	50.06
3.93563	50.06
3.95230	50.05
3.96897	50.06
3.98563	50.06

[Status Trace (Injection Unit Temperature)]
Interval(msec)	1000
# of Points	240
Start Time(min)	0.002
End Time(min)	3.986
Intensity Units	
Intensity Multiplier	1
R.Time (min)	Intensity
0.00230	99.98
0.01897	99.98
0.03563	99.98
0.05230	99.98
0.06897	99.99
0.08563	99.98
0.10230	99.98
0.11897	99.98
0.13563	99.99
0.15230	99.98
0.16897	99.99
0.18563	99.98
0.20230	99.99
0.21897	99.98
0.23563	99.98
0.25230	99.98
0.26897	99.98
0.28563	99.98
0.30230	99.98
0.31897	99.98
0.33563	99.99
0.35230	99.98
0.36897	99.98
0.38563	99.98
0.40230	99.98
0.41897	99.98
0.43563	99.98
0.45230	99.98
0.46897	99.98
0.48563	99.98
0.50230	99.98
0.51897	99.98
0.53563	99.98
0.55230	99.98
0.56897	99.98
0.58563	99.98
0.60230	99.98
0.61897	99.98
0.63563	99.97
0.65230	99.98
0.66897	99.98
0.68563	99.98
0.70230	99.98
0.71897	99.98
0.73563	99.97
0.75230	99.98
0.76897	99.98
0.78563	99.97
0.80230	99.98
0.81897	99.98
0.83563	99.98
0.85230	99.98
0.86897	99.98
0.88563	99.98
0.90230	99.98
0.91897	99.98
0.93563	99.99
0.95230	99.98
0.96897	99.98
0.98563	99.99
1.00230	99.99
1.01897	99.99
1.03563	99.99
1.05230	99.99
1.06897	99.99
1.08563	99.99
1.10230	99.99
1.11897	99.99
1.13563	99.99
1.15230	99.99
1.16897	99.99
1.18563	99.99
1.20230	99.99
1.21897	99.99
1.23563	99.99
1.25230	99.99
1.26897	99.99
1.28563	99.99
1.30230	99.99
1.31897	99.99
1.33563	99.99
1.35230	100.00
1.36897	100.00
1.38563	99.99
1.40230	99.99
1.41897	100.00
1.43563	99.99
1.45230	99.99
1.46897	99.99
1.48563	100.00
1.50230	99.99
1.51897	99.99
1.53563	100.00
1.55230	99.99
1.56897	100.00
1.58563	100.00
1.60230	100.00
1.61897	100.00
1.63563	100.00
1.65230	100.00
1.66897	100.00
1.68563	100.00
1.70230	100.00
1.71897	99.99
1.73563	99.99
1.75230	99.99
1.76897	99.99
1.78563	100.00
1.80230	99.99
1.81897	99.99
1.83563	99.99
1.85230	99.99
1.86897	99.99
1.88563	99.99
1.90230	99.99
1.91897	99.99
1.93563	99.98
1.95230	99.99
1.96897	99.99
1.98563	99.99
2.00230	99.98
2.01897	99.98
2.03563	99.98
2.05230	99.98
2.06897	99.98
2.08563	99.98
2.10230	99.98
2.11897	99.98
2.13563	99.98
2.15230	99.97
2.16897	99.97
2.18563	99.97
2.20230	99.98
2.21897	99.97
2.23563	99.97
2.25230	99.97
2.26897	99.97
2.28563	99.97
2.30230	99.97
2.31897	99.97
2.33563	99.97
2.35230	99.97
2.36897	99.97
2.38563	99.97
2.40230	99.97
2.41897	99.97
2.43563	99.97
2.45230	99.97
2.46897	99.97
2.48563	99.97
2.50230	99.98
2.51897	99.98
2.53563	99.98
2.55230	99.97
2.56897	99.97
2.58563	99.98
2.60230	99.98
2.61897	99.98
2.63563	99.98
2.65230	99.98
2.66897	99.98
2.68563	99.98
2.70230	99.99
2.71897	99.99
2.73563	99.99
2.75230	99.99
2.76897	99.99
2.78563	99.99
2.80230	99.99
2.81897	100.00
2.83563	99.99
2.85230	100.00
2.86897	99.99
2.88563	100.00
2.90230	100.00
2.91897	100.00
2.93563	100.00
2.95230	100.00
2.96897	100.00
2.98563	100.00
3.00230	100.01
3.01897	100.01
3.03563	100.01
3.05230	100.01
3.06897	100.01
3.08563	100.01
3.10230	100.01
3.11897	100.01
3.13563	100.02
3.15230	100.02
3.16897	100.01
3.18563	100.02
3.20230	100.02
3.21897	100.02
3.23563	100.02
3.25230	100.02
3.26897	100.02
3.28563	100.02
3.30230	100.02
3.31897	100.02
3.33563	100.03
3.35230	100.03
3.36897	100.03
3.38563	100.03
3.40230	100.03
3.41897	100.03
3.43563	100.03
3.45230	100.03
3.46897	100.03
3.48563	100.03
3.50230	100.03
3.51897	100.04
3.53563	100.04
3.55230	100.04
3.56897	100.04
3.58563	100.04
3.60230	100.04
3.61897	100.04
3.63563	100.04
3.65230	100.04
3.66897	100.04
3.68563	100.04
3.70230	100.04
3.71897	100.05
3.73563	100.05
3.75230	100.05
3.76897	100.05
3.78563	100.05
3.80230	100.05
3.81897	100.04
3.83563	100.05
3.85230	100.05
3.86897	100.05
3.88563	100.05
3.90230	100.05
3.91897	100.05
3.93563	100.05
3.95230	100.05
3.96897	100.06
3.98563	100.05

[Status Trace (Carrier Gas Pressure)]
Interval(msec)	1000
# of Points	240
Start Time(min)	0.002
End Time(min)	3.986
Intensity Units	
Intensity Multiplier	1
R.Time (min)	Intensity
0.00230	58.00
0.01897	56.30
0.03563	56.21
0.05230	58.53
0.06897	59.86
0.08563	58.33
0.10230	57.97
0.11897	58.01
0.13563	58.01
0.15230	58.01
0.16897	58.00
0.18563	58.00
0.20230	58.00
0.21897	58.00
0.23563	58.00
0.25230	58.00
0.26897	58.00
0.28563	58.00
0.30230	58.00
0.31897	58.00
0.33563	58.00
0.35230	58.00
0.36897	58.00
0.38563	58.00
0.40230	58.00
0.41897	58.00
0.43563	58.00
0.45230	58.00
0.46897	58.00
0.48563	58.00
0.50230	58.00
0.51897	58.00
0.53563	58.00
0.55230	58.00
0.56897	58.00
0.58563	58.00
0.60230	58.00
0.61897	58.00
0.63563	58.00
0.65230	58.00
0.66897	58.00
0.68563	58.00
0.70230	58.00
0.71897	58.00
0.73563	58.00
0.75230	58.00
0.76897	58.00
0.78563	58.00
0.80230	58.00
0.81897	58.00
0.83563	58.00
0.85230	58.00
0.86897	58.00
0.88563	58.00
0.90230	58.00
0.91897	58.00
0.93563	58.00
0.95230	58.00
0.96897	58.00
0.98563	58.00
1.00230	58.00
1.01897	58.00
1.03563	58.00
1.05230	58.00
1.06897	58.00
1.08563	58.00
1.10230	58.00
1.11897	58.00
1.13563	58.00
1.15230	58.00
1.16897	58.00
1.18563	58.00
1.20230	58.00
1.21897	58.00
1.23563	58.00
1.25230	58.00
1.26897	58.00
1.28563	58.00
1.30230	58.00
1.31897	58.00
1.33563	58.00
1.35230	58.00
1.36897	58.00
1.38563	58.00
1.40230	58.00
1.41897	58.00
1.43563	58.00
1.45230	58.00
1.46897	58.00
1.48563	58.00
1.50230	58.00
1.51897	58.00
1.53563	58.00
1.55230	58.00
1.56897	58.00
1.58563	58.00
1.60230	58.00
1.61897	58.00
1.63563	58.01
1.65230	58.00
1.66897	58.01
1.68563	58.01
1.70230	58.00
1.71897	58.00
1.73563	58.00
1.75230	58.00
1.76897	58.00
1.78563	58.00
1.80230	58.00
1.81897	58.00
1.83563	58.00
1.85230	58.00
1.86897	58.00
1.88563	58.00
1.90230	58.00
1.91897	58.00
1.93563	58.00
1.95230	58.00
1.96897	58.00
1.98563	58.00
2.00230	58.00
2.01897	58.00
2.03563	58.00
2.05230	58.00
2.06897	58.00
2.08563	58.00
2.10230	58.00
2.11897	58.00
2.13563	58.00
2.15230	58.00
2.16897	58.00
2.18563	58.00
2.20230	58.00
2.21897	58.00
2.23563	58.00
2.25230	58.00
2.26897	58.00
2.28563	58.00
2.30230	58.00
2.31897	58.00
2.33563	58.00
2.35230	58.00
2.36897	58.00
2.38563	57.99
2.40230	57.99
2.41897	58.00
2.43563	58.00
2.45230	58.00
2.46897	58.00
2.48563	58.00
2.50230	57.99
2.51897	58.03
2.53563	57.99
2.55230	58.00
2.56897	58.00
2.58563	58.00
2.60230	58.00
2.61897	58.00
2.63563	58.00
2.65230	58.00
2.66897	58.00
2.68563	58.00
2.70230	58.00
2.71897	58.00
2.73563	58.00
2.75230	58.00
2.76897	58.00
2.78563	58.00
2.80230	58.00
2.81897	58.00
2.83563	58.00
2.85230	58.00
2.86897	58.00
2.88563	58.00
2.90230	58.00
2.91897	58.00
2.93563	58.00
2.95230	58.00
2.96897	58.00
2.98563	58.00
3.00230	58.00
3.01897	58.00
3.03563	58.00
3.05230	58.00
3.06897	58.00
3.08563	58.00
3.10230	58.00
3.11897	58.00
3.13563	58.00
3.15230	58.00
3.16897	58.00
3.18563	58.00
3.20230	58.00
3.21897	58.00
3.23563	58.00
3.25230	58.00
3.26897	58.00
3.28563	58.00
3.30230	58.00
3.31897	58.00
3.33563	58.00
3.35230	58.00
3.36897	58.00
3.38563	58.00
3.40230	58.00
3.41897	58.00
3.43563	58.00
3.45230	58.00
3.46897	58.00
3.48563	58.00
3.50230	58.00
3.51897	58.00
3.53563	58.00
3.55230	58.00
3.56897	58.00
3.58563	58.00
3.60230	58.00
3.61897	58.00
3.63563	58.00
3.65230	58.00
3.66897	58.00
3.68563	58.00
3.70230	58.00
3.71897	58.00
3.73563	58.00
3.75230	58.00
3.76897	58.00
3.78563	58.00
3.80230	58.00
3.81897	58.00
3.83563	58.00
3.85230	58.00
3.86897	58.00
3.88563	58.00
3.90230	58.00
3.91897	58.00
3.93563	58.00
3.95230	58.00
3.96897	58.00
3.98563	58.00

[Status Trace (Carrier Gas Flow)]
Interval(msec)	1000
# of Points	240
Start Time(min)	0.002
End Time(min)	3.986
Intensity Units	
Intensity Multiplier	1
R.Time (min)	Intensity
0.00230	34.52
0.01897	34.56
0.03563	34.55
0.05230	34.55
0.06897	34.49
0.08563	34.52
0.10230	34.52
0.11897	34.52
0.13563	34.52
0.15230	34.52
0.16897	34.52
0.18563	34.52
0.20230	34.52
0.21897	34.52
0.23563	34.52
0.25230	34.52
0.26897	34.52
0.28563	34.52
0.30230	34.52
0.31897	34.52
0.33563	34.52
0.35230	34.52
0.36897	34.52
0.38563	34.52
0.40230	34.52
0.41897	34.52
0.43563	34.52
0.45230	34.52
0.46897	34.52
0.48563	34.52
0.50230	34.52
0.51897	34.52
0.53563	34.52
0.55230	34.52
0.56897	34.52
0.58563	34.52
0.60230	34.52
0.61897	34.52
0.63563	34.52
0.65230	34.52
0.66897	34.52
0.68563	34.52
0.70230	34.52
0.71897	34.52
0.73563	34.52
0.75230	34.52
0.76897	34.52
0.78563	34.52
0.80230	34.52
0.81897	34.52
0.83563	34.52
0.85230	34.52
0.86897	34.52
0.88563	34.52
0.90230	34.52
0.91897	34.52
0.93563	34.52
0.95230	34.52
0.96897	34.52
0.98563	34.52
1.00230	34.52
1.01897	34.52
1.03563	34.52
1.05230	34.52
1.06897	34.52
1.08563	34.52
1.10230	34.52
1.11897	34.52
1.13563	34.51
1.15230	34.52
1.16897	34.52
1.18563	34.52
1.20230	34.53
1.21897	34.52
1.23563	34.52
1.25230	34.52
1.26897	34.53
1.28563	34.52
1.30230	34.52
1.31897	34.52
1.33563	34.52
1.35230	34.52
1.36897	34.52
1.38563	34.52
1.40230	34.52
1.41897	34.52
1.43563	34.52
1.45230	34.52
1.46897	34.52
1.48563	34.52
1.50230	34.52
1.51897	34.53
1.53563	34.51
1.55230	34.52
1.56897	34.52
1.58563	34.52
1.60230	34.52
1.61897	34.51
1.63563	34.53
1.65230	34.51
1.66897	34.52
1.68563	34.52
1.70230	34.52
1.71897	34.52
1.73563	34.52
1.75230	34.52
1.76897	34.52
1.78563	34.52
1.80230	34.52
1.81897	34.52
1.83563	34.52
1.85230	34.52
1.86897	34.52
1.88563	34.53
1.90230	34.52
1.91897	34.51
1.93563	34.52
1.95230	34.53
1.96897	34.53
1.98563	34.52
2.00230	34.51
2.01897	34.53
2.03563	34.52
2.05230	34.52
2.06897	34.52
2.08563	34.52
2.10230	34.52
2.11897	34.52
2.13563	34.53
2.15230	34.52
2.16897	34.52
2.18563	34.52
2.20230	34.52
2.21897	34.52
2.23563	34.52
2.25230	34.52
2.26897	34.52
2.28563	34.52
2.30230	34.52
2.31897	34.52
2.33563	34.52
2.35230	34.52
2.36897	34.52
2.38563	34.52
2.40230	34.52
2.41897	34.52
2.43563	34.52
2.45230	34.52
2.46897	34.52
2.48563	34.52
2.50230	34.54
2.51897	34.52
2.53563	34.52
2.55230	34.52
2.56897	34.52
2.58563	34.52
2.60230	34.52
2.61897	34.52
2.63563	34.52
2.65230	34.52
2.66897	34.52
2.68563	34.52
2.70230	34.52
2.71897	34.52
2.73563	34.52
2.75230	34.52
2.76897	34.52
2.78563	34.52
2.80230	34.52
2.81897	34.52
2.83563	34.52
2.85230	34.52
2.86897	34.52
2.88563	34.52
2.90230	34.52
2.91897	34.52
2.93563	34.52
2.95230	34.52
2.96897	34.52
2.98563	34.52
3.00230	34.52
3.01897	34.52
3.03563	34.52
3.05230	34.52
3.06897	34.52
3.08563	34.52
3.10230	34.52
3.11897	34.52
3.13563	34.52
3.15230	34.52
3.16897	34.52
3.18563	34.52
3.20230	34.52
3.21897	34.52
3.23563	34.52
3.25230	34.52
3.26897	34.52
3.28563	34.52
3.30230	34.52
3.31897	34.52
3.33563	34.52
3.35230	34.52
3.36897	34.52
3.38563	34.52
3.40230	34.52
3.41897	34.52
3.43563	34.52
3.45230	34.52
3.46897	34.52
3.48563	34.52
3.50230	34.52
3.51897	34.52
3.53563	34.52
3.55230	34.52
3.56897	34.52
3.58563	34.52
3.60230	34.52
3.61897	34.52
3.63563	34.52
3.65230	34.52
3.66897	34.52
3.68563	34.52
3.70230	34.52
3.71897	34.52
3.73563	34.52
3.75230	34.52
3.76897	34.52
3.78563	34.52
3.80230	34.52
3.81897	34.52
3.83563	34.52
3.85230	34.52
3.86897	34.52
3.88563	34.52
3.90230	34.52
3.91897	34.52
3.93563	34.52
3.95230	34.52
3.96897	34.52
3.98563	34.52

[Status Trace (Column Flow)]
Interval(msec)	1000
# of Points	240
Start Time(min)	0.002
End Time(min)	3.986
Intensity Units	
Intensity Multiplier	1
R.Time (min)	Intensity
0.00230	5.57
0.01897	5.37
0.03563	5.36
0.05230	5.63
0.06897	5.79
0.08563	5.61
0.10230	5.56
0.11897	5.57
0.13563	5.57
0.15230	5.57
0.16897	5.57
0.18563	5.57
0.20230	5.57
0.21897	5.57
0.23563	5.57
0.25230	5.57
0.26897	5.57
0.28563	5.57
0.30230	5.57
0.31897	5.57
0.33563	5.57
0.35230	5.57
0.36897	5.57
0.38563	5.57
0.40230	5.57
0.41897	5.57
0.43563	5.57
0.45230	5.57
0.46897	5.57
0.48563	5.57
0.50230	5.57
0.51897	5.57
0.53563	5.57
0.55230	5.57
0.56897	5.57
0.58563	5.57
0.60230	5.57
0.61897	5.57
0.63563	5.57
0.65230	5.57
0.66897	5.57
0.68563	5.57
0.70230	5.57
0.71897	5.57
0.73563	5.57
0.75230	5.57
0.76897	5.57
0.78563	5.57
0.80230	5.57
0.81897	5.57
0.83563	5.57
0.85230	5.57
0.86897	5.57
0.88563	5.57
0.90230	5.57
0.91897	5.57
0.93563	5.57
0.95230	5.57
0.96897	5.57
0.98563	5.57
1.00230	5.57
1.01897	5.57
1.03563	5.57
1.05230	5.57
1.06897	5.57
1.08563	5.57
1.10230	5.57
1.11897	5.57
1.13563	5.57
1.15230	5.57
1.16897	5.57
1.18563	5.57
1.20230	5.57
1.21897	5.57
1.23563	5.57
1.25230	5.57
1.26897	5.57
1.28563	5.57
1.30230	5.57
1.31897	5.57
1.33563	5.57
1.35230	5.57
1.36897	5.57
1.38563	5.57
1.40230	5.57
1.41897	5.57
1.43563	5.57
1.45230	5.57
1.46897	5.57
1.48563	5.57
1.50230	5.57
1.51897	5.57
1.53563	5.57
1.55230	5.57
1.56897	5.57
1.58563	5.57
1.60230	5.57
1.61897	5.56
1.63563	5.56
1.65230	5.55
1.66897	5.54
1.68563	5.53
1.70230	5.52
1.71897	5.51
1.73563	5.50
1.75230	5.49
1.76897	5.48
1.78563	5.47
1.80230	5.46
1.81897	5.45
1.83563	5.44
1.85230	5.43
1.86897	5.42
1.88563	5.41
1.90230	5.40
1.91897	5.39
1.93563	5.38
1.95230	5.37
1.96897	5.36
1.98563	5.35
2.00230	5.34
2.01897	5.33
2.03563	5.32
2.05230	5.31
2.06897	5.30
2.08563	5.29
2.10230	5.28
2.11897	5.27
2.13563	5.26
2.15230	5.25
2.16897	5.24
2.18563	5.23
2.20230	5.22
2.21897	5.21
2.23563	5.20
2.25230	5.19
2.26897	5.18
2.28563	5.18
2.30230	5.17
2.31897	5.16
2.33563	5.15
2.35230	5.14
2.36897	5.13
2.38563	5.13
2.40230	5.13
2.41897	5.13
2.43563	5.13
2.45230	5.13
2.46897	5.13
2.48563	5.13
2.50230	5.13
2.51897	5.13
2.53563	5.13
2.55230	5.13
2.56897	5.13
2.58563	5.13
2.60230	5.13
2.61897	5.13
2.63563	5.13
2.65230	5.13
2.66897	5.13
2.68563	5.12
2.70230	5.12
2.71897	5.12
2.73563	5.12
2.75230	5.12
2.76897	5.12
2.78563	5.12
2.80230	5.12
2.81897	5.12
2.83563	5.12
2.85230	5.12
2.86897	5.12
2.88563	5.12
2.90230	5.12
2.91897	5.12
2.93563	5.12
2.95230	5.12
2.96897	5.12
2.98563	5.12
3.00230	5.12
3.01897	5.12
3.03563	5.12
3.05230	5.12
3.06897	5.12
3.08563	5.12
3.10230	5.12
3.11897	5.12
3.13563	5.12
3.15230	5.12
3.16897	5.12
3.18563	5.12
3.20230	5.12
3.21897	5.12
3.23563	5.12
3.25230	5.12
3.26897	5.12
3.28563	5.12
3.30230	5.12
3.31897	5.12
3.33563	5.12
3.35230	5.12
3.36897	5.12
3.38563	5.12
3.40230	5.12
3.41897	5.12
3.43563	5.12
3.45230	5.12
3.46897	5.12
3.48563	5.12
3.50230	5.12
3.51897	5.12
3.53563	5.12
3.55230	5.12
3.56897	5.12
3.58563	5.12
3.60230	5.12
3.61897	5.12
3.63563	5.12
3.65230	5.12
3.66897	5.12
3.68563	5.12
3.70230	5.12
3.71897	5.12
3.73563	5.12
3.75230	5.12
3.76897	5.12
3.78563	5.12
3.80230	5.12
3.81897	5.12
3.83563	5.12
3.85230	5.12
3.86897	5.12
3.88563	5.12
3.90230	5.12
3.91897	5.12
3.93563	5.12
3.95230	5.12
3.96897	5.12
3.98563	5.12

[Status Trace (Linear Velocity)]
Interval(msec)	1000
# of Points	240
Start Time(min)	0.002
End Time(min)	3.986
Intensity Units	
Intensity Multiplier	1
R.Time (min)	Intensity
0.00230	39.03
0.01897	37.91
0.03563	37.85
0.05230	39.38
0.06897	40.25
0.08563	39.25
0.10230	39.01
0.11897	39.03
0.13563	39.04
0.15230	39.03
0.16897	39.03
0.18563	39.03
0.20230	39.03
0.21897	39.03
0.23563	39.03
0.25230	39.03
0.26897	39.03
0.28563	39.03
0.30230	39.03
0.31897	39.03
0.33563	39.03
0.35230	39.03
0.36897	39.03
0.38563	39.03
0.40230	39.03
0.41897	39.03
0.43563	39.03
0.45230	39.03
0.46897	39.03
0.48563	39.03
0.50230	39.03
0.51897	39.03
0.53563	39.03
0.55230	39.03
0.56897	39.03
0.58563	39.03
0.60230	39.03
0.61897	39.03
0.63563	39.03
0.65230	39.03
0.66897	39.03
0.68563	39.03
0.70230	39.03
0.71897	39.03
0.73563	39.03
0.75230	39.03
0.76897	39.03
0.78563	39.03
0.80230	39.03
0.81897	39.03
0.83563	39.03
0.85230	39.03
0.86897	39.03
0.88563	39.03
0.90230	39.03
0.91897	39.03
0.93563	39.03
0.95230	39.03
0.96897	39.03
0.98563	39.03
1.00230	39.03
1.01897	39.03
1.03563	39.03
1.05230	39.03
1.06897	39.03
1.08563	39.03
1.10230	39.03
1.11897	39.03
1.13563	39.03
1.15230	39.03
1.16897	39.03
1.18563	39.03
1.20230	39.03
1.21897	39.03
1.23563	39.03
1.25230	39.03
1.26897	39.03
1.28563	39.03
1.30230	39.03
1.31897	39.03
1.33563	39.03
1.35230	39.03
1.36897	39.03
1.38563	39.03
1.40230	39.03
1.41897	39.03
1.43563	39.03
1.45230	39.03
1.46897	39.03
1.48563	39.03
1.50230	39.03
1.51897	39.03
1.53563	39.03
1.55230	39.03
1.56897	39.03
1.58563	39.03
1.60230	39.02
1.61897	39.02
1.63563	39.00
1.65230	38.98
1.66897	38.95
1.68563	38.92
1.70230	38.88
1.71897	38.85
1.73563	38.81
1.75230	38.78
1.76897	38.75
1.78563	38.72
1.80230	38.69
1.81897	38.66
1.83563	38.63
1.85230	38.60
1.86897	38.56
1.88563	38.53
1.90230	38.51
1.91897	38.47
1.93563	38.44
1.95230	38.41
1.96897	38.38
1.98563	38.35
2.00230	38.32
2.01897	38.29
2.03563	38.26
2.05230	38.23
2.06897	38.20
2.08563	38.17
2.10230	38.14
2.11897	38.11
2.13563	38.08
2.15230	38.06
2.16897	38.03
2.18563	38.00
2.20230	37.96
2.21897	37.94
2.23563	37.91
2.25230	37.87
2.26897	37.85
2.28563	37.82
2.30230	37.79
2.31897	37.76
2.33563	37.73
2.35230	37.70
2.36897	37.68
2.38563	37.67
2.40230	37.67
2.41897	37.67
2.43563	37.67
2.45230	37.67
2.46897	37.67
2.48563	37.67
2.50230	37.66
2.51897	37.69
2.53563	37.66
2.55230	37.67
2.56897	37.67
2.58563	37.67
2.60230	37.66
2.61897	37.66
2.63563	37.66
2.65230	37.66
2.66897	37.66
2.68563	37.66
2.70230	37.66
2.71897	37.66
2.73563	37.65
2.75230	37.66
2.76897	37.66
2.78563	37.66
2.80230	37.65
2.81897	37.65
2.83563	37.65
2.85230	37.65
2.86897	37.65
2.88563	37.65
2.90230	37.65
2.91897	37.65
2.93563	37.65
2.95230	37.65
2.96897	37.65
2.98563	37.65
3.00230	37.65
3.01897	37.65
3.03563	37.64
3.05230	37.64
3.06897	37.64
3.08563	37.64
3.10230	37.64
3.11897	37.64
3.13563	37.64
3.15230	37.64
3.16897	37.64
3.18563	37.64
3.20230	37.64
3.21897	37.64
3.23563	37.64
3.25230	37.63
3.26897	37.63
3.28563	37.63
3.30230	37.63
3.31897	37.63
3.33563	37.64
3.35230	37.64
3.36897	37.64
3.38563	37.64
3.40230	37.64
3.41897	37.64
3.43563	37.64
3.45230	37.64
3.46897	37.64
3.48563	37.64
3.50230	37.64
3.51897	37.64
3.53563	37.64
3.55230	37.64
3.56897	37.64
3.58563	37.64
3.60230	37.64
3.61897	37.64
3.63563	37.64
3.65230	37.64
3.66897	37.64
3.68563	37.64
3.70230	37.64
3.71897	37.64
3.73563	37.64
3.75230	37.64
3.76897	37.64
3.78563	37.64
3.80230	37.64
3.81897	37.64
3.83563	37.64
3.85230	37.64
3.86897	37.64
3.88563	37.64
3.90230	37.64
3.91897	37.64
3.93563	37.64
3.95230	37.64
3.96897	37.64
3.98563	37.64

