[Header]
Application Name	LabSolutions
Version	5.110
Data File Name	C:\Users\User\Desktop\GC Analyses\Jack\UIC Prairie Sampling\11.2.22\221102_074.gcd
Output Date	3/20/2023
Output Time	1:25:40 PM

[File Information]
Type	Data File
Generated	1/3/2023 12:21:18 PM
Generated by	System Administrator
Modified	1/3/2023 12:25:45 PM
Modified by	System Administrator

[Sample Information]
Operator Name	System Administrator
Acquired	1/3/2023 12:21:44 PM
Sample Type	1:Standard
Level	1
Sample Name	221102_UICPrairie
Sample ID	221102_UICPrairie
ISTD Amount1	1
ISTD Amount2	1
ISTD Amount3	1
ISTD Amount4	1
ISTD Amount5	1
ISTD Amount6	1
ISTD Amount7	1
ISTD Amount8	1
ISTD Amount9	1
ISTD Amount10	1
ISTD Amount11	1
ISTD Amount12	1
ISTD Amount13	1
ISTD Amount14	1
ISTD Amount15	1
ISTD Amount16	1
ISTD Amount17	1
ISTD Amount18	1
ISTD Amount19	1
ISTD Amount20	1
ISTD Amount21	1
ISTD Amount22	1
ISTD Amount23	1
ISTD Amount24	1
ISTD Amount25	1
ISTD Amount26	1
ISTD Amount27	1
ISTD Amount28	1
ISTD Amount29	1
ISTD Amount30	1
ISTD Amount31	1
ISTD Amount32	1
Sample Amount	1
Dilution Factor	1
Vial#	1
Injection Volume	1
Injection Count	1
Bar Code	

[Original Files]
Data File	C:\Users\User\Desktop\GC Analyses\Jack\UIC Prairie Sampling\11.2.22\221102_074.gcd
Method File	C:\LabSolutions\Data\GHG_4min_2022\ghg3_togas_w_acet_4 min_new_int.gcm
Batch File	
Report Format File	c:\LabSolutions\System\DEFAULT.lsr

[File Description]


[Configuration]
Instrument Name	C0B7VH3-Instrument1
Instrument #	1
Line #	1
# of Detectors	3
Detector ID	DET#1	DET#2	DET#3
Detector Name	FID	PTCD	ECD
# of Channels	1	1	1

[Peak Table(Ch1)]
# of Peaks	4
Peak#	R.Time	I.Time	F.Time	Area	Height	A/H	Conc.	Mark	ID#	Name	k'	Plate #	Plate Ht.	Tailing	Resolution	Sep.Factor	Area Ratio	Height Ratio	Conc. %	Norm Conc.
1	1.476	1.439	1.538	13917	6364	2.187	100.000	   	1	CO	0.000	8673	17.296	1.321	0.000	0.000	0	0	14.286	14.286
2	1.571	1.538	1.626	4845	2432	1.992	100.000	 V 	2	CH4	0.065	11331	13.238	0.000	1.558	0.000	0	0	14.286	14.286
3	2.000	1.952	2.601	1448518	686358	2.110	400.000	   	3	CO2	0.355	17758	8.447	1.211	7.206	5.500	0	0	57.143	57.143
4	3.005	2.843	3.503	1218	75	16.328	100.000	   	5	Acetylene	1.036	14798	10.137	1.908	12.651	2.916	0	0	14.286	14.286

[Peak Table(Ch2)]
# of Peaks	0

[Peak Table(Ch3)]
# of Peaks	5
Peak#	R.Time	I.Time	F.Time	Area	Height	A/H	Conc.	Mark	ID#	Name	k'	Plate #	Plate Ht.	Tailing	Resolution	Sep.Factor	Area Ratio	Height Ratio	Conc. %	Norm Conc.
1	2.458	2.345	2.506	1333	354	3.764	0.000	   			0.000	8579	17.485	0.000	0.000	0.000	0	0	0.000	0.000
2	2.524	2.506	2.565	667	221	3.017	0.000	 V 			0.027	1990	75.388	0.000	0.397	0.000	0	0	0.000	0.000
3	2.609	2.565	2.645	723	205	3.528	0.000	 V 			0.061	5085	29.500	0.000	0.453	2.278	0	0	0.000	0.000
4	2.781	2.649	2.825	6467	804	8.040	0.169	   	1	N2O	0.131	383	391.539	0.000	0.482	2.146	0	0	16.886	16.886
5	2.884	2.825	3.610	31832	5418	5.875	0.831	 V 	1	N2O	0.173	11410	13.146	0.000	0.304	1.318	0	0	83.114	83.114

[Compound Results(Ch1)]
# of IDs	6
ID#	Name	R.Time	Area	Height	Conc.	Curve	3rd	2nd	1st	Constant	Area Ratio	Height Ratio	Conc. %	Norm Conc.
1	CO	1.476	13917	6364	100.000	Linear	0.000000e+00	0.000000e+00	1.391656e+002	0.000000e+00	0	0	14.286	14.286
2	CH4	1.571	4845	2432	100.000	Linear	0.000000e+00	0.000000e+00	4.844630e+001	0.000000e+00	0	0	14.286	14.286
3	CO2	2.000	1448518	686358	400.000	Linear	0.000000e+00	0.000000e+00	3.621294e+003	0.000000e+00	0	0	57.143	57.143
4	Ethylene	0.000	0	0	0.000	Linear	0.000000e+00	0.000000e+00	0.000000e+00	0.000000e+00	0	0	0.000	0.000
5	Acetylene	3.005	1218	75	100.000	Linear	0.000000e+00	0.000000e+00	1.218033e+001	0.000000e+00	0	0	14.286	14.286
6	Ethane	0.000	0	0	0.000	Linear	0.000000e+00	0.000000e+00	0.000000e+00	0.000000e+00	0	0	0.000	0.000

[Compound Results(Ch2)]
# of IDs	5
ID#	Name	R.Time	Area	Height	Conc.	Curve	3rd	2nd	1st	Constant	Area Ratio	Height Ratio	Conc. %	Norm Conc.
1	Hydrogen	0.000	0	0	0.000	Linear	0.000000e+00	0.000000e+00	0.000000e+00	0.000000e+00	0	0	0.000	0.000
2	Oxygen	0.000	0	0	0.000	Linear	0.000000e+00	0.000000e+00	0.000000e+00	0.000000e+00	0	0	0.000	0.000
3	Nitrogen	0.000	0	0	0.000	Linear	0.000000e+00	0.000000e+00	0.000000e+00	0.000000e+00	0	0	0.000	0.000
4	Methane	0.000	0	0	0.000	Linear	0.000000e+00	0.000000e+00	0.000000e+00	0.000000e+00	0	0	0.000	0.000
5	Carbon Monoxide	0.000	0	0	0.000	Linear	0.000000e+00	0.000000e+00	0.000000e+00	0.000000e+00	0	0	0.000	0.000

[Compound Results(Ch3)]
# of IDs	2
ID#	Name	R.Time	Area	Height	Conc.	Curve	3rd	2nd	1st	Constant	Area Ratio	Height Ratio	Conc. %	Norm Conc.
1	N2O	2.884	38300	6222	1.000	Linear	0.000000e+00	0.000000e+00	3.829959e+004	0.000000e+00	0	0	100.000	100.000
2	SF6	0.000	0	0	0.000	Linear	0.000000e+00	0.000000e+00	0.000000e+00	0.000000e+00	0	0	0.000	0.000

[Group Results(Ch1)]
# of Groups	0

[Group Results(Ch2)]
# of Groups	0

[Group Results(Ch3)]
# of Groups	0

[Chromatogram (Ch1)]
Interval(msec)	220
# of Points	1091
Start Time(min)	0.002
End Time(min)	3.998
R.Time (min)	Intensity
0.00167	13
0.00533	22
0.00900	30
0.01267	35
0.01633	37
0.02000	35
0.02367	30
0.02733	25
0.03100	22
0.03467	21
0.03833	21
0.04200	21
0.04567	16
0.04933	10
0.05300	7
0.05667	8
0.06033	10
0.06400	12
0.06767	16
0.07133	20
0.07500	23
0.07867	27
0.08233	31
0.08600	33
0.08967	35
0.09333	36
0.09700	36
0.10067	38
0.10433	40
0.10800	42
0.11167	41
0.11533	37
0.11900	31
0.12267	25
0.12633	20
0.13000	14
0.13367	8
0.13733	7
0.14100	9
0.14467	13
0.14833	16
0.15200	15
0.15567	15
0.15933	12
0.16300	10
0.16667	11
0.17033	13
0.17400	19
0.17767	24
0.18133	26
0.18500	28
0.18867	31
0.19233	32
0.19600	30
0.19967	30
0.20333	31
0.20700	31
0.21067	28
0.21433	20
0.21800	7
0.22167	-4
0.22533	-11
0.22900	-13
0.23267	-11
0.23633	-8
0.24000	-5
0.24367	-3
0.24733	-1
0.25100	0
0.25467	-0
0.25833	3
0.26200	9
0.26567	12
0.26933	12
0.27300	11
0.27667	9
0.28033	6
0.28400	4
0.28767	1
0.29133	-1
0.29500	-2
0.29867	-1
0.30233	2
0.30600	8
0.30967	14
0.31333	21
0.31700	26
0.32067	27
0.32433	23
0.32800	19
0.33167	15
0.33533	10
0.33900	4
0.34267	1
0.34633	1
0.35000	3
0.35367	4
0.35733	0
0.36100	-7
0.36467	-15
0.36833	-18
0.37200	-16
0.37567	-9
0.37933	-3
0.38300	-1
0.38667	-2
0.39033	-4
0.39400	-6
0.39767	-10
0.40133	-17
0.40500	-24
0.40867	-27
0.41233	-25
0.41600	-20
0.41967	-15
0.42333	-14
0.42700	-16
0.43067	-15
0.43433	-9
0.43800	-1
0.44167	2
0.44533	-2
0.44900	-8
0.45267	-11
0.45633	-11
0.46000	-6
0.46367	-1
0.46733	2
0.47100	-2
0.47467	-8
0.47833	-11
0.48200	-13
0.48567	-8
0.48933	-2
0.49300	-2
0.49667	-8
0.50033	-15
0.50400	-20
0.50767	-20
0.51133	-15
0.51500	-12
0.51867	-10
0.52233	-9
0.52600	-6
0.52967	-4
0.53333	-3
0.53700	-4
0.54067	-7
0.54433	-6
0.54800	-5
0.55167	-7
0.55533	-13
0.55900	-17
0.56267	-18
0.56633	-18
0.57000	-19
0.57367	-23
0.57733	-28
0.58100	-28
0.58467	-27
0.58833	-26
0.59200	-27
0.59567	-29
0.59933	-30
0.60300	-32
0.60667	-32
0.61033	-31
0.61400	-28
0.61767	-26
0.62133	-25
0.62500	-22
0.62867	-18
0.63233	-17
0.63600	-19
0.63967	-23
0.64333	-28
0.64700	-33
0.65067	-35
0.65433	-35
0.65800	-33
0.66167	-30
0.66533	-28
0.66900	-25
0.67267	-22
0.67633	-23
0.68000	-24
0.68367	-23
0.68733	-20
0.69100	-13
0.69467	-8
0.69833	-9
0.70200	-15
0.70567	-20
0.70933	-22
0.71300	-20
0.71667	-16
0.72033	-11
0.72400	-8
0.72767	-8
0.73133	-11
0.73500	-19
0.73867	-27
0.74233	-30
0.74600	-32
0.74967	-33
0.75333	-36
0.75700	-39
0.76067	-42
0.76433	-42
0.76800	-38
0.77167	-32
0.77533	-25
0.77900	-19
0.78267	-16
0.78633	-17
0.79000	-23
0.79367	-33
0.79733	-42
0.80100	-49
0.80467	-54
0.80833	-55
0.81200	-54
0.81567	-54
0.81933	-54
0.82300	-54
0.82667	-52
0.83033	-50
0.83400	-52
0.83767	-53
0.84133	-50
0.84500	-47
0.84867	-47
0.85233	-50
0.85600	-54
0.85967	-58
0.86333	-63
0.86700	-64
0.87067	-64
0.87433	-63
0.87800	-60
0.88167	-59
0.88533	-61
0.88900	-62
0.89267	-59
0.89633	-53
0.90000	-45
0.90367	-43
0.90733	-45
0.91100	-49
0.91467	-54
0.91833	-58
0.92200	-61
0.92567	-62
0.92933	-59
0.93300	-52
0.93667	-43
0.94033	-35
0.94400	-32
0.94767	-33
0.95133	-35
0.95500	-39
0.95867	-45
0.96233	-52
0.96600	-58
0.96967	-60
0.97333	-62
0.97700	-66
0.98067	-69
0.98433	-70
0.98800	-70
0.99167	-70
0.99533	-72
0.99900	-75
1.00267	-72
1.00633	-64
1.01000	-59
1.01367	-56
1.01733	-58
1.02100	-60
1.02467	-62
1.02833	-61
1.03200	-59
1.03567	-58
1.03933	-61
1.04300	-68
1.04667	-72
1.05033	-72
1.05400	-70
1.05767	-67
1.06133	-63
1.06500	-57
1.06867	-58
1.07233	-64
1.07600	-69
1.07967	-71
1.08333	-72
1.08700	-71
1.09067	-68
1.09433	-65
1.09800	-64
1.10167	-62
1.10533	-60
1.10900	-63
1.11267	-70
1.11633	-77
1.12000	-81
1.12367	-81
1.12733	-81
1.13100	-81
1.13467	-83
1.13833	-81
1.14200	-78
1.14567	-75
1.14933	-72
1.15300	-69
1.15667	-70
1.16033	-73
1.16400	-77
1.16767	-79
1.17133	-80
1.17500	-78
1.17867	-75
1.18233	-74
1.18600	-77
1.18967	-79
1.19333	-78
1.19700	-74
1.20067	-70
1.20433	-64
1.20800	-60
1.21167	-60
1.21533	-64
1.21900	-69
1.22267	-75
1.22633	-80
1.23000	-83
1.23367	-82
1.23733	-80
1.24100	-78
1.24467	-76
1.24833	-73
1.25200	-73
1.25567	-76
1.25933	-80
1.26300	-82
1.26667	-87
1.27033	-93
1.27400	-96
1.27767	-94
1.28133	-90
1.28500	-86
1.28867	-80
1.29233	-75
1.29600	-77
1.29967	-83
1.30333	-91
1.30700	-98
1.31067	-101
1.31433	-99
1.31800	-98
1.32167	-96
1.32533	-95
1.32900	-96
1.33267	-98
1.33633	-99
1.34000	-97
1.34367	-94
1.34733	-94
1.35100	-97
1.35467	-98
1.35833	-97
1.36200	-93
1.36567	-88
1.36933	-87
1.37300	-86
1.37667	-87
1.38033	-87
1.38400	-86
1.38767	-86
1.39133	-85
1.39500	-84
1.39867	-81
1.40233	-80
1.40600	-81
1.40967	-83
1.41333	-84
1.41700	-85
1.42067	-87
1.42433	-89
1.42800	-94
1.43167	-101
1.43533	-106
1.43900	-95
1.44267	-25
1.44633	163
1.45000	501
1.45367	1095
1.45733	2034
1.46100	3188
1.46467	4318
1.46833	5261
1.47200	5936
1.47567	6276
1.47933	6220
1.48300	5755
1.48667	4970
1.49033	4037
1.49400	3124
1.49767	2334
1.50133	1704
1.50500	1228
1.50867	879
1.51233	625
1.51600	442
1.51967	313
1.52333	223
1.52700	161
1.53067	114
1.53433	79
1.53800	61
1.54167	93
1.54533	240
1.54900	547
1.55267	983
1.55633	1450
1.56000	1863
1.56367	2174
1.56733	2351
1.57100	2360
1.57467	2182
1.57833	1852
1.58200	1455
1.58567	1071
1.58933	748
1.59300	497
1.59667	311
1.60033	180
1.60400	93
1.60767	35
1.61133	-4
1.61500	-29
1.61867	-45
1.62233	-55
1.62600	-62
1.62967	-63
1.63333	-60
1.63700	-58
1.64067	-58
1.64433	-61
1.64800	-68
1.65167	-78
1.65533	-86
1.65900	-90
1.66267	-89
1.66633	-85
1.67000	-84
1.67367	-89
1.67733	-96
1.68100	-100
1.68467	-98
1.68833	-93
1.69200	-94
1.69567	-100
1.69933	-102
1.70300	-101
1.70667	-102
1.71033	-105
1.71400	-110
1.71767	-115
1.72133	-116
1.72500	-113
1.72867	-109
1.73233	-105
1.73600	-102
1.73967	-100
1.74333	-103
1.74700	-107
1.75067	-112
1.75433	-118
1.75800	-122
1.76167	-125
1.76533	-127
1.76900	-129
1.77267	-130
1.77633	-128
1.78000	-125
1.78367	-121
1.78733	-117
1.79100	-115
1.79467	-115
1.79833	-117
1.80200	-119
1.80567	-118
1.80933	-113
1.81300	-107
1.81667	-101
1.82033	-96
1.82400	-93
1.82767	-94
1.83133	-97
1.83500	-101
1.83867	-104
1.84233	-107
1.84600	-111
1.84967	-113
1.85333	-111
1.85700	-105
1.86067	-101
1.86433	-101
1.86800	-104
1.87167	-105
1.87533	-104
1.87900	-102
1.88267	-100
1.88633	-98
1.89000	-99
1.89367	-102
1.89733	-107
1.90100	-113
1.90467	-120
1.90833	-124
1.91200	-126
1.91567	-127
1.91933	-127
1.92300	-126
1.92667	-123
1.93033	-115
1.93400	-104
1.93767	-91
1.94133	-81
1.94500	-80
1.94867	-82
1.95233	-79
1.95600	-28
1.95967	310
1.96333	2034
1.96700	8720
1.97067	28472
1.97433	73620
1.97800	154245
1.98167	268574
1.98533	400376
1.98900	526454
1.99267	625235
1.99633	681094
2.00000	686311
2.00367	643049
2.00733	562598
2.01100	462409
2.01467	360268
2.01833	269044
2.02200	194931
2.02567	138649
2.02933	97867
2.03300	69226
2.03667	49496
2.04033	36035
2.04400	26865
2.04767	20581
2.05133	16226
2.05500	13159
2.05867	10954
2.06233	9326
2.06600	8094
2.06967	7142
2.07333	6389
2.07700	5781
2.08067	5278
2.08433	4851
2.08800	4484
2.09167	4166
2.09533	3886
2.09900	3642
2.10267	3428
2.10633	3235
2.11000	3060
2.11367	2902
2.11733	2762
2.12100	2633
2.12467	2515
2.12833	2405
2.13200	2300
2.13567	2206
2.13933	2120
2.14300	2041
2.14667	1967
2.15033	1898
2.15400	1832
2.15767	1767
2.16133	1707
2.16500	1650
2.16867	1594
2.17233	1543
2.17600	1496
2.17967	1449
2.18333	1403
2.18700	1359
2.19067	1314
2.19433	1275
2.19800	1240
2.20167	1207
2.20533	1176
2.20900	1153
2.21267	1133
2.21633	1110
2.22000	1086
2.22367	1062
2.22733	1036
2.23100	1009
2.23467	984
2.23833	959
2.24200	935
2.24567	913
2.24933	890
2.25300	870
2.25667	854
2.26033	841
2.26400	830
2.26767	813
2.27133	790
2.27500	772
2.27867	756
2.28233	744
2.28600	737
2.28967	732
2.29333	728
2.29700	721
2.30067	712
2.30433	700
2.30800	684
2.31167	666
2.31533	646
2.31900	631
2.32267	623
2.32633	615
2.33000	602
2.33367	587
2.33733	574
2.34100	566
2.34467	562
2.34833	557
2.35200	555
2.35567	554
2.35933	555
2.36300	555
2.36667	553
2.37033	550
2.37400	546
2.37767	540
2.38133	533
2.38500	527
2.38867	517
2.39233	502
2.39600	488
2.39967	477
2.40333	470
2.40700	469
2.41067	472
2.41433	475
2.41800	477
2.42167	475
2.42533	467
2.42900	458
2.43267	452
2.43633	450
2.44000	449
2.44367	450
2.44733	449
2.45100	446
2.45467	443
2.45833	440
2.46200	437
2.46567	433
2.46933	430
2.47300	429
2.47667	427
2.48033	428
2.48400	432
2.48767	433
2.49133	428
2.49500	417
2.49867	406
2.50233	396
2.50600	389
2.50967	386
2.51333	386
2.51700	389
2.52067	392
2.52433	393
2.52800	391
2.53167	388
2.53533	386
2.53900	383
2.54267	380
2.54633	378
2.55000	379
2.55367	379
2.55733	377
2.56100	374
2.56467	375
2.56833	378
2.57200	375
2.57567	375
2.57933	378
2.58300	382
2.58667	384
2.59033	381
2.59400	371
2.59767	360
2.60133	353
2.60500	351
2.60867	351
2.61233	347
2.61600	347
2.61967	347
2.62333	350
2.62700	356
2.63067	361
2.63433	364
2.63800	362
2.64167	361
2.64533	361
2.64900	359
2.65267	356
2.65633	355
2.66000	355
2.66367	354
2.66733	351
2.67100	349
2.67467	348
2.67833	346
2.68200	345
2.68567	343
2.68933	340
2.69300	337
2.69667	333
2.70033	330
2.70400	331
2.70767	335
2.71133	341
2.71500	347
2.71867	349
2.72233	347
2.72600	344
2.72967	342
2.73333	344
2.73700	347
2.74067	353
2.74433	359
2.74800	360
2.75167	357
2.75533	354
2.75900	354
2.76267	360
2.76633	364
2.77000	363
2.77367	355
2.77733	344
2.78100	335
2.78467	331
2.78833	332
2.79200	333
2.79567	332
2.79933	331
2.80300	332
2.80667	334
2.81033	333
2.81400	330
2.81767	327
2.82133	325
2.82500	326
2.82867	329
2.83233	332
2.83600	332
2.83967	329
2.84333	328
2.84700	328
2.85067	328
2.85433	330
2.85800	332
2.86167	337
2.86533	341
2.86900	344
2.87267	347
2.87633	349
2.88000	351
2.88367	351
2.88733	353
2.89100	354
2.89467	352
2.89833	347
2.90200	340
2.90567	333
2.90933	330
2.91300	330
2.91667	333
2.92033	338
2.92400	341
2.92767	341
2.93133	343
2.93500	345
2.93867	348
2.94233	351
2.94600	352
2.94967	351
2.95333	351
2.95700	350
2.96067	345
2.96433	340
2.96800	336
2.97167	334
2.97533	335
2.97900	342
2.98267	349
2.98633	353
2.99000	357
2.99367	362
2.99733	370
3.00100	379
3.00467	383
3.00833	381
3.01200	375
3.01567	369
3.01933	364
3.02300	358
3.02667	351
3.03033	347
3.03400	345
3.03767	346
3.04133	348
3.04500	345
3.04867	343
3.05233	341
3.05600	340
3.05967	342
3.06333	345
3.06700	347
3.07067	349
3.07433	355
3.07800	357
3.08167	351
3.08533	342
3.08900	332
3.09267	321
3.09633	313
3.10000	309
3.10367	310
3.10733	317
3.11100	326
3.11467	332
3.11833	335
3.12200	338
3.12567	340
3.12933	341
3.13300	341
3.13667	340
3.14033	340
3.14400	338
3.14767	332
3.15133	327
3.15500	326
3.15867	331
3.16233	339
3.16600	342
3.16967	339
3.17333	331
3.17700	325
3.18067	321
3.18433	319
3.18800	317
3.19167	316
3.19533	315
3.19900	315
3.20267	317
3.20633	321
3.21000	327
3.21367	333
3.21733	336
3.22100	337
3.22467	335
3.22833	332
3.23200	329
3.23567	326
3.23933	322
3.24300	319
3.24667	321
3.25033	323
3.25400	327
3.25767	330
3.26133	329
3.26500	326
3.26867	321
3.27233	313
3.27600	307
3.27967	303
3.28333	304
3.28700	306
3.29067	309
3.29433	307
3.29800	302
3.30167	297
3.30533	295
3.30900	293
3.31267	292
3.31633	291
3.32000	290
3.32367	289
3.32733	292
3.33100	300
3.33467	308
3.33833	311
3.34200	313
3.34567	312
3.34933	312
3.35300	310
3.35667	307
3.36033	305
3.36400	304
3.36767	302
3.37133	298
3.37500	292
3.37867	288
3.38233	286
3.38600	283
3.38967	280
3.39333	279
3.39700	283
3.40067	287
3.40433	287
3.40800	283
3.41167	277
3.41533	272
3.41900	268
3.42267	265
3.42633	262
3.43000	261
3.43367	261
3.43733	258
3.44100	258
3.44467	260
3.44833	265
3.45200	269
3.45567	269
3.45933	268
3.46300	266
3.46667	263
3.47033	260
3.47400	258
3.47767	260
3.48133	262
3.48500	263
3.48867	263
3.49233	260
3.49600	257
3.49967	253
3.50333	250
3.50700	248
3.51067	245
3.51433	241
3.51800	241
3.52167	241
3.52533	242
3.52900	242
3.53267	245
3.53633	248
3.54000	250
3.54367	251
3.54733	252
3.55100	253
3.55467	253
3.55833	252
3.56200	248
3.56567	242
3.56933	236
3.57300	233
3.57667	232
3.58033	236
3.58400	241
3.58767	244
3.59133	243
3.59500	240
3.59867	238
3.60233	238
3.60600	239
3.60967	237
3.61333	236
3.61700	237
3.62067	237
3.62433	234
3.62800	230
3.63167	228
3.63533	227
3.63900	227
3.64267	226
3.64633	222
3.65000	215
3.65367	209
3.65733	204
3.66100	200
3.66467	198
3.66833	198
3.67200	198
3.67567	199
3.67933	199
3.68300	202
3.68667	205
3.69033	208
3.69400	212
3.69767	215
3.70133	218
3.70500	219
3.70867	219
3.71233	220
3.71600	220
3.71967	218
3.72333	213
3.72700	206
3.73067	198
3.73433	191
3.73800	187
3.74167	186
3.74533	190
3.74900	198
3.75267	206
3.75633	214
3.76000	216
3.76367	214
3.76733	212
3.77100	211
3.77467	209
3.77833	205
3.78200	201
3.78567	199
3.78933	198
3.79300	199
3.79667	202
3.80033	206
3.80400	207
3.80767	203
3.81133	196
3.81500	191
3.81867	190
3.82233	191
3.82600	195
3.82967	198
3.83333	200
3.83700	200
3.84067	197
3.84433	194
3.84800	193
3.85167	193
3.85533	194
3.85900	195
3.86267	198
3.86633	198
3.87000	196
3.87367	190
3.87733	180
3.88100	172
3.88467	168
3.88833	169
3.89200	172
3.89567	179
3.89933	185
3.90300	191
3.90667	195
3.91033	197
3.91400	196
3.91767	195
3.92133	196
3.92500	197
3.92867	195
3.93233	193
3.93600	190
3.93967	186
3.94333	185
3.94700	185
3.95067	182
3.95433	178
3.95800	178
3.96167	180
3.96533	180
3.96900	179
3.97267	181
3.97633	182
3.98000	182
3.98367	181
3.98733	182
3.99100	183
3.99467	185
3.99833	191

[Chromatogram (Ch2)]
Interval(msec)	220
# of Points	1091
Start Time(min)	0.002
End Time(min)	3.998
R.Time (min)	Intensity
0.00167	-0
0.00533	0
0.00900	0
0.01267	0
0.01633	1
0.02000	0
0.02367	0
0.02733	0
0.03100	0
0.03467	0
0.03833	0
0.04200	0
0.04567	0
0.04933	0
0.05300	0
0.05667	0
0.06033	0
0.06400	0
0.06767	0
0.07133	0
0.07500	1
0.07867	1
0.08233	1
0.08600	2
0.08967	2
0.09333	2
0.09700	3
0.10067	3
0.10433	3
0.10800	3
0.11167	4
0.11533	4
0.11900	4
0.12267	4
0.12633	5
0.13000	5
0.13367	5
0.13733	5
0.14100	5
0.14467	5
0.14833	4
0.15200	4
0.15567	4
0.15933	4
0.16300	3
0.16667	3
0.17033	3
0.17400	3
0.17767	3
0.18133	3
0.18500	3
0.18867	2
0.19233	2
0.19600	2
0.19967	2
0.20333	2
0.20700	2
0.21067	2
0.21433	2
0.21800	2
0.22167	2
0.22533	2
0.22900	2
0.23267	2
0.23633	1
0.24000	1
0.24367	1
0.24733	1
0.25100	1
0.25467	1
0.25833	1
0.26200	1
0.26567	1
0.26933	1
0.27300	1
0.27667	1
0.28033	1
0.28400	2
0.28767	2
0.29133	2
0.29500	2
0.29867	2
0.30233	2
0.30600	2
0.30967	2
0.31333	2
0.31700	2
0.32067	2
0.32433	2
0.32800	2
0.33167	2
0.33533	3
0.33900	3
0.34267	3
0.34633	3
0.35000	3
0.35367	3
0.35733	3
0.36100	3
0.36467	3
0.36833	2
0.37200	2
0.37567	2
0.37933	2
0.38300	2
0.38667	2
0.39033	2
0.39400	1
0.39767	1
0.40133	1
0.40500	1
0.40867	1
0.41233	1
0.41600	1
0.41967	1
0.42333	1
0.42700	1
0.43067	1
0.43433	1
0.43800	1
0.44167	1
0.44533	1
0.44900	1
0.45267	0
0.45633	0
0.46000	0
0.46367	0
0.46733	0
0.47100	-0
0.47467	-0
0.47833	0
0.48200	0
0.48567	0
0.48933	0
0.49300	0
0.49667	0
0.50033	0
0.50400	0
0.50767	1
0.51133	1
0.51500	1
0.51867	1
0.52233	1
0.52600	0
0.52967	0
0.53333	0
0.53700	0
0.54067	0
0.54433	0
0.54800	0
0.55167	-0
0.55533	-0
0.55900	-0
0.56267	-0
0.56633	-0
0.57000	-1
0.57367	-1
0.57733	-1
0.58100	-1
0.58467	-1
0.58833	-1
0.59200	-1
0.59567	-1
0.59933	-1
0.60300	-1
0.60667	-1
0.61033	-1
0.61400	-0
0.61767	-0
0.62133	-0
0.62500	-0
0.62867	-0
0.63233	-0
0.63600	-0
0.63967	-0
0.64333	-0
0.64700	-1
0.65067	-1
0.65433	-1
0.65800	-1
0.66167	-1
0.66533	-1
0.66900	-1
0.67267	-1
0.67633	-0
0.68000	-0
0.68367	-0
0.68733	-0
0.69100	-0
0.69467	0
0.69833	0
0.70200	1
0.70567	1
0.70933	1
0.71300	1
0.71667	0
0.72033	0
0.72400	0
0.72767	1
0.73133	1
0.73500	1
0.73867	1
0.74233	1
0.74600	1
0.74967	1
0.75333	1
0.75700	1
0.76067	1
0.76433	1
0.76800	0
0.77167	0
0.77533	-0
0.77900	-0
0.78267	-0
0.78633	-1
0.79000	-1
0.79367	-1
0.79733	-1
0.80100	-1
0.80467	-1
0.80833	-1
0.81200	-1
0.81567	-1
0.81933	-1
0.82300	-1
0.82667	-1
0.83033	-1
0.83400	-1
0.83767	-1
0.84133	-0
0.84500	-0
0.84867	-1
0.85233	-1
0.85600	-1
0.85967	-1
0.86333	-1
0.86700	-1
0.87067	-1
0.87433	-2
0.87800	-2
0.88167	-2
0.88533	-2
0.88900	-2
0.89267	-1
0.89633	-1
0.90000	-1
0.90367	-1
0.90733	-1
0.91100	-1
0.91467	-1
0.91833	-1
0.92200	-1
0.92567	-1
0.92933	-1
0.93300	-1
0.93667	-0
0.94033	-0
0.94400	-0
0.94767	0
0.95133	0
0.95500	0
0.95867	0
0.96233	0
0.96600	0
0.96967	0
0.97333	-0
0.97700	-0
0.98067	-0
0.98433	-1
0.98800	-1
0.99167	-1
0.99533	-1
0.99900	-1
1.00267	-1
1.00633	-1
1.01000	-1
1.01367	-1
1.01733	-1
1.02100	-1
1.02467	-1
1.02833	-1
1.03200	-1
1.03567	-1
1.03933	-1
1.04300	-1
1.04667	-1
1.05033	-0
1.05400	-0
1.05767	-0
1.06133	0
1.06500	0
1.06867	0
1.07233	0
1.07600	0
1.07967	-0
1.08333	0
1.08700	0
1.09067	0
1.09433	0
1.09800	0
1.10167	0
1.10533	0
1.10900	0
1.11267	0
1.11633	0
1.12000	0
1.12367	-0
1.12733	-0
1.13100	-1
1.13467	-1
1.13833	-1
1.14200	-1
1.14567	-1
1.14933	-1
1.15300	-1
1.15667	-1
1.16033	-1
1.16400	-1
1.16767	-1
1.17133	-1
1.17500	-1
1.17867	-1
1.18233	-1
1.18600	-1
1.18967	-1
1.19333	-1
1.19700	-0
1.20067	-0
1.20433	-0
1.20800	-0
1.21167	-0
1.21533	-0
1.21900	-0
1.22267	-1
1.22633	-1
1.23000	-1
1.23367	-1
1.23733	-1
1.24100	-1
1.24467	-1
1.24833	-1
1.25200	-1
1.25567	-0
1.25933	-0
1.26300	-0
1.26667	-0
1.27033	-0
1.27400	-0
1.27767	-1
1.28133	-1
1.28500	-1
1.28867	-1
1.29233	-2
1.29600	-2
1.29967	-2
1.30333	-2
1.30700	-2
1.31067	-2
1.31433	-2
1.31800	-2
1.32167	-2
1.32533	-2
1.32900	-2
1.33267	-1
1.33633	-1
1.34000	-1
1.34367	-1
1.34733	-1
1.35100	-1
1.35467	-1
1.35833	-1
1.36200	-1
1.36567	-1
1.36933	-1
1.37300	-2
1.37667	-2
1.38033	-2
1.38400	-2
1.38767	-2
1.39133	-2
1.39500	-2
1.39867	-2
1.40233	-2
1.40600	-3
1.40967	-3
1.41333	-3
1.41700	-3
1.42067	-3
1.42433	-3
1.42800	-2
1.43167	-2
1.43533	-2
1.43900	-2
1.44267	-2
1.44633	-2
1.45000	-2
1.45367	-2
1.45733	-2
1.46100	-2
1.46467	-2
1.46833	-2
1.47200	-2
1.47567	-2
1.47933	-3
1.48300	-3
1.48667	-2
1.49033	-2
1.49400	-2
1.49767	-2
1.50133	-2
1.50500	-1
1.50867	-1
1.51233	-1
1.51600	-1
1.51967	-1
1.52333	-1
1.52700	-1
1.53067	-1
1.53433	-2
1.53800	-2
1.54167	-2
1.54533	-2
1.54900	-2
1.55267	-1
1.55633	-1
1.56000	-1
1.56367	-1
1.56733	-1
1.57100	-2
1.57467	-2
1.57833	-2
1.58200	-2
1.58567	-2
1.58933	-2
1.59300	-3
1.59667	-3
1.60033	-4
1.60400	-5
1.60767	-6
1.61133	-7
1.61500	-9
1.61867	-11
1.62233	-13
1.62600	-16
1.62967	-18
1.63333	-21
1.63700	-24
1.64067	-28
1.64433	-31
1.64800	-34
1.65167	-38
1.65533	-41
1.65900	-45
1.66267	-49
1.66633	-54
1.67000	-58
1.67367	-62
1.67733	-67
1.68100	-72
1.68467	-77
1.68833	-81
1.69200	-86
1.69567	-90
1.69933	-93
1.70300	-96
1.70667	-98
1.71033	-100
1.71400	-102
1.71767	-103
1.72133	-104
1.72500	-105
1.72867	-105
1.73233	-105
1.73600	-106
1.73967	-106
1.74333	-106
1.74700	-106
1.75067	-107
1.75433	-107
1.75800	-108
1.76167	-109
1.76533	-109
1.76900	-110
1.77267	-110
1.77633	-111
1.78000	-111
1.78367	-111
1.78733	-111
1.79100	-110
1.79467	-110
1.79833	-110
1.80200	-110
1.80567	-110
1.80933	-111
1.81300	-111
1.81667	-112
1.82033	-113
1.82400	-113
1.82767	-114
1.83133	-114
1.83500	-114
1.83867	-114
1.84233	-114
1.84600	-114
1.84967	-114
1.85333	-114
1.85700	-114
1.86067	-114
1.86433	-113
1.86800	-114
1.87167	-114
1.87533	-114
1.87900	-114
1.88267	-114
1.88633	-114
1.89000	-114
1.89367	-113
1.89733	-113
1.90100	-112
1.90467	-112
1.90833	-112
1.91200	-112
1.91567	-112
1.91933	-111
1.92300	-111
1.92667	-110
1.93033	-109
1.93400	-109
1.93767	-108
1.94133	-108
1.94500	-107
1.94867	-107
1.95233	-108
1.95600	-108
1.95967	-108
1.96333	-108
1.96700	-108
1.97067	-108
1.97433	-108
1.97800	-108
1.98167	-108
1.98533	-108
1.98900	-108
1.99267	-107
1.99633	-107
2.00000	-107
2.00367	-107
2.00733	-106
2.01100	-106
2.01467	-105
2.01833	-105
2.02200	-105
2.02567	-104
2.02933	-104
2.03300	-104
2.03667	-104
2.04033	-103
2.04400	-104
2.04767	-104
2.05133	-104
2.05500	-104
2.05867	-104
2.06233	-104
2.06600	-104
2.06967	-103
2.07333	-102
2.07700	-102
2.08067	-102
2.08433	-102
2.08800	-102
2.09167	-102
2.09533	-101
2.09900	-101
2.10267	-100
2.10633	-99
2.11000	-99
2.11367	-98
2.11733	-98
2.12100	-98
2.12467	-98
2.12833	-98
2.13200	-97
2.13567	-96
2.13933	-96
2.14300	-95
2.14667	-94
2.15033	-93
2.15400	-93
2.15767	-92
2.16133	-92
2.16500	-92
2.16867	-93
2.17233	-93
2.17600	-93
2.17967	-93
2.18333	-93
2.18700	-92
2.19067	-92
2.19433	-91
2.19800	-90
2.20167	-89
2.20533	-88
2.20900	-88
2.21267	-87
2.21633	-87
2.22000	-87
2.22367	-88
2.22733	-89
2.23100	-89
2.23467	-90
2.23833	-89
2.24200	-89
2.24567	-88
2.24933	-87
2.25300	-87
2.25667	-86
2.26033	-86
2.26400	-87
2.26767	-87
2.27133	-87
2.27500	-87
2.27867	-87
2.28233	-87
2.28600	-86
2.28967	-85
2.29333	-85
2.29700	-84
2.30067	-83
2.30433	-82
2.30800	-83
2.31167	-84
2.31533	-85
2.31900	-86
2.32267	-86
2.32633	-86
2.33000	-86
2.33367	-86
2.33733	-85
2.34100	-84
2.34467	-83
2.34833	-82
2.35200	-80
2.35567	-79
2.35933	-78
2.36300	-76
2.36667	-75
2.37033	-73
2.37400	-70
2.37767	-68
2.38133	-65
2.38500	-62
2.38867	-58
2.39233	-55
2.39600	-51
2.39967	-47
2.40333	-44
2.40700	-40
2.41067	-36
2.41433	-33
2.41800	-29
2.42167	-26
2.42533	-23
2.42900	-20
2.43267	-18
2.43633	-16
2.44000	-13
2.44367	-11
2.44733	-9
2.45100	-7
2.45467	-6
2.45833	-4
2.46200	-3
2.46567	-2
2.46933	-1
2.47300	-0
2.47667	1
2.48033	2
2.48400	3
2.48767	4
2.49133	4
2.49500	5
2.49867	6
2.50233	6
2.50600	7
2.50967	7
2.51333	8
2.51700	9
2.52067	10
2.52433	10
2.52800	11
2.53167	12
2.53533	12
2.53900	12
2.54267	13
2.54633	13
2.55000	13
2.55367	14
2.55733	14
2.56100	15
2.56467	15
2.56833	15
2.57200	16
2.57567	16
2.57933	16
2.58300	16
2.58667	16
2.59033	16
2.59400	15
2.59767	15
2.60133	14
2.60500	14
2.60867	14
2.61233	15
2.61600	15
2.61967	16
2.62333	16
2.62700	17
2.63067	17
2.63433	17
2.63800	17
2.64167	18
2.64533	18
2.64900	18
2.65267	19
2.65633	19
2.66000	20
2.66367	20
2.66733	21
2.67100	21
2.67467	21
2.67833	21
2.68200	21
2.68567	21
2.68933	22
2.69300	22
2.69667	22
2.70033	22
2.70400	22
2.70767	22
2.71133	22
2.71500	22
2.71867	22
2.72233	22
2.72600	22
2.72967	23
2.73333	23
2.73700	23
2.74067	23
2.74433	24
2.74800	24
2.75167	24
2.75533	25
2.75900	25
2.76267	26
2.76633	26
2.77000	26
2.77367	25
2.77733	25
2.78100	24
2.78467	24
2.78833	24
2.79200	24
2.79567	23
2.79933	23
2.80300	23
2.80667	23
2.81033	23
2.81400	24
2.81767	24
2.82133	24
2.82500	24
2.82867	24
2.83233	24
2.83600	25
2.83967	25
2.84333	25
2.84700	25
2.85067	24
2.85433	22
2.85800	19
2.86167	13
2.86533	4
2.86900	-8
2.87267	-23
2.87633	-43
2.88000	-66
2.88367	-94
2.88733	-126
2.89100	-161
2.89467	-200
2.89833	-242
2.90200	-287
2.90567	-334
2.90933	-383
2.91300	-433
2.91667	-484
2.92033	-536
2.92400	-588
2.92767	-640
2.93133	-691
2.93500	-742
2.93867	-792
2.94233	-843
2.94600	-899
2.94967	-959
2.95333	-1017
2.95700	-1061
2.96067	-1084
2.96433	-1080
2.96800	-1051
2.97167	-1002
2.97533	-937
2.97900	-863
2.98267	-784
2.98633	-704
2.99000	-627
2.99367	-553
2.99733	-485
3.00100	-422
3.00467	-366
3.00833	-315
3.01200	-271
3.01567	-231
3.01933	-197
3.02300	-167
3.02667	-142
3.03033	-119
3.03400	-100
3.03767	-84
3.04133	-70
3.04500	-57
3.04867	-47
3.05233	-38
3.05600	-31
3.05967	-25
3.06333	-19
3.06700	-14
3.07067	-10
3.07433	-7
3.07800	-4
3.08167	-1
3.08533	1
3.08900	3
3.09267	5
3.09633	7
3.10000	9
3.10367	10
3.10733	11
3.11100	12
3.11467	12
3.11833	13
3.12200	14
3.12567	14
3.12933	15
3.13300	15
3.13667	16
3.14033	16
3.14400	16
3.14767	17
3.15133	17
3.15500	17
3.15867	17
3.16233	17
3.16600	17
3.16967	17
3.17333	17
3.17700	17
3.18067	18
3.18433	18
3.18800	18
3.19167	18
3.19533	18
3.19900	19
3.20267	19
3.20633	19
3.21000	19
3.21367	19
3.21733	20
3.22100	20
3.22467	19
3.22833	19
3.23200	19
3.23567	19
3.23933	19
3.24300	19
3.24667	19
3.25033	19
3.25400	20
3.25767	20
3.26133	20
3.26500	21
3.26867	21
3.27233	21
3.27600	22
3.27967	22
3.28333	22
3.28700	23
3.29067	23
3.29433	23
3.29800	24
3.30167	24
3.30533	24
3.30900	25
3.31267	25
3.31633	25
3.32000	26
3.32367	26
3.32733	26
3.33100	26
3.33467	27
3.33833	27
3.34200	27
3.34567	27
3.34933	28
3.35300	28
3.35667	28
3.36033	28
3.36400	29
3.36767	29
3.37133	29
3.37500	29
3.37867	29
3.38233	29
3.38600	29
3.38967	29
3.39333	29
3.39700	29
3.40067	29
3.40433	28
3.40800	28
3.41167	28
3.41533	28
3.41900	28
3.42267	29
3.42633	29
3.43000	29
3.43367	29
3.43733	29
3.44100	29
3.44467	29
3.44833	29
3.45200	28
3.45567	28
3.45933	28
3.46300	28
3.46667	28
3.47033	28
3.47400	27
3.47767	27
3.48133	27
3.48500	27
3.48867	27
3.49233	26
3.49600	26
3.49967	26
3.50333	25
3.50700	25
3.51067	25
3.51433	25
3.51800	26
3.52167	26
3.52533	26
3.52900	26
3.53267	26
3.53633	26
3.54000	26
3.54367	26
3.54733	26
3.55100	26
3.55467	26
3.55833	26
3.56200	26
3.56567	26
3.56933	25
3.57300	25
3.57667	25
3.58033	25
3.58400	26
3.58767	26
3.59133	26
3.59500	25
3.59867	25
3.60233	25
3.60600	25
3.60967	25
3.61333	25
3.61700	25
3.62067	25
3.62433	25
3.62800	25
3.63167	25
3.63533	25
3.63900	25
3.64267	25
3.64633	26
3.65000	26
3.65367	26
3.65733	26
3.66100	26
3.66467	26
3.66833	26
3.67200	25
3.67567	25
3.67933	25
3.68300	25
3.68667	25
3.69033	25
3.69400	25
3.69767	26
3.70133	26
3.70500	26
3.70867	26
3.71233	26
3.71600	26
3.71967	26
3.72333	26
3.72700	26
3.73067	26
3.73433	26
3.73800	26
3.74167	26
3.74533	26
3.74900	26
3.75267	26
3.75633	26
3.76000	26
3.76367	26
3.76733	26
3.77100	26
3.77467	26
3.77833	26
3.78200	25
3.78567	25
3.78933	25
3.79300	25
3.79667	25
3.80033	25
3.80400	25
3.80767	25
3.81133	25
3.81500	25
3.81867	24
3.82233	24
3.82600	24
3.82967	24
3.83333	25
3.83700	25
3.84067	25
3.84433	25
3.84800	25
3.85167	25
3.85533	25
3.85900	25
3.86267	25
3.86633	25
3.87000	25
3.87367	24
3.87733	25
3.88100	25
3.88467	25
3.88833	25
3.89200	25
3.89567	25
3.89933	25
3.90300	25
3.90667	25
3.91033	25
3.91400	25
3.91767	25
3.92133	25
3.92500	25
3.92867	25
3.93233	25
3.93600	25
3.93967	25
3.94333	26
3.94700	26
3.95067	26
3.95433	26
3.95800	26
3.96167	26
3.96533	26
3.96900	27
3.97267	27
3.97633	27
3.98000	27
3.98367	27
3.98733	27
3.99100	26
3.99467	26
3.99833	26

[Chromatogram (Ch3)]
Interval(msec)	220
# of Points	1091
Start Time(min)	0.002
End Time(min)	3.998
R.Time (min)	Intensity
0.00167	-0
0.00533	-1
0.00900	-2
0.01267	-0
0.01633	-0
0.02000	-1
0.02367	-1
0.02733	-3
0.03100	-7
0.03467	-10
0.03833	-11
0.04200	-9
0.04567	-9
0.04933	-8
0.05300	-8
0.05667	-6
0.06033	-6
0.06400	-7
0.06767	-7
0.07133	-5
0.07500	-5
0.07867	-7
0.08233	-5
0.08600	-3
0.08967	-1
0.09333	2
0.09700	4
0.10067	0
0.10433	-4
0.10800	-5
0.11167	-2
0.11533	-3
0.11900	-6
0.12267	-7
0.12633	-7
0.13000	-5
0.13367	-3
0.13733	-2
0.14100	-2
0.14467	-4
0.14833	-3
0.15200	-3
0.15567	-4
0.15933	-5
0.16300	-5
0.16667	-5
0.17033	-5
0.17400	-4
0.17767	-3
0.18133	-5
0.18500	-8
0.18867	-10
0.19233	-10
0.19600	-8
0.19967	-6
0.20333	-3
0.20700	-1
0.21067	-2
0.21433	-3
0.21800	-3
0.22167	-0
0.22533	1
0.22900	2
0.23267	1
0.23633	-2
0.24000	-4
0.24367	-5
0.24733	-3
0.25100	-1
0.25467	-0
0.25833	1
0.26200	1
0.26567	1
0.26933	0
0.27300	-2
0.27667	-3
0.28033	-2
0.28400	2
0.28767	2
0.29133	-2
0.29500	-4
0.29867	-2
0.30233	-1
0.30600	-0
0.30967	-3
0.31333	-4
0.31700	-3
0.32067	-1
0.32433	1
0.32800	1
0.33167	1
0.33533	5
0.33900	8
0.34267	8
0.34633	6
0.35000	5
0.35367	1
0.35733	-0
0.36100	0
0.36467	1
0.36833	2
0.37200	2
0.37567	2
0.37933	2
0.38300	4
0.38667	3
0.39033	1
0.39400	-0
0.39767	-2
0.40133	-3
0.40500	-3
0.40867	-3
0.41233	0
0.41600	4
0.41967	4
0.42333	2
0.42700	-1
0.43067	-6
0.43433	-8
0.43800	-5
0.44167	-2
0.44533	-3
0.44900	-4
0.45267	-3
0.45633	-3
0.46000	-2
0.46367	-2
0.46733	-2
0.47100	-0
0.47467	0
0.47833	1
0.48200	1
0.48567	-2
0.48933	-3
0.49300	-3
0.49667	-3
0.50033	-4
0.50400	-5
0.50767	-3
0.51133	0
0.51500	1
0.51867	0
0.52233	1
0.52600	2
0.52967	1
0.53333	0
0.53700	2
0.54067	4
0.54433	6
0.54800	6
0.55167	5
0.55533	3
0.55900	-1
0.56267	-2
0.56633	-1
0.57000	0
0.57367	1
0.57733	3
0.58100	5
0.58467	7
0.58833	8
0.59200	7
0.59567	5
0.59933	5
0.60300	6
0.60667	5
0.61033	4
0.61400	5
0.61767	6
0.62133	6
0.62500	6
0.62867	7
0.63233	5
0.63600	5
0.63967	5
0.64333	4
0.64700	5
0.65067	4
0.65433	3
0.65800	3
0.66167	2
0.66533	3
0.66900	5
0.67267	5
0.67633	5
0.68000	5
0.68367	5
0.68733	4
0.69100	3
0.69467	2
0.69833	2
0.70200	0
0.70567	2
0.70933	6
0.71300	7
0.71667	7
0.72033	5
0.72400	4
0.72767	2
0.73133	1
0.73500	4
0.73867	4
0.74233	5
0.74600	6
0.74967	8
0.75333	9
0.75700	11
0.76067	10
0.76433	8
0.76800	5
0.77167	6
0.77533	8
0.77900	7
0.78267	5
0.78633	3
0.79000	3
0.79367	3
0.79733	4
0.80100	3
0.80467	5
0.80833	7
0.81200	5
0.81567	5
0.81933	4
0.82300	3
0.82667	4
0.83033	6
0.83400	7
0.83767	7
0.84133	8
0.84500	8
0.84867	8
0.85233	9
0.85600	10
0.85967	9
0.86333	6
0.86700	5
0.87067	5
0.87433	4
0.87800	4
0.88167	5
0.88533	3
0.88900	-0
0.89267	-1
0.89633	2
0.90000	6
0.90367	6
0.90733	5
0.91100	5
0.91467	6
0.91833	7
0.92200	8
0.92567	7
0.92933	5
0.93300	4
0.93667	3
0.94033	2
0.94400	1
0.94767	2
0.95133	3
0.95500	6
0.95867	9
0.96233	5
0.96600	2
0.96967	1
0.97333	3
0.97700	6
0.98067	7
0.98433	6
0.98800	4
0.99167	2
0.99533	2
0.99900	4
1.00267	5
1.00633	7
1.01000	9
1.01367	11
1.01733	10
1.02100	9
1.02467	10
1.02833	14
1.03200	16
1.03567	16
1.03933	16
1.04300	16
1.04667	16
1.05033	13
1.05400	10
1.05767	8
1.06133	7
1.06500	7
1.06867	8
1.07233	7
1.07600	9
1.07967	10
1.08333	10
1.08700	11
1.09067	11
1.09433	10
1.09800	11
1.10167	7
1.10533	3
1.10900	2
1.11267	3
1.11633	7
1.12000	7
1.12367	6
1.12733	7
1.13100	8
1.13467	8
1.13833	8
1.14200	7
1.14567	5
1.14933	4
1.15300	6
1.15667	5
1.16033	3
1.16400	4
1.16767	6
1.17133	9
1.17500	11
1.17867	9
1.18233	7
1.18600	6
1.18967	7
1.19333	5
1.19700	4
1.20067	4
1.20433	3
1.20800	5
1.21167	6
1.21533	7
1.21900	9
1.22267	9
1.22633	8
1.23000	7
1.23367	8
1.23733	9
1.24100	10
1.24467	9
1.24833	8
1.25200	11
1.25567	10
1.25933	9
1.26300	9
1.26667	9
1.27033	10
1.27400	10
1.27767	8
1.28133	9
1.28500	9
1.28867	8
1.29233	9
1.29600	9
1.29967	9
1.30333	8
1.30700	8
1.31067	10
1.31433	8
1.31800	7
1.32167	4
1.32533	2
1.32900	3
1.33267	5
1.33633	7
1.34000	9
1.34367	8
1.34733	7
1.35100	8
1.35467	9
1.35833	10
1.36200	11
1.36567	10
1.36933	8
1.37300	8
1.37667	9
1.38033	8
1.38400	6
1.38767	4
1.39133	4
1.39500	6
1.39867	5
1.40233	8
1.40600	10
1.40967	10
1.41333	10
1.41700	8
1.42067	8
1.42433	11
1.42800	11
1.43167	11
1.43533	9
1.43900	7
1.44267	6
1.44633	6
1.45000	7
1.45367	9
1.45733	9
1.46100	11
1.46467	11
1.46833	10
1.47200	9
1.47567	8
1.47933	8
1.48300	8
1.48667	10
1.49033	10
1.49400	10
1.49767	9
1.50133	7
1.50500	7
1.50867	9
1.51233	10
1.51600	10
1.51967	11
1.52333	11
1.52700	10
1.53067	14
1.53433	15
1.53800	14
1.54167	11
1.54533	10
1.54900	8
1.55267	7
1.55633	8
1.56000	8
1.56367	9
1.56733	8
1.57100	8
1.57467	8
1.57833	9
1.58200	12
1.58567	13
1.58933	10
1.59300	10
1.59667	9
1.60033	10
1.60400	9
1.60767	11
1.61133	11
1.61500	12
1.61867	14
1.62233	13
1.62600	12
1.62967	11
1.63333	11
1.63700	11
1.64067	13
1.64433	15
1.64800	16
1.65167	19
1.65533	20
1.65900	21
1.66267	22
1.66633	23
1.67000	24
1.67367	25
1.67733	26
1.68100	25
1.68467	25
1.68833	25
1.69200	25
1.69567	26
1.69933	28
1.70300	28
1.70667	27
1.71033	28
1.71400	29
1.71767	26
1.72133	24
1.72500	25
1.72867	26
1.73233	27
1.73600	27
1.73967	28
1.74333	26
1.74700	27
1.75067	27
1.75433	27
1.75800	29
1.76167	30
1.76533	32
1.76900	33
1.77267	33
1.77633	34
1.78000	34
1.78367	36
1.78733	38
1.79100	38
1.79467	38
1.79833	38
1.80200	39
1.80567	40
1.80933	42
1.81300	43
1.81667	44
1.82033	44
1.82400	43
1.82767	41
1.83133	39
1.83500	39
1.83867	41
1.84233	44
1.84600	48
1.84967	51
1.85333	53
1.85700	53
1.86067	49
1.86433	48
1.86800	49
1.87167	51
1.87533	50
1.87900	52
1.88267	54
1.88633	56
1.89000	58
1.89367	58
1.89733	58
1.90100	57
1.90467	58
1.90833	58
1.91200	58
1.91567	59
1.91933	59
1.92300	62
1.92667	63
1.93033	62
1.93400	63
1.93767	62
1.94133	62
1.94500	65
1.94867	68
1.95233	71
1.95600	71
1.95967	70
1.96333	72
1.96700	75
1.97067	77
1.97433	79
1.97800	77
1.98167	73
1.98533	70
1.98900	69
1.99267	71
1.99633	74
2.00000	73
2.00367	75
2.00733	79
2.01100	81
2.01467	81
2.01833	79
2.02200	80
2.02567	83
2.02933	84
2.03300	83
2.03667	82
2.04033	81
2.04400	82
2.04767	84
2.05133	88
2.05500	91
2.05867	93
2.06233	97
2.06600	99
2.06967	98
2.07333	96
2.07700	98
2.08067	96
2.08433	95
2.08800	96
2.09167	97
2.09533	100
2.09900	103
2.10267	106
2.10633	109
2.11000	110
2.11367	109
2.11733	107
2.12100	105
2.12467	107
2.12833	109
2.13200	111
2.13567	111
2.13933	111
2.14300	112
2.14667	113
2.15033	117
2.15400	122
2.15767	124
2.16133	127
2.16500	129
2.16867	131
2.17233	132
2.17600	132
2.17967	133
2.18333	135
2.18700	136
2.19067	136
2.19433	135
2.19800	134
2.20167	133
2.20533	132
2.20900	131
2.21267	132
2.21633	134
2.22000	138
2.22367	140
2.22733	143
2.23100	147
2.23467	147
2.23833	148
2.24200	147
2.24567	148
2.24933	152
2.25300	155
2.25667	155
2.26033	153
2.26400	152
2.26767	154
2.27133	157
2.27500	161
2.27867	164
2.28233	166
2.28600	168
2.28967	170
2.29333	171
2.29700	171
2.30067	172
2.30433	174
2.30800	178
2.31167	179
2.31533	179
2.31900	178
2.32267	180
2.32633	181
2.33000	183
2.33367	183
2.33733	182
2.34100	182
2.34467	183
2.34833	185
2.35200	184
2.35567	185
2.35933	186
2.36300	187
2.36667	187
2.37033	187
2.37400	187
2.37767	186
2.38133	187
2.38500	188
2.38867	186
2.39233	187
2.39600	191
2.39967	195
2.40333	198
2.40700	199
2.41067	198
2.41433	194
2.41800	193
2.42167	193
2.42533	193
2.42900	195
2.43267	198
2.43633	203
2.44000	209
2.44367	238
2.44733	300
2.45100	368
2.45467	417
2.45833	436
2.46200	430
2.46567	417
2.46933	405
2.47300	392
2.47667	374
2.48033	351
2.48400	324
2.48767	297
2.49133	273
2.49500	254
2.49867	242
2.50233	236
2.50600	235
2.50967	236
2.51333	241
2.51700	243
2.52067	244
2.52433	244
2.52800	239
2.53167	227
2.53533	213
2.53900	200
2.54267	188
2.54633	176
2.55000	163
2.55367	151
2.55733	144
2.56100	141
2.56467	140
2.56833	138
2.57200	136
2.57567	131
2.57933	127
2.58300	126
2.58667	129
2.59033	134
2.59400	139
2.59767	141
2.60133	146
2.60500	151
2.60867	152
2.61233	144
2.61600	130
2.61967	111
2.62333	90
2.62700	66
2.63067	44
2.63433	19
2.63800	-22
2.64167	-65
2.64533	-86
2.64900	-77
2.65267	-44
2.65633	6
2.66000	57
2.66367	102
2.66733	146
2.67100	191
2.67467	239
2.67833	286
2.68200	332
2.68567	375
2.68933	416
2.69300	452
2.69667	483
2.70033	512
2.70400	538
2.70767	563
2.71133	584
2.71500	601
2.71867	620
2.72233	639
2.72600	655
2.72967	668
2.73333	681
2.73700	693
2.74067	705
2.74433	716
2.74800	726
2.75167	735
2.75533	747
2.75900	757
2.76267	762
2.76633	765
2.77000	769
2.77367	776
2.77733	782
2.78100	785
2.78467	786
2.78833	785
2.79200	782
2.79567	779
2.79933	771
2.80300	765
2.80667	758
2.81033	752
2.81400	747
2.81767	742
2.82133	736
2.82500	732
2.82867	733
2.83233	746
2.83600	782
2.83967	858
2.84333	997
2.84700	1229
2.85067	1567
2.85433	2008
2.85800	2542
2.86167	3135
2.86533	3744
2.86900	4318
2.87267	4804
2.87633	5166
2.88000	5381
2.88367	5443
2.88733	5371
2.89100	5184
2.89467	4913
2.89833	4587
2.90200	4235
2.90567	3874
2.90933	3519
2.91300	3183
2.91667	2872
2.92033	2588
2.92400	2333
2.92767	2105
2.93133	1903
2.93500	1727
2.93867	1573
2.94233	1436
2.94600	1315
2.94967	1210
2.95333	1121
2.95700	1043
2.96067	976
2.96433	920
2.96800	871
2.97167	828
2.97533	792
2.97900	762
2.98267	736
2.98633	715
2.99000	692
2.99367	672
2.99733	655
3.00100	641
3.00467	629
3.00833	614
3.01200	605
3.01567	599
3.01933	594
3.02300	590
3.02667	584
3.03033	578
3.03400	573
3.03767	567
3.04133	562
3.04500	558
3.04867	555
3.05233	553
3.05600	553
3.05967	553
3.06333	552
3.06700	548
3.07067	547
3.07433	546
3.07800	544
3.08167	540
3.08533	537
3.08900	536
3.09267	534
3.09633	531
3.10000	528
3.10367	527
3.10733	526
3.11100	523
3.11467	517
3.11833	513
3.12200	513
3.12567	514
3.12933	511
3.13300	507
3.13667	502
3.14033	501
3.14400	501
3.14767	499
3.15133	496
3.15500	492
3.15867	488
3.16233	483
3.16600	479
3.16967	476
3.17333	473
3.17700	472
3.18067	469
3.18433	466
3.18800	466
3.19167	467
3.19533	469
3.19900	468
3.20267	467
3.20633	465
3.21000	462
3.21367	459
3.21733	459
3.22100	457
3.22467	455
3.22833	452
3.23200	451
3.23567	450
3.23933	448
3.24300	447
3.24667	444
3.25033	442
3.25400	441
3.25767	441
3.26133	439
3.26500	436
3.26867	435
3.27233	433
3.27600	430
3.27967	427
3.28333	425
3.28700	424
3.29067	421
3.29433	419
3.29800	419
3.30167	417
3.30533	413
3.30900	410
3.31267	407
3.31633	405
3.32000	404
3.32367	401
3.32733	398
3.33100	397
3.33467	397
3.33833	398
3.34200	399
3.34567	397
3.34933	394
3.35300	393
3.35667	390
3.36033	388
3.36400	387
3.36767	388
3.37133	387
3.37500	387
3.37867	386
3.38233	385
3.38600	384
3.38967	384
3.39333	385
3.39700	387
3.40067	385
3.40433	382
3.40800	378
3.41167	374
3.41533	372
3.41900	372
3.42267	373
3.42633	375
3.43000	376
3.43367	377
3.43733	377
3.44100	377
3.44467	376
3.44833	374
3.45200	372
3.45567	370
3.45933	368
3.46300	368
3.46667	368
3.47033	369
3.47400	372
3.47767	370
3.48133	366
3.48500	365
3.48867	364
3.49233	363
3.49600	363
3.49967	362
3.50333	361
3.50700	358
3.51067	357
3.51433	358
3.51800	357
3.52167	356
3.52533	354
3.52900	354
3.53267	351
3.53633	348
3.54000	345
3.54367	343
3.54733	345
3.55100	346
3.55467	345
3.55833	345
3.56200	345
3.56567	342
3.56933	339
3.57300	339
3.57667	341
3.58033	341
3.58400	342
3.58767	343
3.59133	342
3.59500	342
3.59867	343
3.60233	340
3.60600	338
3.60967	339
3.61333	341
3.61700	340
3.62067	340
3.62433	340
3.62800	339
3.63167	336
3.63533	333
3.63900	332
3.64267	333
3.64633	332
3.65000	328
3.65367	324
3.65733	323
3.66100	324
3.66467	325
3.66833	326
3.67200	324
3.67567	320
3.67933	318
3.68300	317
3.68667	318
3.69033	318
3.69400	319
3.69767	319
3.70133	317
3.70500	316
3.70867	315
3.71233	316
3.71600	318
3.71967	319
3.72333	320
3.72700	318
3.73067	317
3.73433	314
3.73800	310
3.74167	308
3.74533	304
3.74900	302
3.75267	304
3.75633	304
3.76000	305
3.76367	306
3.76733	305
3.77100	305
3.77467	303
3.77833	301
3.78200	299
3.78567	300
3.78933	302
3.79300	303
3.79667	301
3.80033	300
3.80400	300
3.80767	299
3.81133	298
3.81500	297
3.81867	298
3.82233	300
3.82600	299
3.82967	300
3.83333	302
3.83700	303
3.84067	302
3.84433	300
3.84800	298
3.85167	297
3.85533	294
3.85900	293
3.86267	292
3.86633	294
3.87000	297
3.87367	299
3.87733	302
3.88100	302
3.88467	301
3.88833	300
3.89200	298
3.89567	294
3.89933	293
3.90300	292
3.90667	294
3.91033	295
3.91400	295
3.91767	294
3.92133	295
3.92500	294
3.92867	291
3.93233	288
3.93600	287
3.93967	284
3.94333	282
3.94700	279
3.95067	278
3.95433	279
3.95800	281
3.96167	280
3.96533	276
3.96900	274
3.97267	272
3.97633	273
3.98000	274
3.98367	273
3.98733	275
3.99100	280
3.99467	282
3.99833	282

[Status Trace (Column Oven Temperature)]
Interval(msec)	1000
# of Points	240
Start Time(min)	0.010
End Time(min)	3.993
Intensity Units	
Intensity Multiplier	1
R.Time (min)	Intensity
0.01010	35.04
0.02677	35.04
0.04343	35.04
0.06010	35.03
0.07677	35.03
0.09343	35.02
0.11010	35.02
0.12677	35.01
0.14343	35.01
0.16010	35.01
0.17677	35.00
0.19343	35.00
0.21010	35.01
0.22677	35.03
0.24343	35.02
0.26010	35.01
0.27677	35.01
0.29343	35.00
0.31010	34.99
0.32677	34.99
0.34343	34.98
0.36010	34.98
0.37677	34.99
0.39343	34.99
0.41010	34.99
0.42677	34.99
0.44343	34.98
0.46010	34.98
0.47677	34.98
0.49343	34.98
0.51010	34.98
0.52677	34.97
0.54343	34.98
0.56010	34.98
0.57677	34.98
0.59343	34.99
0.61010	34.99
0.62677	35.00
0.64343	34.99
0.66010	35.00
0.67677	35.00
0.69343	35.00
0.71010	35.00
0.72677	34.99
0.74343	34.99
0.76010	34.98
0.77677	34.99
0.79343	34.99
0.81010	35.00
0.82677	34.99
0.84343	34.99
0.86010	35.00
0.87677	35.01
0.89343	35.01
0.91010	35.00
0.92677	34.99
0.94343	35.00
0.96010	34.99
0.97677	35.01
0.99343	35.02
1.01010	35.01
1.02677	35.01
1.04343	35.00
1.06010	34.99
1.07677	34.98
1.09343	34.98
1.11010	34.98
1.12677	34.99
1.14343	34.98
1.16010	34.98
1.17677	34.98
1.19343	34.99
1.21010	34.99
1.22677	34.99
1.24343	34.99
1.26010	34.99
1.27677	35.00
1.29343	35.00
1.31010	35.00
1.32677	34.99
1.34343	34.99
1.36010	34.98
1.37677	34.98
1.39343	34.98
1.41010	34.99
1.42677	34.99
1.44343	35.00
1.46010	35.01
1.47677	35.01
1.49343	35.01
1.51010	35.00
1.52677	35.00
1.54343	35.00
1.56010	34.99
1.57677	34.99
1.59343	35.01
1.61010	35.07
1.62677	35.19
1.64343	35.38
1.66010	35.64
1.67677	35.98
1.69343	36.36
1.71010	36.71
1.72677	37.05
1.74343	37.37
1.76010	37.71
1.77677	38.05
1.79343	38.36
1.81010	38.69
1.82677	39.03
1.84343	39.36
1.86010	39.69
1.87677	40.03
1.89343	40.35
1.91010	40.69
1.92677	40.99
1.94343	41.32
1.96010	41.65
1.97677	41.98
1.99343	42.30
2.01010	42.61
2.02677	42.94
2.04343	43.26
2.06010	43.59
2.07677	43.92
2.09343	44.25
2.11010	44.58
2.12677	44.92
2.14343	45.21
2.16010	45.53
2.17677	45.89
2.19343	46.20
2.21010	46.50
2.22677	46.87
2.24343	47.18
2.26010	47.52
2.27677	47.87
2.29343	48.16
2.31010	48.53
2.32677	48.87
2.34343	49.18
2.36010	49.48
2.37677	49.65
2.39343	49.69
2.41010	49.69
2.42677	49.69
2.44343	49.68
2.46010	49.69
2.47677	49.70
2.49343	49.71
2.51010	49.73
2.52677	49.73
2.54343	49.76
2.56010	49.77
2.57677	49.77
2.59343	49.80
2.61010	49.80
2.62677	49.82
2.64343	49.81
2.66010	49.82
2.67677	49.84
2.69343	49.84
2.71010	49.86
2.72677	49.86
2.74343	49.86
2.76010	49.84
2.77677	49.87
2.79343	49.88
2.81010	49.89
2.82677	49.90
2.84343	49.88
2.86010	49.88
2.87677	49.89
2.89343	49.90
2.91010	49.91
2.92677	49.92
2.94343	49.95
2.96010	49.95
2.97677	49.97
2.99343	49.98
3.01010	50.00
3.02677	50.01
3.04343	50.02
3.06010	50.03
3.07677	50.04
3.09343	50.04
3.11010	50.04
3.12677	50.04
3.14343	50.05
3.16010	50.06
3.17677	50.07
3.19343	50.08
3.21010	50.08
3.22677	50.10
3.24343	50.11
3.26010	50.11
3.27677	50.12
3.29343	50.11
3.31010	50.09
3.32677	50.08
3.34343	50.06
3.36010	50.04
3.37677	50.02
3.39343	50.02
3.41010	50.01
3.42677	50.00
3.44343	49.99
3.46010	49.99
3.47677	49.99
3.49343	50.00
3.51010	50.01
3.52677	50.01
3.54343	50.00
3.56010	50.01
3.57677	50.01
3.59343	50.00
3.61010	50.01
3.62677	50.02
3.64343	50.02
3.66010	50.02
3.67677	50.02
3.69343	50.02
3.71010	50.02
3.72677	50.03
3.74343	50.03
3.76010	50.03
3.77677	50.03
3.79343	50.04
3.81010	50.05
3.82677	50.04
3.84343	50.04
3.86010	50.04
3.87677	50.04
3.89343	50.04
3.91010	50.05
3.92677	50.05
3.94343	50.05
3.96010	50.05
3.97677	50.05
3.99343	50.05

[Status Trace (Injection Unit Temperature)]
Interval(msec)	1000
# of Points	240
Start Time(min)	0.010
End Time(min)	3.993
Intensity Units	
Intensity Multiplier	1
R.Time (min)	Intensity
0.01010	99.99
0.02677	99.99
0.04343	99.98
0.06010	99.98
0.07677	99.99
0.09343	99.98
0.11010	99.99
0.12677	99.98
0.14343	99.98
0.16010	99.98
0.17677	99.97
0.19343	99.98
0.21010	99.99
0.22677	99.99
0.24343	99.98
0.26010	99.98
0.27677	99.98
0.29343	99.98
0.31010	99.98
0.32677	99.98
0.34343	99.98
0.36010	99.98
0.37677	99.98
0.39343	99.98
0.41010	99.98
0.42677	99.98
0.44343	99.98
0.46010	99.98
0.47677	99.98
0.49343	99.98
0.51010	99.98
0.52677	99.98
0.54343	99.98
0.56010	99.98
0.57677	99.98
0.59343	99.98
0.61010	99.98
0.62677	99.98
0.64343	99.98
0.66010	99.98
0.67677	99.98
0.69343	99.98
0.71010	99.98
0.72677	99.98
0.74343	99.98
0.76010	99.98
0.77677	99.98
0.79343	99.98
0.81010	99.98
0.82677	99.98
0.84343	99.98
0.86010	99.98
0.87677	99.98
0.89343	99.98
0.91010	99.98
0.92677	99.99
0.94343	99.98
0.96010	99.99
0.97677	99.98
0.99343	99.98
1.01010	99.98
1.02677	99.98
1.04343	99.98
1.06010	99.98
1.07677	99.98
1.09343	99.99
1.11010	99.98
1.12677	99.99
1.14343	99.99
1.16010	99.98
1.17677	99.98
1.19343	99.99
1.21010	99.98
1.22677	99.99
1.24343	99.98
1.26010	99.99
1.27677	99.99
1.29343	99.99
1.31010	99.99
1.32677	99.99
1.34343	99.99
1.36010	99.99
1.37677	99.98
1.39343	99.99
1.41010	99.99
1.42677	99.99
1.44343	99.99
1.46010	99.99
1.47677	99.99
1.49343	99.99
1.51010	99.98
1.52677	99.99
1.54343	99.99
1.56010	99.99
1.57677	99.99
1.59343	99.99
1.61010	99.99
1.62677	99.98
1.64343	99.99
1.66010	99.98
1.67677	99.98
1.69343	99.99
1.71010	99.98
1.72677	99.98
1.74343	99.98
1.76010	99.98
1.77677	99.98
1.79343	99.98
1.81010	99.98
1.82677	99.98
1.84343	99.98
1.86010	99.98
1.87677	99.98
1.89343	99.98
1.91010	99.97
1.92677	99.97
1.94343	99.97
1.96010	99.97
1.97677	99.97
1.99343	99.97
2.01010	99.97
2.02677	99.97
2.04343	99.97
2.06010	99.97
2.07677	99.97
2.09343	99.97
2.11010	99.97
2.12677	99.97
2.14343	99.97
2.16010	99.97
2.17677	99.97
2.19343	99.97
2.21010	99.97
2.22677	99.97
2.24343	99.97
2.26010	99.97
2.27677	99.97
2.29343	99.97
2.31010	99.97
2.32677	99.97
2.34343	99.97
2.36010	99.97
2.37677	99.97
2.39343	99.97
2.41010	99.97
2.42677	99.97
2.44343	99.97
2.46010	99.97
2.47677	99.97
2.49343	99.97
2.51010	99.97
2.52677	99.97
2.54343	99.97
2.56010	99.97
2.57677	99.97
2.59343	99.97
2.61010	99.97
2.62677	99.97
2.64343	99.98
2.66010	99.98
2.67677	99.98
2.69343	99.98
2.71010	99.98
2.72677	99.98
2.74343	99.99
2.76010	99.99
2.77677	99.99
2.79343	99.99
2.81010	99.99
2.82677	99.99
2.84343	100.00
2.86010	100.00
2.87677	100.00
2.89343	100.00
2.91010	100.00
2.92677	100.00
2.94343	100.01
2.96010	100.00
2.97677	100.01
2.99343	100.01
3.01010	100.01
3.02677	100.01
3.04343	100.01
3.06010	100.01
3.07677	100.02
3.09343	100.01
3.11010	100.02
3.12677	100.02
3.14343	100.02
3.16010	100.02
3.17677	100.02
3.19343	100.02
3.21010	100.03
3.22677	100.03
3.24343	100.03
3.26010	100.03
3.27677	100.03
3.29343	100.03
3.31010	100.03
3.32677	100.03
3.34343	100.03
3.36010	100.03
3.37677	100.04
3.39343	100.04
3.41010	100.04
3.42677	100.04
3.44343	100.04
3.46010	100.04
3.47677	100.04
3.49343	100.04
3.51010	100.04
3.52677	100.04
3.54343	100.05
3.56010	100.04
3.57677	100.05
3.59343	100.05
3.61010	100.05
3.62677	100.05
3.64343	100.05
3.66010	100.05
3.67677	100.05
3.69343	100.05
3.71010	100.05
3.72677	100.05
3.74343	100.05
3.76010	100.05
3.77677	100.05
3.79343	100.05
3.81010	100.05
3.82677	100.05
3.84343	100.05
3.86010	100.05
3.87677	100.05
3.89343	100.06
3.91010	100.05
3.92677	100.05
3.94343	100.05
3.96010	100.05
3.97677	100.05
3.99343	100.06

[Status Trace (Carrier Gas Pressure)]
Interval(msec)	1000
# of Points	240
Start Time(min)	0.010
End Time(min)	3.993
Intensity Units	
Intensity Multiplier	1
R.Time (min)	Intensity
0.01010	58.00
0.02677	55.13
0.04343	57.47
0.06010	59.50
0.07677	59.11
0.09343	58.00
0.11010	57.99
0.12677	58.01
0.14343	58.01
0.16010	58.01
0.17677	58.00
0.19343	58.00
0.21010	58.00
0.22677	58.00
0.24343	58.00
0.26010	58.00
0.27677	58.00
0.29343	58.00
0.31010	58.00
0.32677	58.00
0.34343	58.00
0.36010	58.00
0.37677	58.00
0.39343	58.00
0.41010	58.00
0.42677	58.00
0.44343	58.00
0.46010	58.00
0.47677	58.00
0.49343	58.00
0.51010	58.00
0.52677	58.00
0.54343	58.00
0.56010	58.00
0.57677	58.00
0.59343	58.00
0.61010	58.00
0.62677	58.00
0.64343	58.00
0.66010	58.00
0.67677	58.00
0.69343	58.00
0.71010	58.00
0.72677	58.00
0.74343	58.00
0.76010	58.00
0.77677	58.00
0.79343	58.00
0.81010	58.00
0.82677	58.00
0.84343	58.00
0.86010	58.00
0.87677	58.00
0.89343	58.00
0.91010	58.00
0.92677	58.00
0.94343	58.00
0.96010	58.00
0.97677	58.00
0.99343	58.00
1.01010	58.00
1.02677	58.00
1.04343	58.00
1.06010	58.00
1.07677	58.00
1.09343	58.00
1.11010	58.00
1.12677	58.00
1.14343	58.00
1.16010	58.00
1.17677	58.00
1.19343	58.00
1.21010	58.00
1.22677	58.00
1.24343	58.00
1.26010	58.00
1.27677	58.00
1.29343	58.00
1.31010	58.00
1.32677	58.00
1.34343	58.00
1.36010	58.00
1.37677	58.00
1.39343	58.00
1.41010	58.00
1.42677	58.00
1.44343	58.00
1.46010	58.00
1.47677	58.00
1.49343	58.00
1.51010	58.00
1.52677	58.00
1.54343	58.00
1.56010	58.00
1.57677	58.00
1.59343	58.00
1.61010	58.00
1.62677	58.00
1.64343	58.00
1.66010	58.00
1.67677	58.01
1.69343	58.00
1.71010	58.00
1.72677	58.00
1.74343	58.00
1.76010	58.00
1.77677	58.00
1.79343	58.00
1.81010	58.00
1.82677	58.00
1.84343	58.00
1.86010	58.00
1.87677	58.00
1.89343	58.00
1.91010	58.00
1.92677	58.00
1.94343	58.00
1.96010	58.00
1.97677	58.00
1.99343	58.00
2.01010	58.00
2.02677	58.00
2.04343	58.00
2.06010	58.00
2.07677	58.00
2.09343	58.00
2.11010	58.00
2.12677	58.00
2.14343	58.00
2.16010	58.00
2.17677	58.00
2.19343	58.00
2.21010	58.00
2.22677	58.00
2.24343	58.00
2.26010	58.00
2.27677	58.00
2.29343	58.00
2.31010	58.00
2.32677	58.00
2.34343	58.00
2.36010	58.00
2.37677	58.00
2.39343	57.99
2.41010	57.99
2.42677	58.00
2.44343	58.00
2.46010	58.00
2.47677	58.00
2.49343	58.00
2.51010	58.00
2.52677	57.98
2.54343	58.00
2.56010	58.00
2.57677	58.00
2.59343	58.00
2.61010	58.00
2.62677	58.00
2.64343	58.00
2.66010	58.00
2.67677	58.00
2.69343	58.00
2.71010	58.00
2.72677	58.00
2.74343	58.00
2.76010	58.00
2.77677	58.00
2.79343	58.00
2.81010	58.00
2.82677	58.00
2.84343	58.00
2.86010	58.00
2.87677	58.00
2.89343	58.00
2.91010	58.00
2.92677	58.00
2.94343	58.00
2.96010	58.00
2.97677	58.00
2.99343	58.00
3.01010	58.00
3.02677	58.00
3.04343	58.00
3.06010	58.00
3.07677	58.00
3.09343	58.00
3.11010	58.00
3.12677	58.00
3.14343	58.00
3.16010	58.00
3.17677	58.00
3.19343	58.00
3.21010	58.00
3.22677	58.00
3.24343	58.00
3.26010	58.00
3.27677	58.00
3.29343	58.00
3.31010	58.00
3.32677	58.00
3.34343	58.00
3.36010	58.00
3.37677	58.00
3.39343	58.00
3.41010	58.00
3.42677	58.00
3.44343	58.00
3.46010	58.00
3.47677	58.00
3.49343	58.00
3.51010	58.00
3.52677	58.00
3.54343	58.00
3.56010	58.00
3.57677	58.00
3.59343	58.00
3.61010	58.00
3.62677	58.00
3.64343	58.00
3.66010	58.00
3.67677	58.00
3.69343	58.00
3.71010	58.00
3.72677	58.00
3.74343	58.00
3.76010	58.00
3.77677	58.00
3.79343	58.00
3.81010	58.00
3.82677	58.00
3.84343	58.00
3.86010	58.00
3.87677	58.00
3.89343	58.00
3.91010	58.00
3.92677	58.00
3.94343	58.00
3.96010	58.00
3.97677	58.00
3.99343	58.00

[Status Trace (Carrier Gas Flow)]
Interval(msec)	1000
# of Points	240
Start Time(min)	0.010
End Time(min)	3.993
Intensity Units	
Intensity Multiplier	1
R.Time (min)	Intensity
0.01010	34.52
0.02677	34.54
0.04343	34.55
0.06010	34.54
0.07677	34.50
0.09343	34.52
0.11010	34.52
0.12677	34.52
0.14343	34.52
0.16010	34.52
0.17677	34.52
0.19343	34.52
0.21010	34.52
0.22677	34.52
0.24343	34.52
0.26010	34.52
0.27677	34.52
0.29343	34.52
0.31010	34.52
0.32677	34.52
0.34343	34.52
0.36010	34.52
0.37677	34.52
0.39343	34.52
0.41010	34.52
0.42677	34.52
0.44343	34.52
0.46010	34.52
0.47677	34.52
0.49343	34.52
0.51010	34.52
0.52677	34.52
0.54343	34.52
0.56010	34.52
0.57677	34.52
0.59343	34.52
0.61010	34.52
0.62677	34.52
0.64343	34.52
0.66010	34.52
0.67677	34.52
0.69343	34.52
0.71010	34.52
0.72677	34.52
0.74343	34.52
0.76010	34.52
0.77677	34.52
0.79343	34.52
0.81010	34.52
0.82677	34.52
0.84343	34.52
0.86010	34.52
0.87677	34.52
0.89343	34.52
0.91010	34.52
0.92677	34.52
0.94343	34.52
0.96010	34.52
0.97677	34.52
0.99343	34.52
1.01010	34.52
1.02677	34.52
1.04343	34.52
1.06010	34.52
1.07677	34.52
1.09343	34.52
1.11010	34.52
1.12677	34.52
1.14343	34.52
1.16010	34.52
1.17677	34.52
1.19343	34.52
1.21010	34.52
1.22677	34.52
1.24343	34.52
1.26010	34.52
1.27677	34.52
1.29343	34.52
1.31010	34.52
1.32677	34.52
1.34343	34.52
1.36010	34.52
1.37677	34.52
1.39343	34.52
1.41010	34.52
1.42677	34.52
1.44343	34.52
1.46010	34.52
1.47677	34.52
1.49343	34.52
1.51010	34.52
1.52677	34.52
1.54343	34.52
1.56010	34.52
1.57677	34.52
1.59343	34.52
1.61010	34.52
1.62677	34.52
1.64343	34.52
1.66010	34.52
1.67677	34.52
1.69343	34.52
1.71010	34.52
1.72677	34.52
1.74343	34.52
1.76010	34.52
1.77677	34.52
1.79343	34.52
1.81010	34.52
1.82677	34.52
1.84343	34.52
1.86010	34.52
1.87677	34.52
1.89343	34.52
1.91010	34.52
1.92677	34.52
1.94343	34.52
1.96010	34.52
1.97677	34.52
1.99343	34.52
2.01010	34.52
2.02677	34.52
2.04343	34.52
2.06010	34.52
2.07677	34.52
2.09343	34.52
2.11010	34.52
2.12677	34.52
2.14343	34.52
2.16010	34.52
2.17677	34.52
2.19343	34.52
2.21010	34.52
2.22677	34.52
2.24343	34.52
2.26010	34.52
2.27677	34.52
2.29343	34.52
2.31010	34.52
2.32677	34.52
2.34343	34.52
2.36010	34.52
2.37677	34.52
2.39343	34.52
2.41010	34.52
2.42677	34.52
2.44343	34.52
2.46010	34.52
2.47677	34.52
2.49343	34.52
2.51010	34.50
2.52677	34.52
2.54343	34.52
2.56010	34.52
2.57677	34.52
2.59343	34.52
2.61010	34.52
2.62677	34.52
2.64343	34.52
2.66010	34.52
2.67677	34.52
2.69343	34.52
2.71010	34.52
2.72677	34.52
2.74343	34.52
2.76010	34.52
2.77677	34.52
2.79343	34.52
2.81010	34.52
2.82677	34.52
2.84343	34.52
2.86010	34.52
2.87677	34.52
2.89343	34.52
2.91010	34.52
2.92677	34.52
2.94343	34.52
2.96010	34.52
2.97677	34.52
2.99343	34.52
3.01010	34.52
3.02677	34.52
3.04343	34.52
3.06010	34.52
3.07677	34.52
3.09343	34.52
3.11010	34.52
3.12677	34.52
3.14343	34.52
3.16010	34.52
3.17677	34.52
3.19343	34.52
3.21010	34.52
3.22677	34.52
3.24343	34.52
3.26010	34.52
3.27677	34.52
3.29343	34.52
3.31010	34.52
3.32677	34.52
3.34343	34.52
3.36010	34.52
3.37677	34.52
3.39343	34.52
3.41010	34.52
3.42677	34.52
3.44343	34.52
3.46010	34.52
3.47677	34.52
3.49343	34.52
3.51010	34.52
3.52677	34.52
3.54343	34.52
3.56010	34.52
3.57677	34.52
3.59343	34.52
3.61010	34.52
3.62677	34.52
3.64343	34.52
3.66010	34.52
3.67677	34.52
3.69343	34.52
3.71010	34.52
3.72677	34.52
3.74343	34.52
3.76010	34.52
3.77677	34.52
3.79343	34.52
3.81010	34.52
3.82677	34.52
3.84343	34.52
3.86010	34.52
3.87677	34.52
3.89343	34.52
3.91010	34.52
3.92677	34.52
3.94343	34.52
3.96010	34.52
3.97677	34.52
3.99343	34.52

[Status Trace (Column Flow)]
Interval(msec)	1000
# of Points	240
Start Time(min)	0.010
End Time(min)	3.993
Intensity Units	
Intensity Multiplier	1
R.Time (min)	Intensity
0.01010	5.44
0.02677	5.12
0.04343	5.38
0.06010	5.62
0.07677	5.57
0.09343	5.45
0.11010	5.44
0.12677	5.45
0.14343	5.45
0.16010	5.45
0.17677	5.45
0.19343	5.45
0.21010	5.45
0.22677	5.44
0.24343	5.45
0.26010	5.45
0.27677	5.45
0.29343	5.45
0.31010	5.45
0.32677	5.45
0.34343	5.45
0.36010	5.45
0.37677	5.45
0.39343	5.45
0.41010	5.45
0.42677	5.45
0.44343	5.45
0.46010	5.45
0.47677	5.45
0.49343	5.45
0.51010	5.45
0.52677	5.45
0.54343	5.45
0.56010	5.45
0.57677	5.45
0.59343	5.45
0.61010	5.45
0.62677	5.45
0.64343	5.45
0.66010	5.45
0.67677	5.45
0.69343	5.45
0.71010	5.45
0.72677	5.45
0.74343	5.45
0.76010	5.45
0.77677	5.45
0.79343	5.45
0.81010	5.45
0.82677	5.45
0.84343	5.45
0.86010	5.45
0.87677	5.45
0.89343	5.45
0.91010	5.45
0.92677	5.45
0.94343	5.45
0.96010	5.45
0.97677	5.45
0.99343	5.44
1.01010	5.45
1.02677	5.45
1.04343	5.45
1.06010	5.45
1.07677	5.45
1.09343	5.45
1.11010	5.45
1.12677	5.45
1.14343	5.45
1.16010	5.45
1.17677	5.45
1.19343	5.45
1.21010	5.45
1.22677	5.45
1.24343	5.45
1.26010	5.45
1.27677	5.45
1.29343	5.45
1.31010	5.45
1.32677	5.45
1.34343	5.45
1.36010	5.45
1.37677	5.45
1.39343	5.45
1.41010	5.45
1.42677	5.45
1.44343	5.45
1.46010	5.45
1.47677	5.45
1.49343	5.45
1.51010	5.45
1.52677	5.45
1.54343	5.45
1.56010	5.45
1.57677	5.45
1.59343	5.45
1.61010	5.44
1.62677	5.44
1.64343	5.43
1.66010	5.43
1.67677	5.42
1.69343	5.40
1.71010	5.39
1.72677	5.38
1.74343	5.37
1.76010	5.36
1.77677	5.35
1.79343	5.34
1.81010	5.33
1.82677	5.32
1.84343	5.31
1.86010	5.30
1.87677	5.29
1.89343	5.28
1.91010	5.27
1.92677	5.26
1.94343	5.25
1.96010	5.24
1.97677	5.24
1.99343	5.23
2.01010	5.22
2.02677	5.21
2.04343	5.20
2.06010	5.19
2.07677	5.18
2.09343	5.17
2.11010	5.16
2.12677	5.15
2.14343	5.14
2.16010	5.13
2.17677	5.12
2.19343	5.11
2.21010	5.11
2.22677	5.10
2.24343	5.09
2.26010	5.08
2.27677	5.07
2.29343	5.06
2.31010	5.05
2.32677	5.04
2.34343	5.03
2.36010	5.02
2.37677	5.02
2.39343	5.02
2.41010	5.02
2.42677	5.02
2.44343	5.02
2.46010	5.02
2.47677	5.02
2.49343	5.02
2.51010	5.02
2.52677	5.01
2.54343	5.02
2.56010	5.01
2.57677	5.01
2.59343	5.01
2.61010	5.01
2.62677	5.01
2.64343	5.01
2.66010	5.01
2.67677	5.01
2.69343	5.01
2.71010	5.01
2.72677	5.01
2.74343	5.01
2.76010	5.01
2.77677	5.01
2.79343	5.01
2.81010	5.01
2.82677	5.01
2.84343	5.01
2.86010	5.01
2.87677	5.01
2.89343	5.01
2.91010	5.01
2.92677	5.01
2.94343	5.01
2.96010	5.01
2.97677	5.01
2.99343	5.01
3.01010	5.01
3.02677	5.01
3.04343	5.01
3.06010	5.01
3.07677	5.01
3.09343	5.01
3.11010	5.01
3.12677	5.01
3.14343	5.01
3.16010	5.01
3.17677	5.01
3.19343	5.01
3.21010	5.01
3.22677	5.01
3.24343	5.01
3.26010	5.01
3.27677	5.01
3.29343	5.01
3.31010	5.01
3.32677	5.01
3.34343	5.01
3.36010	5.01
3.37677	5.01
3.39343	5.01
3.41010	5.01
3.42677	5.01
3.44343	5.01
3.46010	5.01
3.47677	5.01
3.49343	5.01
3.51010	5.01
3.52677	5.01
3.54343	5.01
3.56010	5.01
3.57677	5.01
3.59343	5.01
3.61010	5.01
3.62677	5.01
3.64343	5.01
3.66010	5.01
3.67677	5.01
3.69343	5.01
3.71010	5.01
3.72677	5.01
3.74343	5.01
3.76010	5.01
3.77677	5.01
3.79343	5.01
3.81010	5.01
3.82677	5.01
3.84343	5.01
3.86010	5.01
3.87677	5.01
3.89343	5.01
3.91010	5.01
3.92677	5.01
3.94343	5.01
3.96010	5.01
3.97677	5.01
3.99343	5.01

[Status Trace (Linear Velocity)]
Interval(msec)	1000
# of Points	240
Start Time(min)	0.010
End Time(min)	3.993
Intensity Units	
Intensity Multiplier	1
R.Time (min)	Intensity
0.01010	39.00
0.02677	37.11
0.04343	38.65
0.06010	39.98
0.07677	39.72
0.09343	39.00
0.11010	38.99
0.12677	39.01
0.14343	39.00
0.16010	39.00
0.17677	39.00
0.19343	39.00
0.21010	39.00
0.22677	39.00
0.24343	39.00
0.26010	39.00
0.27677	39.00
0.29343	39.00
0.31010	39.00
0.32677	39.00
0.34343	39.00
0.36010	39.00
0.37677	39.00
0.39343	39.00
0.41010	39.00
0.42677	39.00
0.44343	39.00
0.46010	39.00
0.47677	39.00
0.49343	39.00
0.51010	39.00
0.52677	39.00
0.54343	39.00
0.56010	39.00
0.57677	39.00
0.59343	39.00
0.61010	39.00
0.62677	39.00
0.64343	39.00
0.66010	39.00
0.67677	39.00
0.69343	39.00
0.71010	39.00
0.72677	39.00
0.74343	39.00
0.76010	39.00
0.77677	39.00
0.79343	39.00
0.81010	39.00
0.82677	39.00
0.84343	39.00
0.86010	39.00
0.87677	39.00
0.89343	39.00
0.91010	39.00
0.92677	39.00
0.94343	39.00
0.96010	39.00
0.97677	39.00
0.99343	39.00
1.01010	39.00
1.02677	39.00
1.04343	39.00
1.06010	39.00
1.07677	39.00
1.09343	39.00
1.11010	39.00
1.12677	39.00
1.14343	39.00
1.16010	39.00
1.17677	39.00
1.19343	39.00
1.21010	39.00
1.22677	39.00
1.24343	39.00
1.26010	39.00
1.27677	39.00
1.29343	39.00
1.31010	39.00
1.32677	39.00
1.34343	39.00
1.36010	39.00
1.37677	39.00
1.39343	39.00
1.41010	39.00
1.42677	39.00
1.44343	39.00
1.46010	39.00
1.47677	39.00
1.49343	39.00
1.51010	39.00
1.52677	39.00
1.54343	39.00
1.56010	39.00
1.57677	39.00
1.59343	39.00
1.61010	38.99
1.62677	38.98
1.64343	38.96
1.66010	38.94
1.67677	38.91
1.69343	38.87
1.71010	38.84
1.72677	38.80
1.74343	38.77
1.76010	38.74
1.77677	38.71
1.79343	38.68
1.81010	38.65
1.82677	38.62
1.84343	38.59
1.86010	38.55
1.87677	38.52
1.89343	38.49
1.91010	38.46
1.92677	38.43
1.94343	38.40
1.96010	38.37
1.97677	38.34
1.99343	38.31
2.01010	38.28
2.02677	38.25
2.04343	38.22
2.06010	38.19
2.07677	38.16
2.09343	38.13
2.11010	38.10
2.12677	38.07
2.14343	38.04
2.16010	38.01
2.17677	37.98
2.19343	37.95
2.21010	37.93
2.22677	37.90
2.24343	37.87
2.26010	37.84
2.27677	37.81
2.29343	37.78
2.31010	37.75
2.32677	37.72
2.34343	37.69
2.36010	37.66
2.37677	37.64
2.39343	37.64
2.41010	37.64
2.42677	37.64
2.44343	37.64
2.46010	37.64
2.47677	37.64
2.49343	37.64
2.51010	37.64
2.52677	37.63
2.54343	37.64
2.56010	37.64
2.57677	37.64
2.59343	37.63
2.61010	37.63
2.62677	37.63
2.64343	37.63
2.66010	37.63
2.67677	37.63
2.69343	37.63
2.71010	37.63
2.72677	37.63
2.74343	37.63
2.76010	37.63
2.77677	37.63
2.79343	37.63
2.81010	37.62
2.82677	37.62
2.84343	37.63
2.86010	37.63
2.87677	37.63
2.89343	37.62
2.91010	37.62
2.92677	37.62
2.94343	37.62
2.96010	37.62
2.97677	37.62
2.99343	37.62
3.01010	37.62
3.02677	37.61
3.04343	37.61
3.06010	37.61
3.07677	37.61
3.09343	37.61
3.11010	37.61
3.12677	37.61
3.14343	37.61
3.16010	37.61
3.17677	37.61
3.19343	37.61
3.21010	37.61
3.22677	37.61
3.24343	37.60
3.26010	37.60
3.27677	37.60
3.29343	37.61
3.31010	37.61
3.32677	37.61
3.34343	37.61
3.36010	37.61
3.37677	37.61
3.39343	37.61
3.41010	37.61
3.42677	37.62
3.44343	37.62
3.46010	37.62
3.47677	37.62
3.49343	37.62
3.51010	37.61
3.52677	37.61
3.54343	37.62
3.56010	37.61
3.57677	37.61
3.59343	37.61
3.61010	37.61
3.62677	37.61
3.64343	37.61
3.66010	37.61
3.67677	37.61
3.69343	37.61
3.71010	37.61
3.72677	37.61
3.74343	37.61
3.76010	37.61
3.77677	37.61
3.79343	37.61
3.81010	37.61
3.82677	37.61
3.84343	37.61
3.86010	37.61
3.87677	37.61
3.89343	37.61
3.91010	37.61
3.92677	37.61
3.94343	37.61
3.96010	37.61
3.97677	37.61
3.99343	37.61

