[Header]
Application Name	LabSolutions
Version	5.110
Data File Name	C:\Users\User\Desktop\GC Analyses\Jack\UIC Prairie Sampling\11.2.22\221102_099.gcd
Output Date	3/20/2023
Output Time	1:25:42 PM

[File Information]
Type	Data File
Generated	1/4/2023 11:07:17 AM
Generated by	System Administrator
Modified	1/4/2023 11:11:27 AM
Modified by	System Administrator

[Sample Information]
Operator Name	System Administrator
Acquired	1/4/2023 11:07:25 AM
Sample Type	1:Standard
Level	1
Sample Name	221102_UICPrairie
Sample ID	221102_UICPrairie
ISTD Amount1	1
ISTD Amount2	1
ISTD Amount3	1
ISTD Amount4	1
ISTD Amount5	1
ISTD Amount6	1
ISTD Amount7	1
ISTD Amount8	1
ISTD Amount9	1
ISTD Amount10	1
ISTD Amount11	1
ISTD Amount12	1
ISTD Amount13	1
ISTD Amount14	1
ISTD Amount15	1
ISTD Amount16	1
ISTD Amount17	1
ISTD Amount18	1
ISTD Amount19	1
ISTD Amount20	1
ISTD Amount21	1
ISTD Amount22	1
ISTD Amount23	1
ISTD Amount24	1
ISTD Amount25	1
ISTD Amount26	1
ISTD Amount27	1
ISTD Amount28	1
ISTD Amount29	1
ISTD Amount30	1
ISTD Amount31	1
ISTD Amount32	1
Sample Amount	1
Dilution Factor	1
Vial#	1
Injection Volume	1
Injection Count	1
Bar Code	

[Original Files]
Data File	C:\Users\User\Desktop\GC Analyses\Jack\UIC Prairie Sampling\11.2.22\221102_099.gcd
Method File	C:\LabSolutions\Data\GHG_4min_2022\ghg3_togas_w_acet_4 min_new_int.gcm
Batch File	
Report Format File	c:\LabSolutions\System\DEFAULT.lsr

[File Description]


[Configuration]
Instrument Name	C0B7VH3-Instrument1
Instrument #	1
Line #	1
# of Detectors	3
Detector ID	DET#1	DET#2	DET#3
Detector Name	FID	PTCD	ECD
# of Channels	1	1	1

[Peak Table(Ch1)]
# of Peaks	3
Peak#	R.Time	I.Time	F.Time	Area	Height	A/H	Conc.	Mark	ID#	Name	k'	Plate #	Plate Ht.	Tailing	Resolution	Sep.Factor	Area Ratio	Height Ratio	Conc. %	Norm Conc.
1	1.476	1.439	1.538	12254	5525	2.218	100.000	   	1	CO	0.000	8677	17.287	1.333	0.000	0.000	0	0	16.667	16.667
2	1.567	1.538	1.633	6215	3097	2.007	100.000	 V 	2	CH4	0.062	11016	13.617	0.000	1.489	0.000	0	0	16.667	16.667
3	1.996	1.949	2.480	1266688	596136	2.125	400.000	   	3	CO2	0.353	17440	8.601	1.336	7.138	5.680	0	0	66.667	66.667

[Peak Table(Ch2)]
# of Peaks	0

[Peak Table(Ch3)]
# of Peaks	5
Peak#	R.Time	I.Time	F.Time	Area	Height	A/H	Conc.	Mark	ID#	Name	k'	Plate #	Plate Ht.	Tailing	Resolution	Sep.Factor	Area Ratio	Height Ratio	Conc. %	Norm Conc.
1	2.458	2.293	2.506	1817	435	4.180	0.000	   			0.000	8649	17.343	0.000	0.000	0.000	0	0	0.000	0.000
2	2.521	2.506	2.568	817	269	3.043	0.000	 V 			0.025	1943	77.186	0.000	0.373	0.000	0	0	0.000	0.000
3	2.605	2.568	2.653	728	203	3.587	0.000	 V 			0.060	2574	58.285	0.000	0.389	2.353	0	0	0.000	0.000
4	2.884	2.671	3.111	28426	6127	4.639	1.000	   	1	N2O	0.173	12619	11.887	0.000	1.809	2.900	0	0	50.000	50.000
5	3.232	3.111	3.954	11631	456	25.526	1.000	 V 	2	SF6	0.315	84	1783.030	0.000	0.461	1.819	0	0	50.000	50.000

[Compound Results(Ch1)]
# of IDs	6
ID#	Name	R.Time	Area	Height	Conc.	Curve	3rd	2nd	1st	Constant	Area Ratio	Height Ratio	Conc. %	Norm Conc.
1	CO	1.476	12254	5525	100.000	Linear	0.000000e+00	0.000000e+00	1.225410e+002	0.000000e+00	0	0	16.667	16.667
2	CH4	1.567	6215	3097	100.000	Linear	0.000000e+00	0.000000e+00	6.214606e+001	0.000000e+00	0	0	16.667	16.667
3	CO2	1.996	1266688	596136	400.000	Linear	0.000000e+00	0.000000e+00	3.166720e+003	0.000000e+00	0	0	66.667	66.667
4	Ethylene	0.000	0	0	0.000	Linear	0.000000e+00	0.000000e+00	0.000000e+00	0.000000e+00	0	0	0.000	0.000
5	Acetylene	0.000	0	0	0.000	Linear	0.000000e+00	0.000000e+00	0.000000e+00	0.000000e+00	0	0	0.000	0.000
6	Ethane	0.000	0	0	0.000	Linear	0.000000e+00	0.000000e+00	0.000000e+00	0.000000e+00	0	0	0.000	0.000

[Compound Results(Ch2)]
# of IDs	5
ID#	Name	R.Time	Area	Height	Conc.	Curve	3rd	2nd	1st	Constant	Area Ratio	Height Ratio	Conc. %	Norm Conc.
1	Hydrogen	0.000	0	0	0.000	Linear	0.000000e+00	0.000000e+00	0.000000e+00	0.000000e+00	0	0	0.000	0.000
2	Oxygen	0.000	0	0	0.000	Linear	0.000000e+00	0.000000e+00	0.000000e+00	0.000000e+00	0	0	0.000	0.000
3	Nitrogen	0.000	0	0	0.000	Linear	0.000000e+00	0.000000e+00	0.000000e+00	0.000000e+00	0	0	0.000	0.000
4	Methane	0.000	0	0	0.000	Linear	0.000000e+00	0.000000e+00	0.000000e+00	0.000000e+00	0	0	0.000	0.000
5	Carbon Monoxide	0.000	0	0	0.000	Linear	0.000000e+00	0.000000e+00	0.000000e+00	0.000000e+00	0	0	0.000	0.000

[Compound Results(Ch3)]
# of IDs	2
ID#	Name	R.Time	Area	Height	Conc.	Curve	3rd	2nd	1st	Constant	Area Ratio	Height Ratio	Conc. %	Norm Conc.
1	N2O	2.884	28426	6127	1.000	Linear	0.000000e+00	0.000000e+00	2.842605e+004	0.000000e+00	0	0	50.000	50.000
2	SF6	3.232	11631	456	1.000	Linear	0.000000e+00	0.000000e+00	1.163098e+004	0.000000e+00	0	0	50.000	50.000

[Group Results(Ch1)]
# of Groups	0

[Group Results(Ch2)]
# of Groups	0

[Group Results(Ch3)]
# of Groups	0

[Chromatogram (Ch1)]
Interval(msec)	220
# of Points	1091
Start Time(min)	0.002
End Time(min)	3.998
R.Time (min)	Intensity
0.00167	-2
0.00533	-4
0.00900	-7
0.01267	-9
0.01633	-9
0.02000	-8
0.02367	-3
0.02733	4
0.03100	9
0.03467	10
0.03833	9
0.04200	11
0.04567	15
0.04933	16
0.05300	11
0.05667	6
0.06033	2
0.06400	-0
0.06767	-1
0.07133	-2
0.07500	-3
0.07867	-1
0.08233	3
0.08600	5
0.08967	5
0.09333	7
0.09700	12
0.10067	20
0.10433	24
0.10800	25
0.11167	24
0.11533	20
0.11900	13
0.12267	2
0.12633	-5
0.13000	-0
0.13367	13
0.13733	26
0.14100	36
0.14467	44
0.14833	45
0.15200	43
0.15567	39
0.15933	39
0.16300	40
0.16667	40
0.17033	39
0.17400	35
0.17767	29
0.18133	24
0.18500	19
0.18867	13
0.19233	6
0.19600	-3
0.19967	-10
0.20333	-13
0.20700	-11
0.21067	-7
0.21433	-2
0.21800	3
0.22167	7
0.22533	11
0.22900	20
0.23267	30
0.23633	38
0.24000	43
0.24367	44
0.24733	39
0.25100	33
0.25467	26
0.25833	24
0.26200	27
0.26567	31
0.26933	30
0.27300	26
0.27667	24
0.28033	23
0.28400	20
0.28767	15
0.29133	12
0.29500	8
0.29867	5
0.30233	5
0.30600	11
0.30967	21
0.31333	28
0.31700	34
0.32067	40
0.32433	44
0.32800	46
0.33167	43
0.33533	35
0.33900	27
0.34267	21
0.34633	16
0.35000	14
0.35367	11
0.35733	8
0.36100	2
0.36467	-2
0.36833	-1
0.37200	4
0.37567	14
0.37933	23
0.38300	28
0.38667	30
0.39033	31
0.39400	32
0.39767	32
0.40133	30
0.40500	25
0.40867	19
0.41233	13
0.41600	5
0.41967	-4
0.42333	-12
0.42700	-18
0.43067	-17
0.43433	-10
0.43800	-5
0.44167	-5
0.44533	-7
0.44900	-8
0.45267	-6
0.45633	-3
0.46000	-1
0.46367	-1
0.46733	-2
0.47100	-1
0.47467	-0
0.47833	1
0.48200	1
0.48567	-0
0.48933	0
0.49300	1
0.49667	2
0.50033	2
0.50400	3
0.50767	4
0.51133	1
0.51500	-2
0.51867	-3
0.52233	-4
0.52600	-2
0.52967	0
0.53333	-1
0.53700	-4
0.54067	-8
0.54433	-15
0.54800	-19
0.55167	-21
0.55533	-23
0.55900	-23
0.56267	-20
0.56633	-16
0.57000	-12
0.57367	-12
0.57733	-15
0.58100	-19
0.58467	-20
0.58833	-16
0.59200	-10
0.59567	-5
0.59933	-4
0.60300	-7
0.60667	-15
0.61033	-23
0.61400	-31
0.61767	-35
0.62133	-38
0.62500	-37
0.62867	-32
0.63233	-26
0.63600	-23
0.63967	-21
0.64333	-20
0.64700	-19
0.65067	-17
0.65433	-12
0.65800	-9
0.66167	-8
0.66533	-6
0.66900	-3
0.67267	2
0.67633	6
0.68000	8
0.68367	6
0.68733	0
0.69100	-8
0.69467	-14
0.69833	-19
0.70200	-20
0.70567	-18
0.70933	-14
0.71300	-13
0.71667	-13
0.72033	-14
0.72400	-14
0.72767	-13
0.73133	-15
0.73500	-21
0.73867	-26
0.74233	-23
0.74600	-20
0.74967	-18
0.75333	-16
0.75700	-15
0.76067	-15
0.76433	-15
0.76800	-13
0.77167	-12
0.77533	-12
0.77900	-14
0.78267	-16
0.78633	-16
0.79000	-14
0.79367	-14
0.79733	-16
0.80100	-15
0.80467	-17
0.80833	-19
0.81200	-19
0.81567	-21
0.81933	-26
0.82300	-33
0.82667	-35
0.83033	-34
0.83400	-32
0.83767	-34
0.84133	-40
0.84500	-44
0.84867	-44
0.85233	-42
0.85600	-38
0.85967	-33
0.86333	-27
0.86700	-21
0.87067	-16
0.87433	-16
0.87800	-18
0.88167	-23
0.88533	-27
0.88900	-29
0.89267	-30
0.89633	-33
0.90000	-40
0.90367	-45
0.90733	-46
0.91100	-44
0.91467	-38
0.91833	-36
0.92200	-37
0.92567	-37
0.92933	-38
0.93300	-38
0.93667	-36
0.94033	-32
0.94400	-27
0.94767	-24
0.95133	-21
0.95500	-20
0.95867	-21
0.96233	-22
0.96600	-23
0.96967	-26
0.97333	-29
0.97700	-29
0.98067	-26
0.98433	-23
0.98800	-21
0.99167	-19
0.99533	-20
0.99900	-24
1.00267	-28
1.00633	-32
1.01000	-36
1.01367	-41
1.01733	-41
1.02100	-38
1.02467	-31
1.02833	-23
1.03200	-17
1.03567	-17
1.03933	-20
1.04300	-24
1.04667	-27
1.05033	-26
1.05400	-21
1.05767	-17
1.06133	-16
1.06500	-18
1.06867	-24
1.07233	-31
1.07600	-41
1.07967	-51
1.08333	-56
1.08700	-57
1.09067	-57
1.09433	-56
1.09800	-52
1.10167	-46
1.10533	-42
1.10900	-39
1.11267	-39
1.11633	-42
1.12000	-44
1.12367	-49
1.12733	-54
1.13100	-60
1.13467	-63
1.13833	-63
1.14200	-58
1.14567	-50
1.14933	-44
1.15300	-40
1.15667	-38
1.16033	-35
1.16400	-33
1.16767	-32
1.17133	-34
1.17500	-36
1.17867	-37
1.18233	-40
1.18600	-44
1.18967	-46
1.19333	-47
1.19700	-48
1.20067	-48
1.20433	-46
1.20800	-45
1.21167	-44
1.21533	-47
1.21900	-48
1.22267	-51
1.22633	-53
1.23000	-52
1.23367	-50
1.23733	-48
1.24100	-45
1.24467	-41
1.24833	-41
1.25200	-41
1.25567	-41
1.25933	-38
1.26300	-36
1.26667	-37
1.27033	-39
1.27400	-42
1.27767	-47
1.28133	-50
1.28500	-52
1.28867	-54
1.29233	-52
1.29600	-52
1.29967	-54
1.30333	-56
1.30700	-58
1.31067	-60
1.31433	-63
1.31800	-62
1.32167	-60
1.32533	-59
1.32900	-61
1.33267	-63
1.33633	-65
1.34000	-64
1.34367	-60
1.34733	-58
1.35100	-59
1.35467	-63
1.35833	-67
1.36200	-72
1.36567	-74
1.36933	-73
1.37300	-69
1.37667	-65
1.38033	-63
1.38400	-62
1.38767	-60
1.39133	-60
1.39500	-58
1.39867	-53
1.40233	-45
1.40600	-40
1.40967	-40
1.41333	-40
1.41700	-44
1.42067	-52
1.42433	-59
1.42800	-67
1.43167	-73
1.43533	-72
1.43900	-48
1.44267	45
1.44633	249
1.45000	596
1.45367	1193
1.45733	2062
1.46100	3051
1.46467	3977
1.46833	4729
1.47200	5246
1.47567	5475
1.47933	5361
1.48300	4907
1.48667	4204
1.49033	3397
1.49400	2620
1.49767	1955
1.50133	1430
1.50500	1035
1.50867	749
1.51233	546
1.51600	408
1.51967	314
1.52333	248
1.52700	198
1.53067	158
1.53433	128
1.53800	126
1.54167	200
1.54533	439
1.54900	883
1.55267	1460
1.55633	2042
1.56000	2529
1.56367	2875
1.56733	3042
1.57100	2987
1.57467	2702
1.57833	2253
1.58200	1748
1.58567	1282
1.58933	902
1.59300	613
1.59667	400
1.60033	251
1.60400	152
1.60767	86
1.61133	40
1.61500	7
1.61867	-17
1.62233	-33
1.62600	-43
1.62967	-51
1.63333	-59
1.63700	-62
1.64067	-60
1.64433	-52
1.64800	-40
1.65167	-28
1.65533	-23
1.65900	-25
1.66267	-28
1.66633	-33
1.67000	-38
1.67367	-43
1.67733	-49
1.68100	-58
1.68467	-66
1.68833	-71
1.69200	-74
1.69567	-76
1.69933	-78
1.70300	-81
1.70667	-81
1.71033	-81
1.71400	-80
1.71767	-79
1.72133	-77
1.72500	-76
1.72867	-76
1.73233	-76
1.73600	-75
1.73967	-73
1.74333	-72
1.74700	-71
1.75067	-68
1.75433	-63
1.75800	-59
1.76167	-60
1.76533	-66
1.76900	-71
1.77267	-73
1.77633	-73
1.78000	-73
1.78367	-72
1.78733	-71
1.79100	-71
1.79467	-70
1.79833	-65
1.80200	-59
1.80567	-54
1.80933	-53
1.81300	-54
1.81667	-55
1.82033	-58
1.82400	-63
1.82767	-68
1.83133	-70
1.83500	-69
1.83867	-65
1.84233	-64
1.84600	-66
1.84967	-69
1.85333	-74
1.85700	-77
1.86067	-76
1.86433	-72
1.86800	-65
1.87167	-62
1.87533	-64
1.87900	-65
1.88267	-61
1.88633	-56
1.89000	-51
1.89367	-51
1.89733	-54
1.90100	-59
1.90467	-62
1.90833	-61
1.91200	-54
1.91567	-47
1.91933	-40
1.92300	-35
1.92667	-32
1.93033	-32
1.93400	-35
1.93767	-37
1.94133	-38
1.94500	-37
1.94867	-32
1.95233	-13
1.95600	79
1.95967	607
1.96333	3053
1.96700	11668
1.97067	34824
1.97433	83161
1.97800	162820
1.98167	268121
1.98533	382411
1.98900	485492
1.99267	560496
1.99633	596162
2.00000	588085
2.00367	540220
2.00733	464242
2.01100	375873
2.01467	289584
2.01833	214812
2.02200	155325
2.02567	110775
2.02933	78763
2.03300	56362
2.03667	40930
2.04033	30365
2.04400	23118
2.04767	18104
2.05133	14585
2.05500	12071
2.05867	10237
2.06233	8869
2.06600	7820
2.06967	6992
2.07333	6321
2.07700	5768
2.08067	5307
2.08433	4915
2.08800	4579
2.09167	4286
2.09533	4024
2.09900	3789
2.10267	3578
2.10633	3386
2.11000	3218
2.11367	3069
2.11733	2934
2.12100	2806
2.12467	2688
2.12833	2579
2.13200	2478
2.13567	2384
2.13933	2298
2.14300	2221
2.14667	2149
2.15033	2078
2.15400	2011
2.15767	1947
2.16133	1887
2.16500	1831
2.16867	1777
2.17233	1728
2.17600	1684
2.17967	1643
2.18333	1599
2.18700	1556
2.19067	1516
2.19433	1476
2.19800	1437
2.20167	1400
2.20533	1366
2.20900	1336
2.21267	1308
2.21633	1285
2.22000	1266
2.22367	1246
2.22733	1225
2.23100	1199
2.23467	1170
2.23833	1144
2.24200	1121
2.24567	1100
2.24933	1079
2.25300	1059
2.25667	1041
2.26033	1023
2.26400	1008
2.26767	995
2.27133	983
2.27500	970
2.27867	953
2.28233	934
2.28600	917
2.28967	903
2.29333	891
2.29700	878
2.30067	867
2.30433	859
2.30800	854
2.31167	852
2.31533	848
2.31900	844
2.32267	837
2.32633	829
2.33000	819
2.33367	803
2.33733	787
2.34100	772
2.34467	759
2.34833	749
2.35200	744
2.35567	741
2.35933	737
2.36300	731
2.36667	725
2.37033	719
2.37400	715
2.37767	710
2.38133	703
2.38500	696
2.38867	689
2.39233	686
2.39600	690
2.39967	692
2.40333	689
2.40700	681
2.41067	673
2.41433	665
2.41800	656
2.42167	647
2.42533	641
2.42900	636
2.43267	635
2.43633	635
2.44000	633
2.44367	627
2.44733	623
2.45100	622
2.45467	627
2.45833	633
2.46200	636
2.46567	635
2.46933	629
2.47300	623
2.47667	619
2.48033	615
2.48400	611
2.48767	607
2.49133	604
2.49500	603
2.49867	602
2.50233	601
2.50600	600
2.50967	599
2.51333	599
2.51700	596
2.52067	592
2.52433	588
2.52800	583
2.53167	575
2.53533	566
2.53900	560
2.54267	555
2.54633	550
2.55000	548
2.55367	548
2.55733	547
2.56100	546
2.56467	545
2.56833	543
2.57200	541
2.57567	540
2.57933	539
2.58300	540
2.58667	543
2.59033	549
2.59400	553
2.59767	555
2.60133	552
2.60500	546
2.60867	539
2.61233	533
2.61600	527
2.61967	521
2.62333	515
2.62700	511
2.63067	512
2.63433	518
2.63800	523
2.64167	525
2.64533	523
2.64900	518
2.65267	513
2.65633	513
2.66000	518
2.66367	525
2.66733	532
2.67100	537
2.67467	539
2.67833	543
2.68200	546
2.68567	546
2.68933	543
2.69300	539
2.69667	535
2.70033	527
2.70400	523
2.70767	520
2.71133	517
2.71500	513
2.71867	508
2.72233	505
2.72600	503
2.72967	502
2.73333	503
2.73700	507
2.74067	508
2.74433	510
2.74800	513
2.75167	515
2.75533	517
2.75900	517
2.76267	518
2.76633	517
2.77000	516
2.77367	513
2.77733	509
2.78100	504
2.78467	500
2.78833	499
2.79200	500
2.79567	502
2.79933	504
2.80300	507
2.80667	511
2.81033	513
2.81400	514
2.81767	517
2.82133	518
2.82500	513
2.82867	505
2.83233	498
2.83600	494
2.83967	492
2.84333	494
2.84700	499
2.85067	505
2.85433	508
2.85800	507
2.86167	501
2.86533	496
2.86900	492
2.87267	492
2.87633	492
2.88000	489
2.88367	485
2.88733	484
2.89100	484
2.89467	482
2.89833	479
2.90200	476
2.90567	475
2.90933	474
2.91300	474
2.91667	476
2.92033	479
2.92400	484
2.92767	490
2.93133	495
2.93500	500
2.93867	505
2.94233	510
2.94600	509
2.94967	500
2.95333	488
2.95700	481
2.96067	476
2.96433	472
2.96800	471
2.97167	470
2.97533	470
2.97900	471
2.98267	471
2.98633	470
2.99000	471
2.99367	471
2.99733	469
3.00100	470
3.00467	472
3.00833	477
3.01200	484
3.01567	490
3.01933	490
3.02300	486
3.02667	483
3.03033	479
3.03400	475
3.03767	474
3.04133	474
3.04500	475
3.04867	475
3.05233	474
3.05600	472
3.05967	466
3.06333	461
3.06700	461
3.07067	458
3.07433	454
3.07800	450
3.08167	446
3.08533	443
3.08900	440
3.09267	437
3.09633	434
3.10000	430
3.10367	429
3.10733	430
3.11100	430
3.11467	431
3.11833	430
3.12200	431
3.12567	431
3.12933	432
3.13300	434
3.13667	434
3.14033	428
3.14400	421
3.14767	420
3.15133	419
3.15500	419
3.15867	417
3.16233	417
3.16600	421
3.16967	423
3.17333	422
3.17700	422
3.18067	425
3.18433	425
3.18800	422
3.19167	418
3.19533	416
3.19900	413
3.20267	408
3.20633	406
3.21000	406
3.21367	408
3.21733	409
3.22100	409
3.22467	407
3.22833	405
3.23200	403
3.23567	401
3.23933	400
3.24300	398
3.24667	396
3.25033	396
3.25400	395
3.25767	391
3.26133	385
3.26500	381
3.26867	381
3.27233	384
3.27600	385
3.27967	386
3.28333	388
3.28700	392
3.29067	396
3.29433	397
3.29800	397
3.30167	395
3.30533	393
3.30900	392
3.31267	388
3.31633	384
3.32000	384
3.32367	389
3.32733	392
3.33100	394
3.33467	395
3.33833	395
3.34200	394
3.34567	394
3.34933	393
3.35300	389
3.35667	385
3.36033	379
3.36400	374
3.36767	369
3.37133	363
3.37500	358
3.37867	358
3.38233	358
3.38600	358
3.38967	360
3.39333	363
3.39700	369
3.40067	375
3.40433	379
3.40800	378
3.41167	377
3.41533	376
3.41900	375
3.42267	374
3.42633	374
3.43000	375
3.43367	378
3.43733	379
3.44100	380
3.44467	376
3.44833	370
3.45200	362
3.45567	356
3.45933	351
3.46300	346
3.46667	341
3.47033	340
3.47400	344
3.47767	347
3.48133	348
3.48500	345
3.48867	339
3.49233	332
3.49600	330
3.49967	330
3.50333	333
3.50700	334
3.51067	334
3.51433	333
3.51800	332
3.52167	331
3.52533	331
3.52900	334
3.53267	342
3.53633	352
3.54000	360
3.54367	362
3.54733	359
3.55100	353
3.55467	345
3.55833	337
3.56200	330
3.56567	326
3.56933	321
3.57300	316
3.57667	317
3.58033	323
3.58400	332
3.58767	336
3.59133	335
3.59500	331
3.59867	326
3.60233	321
3.60600	317
3.60967	316
3.61333	319
3.61700	322
3.62067	324
3.62433	327
3.62800	327
3.63167	322
3.63533	318
3.63900	316
3.64267	314
3.64633	312
3.65000	312
3.65367	314
3.65733	316
3.66100	316
3.66467	315
3.66833	310
3.67200	303
3.67567	301
3.67933	304
3.68300	305
3.68667	303
3.69033	300
3.69400	295
3.69767	291
3.70133	289
3.70500	287
3.70867	291
3.71233	296
3.71600	301
3.71967	305
3.72333	308
3.72700	311
3.73067	313
3.73433	312
3.73800	305
3.74167	292
3.74533	279
3.74900	271
3.75267	269
3.75633	269
3.76000	271
3.76367	273
3.76733	277
3.77100	279
3.77467	277
3.77833	275
3.78200	273
3.78567	268
3.78933	264
3.79300	262
3.79667	261
3.80033	261
3.80400	263
3.80767	266
3.81133	273
3.81500	280
3.81867	283
3.82233	283
3.82600	282
3.82967	278
3.83333	274
3.83700	272
3.84067	271
3.84433	271
3.84800	270
3.85167	265
3.85533	256
3.85900	246
3.86267	240
3.86633	239
3.87000	239
3.87367	238
3.87733	238
3.88100	239
3.88467	245
3.88833	254
3.89200	264
3.89567	269
3.89933	268
3.90300	260
3.90667	251
3.91033	244
3.91400	240
3.91767	239
3.92133	239
3.92500	238
3.92867	235
3.93233	232
3.93600	230
3.93967	228
3.94333	223
3.94700	221
3.95067	225
3.95433	230
3.95800	234
3.96167	234
3.96533	229
3.96900	225
3.97267	225
3.97633	229
3.98000	235
3.98367	240
3.98733	242
3.99100	238
3.99467	229
3.99833	218

[Chromatogram (Ch2)]
Interval(msec)	220
# of Points	1091
Start Time(min)	0.002
End Time(min)	3.998
R.Time (min)	Intensity
0.00167	-0
0.00533	0
0.00900	0
0.01267	0
0.01633	0
0.02000	0
0.02367	0
0.02733	1
0.03100	1
0.03467	1
0.03833	1
0.04200	1
0.04567	1
0.04933	0
0.05300	0
0.05667	-0
0.06033	-0
0.06400	-0
0.06767	-0
0.07133	-0
0.07500	-0
0.07867	-0
0.08233	0
0.08600	0
0.08967	1
0.09333	1
0.09700	1
0.10067	1
0.10433	1
0.10800	1
0.11167	1
0.11533	1
0.11900	0
0.12267	0
0.12633	0
0.13000	-0
0.13367	-0
0.13733	-0
0.14100	-0
0.14467	-1
0.14833	-1
0.15200	-1
0.15567	-1
0.15933	-1
0.16300	-0
0.16667	-0
0.17033	-0
0.17400	-0
0.17767	-0
0.18133	0
0.18500	0
0.18867	0
0.19233	0
0.19600	0
0.19967	0
0.20333	0
0.20700	0
0.21067	1
0.21433	1
0.21800	1
0.22167	0
0.22533	0
0.22900	0
0.23267	-0
0.23633	-0
0.24000	0
0.24367	0
0.24733	0
0.25100	-0
0.25467	-0
0.25833	-1
0.26200	-1
0.26567	-1
0.26933	-1
0.27300	-1
0.27667	-1
0.28033	-2
0.28400	-1
0.28767	-1
0.29133	-1
0.29500	-1
0.29867	-0
0.30233	-0
0.30600	-0
0.30967	-0
0.31333	-0
0.31700	-1
0.32067	-1
0.32433	-1
0.32800	-1
0.33167	-1
0.33533	-1
0.33900	-1
0.34267	-1
0.34633	-1
0.35000	-1
0.35367	-1
0.35733	-1
0.36100	-0
0.36467	-0
0.36833	-0
0.37200	-0
0.37567	-0
0.37933	-0
0.38300	-0
0.38667	-0
0.39033	-1
0.39400	-1
0.39767	-1
0.40133	-1
0.40500	-1
0.40867	-1
0.41233	-1
0.41600	-1
0.41967	-1
0.42333	-1
0.42700	-1
0.43067	-1
0.43433	-1
0.43800	-1
0.44167	-1
0.44533	-1
0.44900	-1
0.45267	-1
0.45633	-1
0.46000	-1
0.46367	-1
0.46733	-1
0.47100	-1
0.47467	-1
0.47833	-1
0.48200	-1
0.48567	-1
0.48933	-1
0.49300	-1
0.49667	-1
0.50033	-1
0.50400	-1
0.50767	-1
0.51133	-1
0.51500	-1
0.51867	-1
0.52233	-0
0.52600	-0
0.52967	-0
0.53333	-0
0.53700	-0
0.54067	-0
0.54433	-0
0.54800	-0
0.55167	-0
0.55533	-0
0.55900	-0
0.56267	-0
0.56633	-1
0.57000	-1
0.57367	-1
0.57733	-1
0.58100	-2
0.58467	-2
0.58833	-2
0.59200	-2
0.59567	-2
0.59933	-3
0.60300	-3
0.60667	-3
0.61033	-3
0.61400	-3
0.61767	-3
0.62133	-3
0.62500	-3
0.62867	-3
0.63233	-3
0.63600	-3
0.63967	-3
0.64333	-3
0.64700	-3
0.65067	-3
0.65433	-2
0.65800	-2
0.66167	-2
0.66533	-2
0.66900	-2
0.67267	-2
0.67633	-2
0.68000	-2
0.68367	-2
0.68733	-2
0.69100	-2
0.69467	-2
0.69833	-2
0.70200	-2
0.70567	-1
0.70933	-1
0.71300	-2
0.71667	-2
0.72033	-2
0.72400	-2
0.72767	-2
0.73133	-2
0.73500	-1
0.73867	-1
0.74233	-1
0.74600	-1
0.74967	-1
0.75333	-1
0.75700	-0
0.76067	-0
0.76433	0
0.76800	0
0.77167	0
0.77533	0
0.77900	-0
0.78267	-0
0.78633	0
0.79000	0
0.79367	-0
0.79733	-0
0.80100	-1
0.80467	-1
0.80833	-1
0.81200	-1
0.81567	-1
0.81933	-1
0.82300	-1
0.82667	-0
0.83033	-0
0.83400	-0
0.83767	0
0.84133	0
0.84500	0
0.84867	-0
0.85233	-0
0.85600	-0
0.85967	-0
0.86333	-0
0.86700	-0
0.87067	-0
0.87433	0
0.87800	0
0.88167	0
0.88533	1
0.88900	1
0.89267	1
0.89633	1
0.90000	1
0.90367	1
0.90733	1
0.91100	1
0.91467	0
0.91833	0
0.92200	-0
0.92567	-0
0.92933	-1
0.93300	-1
0.93667	-1
0.94033	-1
0.94400	-1
0.94767	-1
0.95133	-1
0.95500	-1
0.95867	-1
0.96233	-1
0.96600	-1
0.96967	-1
0.97333	-2
0.97700	-2
0.98067	-2
0.98433	-1
0.98800	-1
0.99167	-1
0.99533	-1
0.99900	-1
1.00267	-1
1.00633	-1
1.01000	-1
1.01367	-1
1.01733	-1
1.02100	-1
1.02467	-1
1.02833	-2
1.03200	-2
1.03567	-2
1.03933	-2
1.04300	-2
1.04667	-2
1.05033	-2
1.05400	-2
1.05767	-2
1.06133	-2
1.06500	-2
1.06867	-2
1.07233	-2
1.07600	-2
1.07967	-2
1.08333	-2
1.08700	-2
1.09067	-2
1.09433	-2
1.09800	-1
1.10167	-1
1.10533	-1
1.10900	-1
1.11267	-1
1.11633	-1
1.12000	-1
1.12367	-1
1.12733	-1
1.13100	-2
1.13467	-2
1.13833	-2
1.14200	-1
1.14567	-1
1.14933	-1
1.15300	-1
1.15667	-1
1.16033	-1
1.16400	-1
1.16767	-1
1.17133	-1
1.17500	-2
1.17867	-2
1.18233	-2
1.18600	-3
1.18967	-3
1.19333	-4
1.19700	-4
1.20067	-4
1.20433	-4
1.20800	-4
1.21167	-4
1.21533	-4
1.21900	-4
1.22267	-4
1.22633	-4
1.23000	-3
1.23367	-3
1.23733	-3
1.24100	-4
1.24467	-4
1.24833	-4
1.25200	-4
1.25567	-4
1.25933	-3
1.26300	-3
1.26667	-3
1.27033	-3
1.27400	-4
1.27767	-4
1.28133	-4
1.28500	-4
1.28867	-4
1.29233	-5
1.29600	-4
1.29967	-4
1.30333	-4
1.30700	-4
1.31067	-4
1.31433	-3
1.31800	-3
1.32167	-3
1.32533	-3
1.32900	-2
1.33267	-2
1.33633	-2
1.34000	-2
1.34367	-1
1.34733	-1
1.35100	-1
1.35467	-1
1.35833	-1
1.36200	-1
1.36567	-1
1.36933	-2
1.37300	-2
1.37667	-2
1.38033	-2
1.38400	-2
1.38767	-2
1.39133	-2
1.39500	-2
1.39867	-2
1.40233	-1
1.40600	-1
1.40967	-1
1.41333	-1
1.41700	-2
1.42067	-2
1.42433	-2
1.42800	-2
1.43167	-2
1.43533	-2
1.43900	-2
1.44267	-3
1.44633	-3
1.45000	-3
1.45367	-3
1.45733	-2
1.46100	-2
1.46467	-2
1.46833	-2
1.47200	-2
1.47567	-1
1.47933	-1
1.48300	-1
1.48667	-0
1.49033	-0
1.49400	-0
1.49767	-0
1.50133	-0
1.50500	-0
1.50867	-1
1.51233	-1
1.51600	-1
1.51967	-1
1.52333	-1
1.52700	-1
1.53067	-2
1.53433	-2
1.53800	-2
1.54167	-2
1.54533	-2
1.54900	-2
1.55267	-2
1.55633	-2
1.56000	-2
1.56367	-2
1.56733	-2
1.57100	-2
1.57467	-2
1.57833	-2
1.58200	-3
1.58567	-3
1.58933	-3
1.59300	-3
1.59667	-4
1.60033	-4
1.60400	-5
1.60767	-7
1.61133	-8
1.61500	-10
1.61867	-12
1.62233	-15
1.62600	-17
1.62967	-20
1.63333	-23
1.63700	-26
1.64067	-29
1.64433	-32
1.64800	-35
1.65167	-39
1.65533	-42
1.65900	-45
1.66267	-49
1.66633	-53
1.67000	-58
1.67367	-62
1.67733	-67
1.68100	-73
1.68467	-77
1.68833	-82
1.69200	-86
1.69567	-90
1.69933	-93
1.70300	-96
1.70667	-98
1.71033	-99
1.71400	-101
1.71767	-102
1.72133	-103
1.72500	-104
1.72867	-105
1.73233	-106
1.73600	-107
1.73967	-107
1.74333	-108
1.74700	-109
1.75067	-109
1.75433	-110
1.75800	-111
1.76167	-112
1.76533	-112
1.76900	-113
1.77267	-113
1.77633	-113
1.78000	-114
1.78367	-114
1.78733	-114
1.79100	-115
1.79467	-115
1.79833	-115
1.80200	-115
1.80567	-115
1.80933	-115
1.81300	-115
1.81667	-115
1.82033	-115
1.82400	-114
1.82767	-114
1.83133	-114
1.83500	-114
1.83867	-114
1.84233	-114
1.84600	-114
1.84967	-114
1.85333	-114
1.85700	-114
1.86067	-114
1.86433	-115
1.86800	-115
1.87167	-115
1.87533	-115
1.87900	-115
1.88267	-115
1.88633	-115
1.89000	-115
1.89367	-115
1.89733	-115
1.90100	-115
1.90467	-115
1.90833	-116
1.91200	-116
1.91567	-116
1.91933	-115
1.92300	-115
1.92667	-115
1.93033	-115
1.93400	-115
1.93767	-114
1.94133	-114
1.94500	-114
1.94867	-113
1.95233	-113
1.95600	-112
1.95967	-111
1.96333	-111
1.96700	-110
1.97067	-109
1.97433	-109
1.97800	-109
1.98167	-109
1.98533	-110
1.98900	-109
1.99267	-109
1.99633	-108
2.00000	-107
2.00367	-106
2.00733	-106
2.01100	-105
2.01467	-105
2.01833	-105
2.02200	-105
2.02567	-105
2.02933	-105
2.03300	-106
2.03667	-106
2.04033	-105
2.04400	-105
2.04767	-104
2.05133	-104
2.05500	-103
2.05867	-103
2.06233	-102
2.06600	-102
2.06967	-102
2.07333	-102
2.07700	-102
2.08067	-102
2.08433	-102
2.08800	-102
2.09167	-103
2.09533	-103
2.09900	-103
2.10267	-103
2.10633	-103
2.11000	-102
2.11367	-102
2.11733	-102
2.12100	-101
2.12467	-100
2.12833	-100
2.13200	-99
2.13567	-99
2.13933	-98
2.14300	-97
2.14667	-97
2.15033	-96
2.15400	-96
2.15767	-96
2.16133	-96
2.16500	-95
2.16867	-95
2.17233	-94
2.17600	-94
2.17967	-94
2.18333	-93
2.18700	-93
2.19067	-93
2.19433	-92
2.19800	-92
2.20167	-92
2.20533	-92
2.20900	-92
2.21267	-91
2.21633	-91
2.22000	-91
2.22367	-90
2.22733	-90
2.23100	-90
2.23467	-90
2.23833	-89
2.24200	-89
2.24567	-89
2.24933	-88
2.25300	-88
2.25667	-87
2.26033	-87
2.26400	-87
2.26767	-87
2.27133	-88
2.27500	-88
2.27867	-88
2.28233	-87
2.28600	-87
2.28967	-86
2.29333	-86
2.29700	-85
2.30067	-85
2.30433	-84
2.30800	-84
2.31167	-83
2.31533	-83
2.31900	-83
2.32267	-83
2.32633	-83
2.33000	-82
2.33367	-82
2.33733	-82
2.34100	-82
2.34467	-82
2.34833	-81
2.35200	-80
2.35567	-79
2.35933	-78
2.36300	-76
2.36667	-74
2.37033	-72
2.37400	-70
2.37767	-67
2.38133	-64
2.38500	-60
2.38867	-56
2.39233	-52
2.39600	-48
2.39967	-44
2.40333	-40
2.40700	-36
2.41067	-32
2.41433	-29
2.41800	-26
2.42167	-23
2.42533	-21
2.42900	-19
2.43267	-17
2.43633	-15
2.44000	-13
2.44367	-11
2.44733	-9
2.45100	-7
2.45467	-6
2.45833	-4
2.46200	-3
2.46567	-2
2.46933	-2
2.47300	-1
2.47667	0
2.48033	1
2.48400	3
2.48767	4
2.49133	5
2.49500	6
2.49867	7
2.50233	7
2.50600	8
2.50967	9
2.51333	9
2.51700	10
2.52067	10
2.52433	11
2.52800	12
2.53167	13
2.53533	14
2.53900	14
2.54267	15
2.54633	15
2.55000	15
2.55367	15
2.55733	16
2.56100	16
2.56467	16
2.56833	17
2.57200	17
2.57567	17
2.57933	17
2.58300	17
2.58667	17
2.59033	17
2.59400	17
2.59767	16
2.60133	16
2.60500	15
2.60867	15
2.61233	15
2.61600	15
2.61967	15
2.62333	16
2.62700	16
2.63067	16
2.63433	17
2.63800	17
2.64167	17
2.64533	18
2.64900	18
2.65267	19
2.65633	19
2.66000	20
2.66367	20
2.66733	20
2.67100	20
2.67467	20
2.67833	20
2.68200	21
2.68567	21
2.68933	21
2.69300	21
2.69667	21
2.70033	22
2.70400	22
2.70767	23
2.71133	23
2.71500	24
2.71867	24
2.72233	25
2.72600	25
2.72967	26
2.73333	26
2.73700	26
2.74067	26
2.74433	26
2.74800	26
2.75167	26
2.75533	26
2.75900	26
2.76267	26
2.76633	26
2.77000	26
2.77367	26
2.77733	27
2.78100	26
2.78467	26
2.78833	26
2.79200	26
2.79567	25
2.79933	25
2.80300	24
2.80667	24
2.81033	24
2.81400	24
2.81767	24
2.82133	24
2.82500	24
2.82867	25
2.83233	25
2.83600	26
2.83967	26
2.84333	26
2.84700	25
2.85067	24
2.85433	21
2.85800	17
2.86167	10
2.86533	-0
2.86900	-14
2.87267	-31
2.87633	-52
2.88000	-78
2.88367	-107
2.88733	-141
2.89100	-178
2.89467	-219
2.89833	-263
2.90200	-310
2.90567	-358
2.90933	-409
2.91300	-461
2.91667	-513
2.92033	-567
2.92400	-620
2.92767	-674
2.93133	-727
2.93500	-779
2.93867	-831
2.94233	-886
2.94600	-945
2.94967	-1006
2.95333	-1062
2.95700	-1099
2.96067	-1112
2.96433	-1099
2.96800	-1062
2.97167	-1005
2.97533	-935
2.97900	-857
2.98267	-775
2.98633	-694
2.99000	-616
2.99367	-542
2.99733	-474
3.00100	-413
3.00467	-357
3.00833	-308
3.01200	-264
3.01567	-226
3.01933	-192
3.02300	-163
3.02667	-138
3.03033	-116
3.03400	-97
3.03767	-81
3.04133	-68
3.04500	-56
3.04867	-46
3.05233	-37
3.05600	-30
3.05967	-24
3.06333	-18
3.06700	-14
3.07067	-10
3.07433	-6
3.07800	-3
3.08167	-1
3.08533	1
3.08900	3
3.09267	5
3.09633	7
3.10000	8
3.10367	9
3.10733	10
3.11100	11
3.11467	12
3.11833	13
3.12200	14
3.12567	14
3.12933	15
3.13300	15
3.13667	16
3.14033	16
3.14400	17
3.14767	17
3.15133	17
3.15500	17
3.15867	17
3.16233	17
3.16600	18
3.16967	18
3.17333	18
3.17700	19
3.18067	19
3.18433	20
3.18800	20
3.19167	20
3.19533	21
3.19900	21
3.20267	21
3.20633	21
3.21000	21
3.21367	22
3.21733	22
3.22100	22
3.22467	22
3.22833	23
3.23200	23
3.23567	23
3.23933	23
3.24300	23
3.24667	23
3.25033	23
3.25400	23
3.25767	24
3.26133	24
3.26500	24
3.26867	24
3.27233	24
3.27600	24
3.27967	24
3.28333	24
3.28700	24
3.29067	24
3.29433	24
3.29800	24
3.30167	24
3.30533	24
3.30900	24
3.31267	24
3.31633	24
3.32000	24
3.32367	24
3.32733	23
3.33100	23
3.33467	24
3.33833	24
3.34200	24
3.34567	24
3.34933	24
3.35300	24
3.35667	24
3.36033	25
3.36400	25
3.36767	25
3.37133	26
3.37500	26
3.37867	26
3.38233	26
3.38600	27
3.38967	27
3.39333	27
3.39700	27
3.40067	28
3.40433	28
3.40800	28
3.41167	28
3.41533	29
3.41900	29
3.42267	29
3.42633	29
3.43000	29
3.43367	30
3.43733	30
3.44100	30
3.44467	30
3.44833	30
3.45200	30
3.45567	30
3.45933	30
3.46300	30
3.46667	30
3.47033	30
3.47400	30
3.47767	29
3.48133	29
3.48500	29
3.48867	28
3.49233	28
3.49600	28
3.49967	28
3.50333	27
3.50700	27
3.51067	27
3.51433	27
3.51800	27
3.52167	26
3.52533	27
3.52900	27
3.53267	27
3.53633	27
3.54000	27
3.54367	27
3.54733	26
3.55100	26
3.55467	26
3.55833	26
3.56200	26
3.56567	26
3.56933	26
3.57300	26
3.57667	26
3.58033	26
3.58400	26
3.58767	26
3.59133	26
3.59500	26
3.59867	26
3.60233	26
3.60600	26
3.60967	26
3.61333	26
3.61700	26
3.62067	26
3.62433	26
3.62800	26
3.63167	26
3.63533	26
3.63900	26
3.64267	26
3.64633	26
3.65000	26
3.65367	26
3.65733	26
3.66100	26
3.66467	26
3.66833	26
3.67200	26
3.67567	26
3.67933	25
3.68300	25
3.68667	25
3.69033	25
3.69400	25
3.69767	25
3.70133	25
3.70500	25
3.70867	25
3.71233	25
3.71600	25
3.71967	25
3.72333	25
3.72700	25
3.73067	25
3.73433	25
3.73800	25
3.74167	25
3.74533	26
3.74900	26
3.75267	26
3.75633	26
3.76000	26
3.76367	26
3.76733	25
3.77100	25
3.77467	25
3.77833	25
3.78200	25
3.78567	25
3.78933	25
3.79300	26
3.79667	26
3.80033	26
3.80400	26
3.80767	26
3.81133	26
3.81500	26
3.81867	25
3.82233	25
3.82600	25
3.82967	26
3.83333	25
3.83700	25
3.84067	26
3.84433	26
3.84800	26
3.85167	26
3.85533	26
3.85900	26
3.86267	26
3.86633	26
3.87000	26
3.87367	26
3.87733	26
3.88100	26
3.88467	26
3.88833	26
3.89200	26
3.89567	26
3.89933	26
3.90300	26
3.90667	26
3.91033	26
3.91400	26
3.91767	26
3.92133	26
3.92500	26
3.92867	26
3.93233	26
3.93600	26
3.93967	26
3.94333	26
3.94700	26
3.95067	26
3.95433	26
3.95800	26
3.96167	26
3.96533	26
3.96900	26
3.97267	26
3.97633	26
3.98000	26
3.98367	26
3.98733	26
3.99100	26
3.99467	26
3.99833	25

[Chromatogram (Ch3)]
Interval(msec)	220
# of Points	1091
Start Time(min)	0.002
End Time(min)	3.998
R.Time (min)	Intensity
0.00167	0
0.00533	-0
0.00900	-0
0.01267	0
0.01633	0
0.02000	-1
0.02367	-1
0.02733	-1
0.03100	-1
0.03467	1
0.03833	2
0.04200	2
0.04567	3
0.04933	4
0.05300	3
0.05667	0
0.06033	-1
0.06400	0
0.06767	1
0.07133	2
0.07500	4
0.07867	5
0.08233	7
0.08600	7
0.08967	6
0.09333	5
0.09700	5
0.10067	5
0.10433	6
0.10800	10
0.11167	10
0.11533	10
0.11900	7
0.12267	3
0.12633	1
0.13000	2
0.13367	3
0.13733	4
0.14100	3
0.14467	5
0.14833	8
0.15200	9
0.15567	8
0.15933	9
0.16300	8
0.16667	6
0.17033	3
0.17400	1
0.17767	-0
0.18133	0
0.18500	1
0.18867	1
0.19233	3
0.19600	4
0.19967	4
0.20333	4
0.20700	4
0.21067	3
0.21433	4
0.21800	7
0.22167	7
0.22533	7
0.22900	6
0.23267	8
0.23633	6
0.24000	3
0.24367	2
0.24733	2
0.25100	1
0.25467	-1
0.25833	-1
0.26200	-1
0.26567	-1
0.26933	1
0.27300	1
0.27667	0
0.28033	0
0.28400	-0
0.28767	-0
0.29133	-0
0.29500	2
0.29867	3
0.30233	4
0.30600	4
0.30967	3
0.31333	3
0.31700	3
0.32067	1
0.32433	1
0.32800	3
0.33167	4
0.33533	3
0.33900	1
0.34267	2
0.34633	3
0.35000	3
0.35367	2
0.35733	0
0.36100	2
0.36467	3
0.36833	4
0.37200	3
0.37567	2
0.37933	2
0.38300	3
0.38667	6
0.39033	5
0.39400	3
0.39767	2
0.40133	4
0.40500	6
0.40867	4
0.41233	2
0.41600	-0
0.41967	-2
0.42333	-1
0.42700	2
0.43067	3
0.43433	4
0.43800	5
0.44167	5
0.44533	6
0.44900	6
0.45267	6
0.45633	3
0.46000	3
0.46367	3
0.46733	4
0.47100	3
0.47467	3
0.47833	5
0.48200	3
0.48567	1
0.48933	2
0.49300	3
0.49667	2
0.50033	0
0.50400	2
0.50767	3
0.51133	5
0.51500	4
0.51867	4
0.52233	2
0.52600	-0
0.52967	-2
0.53333	-3
0.53700	-3
0.54067	-3
0.54433	-2
0.54800	-1
0.55167	1
0.55533	4
0.55900	4
0.56267	6
0.56633	5
0.57000	6
0.57367	6
0.57733	5
0.58100	2
0.58467	1
0.58833	2
0.59200	3
0.59567	3
0.59933	4
0.60300	7
0.60667	6
0.61033	4
0.61400	2
0.61767	-1
0.62133	0
0.62500	-1
0.62867	-4
0.63233	-6
0.63600	-7
0.63967	-6
0.64333	-7
0.64700	-7
0.65067	-6
0.65433	-4
0.65800	-0
0.66167	3
0.66533	4
0.66900	4
0.67267	5
0.67633	3
0.68000	2
0.68367	1
0.68733	2
0.69100	2
0.69467	3
0.69833	2
0.70200	-1
0.70567	-1
0.70933	-0
0.71300	-0
0.71667	1
0.72033	0
0.72400	1
0.72767	0
0.73133	-1
0.73500	-2
0.73867	-4
0.74233	-6
0.74600	-4
0.74967	-1
0.75333	1
0.75700	2
0.76067	1
0.76433	-0
0.76800	-1
0.77167	-1
0.77533	0
0.77900	0
0.78267	-0
0.78633	-1
0.79000	0
0.79367	2
0.79733	2
0.80100	1
0.80467	1
0.80833	-0
0.81200	0
0.81567	-0
0.81933	-2
0.82300	-1
0.82667	-1
0.83033	-3
0.83400	-4
0.83767	-3
0.84133	-2
0.84500	-3
0.84867	-3
0.85233	-4
0.85600	-5
0.85967	-3
0.86333	-1
0.86700	-3
0.87067	-4
0.87433	-2
0.87800	-0
0.88167	2
0.88533	1
0.88900	0
0.89267	-0
0.89633	-0
0.90000	-1
0.90367	-1
0.90733	-1
0.91100	2
0.91467	1
0.91833	-0
0.92200	-1
0.92567	-1
0.92933	-4
0.93300	-7
0.93667	-8
0.94033	-9
0.94400	-9
0.94767	-8
0.95133	-5
0.95500	-3
0.95867	-4
0.96233	-5
0.96600	-4
0.96967	-4
0.97333	-6
0.97700	-9
0.98067	-10
0.98433	-11
0.98800	-11
0.99167	-10
0.99533	-9
0.99900	-6
1.00267	-5
1.00633	-3
1.01000	-2
1.01367	-1
1.01733	-1
1.02100	-2
1.02467	-2
1.02833	-2
1.03200	-5
1.03567	-5
1.03933	-4
1.04300	-4
1.04667	-4
1.05033	-5
1.05400	-5
1.05767	-4
1.06133	-4
1.06500	-5
1.06867	-7
1.07233	-7
1.07600	-8
1.07967	-8
1.08333	-8
1.08700	-7
1.09067	-4
1.09433	-0
1.09800	-0
1.10167	-1
1.10533	-3
1.10900	-4
1.11267	-6
1.11633	-6
1.12000	-4
1.12367	-4
1.12733	-3
1.13100	-3
1.13467	-5
1.13833	-6
1.14200	-6
1.14567	-6
1.14933	-5
1.15300	-7
1.15667	-8
1.16033	-8
1.16400	-8
1.16767	-7
1.17133	-6
1.17500	-5
1.17867	-5
1.18233	-6
1.18600	-7
1.18967	-8
1.19333	-9
1.19700	-9
1.20067	-7
1.20433	-5
1.20800	-3
1.21167	-3
1.21533	-4
1.21900	-5
1.22267	-5
1.22633	-7
1.23000	-6
1.23367	-6
1.23733	-7
1.24100	-7
1.24467	-6
1.24833	-4
1.25200	-5
1.25567	-3
1.25933	-4
1.26300	-5
1.26667	-5
1.27033	-3
1.27400	-4
1.27767	-4
1.28133	-4
1.28500	-4
1.28867	-4
1.29233	-4
1.29600	-5
1.29967	-8
1.30333	-8
1.30700	-6
1.31067	-5
1.31433	-5
1.31800	-4
1.32167	-4
1.32533	-5
1.32900	-9
1.33267	-10
1.33633	-12
1.34000	-13
1.34367	-13
1.34733	-12
1.35100	-11
1.35467	-11
1.35833	-10
1.36200	-10
1.36567	-8
1.36933	-8
1.37300	-8
1.37667	-8
1.38033	-8
1.38400	-8
1.38767	-6
1.39133	-6
1.39500	-5
1.39867	-5
1.40233	-6
1.40600	-7
1.40967	-8
1.41333	-11
1.41700	-12
1.42067	-13
1.42433	-12
1.42800	-10
1.43167	-9
1.43533	-6
1.43900	-4
1.44267	-4
1.44633	-5
1.45000	-8
1.45367	-8
1.45733	-7
1.46100	-8
1.46467	-8
1.46833	-9
1.47200	-9
1.47567	-7
1.47933	-8
1.48300	-8
1.48667	-9
1.49033	-8
1.49400	-7
1.49767	-7
1.50133	-8
1.50500	-8
1.50867	-9
1.51233	-10
1.51600	-9
1.51967	-9
1.52333	-7
1.52700	-5
1.53067	-4
1.53433	-3
1.53800	-4
1.54167	-5
1.54533	-5
1.54900	-8
1.55267	-7
1.55633	-6
1.56000	-6
1.56367	-7
1.56733	-7
1.57100	-8
1.57467	-10
1.57833	-10
1.58200	-10
1.58567	-9
1.58933	-10
1.59300	-9
1.59667	-8
1.60033	-8
1.60400	-8
1.60767	-9
1.61133	-11
1.61500	-11
1.61867	-8
1.62233	-4
1.62600	-2
1.62967	-1
1.63333	-2
1.63700	-3
1.64067	-3
1.64433	-3
1.64800	-3
1.65167	-3
1.65533	-4
1.65900	-2
1.66267	1
1.66633	0
1.67000	0
1.67367	0
1.67733	-1
1.68100	-1
1.68467	-1
1.68833	2
1.69200	4
1.69567	4
1.69933	5
1.70300	6
1.70667	7
1.71033	7
1.71400	6
1.71767	5
1.72133	4
1.72500	4
1.72867	5
1.73233	6
1.73600	6
1.73967	6
1.74333	7
1.74700	8
1.75067	9
1.75433	9
1.75800	9
1.76167	8
1.76533	9
1.76900	9
1.77267	7
1.77633	6
1.78000	8
1.78367	8
1.78733	7
1.79100	6
1.79467	4
1.79833	5
1.80200	7
1.80567	9
1.80933	9
1.81300	10
1.81667	11
1.82033	13
1.82400	15
1.82767	14
1.83133	15
1.83500	16
1.83867	18
1.84233	18
1.84600	17
1.84967	17
1.85333	19
1.85700	20
1.86067	20
1.86433	22
1.86800	24
1.87167	25
1.87533	22
1.87900	20
1.88267	20
1.88633	21
1.89000	25
1.89367	26
1.89733	28
1.90100	28
1.90467	27
1.90833	27
1.91200	28
1.91567	31
1.91933	30
1.92300	30
1.92667	32
1.93033	30
1.93400	28
1.93767	28
1.94133	30
1.94500	34
1.94867	37
1.95233	38
1.95600	38
1.95967	40
1.96333	40
1.96700	38
1.97067	37
1.97433	37
1.97800	38
1.98167	38
1.98533	40
1.98900	42
1.99267	41
1.99633	41
2.00000	43
2.00367	43
2.00733	41
2.01100	39
2.01467	39
2.01833	40
2.02200	42
2.02567	41
2.02933	42
2.03300	45
2.03667	48
2.04033	50
2.04400	53
2.04767	56
2.05133	58
2.05500	57
2.05867	56
2.06233	54
2.06600	55
2.06967	57
2.07333	58
2.07700	59
2.08067	60
2.08433	61
2.08800	63
2.09167	65
2.09533	67
2.09900	69
2.10267	69
2.10633	67
2.11000	66
2.11367	67
2.11733	70
2.12100	69
2.12467	71
2.12833	73
2.13200	74
2.13567	73
2.13933	73
2.14300	72
2.14667	74
2.15033	75
2.15400	77
2.15767	78
2.16133	78
2.16500	77
2.16867	75
2.17233	73
2.17600	75
2.17967	75
2.18333	75
2.18700	75
2.19067	76
2.19433	77
2.19800	80
2.20167	83
2.20533	87
2.20900	91
2.21267	95
2.21633	99
2.22000	99
2.22367	100
2.22733	100
2.23100	97
2.23467	94
2.23833	91
2.24200	92
2.24567	93
2.24933	97
2.25300	99
2.25667	100
2.26033	101
2.26400	105
2.26767	107
2.27133	110
2.27500	110
2.27867	110
2.28233	111
2.28600	111
2.28967	110
2.29333	112
2.29700	114
2.30067	115
2.30433	114
2.30800	115
2.31167	116
2.31533	118
2.31900	118
2.32267	118
2.32633	116
2.33000	117
2.33367	122
2.33733	126
2.34100	127
2.34467	130
2.34833	133
2.35200	134
2.35567	133
2.35933	131
2.36300	129
2.36667	129
2.37033	130
2.37400	133
2.37767	135
2.38133	139
2.38500	141
2.38867	139
2.39233	137
2.39600	136
2.39967	138
2.40333	138
2.40700	139
2.41067	143
2.41433	146
2.41800	148
2.42167	148
2.42533	151
2.42900	155
2.43267	158
2.43633	159
2.44000	160
2.44367	196
2.44733	282
2.45100	374
2.45467	436
2.45833	458
2.46200	453
2.46567	441
2.46933	430
2.47300	415
2.47667	393
2.48033	365
2.48400	335
2.48767	306
2.49133	281
2.49500	262
2.49867	252
2.50233	245
2.50600	243
2.50967	246
2.51333	253
2.51700	259
2.52067	258
2.52433	251
2.52800	240
2.53167	226
2.53533	210
2.53900	194
2.54267	178
2.54633	164
2.55000	153
2.55367	146
2.55733	140
2.56100	137
2.56467	134
2.56833	132
2.57200	130
2.57567	130
2.57933	132
2.58300	134
2.58667	137
2.59033	142
2.59400	147
2.59767	148
2.60133	148
2.60500	146
2.60867	143
2.61233	135
2.61600	123
2.61967	106
2.62333	86
2.62700	62
2.63067	37
2.63433	11
2.63800	-14
2.64167	-36
2.64533	-56
2.64900	-74
2.65267	-82
2.65633	-87
2.66000	-91
2.66367	-91
2.66733	-89
2.67100	-86
2.67467	-80
2.67833	-74
2.68200	-73
2.68567	-69
2.68933	-65
2.69300	-59
2.69667	-53
2.70033	-47
2.70400	-40
2.70767	-34
2.71133	-28
2.71500	-24
2.71867	-19
2.72233	-14
2.72600	-10
2.72967	-7
2.73333	-2
2.73700	5
2.74067	10
2.74433	12
2.74800	16
2.75167	20
2.75533	23
2.75900	29
2.76267	34
2.76633	36
2.77000	38
2.77367	41
2.77733	44
2.78100	50
2.78467	54
2.78833	56
2.79200	60
2.79567	64
2.79933	70
2.80300	74
2.80667	77
2.81033	79
2.81400	81
2.81767	85
2.82133	92
2.82500	102
2.82867	124
2.83233	165
2.83600	247
2.83967	394
2.84333	632
2.84700	975
2.85067	1439
2.85433	2036
2.85800	2738
2.86167	3498
2.86533	4249
2.86900	4930
2.87267	5483
2.87633	5867
2.88000	6071
2.88367	6100
2.88733	5976
2.89100	5725
2.89467	5385
2.89833	4989
2.90200	4566
2.90567	4146
2.90933	3740
2.91300	3358
2.91667	3005
2.92033	2682
2.92400	2391
2.92767	2136
2.93133	1911
2.93500	1714
2.93867	1539
2.94233	1385
2.94600	1252
2.94967	1139
2.95333	1041
2.95700	957
2.96067	884
2.96433	823
2.96800	770
2.97167	722
2.97533	679
2.97900	645
2.98267	617
2.98633	596
2.99000	574
2.99367	555
2.99733	540
3.00100	525
3.00467	514
3.00833	507
3.01200	498
3.01567	490
3.01933	484
3.02300	479
3.02667	474
3.03033	471
3.03400	471
3.03767	469
3.04133	466
3.04500	464
3.04867	459
3.05233	453
3.05600	450
3.05967	449
3.06333	452
3.06700	452
3.07067	453
3.07433	453
3.07800	454
3.08167	457
3.08533	456
3.08900	456
3.09267	456
3.09633	454
3.10000	455
3.10367	459
3.10733	460
3.11100	461
3.11467	461
3.11833	461
3.12200	461
3.12567	462
3.12933	466
3.13300	471
3.13667	475
3.14033	477
3.14400	478
3.14767	481
3.15133	485
3.15500	487
3.15867	488
3.16233	489
3.16600	491
3.16967	493
3.17333	496
3.17700	498
3.18067	498
3.18433	498
3.18800	500
3.19167	502
3.19533	505
3.19900	508
3.20267	512
3.20633	515
3.21000	517
3.21367	518
3.21733	518
3.22100	518
3.22467	520
3.22833	523
3.23200	524
3.23567	524
3.23933	524
3.24300	523
3.24667	524
3.25033	523
3.25400	522
3.25767	521
3.26133	518
3.26500	514
3.26867	512
3.27233	508
3.27600	506
3.27967	505
3.28333	504
3.28700	502
3.29067	501
3.29433	499
3.29800	495
3.30167	491
3.30533	490
3.30900	487
3.31267	483
3.31633	479
3.32000	478
3.32367	478
3.32733	475
3.33100	473
3.33467	471
3.33833	468
3.34200	463
3.34567	458
3.34933	455
3.35300	454
3.35667	454
3.36033	451
3.36400	449
3.36767	449
3.37133	446
3.37500	442
3.37867	436
3.38233	432
3.38600	428
3.38967	424
3.39333	422
3.39700	419
3.40067	417
3.40433	416
3.40800	414
3.41167	414
3.41533	413
3.41900	410
3.42267	408
3.42633	408
3.43000	408
3.43367	407
3.43733	407
3.44100	407
3.44467	404
3.44833	401
3.45200	397
3.45567	395
3.45933	391
3.46300	388
3.46667	385
3.47033	383
3.47400	381
3.47767	378
3.48133	377
3.48500	376
3.48867	375
3.49233	373
3.49600	373
3.49967	373
3.50333	369
3.50700	366
3.51067	368
3.51433	369
3.51800	369
3.52167	368
3.52533	365
3.52900	363
3.53267	364
3.53633	362
3.54000	360
3.54367	361
3.54733	361
3.55100	359
3.55467	355
3.55833	352
3.56200	349
3.56567	347
3.56933	346
3.57300	346
3.57667	347
3.58033	347
3.58400	345
3.58767	341
3.59133	339
3.59500	337
3.59867	336
3.60233	336
3.60600	335
3.60967	333
3.61333	330
3.61700	329
3.62067	328
3.62433	327
3.62800	327
3.63167	330
3.63533	331
3.63900	331
3.64267	328
3.64633	327
3.65000	326
3.65367	326
3.65733	326
3.66100	325
3.66467	323
3.66833	320
3.67200	318
3.67567	317
3.67933	317
3.68300	317
3.68667	319
3.69033	319
3.69400	316
3.69767	314
3.70133	313
3.70500	309
3.70867	309
3.71233	308
3.71600	310
3.71967	310
3.72333	309
3.72700	309
3.73067	309
3.73433	308
3.73800	308
3.74167	306
3.74533	303
3.74900	302
3.75267	301
3.75633	299
3.76000	298
3.76367	298
3.76733	296
3.77100	295
3.77467	295
3.77833	295
3.78200	295
3.78567	296
3.78933	295
3.79300	291
3.79667	289
3.80033	290
3.80400	291
3.80767	291
3.81133	289
3.81500	287
3.81867	287
3.82233	291
3.82600	293
3.82967	293
3.83333	290
3.83700	286
3.84067	286
3.84433	286
3.84800	285
3.85167	283
3.85533	282
3.85900	283
3.86267	283
3.86633	284
3.87000	283
3.87367	283
3.87733	283
3.88100	284
3.88467	285
3.88833	286
3.89200	284
3.89567	280
3.89933	278
3.90300	277
3.90667	278
3.91033	277
3.91400	276
3.91767	276
3.92133	276
3.92500	278
3.92867	279
3.93233	278
3.93600	277
3.93967	279
3.94333	278
3.94700	276
3.95067	272
3.95433	268
3.95800	268
3.96167	271
3.96533	275
3.96900	276
3.97267	276
3.97633	275
3.98000	274
3.98367	273
3.98733	272
3.99100	272
3.99467	272
3.99833	270

[Status Trace (Column Oven Temperature)]
Interval(msec)	1000
# of Points	240
Start Time(min)	0.003
End Time(min)	3.987
Intensity Units	
Intensity Multiplier	1
R.Time (min)	Intensity
0.00347	35.00
0.02013	34.99
0.03680	35.00
0.05347	35.00
0.07013	35.00
0.08680	35.00
0.10347	35.01
0.12013	35.01
0.13680	35.02
0.15347	35.02
0.17013	35.02
0.18680	35.02
0.20347	35.01
0.22013	35.01
0.23680	35.00
0.25347	35.00
0.27013	35.00
0.28680	35.00
0.30347	35.00
0.32013	35.01
0.33680	35.00
0.35347	35.00
0.37013	35.00
0.38680	35.00
0.40347	35.00
0.42013	35.01
0.43680	35.00
0.45347	35.00
0.47013	35.00
0.48680	35.00
0.50347	35.00
0.52013	35.00
0.53680	35.00
0.55347	34.99
0.57013	34.99
0.58680	35.00
0.60347	35.01
0.62013	35.02
0.63680	35.03
0.65347	35.03
0.67013	35.03
0.68680	35.02
0.70347	35.02
0.72013	35.02
0.73680	35.01
0.75347	35.00
0.77013	35.00
0.78680	35.00
0.80347	35.00
0.82013	35.00
0.83680	34.99
0.85347	34.98
0.87013	34.98
0.88680	34.98
0.90347	34.98
0.92013	34.98
0.93680	34.99
0.95347	34.99
0.97013	34.99
0.98680	34.99
1.00347	35.00
1.02013	35.00
1.03680	34.99
1.05347	34.99
1.07013	34.98
1.08680	34.98
1.10347	34.98
1.12013	34.98
1.13680	34.97
1.15347	34.98
1.17013	34.99
1.18680	34.99
1.20347	35.00
1.22013	35.00
1.23680	35.00
1.25347	35.01
1.27013	35.03
1.28680	35.03
1.30347	35.03
1.32013	35.02
1.33680	35.01
1.35347	35.01
1.37013	35.01
1.38680	35.01
1.40347	35.01
1.42013	35.00
1.43680	35.00
1.45347	35.00
1.47013	34.99
1.48680	34.99
1.50347	34.98
1.52013	34.98
1.53680	34.99
1.55347	34.99
1.57013	34.98
1.58680	35.00
1.60347	35.04
1.62013	35.15
1.63680	35.32
1.65347	35.54
1.67013	35.84
1.68680	36.21
1.70347	36.56
1.72013	36.90
1.73680	37.24
1.75347	37.59
1.77013	37.92
1.78680	38.26
1.80347	38.59
1.82013	38.91
1.83680	39.24
1.85347	39.57
1.87013	39.90
1.88680	40.21
1.90347	40.55
1.92013	40.88
1.93680	41.21
1.95347	41.53
1.97013	41.83
1.98680	42.18
2.00347	42.48
2.02013	42.81
2.03680	43.13
2.05347	43.44
2.07013	43.77
2.08680	44.10
2.10347	44.43
2.12013	44.77
2.13680	45.10
2.15347	45.44
2.17013	45.77
2.18680	46.09
2.20347	46.43
2.22013	46.75
2.23680	47.07
2.25347	47.40
2.27013	47.75
2.28680	48.07
2.30347	48.41
2.32013	48.73
2.33680	49.08
2.35347	49.38
2.37013	49.60
2.38680	49.69
2.40347	49.67
2.42013	49.69
2.43680	49.68
2.45347	49.68
2.47013	49.70
2.48680	49.70
2.50347	49.73
2.52013	49.74
2.53680	49.74
2.55347	49.75
2.57013	49.76
2.58680	49.77
2.60347	49.78
2.62013	49.80
2.63680	49.82
2.65347	49.82
2.67013	49.84
2.68680	49.85
2.70347	49.86
2.72013	49.84
2.73680	49.86
2.75347	49.85
2.77013	49.85
2.78680	49.86
2.80347	49.89
2.82013	49.89
2.83680	49.89
2.85347	49.89
2.87013	49.89
2.88680	49.88
2.90347	49.88
2.92013	49.89
2.93680	49.91
2.95347	49.92
2.97013	49.94
2.98680	49.95
3.00347	49.96
3.02013	49.98
3.03680	50.00
3.05347	50.00
3.07013	50.02
3.08680	50.03
3.10347	50.03
3.12013	50.03
3.13680	50.03
3.15347	50.04
3.17013	50.05
3.18680	50.04
3.20347	50.04
3.22013	50.05
3.23680	50.05
3.25347	50.05
3.27013	50.06
3.28680	50.07
3.30347	50.08
3.32013	50.09
3.33680	50.10
3.35347	50.11
3.37013	50.10
3.38680	50.09
3.40347	50.08
3.42013	50.07
3.43680	50.05
3.45347	50.03
3.47013	50.02
3.48680	50.02
3.50347	50.02
3.52013	50.02
3.53680	50.01
3.55347	50.03
3.57013	50.03
3.58680	50.03
3.60347	50.03
3.62013	50.03
3.63680	50.04
3.65347	50.04
3.67013	50.05
3.68680	50.05
3.70347	50.05
3.72013	50.05
3.73680	50.05
3.75347	50.04
3.77013	50.05
3.78680	50.05
3.80347	50.04
3.82013	50.05
3.83680	50.05
3.85347	50.05
3.87013	50.06
3.88680	50.06
3.90347	50.06
3.92013	50.06
3.93680	50.06
3.95347	50.06
3.97013	50.06
3.98680	50.06

[Status Trace (Injection Unit Temperature)]
Interval(msec)	1000
# of Points	240
Start Time(min)	0.003
End Time(min)	3.987
Intensity Units	
Intensity Multiplier	1
R.Time (min)	Intensity
0.00347	99.99
0.02013	99.98
0.03680	99.98
0.05347	99.99
0.07013	99.98
0.08680	99.99
0.10347	99.98
0.12013	99.99
0.13680	99.98
0.15347	99.98
0.17013	99.99
0.18680	99.99
0.20347	99.99
0.22013	99.98
0.23680	99.99
0.25347	99.99
0.27013	99.98
0.28680	99.99
0.30347	99.98
0.32013	99.98
0.33680	99.99
0.35347	99.98
0.37013	99.99
0.38680	99.99
0.40347	99.99
0.42013	99.98
0.43680	99.99
0.45347	99.98
0.47013	99.98
0.48680	99.99
0.50347	99.98
0.52013	99.98
0.53680	99.98
0.55347	99.98
0.57013	99.99
0.58680	99.99
0.60347	99.99
0.62013	99.99
0.63680	99.99
0.65347	99.99
0.67013	99.99
0.68680	99.99
0.70347	99.99
0.72013	99.99
0.73680	99.99
0.75347	99.99
0.77013	99.99
0.78680	99.99
0.80347	99.99
0.82013	99.99
0.83680	99.99
0.85347	99.99
0.87013	99.99
0.88680	99.99
0.90347	99.99
0.92013	99.99
0.93680	99.99
0.95347	99.99
0.97013	99.99
0.98680	99.99
1.00347	99.99
1.02013	99.98
1.03680	99.99
1.05347	99.99
1.07013	99.99
1.08680	99.99
1.10347	99.99
1.12013	99.99
1.13680	99.99
1.15347	99.98
1.17013	99.99
1.18680	99.99
1.20347	99.99
1.22013	99.98
1.23680	99.98
1.25347	99.99
1.27013	99.98
1.28680	99.98
1.30347	99.99
1.32013	99.98
1.33680	99.99
1.35347	99.98
1.37013	99.98
1.38680	99.98
1.40347	99.99
1.42013	99.99
1.43680	99.98
1.45347	99.99
1.47013	99.98
1.48680	99.98
1.50347	99.99
1.52013	99.98
1.53680	99.99
1.55347	99.99
1.57013	99.99
1.58680	99.99
1.60347	99.99
1.62013	99.99
1.63680	99.99
1.65347	99.99
1.67013	99.99
1.68680	99.99
1.70347	99.99
1.72013	99.99
1.73680	99.99
1.75347	99.99
1.77013	99.99
1.78680	99.99
1.80347	99.99
1.82013	99.99
1.83680	99.99
1.85347	99.99
1.87013	99.99
1.88680	99.99
1.90347	99.98
1.92013	99.98
1.93680	99.98
1.95347	99.98
1.97013	99.98
1.98680	99.98
2.00347	99.98
2.02013	99.98
2.03680	99.98
2.05347	99.98
2.07013	99.98
2.08680	99.98
2.10347	99.98
2.12013	99.97
2.13680	99.98
2.15347	99.98
2.17013	99.98
2.18680	99.98
2.20347	99.97
2.22013	99.97
2.23680	99.97
2.25347	99.97
2.27013	99.97
2.28680	99.97
2.30347	99.97
2.32013	99.97
2.33680	99.97
2.35347	99.97
2.37013	99.97
2.38680	99.97
2.40347	99.97
2.42013	99.97
2.43680	99.97
2.45347	99.97
2.47013	99.97
2.48680	99.97
2.50347	99.97
2.52013	99.97
2.53680	99.97
2.55347	99.98
2.57013	99.98
2.58680	99.98
2.60347	99.98
2.62013	99.98
2.63680	99.98
2.65347	99.98
2.67013	99.98
2.68680	99.98
2.70347	99.98
2.72013	99.98
2.73680	99.99
2.75347	99.98
2.77013	99.99
2.78680	99.99
2.80347	99.99
2.82013	99.99
2.83680	99.99
2.85347	99.99
2.87013	100.00
2.88680	100.00
2.90347	100.00
2.92013	100.00
2.93680	100.00
2.95347	100.00
2.97013	100.01
2.98680	100.01
3.00347	100.01
3.02013	100.01
3.03680	100.01
3.05347	100.01
3.07013	100.02
3.08680	100.01
3.10347	100.01
3.12013	100.02
3.13680	100.02
3.15347	100.02
3.17013	100.02
3.18680	100.02
3.20347	100.02
3.22013	100.02
3.23680	100.03
3.25347	100.03
3.27013	100.03
3.28680	100.03
3.30347	100.03
3.32013	100.03
3.33680	100.03
3.35347	100.03
3.37013	100.04
3.38680	100.03
3.40347	100.04
3.42013	100.04
3.43680	100.04
3.45347	100.04
3.47013	100.04
3.48680	100.04
3.50347	100.05
3.52013	100.04
3.53680	100.04
3.55347	100.05
3.57013	100.05
3.58680	100.05
3.60347	100.04
3.62013	100.05
3.63680	100.05
3.65347	100.05
3.67013	100.05
3.68680	100.05
3.70347	100.05
3.72013	100.05
3.73680	100.05
3.75347	100.04
3.77013	100.05
3.78680	100.05
3.80347	100.05
3.82013	100.05
3.83680	100.05
3.85347	100.05
3.87013	100.05
3.88680	100.05
3.90347	100.05
3.92013	100.05
3.93680	100.05
3.95347	100.05
3.97013	100.05
3.98680	100.05

[Status Trace (Carrier Gas Pressure)]
Interval(msec)	1000
# of Points	240
Start Time(min)	0.003
End Time(min)	3.987
Intensity Units	
Intensity Multiplier	1
R.Time (min)	Intensity
0.00347	58.00
0.02013	56.15
0.03680	56.48
0.05347	58.78
0.07013	59.81
0.08680	58.21
0.10347	57.97
0.12013	58.01
0.13680	58.01
0.15347	58.01
0.17013	58.00
0.18680	58.00
0.20347	58.00
0.22013	58.00
0.23680	58.00
0.25347	58.00
0.27013	58.00
0.28680	58.00
0.30347	58.00
0.32013	58.00
0.33680	58.00
0.35347	58.00
0.37013	58.00
0.38680	58.00
0.40347	58.00
0.42013	58.00
0.43680	58.00
0.45347	58.00
0.47013	58.00
0.48680	58.00
0.50347	58.00
0.52013	58.00
0.53680	58.00
0.55347	58.00
0.57013	58.00
0.58680	58.00
0.60347	58.00
0.62013	58.00
0.63680	58.00
0.65347	58.00
0.67013	58.00
0.68680	58.00
0.70347	58.00
0.72013	58.00
0.73680	58.00
0.75347	58.00
0.77013	58.00
0.78680	58.00
0.80347	58.00
0.82013	58.00
0.83680	58.00
0.85347	58.00
0.87013	58.00
0.88680	58.00
0.90347	58.00
0.92013	58.00
0.93680	58.00
0.95347	58.00
0.97013	58.00
0.98680	58.00
1.00347	58.00
1.02013	58.00
1.03680	58.00
1.05347	58.00
1.07013	58.00
1.08680	58.00
1.10347	58.00
1.12013	58.00
1.13680	58.00
1.15347	58.00
1.17013	58.00
1.18680	58.00
1.20347	58.00
1.22013	58.00
1.23680	58.00
1.25347	58.00
1.27013	58.00
1.28680	58.00
1.30347	58.00
1.32013	58.00
1.33680	58.00
1.35347	58.00
1.37013	58.00
1.38680	58.00
1.40347	58.00
1.42013	58.00
1.43680	58.00
1.45347	58.00
1.47013	58.00
1.48680	58.00
1.50347	58.00
1.52013	58.00
1.53680	58.00
1.55347	58.00
1.57013	58.00
1.58680	58.00
1.60347	58.00
1.62013	58.00
1.63680	58.00
1.65347	58.00
1.67013	58.01
1.68680	58.01
1.70347	58.00
1.72013	58.00
1.73680	58.00
1.75347	58.00
1.77013	58.00
1.78680	58.00
1.80347	58.00
1.82013	58.00
1.83680	58.00
1.85347	58.00
1.87013	58.00
1.88680	58.00
1.90347	58.00
1.92013	58.00
1.93680	58.00
1.95347	58.00
1.97013	58.00
1.98680	58.00
2.00347	58.00
2.02013	58.00
2.03680	58.00
2.05347	58.00
2.07013	58.00
2.08680	58.00
2.10347	58.00
2.12013	58.00
2.13680	58.00
2.15347	58.00
2.17013	58.00
2.18680	58.00
2.20347	58.00
2.22013	58.00
2.23680	58.00
2.25347	58.00
2.27013	58.00
2.28680	58.00
2.30347	58.00
2.32013	58.00
2.33680	58.00
2.35347	58.00
2.37013	58.00
2.38680	57.99
2.40347	57.99
2.42013	58.00
2.43680	58.00
2.45347	58.00
2.47013	58.00
2.48680	58.00
2.50347	57.98
2.52013	58.00
2.53680	57.99
2.55347	58.00
2.57013	58.00
2.58680	58.00
2.60347	58.00
2.62013	58.00
2.63680	58.00
2.65347	58.00
2.67013	58.00
2.68680	58.00
2.70347	58.00
2.72013	58.00
2.73680	58.00
2.75347	58.00
2.77013	58.00
2.78680	58.00
2.80347	58.00
2.82013	58.00
2.83680	58.00
2.85347	58.00
2.87013	58.00
2.88680	58.00
2.90347	58.00
2.92013	58.00
2.93680	58.00
2.95347	58.00
2.97013	58.00
2.98680	58.00
3.00347	58.00
3.02013	58.00
3.03680	58.00
3.05347	58.00
3.07013	58.00
3.08680	58.00
3.10347	58.00
3.12013	58.00
3.13680	58.00
3.15347	58.00
3.17013	58.00
3.18680	58.00
3.20347	58.00
3.22013	58.00
3.23680	58.00
3.25347	58.00
3.27013	58.00
3.28680	58.00
3.30347	58.00
3.32013	58.00
3.33680	58.00
3.35347	58.00
3.37013	58.00
3.38680	58.00
3.40347	58.00
3.42013	58.00
3.43680	58.00
3.45347	58.00
3.47013	58.00
3.48680	58.00
3.50347	58.00
3.52013	58.00
3.53680	58.00
3.55347	58.00
3.57013	58.00
3.58680	58.00
3.60347	58.00
3.62013	58.00
3.63680	58.00
3.65347	58.00
3.67013	58.00
3.68680	58.00
3.70347	58.00
3.72013	58.00
3.73680	58.00
3.75347	58.00
3.77013	58.00
3.78680	58.00
3.80347	58.00
3.82013	58.00
3.83680	58.00
3.85347	58.00
3.87013	58.00
3.88680	58.00
3.90347	58.00
3.92013	58.00
3.93680	58.00
3.95347	58.00
3.97013	58.00
3.98680	58.00

[Status Trace (Carrier Gas Flow)]
Interval(msec)	1000
# of Points	240
Start Time(min)	0.003
End Time(min)	3.987
Intensity Units	
Intensity Multiplier	1
R.Time (min)	Intensity
0.00347	34.52
0.02013	34.60
0.03680	34.54
0.05347	34.55
0.07013	34.49
0.08680	34.50
0.10347	34.52
0.12013	34.52
0.13680	34.52
0.15347	34.52
0.17013	34.52
0.18680	34.52
0.20347	34.52
0.22013	34.52
0.23680	34.52
0.25347	34.52
0.27013	34.52
0.28680	34.52
0.30347	34.52
0.32013	34.52
0.33680	34.52
0.35347	34.52
0.37013	34.52
0.38680	34.52
0.40347	34.52
0.42013	34.52
0.43680	34.52
0.45347	34.52
0.47013	34.52
0.48680	34.52
0.50347	34.52
0.52013	34.52
0.53680	34.52
0.55347	34.52
0.57013	34.52
0.58680	34.52
0.60347	34.52
0.62013	34.52
0.63680	34.52
0.65347	34.52
0.67013	34.52
0.68680	34.52
0.70347	34.52
0.72013	34.52
0.73680	34.52
0.75347	34.52
0.77013	34.52
0.78680	34.52
0.80347	34.52
0.82013	34.52
0.83680	34.52
0.85347	34.52
0.87013	34.52
0.88680	34.52
0.90347	34.52
0.92013	34.52
0.93680	34.52
0.95347	34.52
0.97013	34.52
0.98680	34.52
1.00347	34.52
1.02013	34.52
1.03680	34.52
1.05347	34.52
1.07013	34.52
1.08680	34.52
1.10347	34.52
1.12013	34.52
1.13680	34.52
1.15347	34.52
1.17013	34.52
1.18680	34.52
1.20347	34.52
1.22013	34.52
1.23680	34.52
1.25347	34.52
1.27013	34.52
1.28680	34.52
1.30347	34.52
1.32013	34.52
1.33680	34.52
1.35347	34.52
1.37013	34.52
1.38680	34.52
1.40347	34.52
1.42013	34.52
1.43680	34.52
1.45347	34.52
1.47013	34.52
1.48680	34.52
1.50347	34.52
1.52013	34.52
1.53680	34.52
1.55347	34.52
1.57013	34.52
1.58680	34.52
1.60347	34.52
1.62013	34.52
1.63680	34.52
1.65347	34.52
1.67013	34.52
1.68680	34.52
1.70347	34.52
1.72013	34.52
1.73680	34.52
1.75347	34.52
1.77013	34.52
1.78680	34.52
1.80347	34.52
1.82013	34.52
1.83680	34.52
1.85347	34.52
1.87013	34.52
1.88680	34.52
1.90347	34.52
1.92013	34.52
1.93680	34.52
1.95347	34.52
1.97013	34.52
1.98680	34.52
2.00347	34.52
2.02013	34.52
2.03680	34.52
2.05347	34.52
2.07013	34.52
2.08680	34.52
2.10347	34.52
2.12013	34.52
2.13680	34.52
2.15347	34.52
2.17013	34.52
2.18680	34.52
2.20347	34.52
2.22013	34.52
2.23680	34.52
2.25347	34.52
2.27013	34.52
2.28680	34.52
2.30347	34.52
2.32013	34.52
2.33680	34.52
2.35347	34.52
2.37013	34.52
2.38680	34.52
2.40347	34.52
2.42013	34.52
2.43680	34.52
2.45347	34.52
2.47013	34.52
2.48680	34.52
2.50347	34.65
2.52013	34.52
2.53680	34.52
2.55347	34.52
2.57013	34.52
2.58680	34.52
2.60347	34.52
2.62013	34.52
2.63680	34.52
2.65347	34.52
2.67013	34.52
2.68680	34.52
2.70347	34.52
2.72013	34.52
2.73680	34.52
2.75347	34.52
2.77013	34.52
2.78680	34.52
2.80347	34.52
2.82013	34.52
2.83680	34.52
2.85347	34.52
2.87013	34.52
2.88680	34.52
2.90347	34.52
2.92013	34.52
2.93680	34.52
2.95347	34.52
2.97013	34.52
2.98680	34.52
3.00347	34.52
3.02013	34.52
3.03680	34.52
3.05347	34.52
3.07013	34.52
3.08680	34.52
3.10347	34.52
3.12013	34.52
3.13680	34.52
3.15347	34.52
3.17013	34.52
3.18680	34.52
3.20347	34.52
3.22013	34.52
3.23680	34.52
3.25347	34.52
3.27013	34.52
3.28680	34.52
3.30347	34.52
3.32013	34.52
3.33680	34.52
3.35347	34.52
3.37013	34.52
3.38680	34.52
3.40347	34.52
3.42013	34.52
3.43680	34.52
3.45347	34.52
3.47013	34.52
3.48680	34.52
3.50347	34.52
3.52013	34.52
3.53680	34.52
3.55347	34.52
3.57013	34.52
3.58680	34.52
3.60347	34.52
3.62013	34.52
3.63680	34.52
3.65347	34.52
3.67013	34.52
3.68680	34.52
3.70347	34.52
3.72013	34.52
3.73680	34.52
3.75347	34.52
3.77013	34.52
3.78680	34.52
3.80347	34.52
3.82013	34.52
3.83680	34.52
3.85347	34.52
3.87013	34.51
3.88680	34.51
3.90347	34.52
3.92013	34.52
3.93680	34.52
3.95347	34.52
3.97013	34.52
3.98680	34.52

[Status Trace (Column Flow)]
Interval(msec)	1000
# of Points	240
Start Time(min)	0.003
End Time(min)	3.987
Intensity Units	
Intensity Multiplier	1
R.Time (min)	Intensity
0.00347	5.46
0.02013	5.25
0.03680	5.29
0.05347	5.55
0.07013	5.67
0.08680	5.49
0.10347	5.46
0.12013	5.46
0.13680	5.46
0.15347	5.46
0.17013	5.46
0.18680	5.46
0.20347	5.46
0.22013	5.46
0.23680	5.46
0.25347	5.46
0.27013	5.46
0.28680	5.46
0.30347	5.46
0.32013	5.46
0.33680	5.46
0.35347	5.46
0.37013	5.46
0.38680	5.46
0.40347	5.46
0.42013	5.46
0.43680	5.46
0.45347	5.46
0.47013	5.46
0.48680	5.46
0.50347	5.46
0.52013	5.46
0.53680	5.46
0.55347	5.46
0.57013	5.46
0.58680	5.46
0.60347	5.46
0.62013	5.46
0.63680	5.46
0.65347	5.46
0.67013	5.46
0.68680	5.46
0.70347	5.46
0.72013	5.46
0.73680	5.46
0.75347	5.46
0.77013	5.46
0.78680	5.46
0.80347	5.46
0.82013	5.46
0.83680	5.46
0.85347	5.46
0.87013	5.46
0.88680	5.46
0.90347	5.46
0.92013	5.46
0.93680	5.46
0.95347	5.46
0.97013	5.46
0.98680	5.46
1.00347	5.46
1.02013	5.46
1.03680	5.46
1.05347	5.46
1.07013	5.46
1.08680	5.46
1.10347	5.46
1.12013	5.46
1.13680	5.46
1.15347	5.46
1.17013	5.46
1.18680	5.46
1.20347	5.46
1.22013	5.46
1.23680	5.46
1.25347	5.46
1.27013	5.46
1.28680	5.46
1.30347	5.46
1.32013	5.46
1.33680	5.46
1.35347	5.46
1.37013	5.46
1.38680	5.46
1.40347	5.46
1.42013	5.46
1.43680	5.46
1.45347	5.46
1.47013	5.46
1.48680	5.46
1.50347	5.46
1.52013	5.46
1.53680	5.46
1.55347	5.46
1.57013	5.46
1.58680	5.46
1.60347	5.46
1.62013	5.46
1.63680	5.45
1.65347	5.45
1.67013	5.44
1.68680	5.43
1.70347	5.41
1.72013	5.40
1.73680	5.39
1.75347	5.38
1.77013	5.37
1.78680	5.36
1.80347	5.35
1.82013	5.34
1.83680	5.33
1.85347	5.32
1.87013	5.31
1.88680	5.30
1.90347	5.29
1.92013	5.28
1.93680	5.27
1.95347	5.26
1.97013	5.26
1.98680	5.25
2.00347	5.24
2.02013	5.23
2.03680	5.22
2.05347	5.21
2.07013	5.20
2.08680	5.19
2.10347	5.18
2.12013	5.17
2.13680	5.16
2.15347	5.15
2.17013	5.14
2.18680	5.13
2.20347	5.12
2.22013	5.11
2.23680	5.11
2.25347	5.10
2.27013	5.09
2.28680	5.08
2.30347	5.07
2.32013	5.06
2.33680	5.05
2.35347	5.04
2.37013	5.03
2.38680	5.03
2.40347	5.03
2.42013	5.03
2.43680	5.03
2.45347	5.03
2.47013	5.03
2.48680	5.03
2.50347	5.03
2.52013	5.03
2.53680	5.03
2.55347	5.03
2.57013	5.03
2.58680	5.03
2.60347	5.03
2.62013	5.03
2.63680	5.03
2.65347	5.03
2.67013	5.03
2.68680	5.03
2.70347	5.03
2.72013	5.03
2.73680	5.03
2.75347	5.03
2.77013	5.03
2.78680	5.03
2.80347	5.03
2.82013	5.03
2.83680	5.03
2.85347	5.03
2.87013	5.03
2.88680	5.03
2.90347	5.03
2.92013	5.03
2.93680	5.03
2.95347	5.03
2.97013	5.03
2.98680	5.03
3.00347	5.03
3.02013	5.02
3.03680	5.02
3.05347	5.02
3.07013	5.02
3.08680	5.02
3.10347	5.02
3.12013	5.02
3.13680	5.02
3.15347	5.02
3.17013	5.02
3.18680	5.02
3.20347	5.02
3.22013	5.02
3.23680	5.02
3.25347	5.02
3.27013	5.02
3.28680	5.02
3.30347	5.02
3.32013	5.02
3.33680	5.02
3.35347	5.02
3.37013	5.02
3.38680	5.02
3.40347	5.02
3.42013	5.02
3.43680	5.02
3.45347	5.02
3.47013	5.02
3.48680	5.02
3.50347	5.02
3.52013	5.02
3.53680	5.02
3.55347	5.02
3.57013	5.02
3.58680	5.02
3.60347	5.02
3.62013	5.02
3.63680	5.02
3.65347	5.02
3.67013	5.02
3.68680	5.02
3.70347	5.02
3.72013	5.02
3.73680	5.02
3.75347	5.02
3.77013	5.02
3.78680	5.02
3.80347	5.02
3.82013	5.02
3.83680	5.02
3.85347	5.02
3.87013	5.02
3.88680	5.02
3.90347	5.02
3.92013	5.02
3.93680	5.02
3.95347	5.02
3.97013	5.02
3.98680	5.02

[Status Trace (Linear Velocity)]
Interval(msec)	1000
# of Points	240
Start Time(min)	0.003
End Time(min)	3.987
Intensity Units	
Intensity Multiplier	1
R.Time (min)	Intensity
0.00347	39.00
0.02013	37.79
0.03680	38.00
0.05347	39.51
0.07013	40.18
0.08680	39.14
0.10347	38.98
0.12013	39.01
0.13680	39.01
0.15347	39.00
0.17013	39.00
0.18680	39.00
0.20347	39.00
0.22013	39.00
0.23680	39.00
0.25347	39.00
0.27013	39.00
0.28680	39.00
0.30347	39.00
0.32013	39.00
0.33680	39.00
0.35347	39.00
0.37013	39.00
0.38680	39.00
0.40347	39.00
0.42013	39.00
0.43680	39.00
0.45347	39.00
0.47013	39.00
0.48680	39.00
0.50347	39.00
0.52013	39.00
0.53680	39.00
0.55347	39.00
0.57013	39.00
0.58680	39.00
0.60347	39.00
0.62013	39.00
0.63680	39.00
0.65347	39.00
0.67013	39.00
0.68680	39.00
0.70347	39.00
0.72013	39.00
0.73680	39.00
0.75347	39.00
0.77013	39.00
0.78680	39.00
0.80347	39.00
0.82013	39.00
0.83680	39.00
0.85347	39.00
0.87013	39.00
0.88680	39.00
0.90347	39.00
0.92013	39.00
0.93680	39.00
0.95347	39.00
0.97013	39.00
0.98680	39.00
1.00347	39.00
1.02013	39.00
1.03680	39.00
1.05347	39.00
1.07013	39.00
1.08680	39.00
1.10347	39.00
1.12013	39.01
1.13680	39.01
1.15347	39.00
1.17013	39.00
1.18680	39.00
1.20347	39.00
1.22013	39.00
1.23680	39.00
1.25347	39.00
1.27013	39.00
1.28680	39.00
1.30347	39.00
1.32013	39.00
1.33680	39.00
1.35347	39.00
1.37013	39.00
1.38680	39.00
1.40347	39.00
1.42013	39.00
1.43680	39.00
1.45347	39.00
1.47013	39.00
1.48680	39.00
1.50347	39.00
1.52013	39.01
1.53680	39.00
1.55347	39.00
1.57013	39.00
1.58680	39.00
1.60347	39.00
1.62013	38.99
1.63680	38.98
1.65347	38.95
1.67013	38.93
1.68680	38.89
1.70347	38.85
1.72013	38.82
1.73680	38.79
1.75347	38.76
1.77013	38.73
1.78680	38.70
1.80347	38.66
1.82013	38.63
1.83680	38.60
1.85347	38.57
1.87013	38.54
1.88680	38.51
1.90347	38.48
1.92013	38.45
1.93680	38.42
1.95347	38.39
1.97013	38.36
1.98680	38.33
2.00347	38.30
2.02013	38.27
2.03680	38.24
2.05347	38.21
2.07013	38.18
2.08680	38.15
2.10347	38.12
2.12013	38.09
2.13680	38.06
2.15347	38.03
2.17013	38.00
2.18680	37.97
2.20347	37.94
2.22013	37.91
2.23680	37.88
2.25347	37.85
2.27013	37.82
2.28680	37.79
2.30347	37.76
2.32013	37.73
2.33680	37.70
2.35347	37.67
2.37013	37.65
2.38680	37.64
2.40347	37.64
2.42013	37.65
2.43680	37.65
2.45347	37.65
2.47013	37.65
2.48680	37.64
2.50347	37.63
2.52013	37.64
2.53680	37.64
2.55347	37.64
2.57013	37.64
2.58680	37.64
2.60347	37.64
2.62013	37.64
2.63680	37.64
2.65347	37.63
2.67013	37.63
2.68680	37.63
2.70347	37.63
2.72013	37.63
2.73680	37.63
2.75347	37.63
2.77013	37.63
2.78680	37.63
2.80347	37.63
2.82013	37.63
2.83680	37.63
2.85347	37.63
2.87013	37.63
2.88680	37.63
2.90347	37.63
2.92013	37.63
2.93680	37.63
2.95347	37.63
2.97013	37.62
2.98680	37.62
3.00347	37.62
3.02013	37.62
3.03680	37.62
3.05347	37.62
3.07013	37.62
3.08680	37.62
3.10347	37.62
3.12013	37.62
3.13680	37.62
3.15347	37.62
3.17013	37.62
3.18680	37.61
3.20347	37.61
3.22013	37.62
3.23680	37.61
3.25347	37.61
3.27013	37.61
3.28680	37.61
3.30347	37.61
3.32013	37.61
3.33680	37.61
3.35347	37.61
3.37013	37.61
3.38680	37.61
3.40347	37.61
3.42013	37.61
3.43680	37.61
3.45347	37.62
3.47013	37.62
3.48680	37.62
3.50347	37.62
3.52013	37.62
3.53680	37.62
3.55347	37.62
3.57013	37.62
3.58680	37.62
3.60347	37.62
3.62013	37.62
3.63680	37.62
3.65347	37.62
3.67013	37.62
3.68680	37.61
3.70347	37.61
3.72013	37.61
3.73680	37.61
3.75347	37.62
3.77013	37.61
3.78680	37.62
3.80347	37.62
3.82013	37.61
3.83680	37.61
3.85347	37.61
3.87013	37.61
3.88680	37.61
3.90347	37.61
3.92013	37.61
3.93680	37.61
3.95347	37.61
3.97013	37.61
3.98680	37.61

