[Header]
Application Name	LabSolutions
Version	5.110
Data File Name	C:\Users\User\Desktop\GC Analyses\Jack\UIC Prairie Sampling\9.30.22\220930_071.gcd
Output Date	1/4/2023
Output Time	2:27:56 PM

[File Information]
Type	Data File
Generated	12/1/2022 3:52:47 PM
Generated by	System Administrator
Modified	12/1/2022 3:57:12 PM
Modified by	System Administrator

[Sample Information]
Operator Name	System Administrator
Acquired	12/1/2022 3:53:11 PM
Sample Type	1:Standard
Level	1
Sample Name	220930_UICPrairie
Sample ID	220930_UICPrairie
ISTD Amount1	1
ISTD Amount2	1
ISTD Amount3	1
ISTD Amount4	1
ISTD Amount5	1
ISTD Amount6	1
ISTD Amount7	1
ISTD Amount8	1
ISTD Amount9	1
ISTD Amount10	1
ISTD Amount11	1
ISTD Amount12	1
ISTD Amount13	1
ISTD Amount14	1
ISTD Amount15	1
ISTD Amount16	1
ISTD Amount17	1
ISTD Amount18	1
ISTD Amount19	1
ISTD Amount20	1
ISTD Amount21	1
ISTD Amount22	1
ISTD Amount23	1
ISTD Amount24	1
ISTD Amount25	1
ISTD Amount26	1
ISTD Amount27	1
ISTD Amount28	1
ISTD Amount29	1
ISTD Amount30	1
ISTD Amount31	1
ISTD Amount32	1
Sample Amount	1
Dilution Factor	1
Vial#	1
Injection Volume	1
Injection Count	1
Bar Code	

[Original Files]
Data File	C:\Users\User\Desktop\GC Analyses\Jack\UIC Prairie Sampling\9.30.22\220930_071.gcd
Method File	C:\LabSolutions\Data\GHG_4min_2022\ghg3_togas_w_acet_4 min_new_int.gcm
Batch File	
Report Format File	c:\LabSolutions\System\DEFAULT.lsr

[File Description]


[Configuration]
Instrument Name	C0B7VH3-Instrument1
Instrument #	1
Line #	1
# of Detectors	3
Detector ID	DET#1	DET#2	DET#3
Detector Name	FID	PTCD	ECD
# of Channels	1	1	1

[Peak Table(Ch1)]
# of Peaks	3
Peak#	R.Time	I.Time	F.Time	Area	Height	A/H	Conc.	Mark	ID#	Name	k'	Plate #	Plate Ht.	Tailing	Resolution	Sep.Factor	Area Ratio	Height Ratio	Conc. %	Norm Conc.
1	1.487	1.435	1.542	1932	1004	1.923	100.000	   	1	CO	0.000	11543	12.995	1.282	0.000	0.000	0	0	16.667	16.667
2	1.578	1.560	1.604	765	605	1.264	100.000	   	2	CH4	0.062	26937	5.569	1.175	1.954	0.000	0	0	16.667	16.667
3	2.007	1.952	2.264	254398	149179	1.705	400.000	   	3	CO2	0.350	25583	5.863	1.391	9.677	5.680	0	0	66.667	66.667

[Peak Table(Ch2)]
# of Peaks	0

[Peak Table(Ch3)]
# of Peaks	4
Peak#	R.Time	I.Time	F.Time	Area	Height	A/H	Conc.	Mark	ID#	Name	k'	Plate #	Plate Ht.	Tailing	Resolution	Sep.Factor	Area Ratio	Height Ratio	Conc. %	Norm Conc.
1	2.458	2.238	2.565	1551	282	5.493	0.000	   			0.000	13415	11.182	0.753	0.000	0.000	0	0	0.000	0.000
2	2.634	2.616	2.642	93	97	0.967	0.000	   			0.072	11895	12.611	0.000	1.939	0.000	0	0	0.000	0.000
3	2.770	2.642	2.847	5681	585	9.704	0.218	 V 	1	N2O	0.127	516	290.515	0.000	0.464	1.771	0	0	21.842	21.842
4	2.895	2.847	3.921	20328	1598	12.722	0.782	 V 	1	N2O	0.177	8874	16.904	0.000	0.408	1.400	0	0	78.158	78.158

[Compound Results(Ch1)]
# of IDs	6
ID#	Name	R.Time	Area	Height	Conc.	Curve	3rd	2nd	1st	Constant	Area Ratio	Height Ratio	Conc. %	Norm Conc.
1	CO	1.487	1932	1004	100.000	Linear	0.000000e+00	0.000000e+00	1.931874e+001	0.000000e+00	0	0	16.667	16.667
2	CH4	1.578	765	605	100.000	Linear	0.000000e+00	0.000000e+00	7.650276e+000	0.000000e+00	0	0	16.667	16.667
3	CO2	2.007	254398	149179	400.000	Linear	0.000000e+00	0.000000e+00	6.359951e+002	0.000000e+00	0	0	66.667	66.667
4	Ethylene	0.000	0	0	0.000	Linear	0.000000e+00	0.000000e+00	0.000000e+00	0.000000e+00	0	0	0.000	0.000
5	Acetylene	0.000	0	0	0.000	Linear	0.000000e+00	0.000000e+00	0.000000e+00	0.000000e+00	0	0	0.000	0.000
6	Ethane	0.000	0	0	0.000	Linear	0.000000e+00	0.000000e+00	0.000000e+00	0.000000e+00	0	0	0.000	0.000

[Compound Results(Ch2)]
# of IDs	5
ID#	Name	R.Time	Area	Height	Conc.	Curve	3rd	2nd	1st	Constant	Area Ratio	Height Ratio	Conc. %	Norm Conc.
1	Hydrogen	0.000	0	0	0.000	Linear	0.000000e+00	0.000000e+00	0.000000e+00	0.000000e+00	0	0	0.000	0.000
2	Oxygen	0.000	0	0	0.000	Linear	0.000000e+00	0.000000e+00	0.000000e+00	0.000000e+00	0	0	0.000	0.000
3	Nitrogen	0.000	0	0	0.000	Linear	0.000000e+00	0.000000e+00	0.000000e+00	0.000000e+00	0	0	0.000	0.000
4	Methane	0.000	0	0	0.000	Linear	0.000000e+00	0.000000e+00	0.000000e+00	0.000000e+00	0	0	0.000	0.000
5	Carbon Monoxide	0.000	0	0	0.000	Linear	0.000000e+00	0.000000e+00	0.000000e+00	0.000000e+00	0	0	0.000	0.000

[Compound Results(Ch3)]
# of IDs	2
ID#	Name	R.Time	Area	Height	Conc.	Curve	3rd	2nd	1st	Constant	Area Ratio	Height Ratio	Conc. %	Norm Conc.
1	N2O	2.895	26010	2183	1.000	Linear	0.000000e+00	0.000000e+00	2.600959e+004	0.000000e+00	0	0	100.000	100.000
2	SF6	0.000	0	0	0.000	Linear	0.000000e+00	0.000000e+00	0.000000e+00	0.000000e+00	0	0	0.000	0.000

[Group Results(Ch1)]
# of Groups	0

[Group Results(Ch2)]
# of Groups	0

[Group Results(Ch3)]
# of Groups	0

[Chromatogram (Ch1)]
Interval(msec)	220
# of Points	1091
Start Time(min)	0.002
End Time(min)	3.998
R.Time (min)	Intensity
0.00167	1
0.00533	-4
0.00900	-9
0.01267	-12
0.01633	-10
0.02000	-7
0.02367	-6
0.02733	-7
0.03100	-6
0.03467	-3
0.03833	4
0.04200	8
0.04567	8
0.04933	4
0.05300	-2
0.05667	-10
0.06033	-13
0.06400	-12
0.06767	-8
0.07133	-5
0.07500	-3
0.07867	-6
0.08233	-13
0.08600	-20
0.08967	-22
0.09333	-20
0.09700	-18
0.10067	-17
0.10433	-13
0.10800	-5
0.11167	1
0.11533	2
0.11900	-3
0.12267	-8
0.12633	-13
0.13000	-20
0.13367	-29
0.13733	-37
0.14100	-40
0.14467	-38
0.14833	-36
0.15200	-35
0.15567	-35
0.15933	-36
0.16300	-35
0.16667	-31
0.17033	-28
0.17400	-24
0.17767	-20
0.18133	-15
0.18500	-11
0.18867	-9
0.19233	-8
0.19600	-8
0.19967	-11
0.20333	-17
0.20700	-24
0.21067	-28
0.21433	-28
0.21800	-28
0.22167	-27
0.22533	-26
0.22900	-24
0.23267	-23
0.23633	-22
0.24000	-23
0.24367	-27
0.24733	-33
0.25100	-37
0.25467	-38
0.25833	-35
0.26200	-30
0.26567	-24
0.26933	-20
0.27300	-22
0.27667	-26
0.28033	-31
0.28400	-35
0.28767	-37
0.29133	-39
0.29500	-39
0.29867	-40
0.30233	-41
0.30600	-44
0.30967	-47
0.31333	-48
0.31700	-46
0.32067	-39
0.32433	-32
0.32800	-27
0.33167	-26
0.33533	-28
0.33900	-28
0.34267	-28
0.34633	-27
0.35000	-26
0.35367	-29
0.35733	-35
0.36100	-42
0.36467	-47
0.36833	-48
0.37200	-47
0.37567	-45
0.37933	-44
0.38300	-44
0.38667	-40
0.39033	-35
0.39400	-36
0.39767	-40
0.40133	-43
0.40500	-46
0.40867	-49
0.41233	-49
0.41600	-47
0.41967	-43
0.42333	-40
0.42700	-36
0.43067	-33
0.43433	-33
0.43800	-35
0.44167	-36
0.44533	-38
0.44900	-38
0.45267	-34
0.45633	-30
0.46000	-28
0.46367	-30
0.46733	-32
0.47100	-33
0.47467	-36
0.47833	-40
0.48200	-43
0.48567	-42
0.48933	-43
0.49300	-46
0.49667	-50
0.50033	-53
0.50400	-57
0.50767	-62
0.51133	-62
0.51500	-58
0.51867	-52
0.52233	-48
0.52600	-48
0.52967	-49
0.53333	-52
0.53700	-54
0.54067	-55
0.54433	-56
0.54800	-55
0.55167	-54
0.55533	-55
0.55900	-54
0.56267	-52
0.56633	-50
0.57000	-49
0.57367	-47
0.57733	-47
0.58100	-50
0.58467	-55
0.58833	-57
0.59200	-55
0.59567	-54
0.59933	-53
0.60300	-52
0.60667	-50
0.61033	-49
0.61400	-49
0.61767	-52
0.62133	-56
0.62500	-58
0.62867	-60
0.63233	-64
0.63600	-68
0.63967	-70
0.64333	-70
0.64700	-67
0.65067	-62
0.65433	-59
0.65800	-55
0.66167	-49
0.66533	-43
0.66900	-42
0.67267	-44
0.67633	-47
0.68000	-49
0.68367	-49
0.68733	-49
0.69100	-51
0.69467	-54
0.69833	-55
0.70200	-56
0.70567	-58
0.70933	-58
0.71300	-54
0.71667	-47
0.72033	-39
0.72400	-37
0.72767	-38
0.73133	-41
0.73500	-43
0.73867	-42
0.74233	-39
0.74600	-40
0.74967	-45
0.75333	-51
0.75700	-56
0.76067	-64
0.76433	-73
0.76800	-81
0.77167	-82
0.77533	-79
0.77900	-74
0.78267	-69
0.78633	-64
0.79000	-59
0.79367	-56
0.79733	-55
0.80100	-56
0.80467	-60
0.80833	-63
0.81200	-66
0.81567	-66
0.81933	-64
0.82300	-62
0.82667	-63
0.83033	-67
0.83400	-70
0.83767	-70
0.84133	-70
0.84500	-67
0.84867	-64
0.85233	-62
0.85600	-63
0.85967	-66
0.86333	-64
0.86700	-62
0.87067	-60
0.87433	-59
0.87800	-61
0.88167	-61
0.88533	-61
0.88900	-64
0.89267	-67
0.89633	-70
0.90000	-73
0.90367	-74
0.90733	-72
0.91100	-69
0.91467	-64
0.91833	-62
0.92200	-65
0.92567	-65
0.92933	-67
0.93300	-69
0.93667	-68
0.94033	-61
0.94400	-57
0.94767	-58
0.95133	-63
0.95500	-68
0.95867	-74
0.96233	-82
0.96600	-88
0.96967	-89
0.97333	-86
0.97700	-81
0.98067	-78
0.98433	-80
0.98800	-83
0.99167	-85
0.99533	-87
0.99900	-93
1.00267	-98
1.00633	-99
1.01000	-96
1.01367	-89
1.01733	-83
1.02100	-78
1.02467	-72
1.02833	-66
1.03200	-58
1.03567	-53
1.03933	-56
1.04300	-65
1.04667	-72
1.05033	-80
1.05400	-86
1.05767	-85
1.06133	-82
1.06500	-80
1.06867	-80
1.07233	-85
1.07600	-91
1.07967	-92
1.08333	-92
1.08700	-92
1.09067	-88
1.09433	-79
1.09800	-70
1.10167	-65
1.10533	-65
1.10900	-69
1.11267	-78
1.11633	-90
1.12000	-102
1.12367	-110
1.12733	-112
1.13100	-112
1.13467	-109
1.13833	-103
1.14200	-97
1.14567	-91
1.14933	-86
1.15300	-78
1.15667	-70
1.16033	-67
1.16400	-69
1.16767	-75
1.17133	-81
1.17500	-86
1.17867	-91
1.18233	-94
1.18600	-96
1.18967	-98
1.19333	-102
1.19700	-104
1.20067	-104
1.20433	-99
1.20800	-91
1.21167	-83
1.21533	-76
1.21900	-74
1.22267	-75
1.22633	-77
1.23000	-80
1.23367	-85
1.23733	-91
1.24100	-97
1.24467	-105
1.24833	-110
1.25200	-108
1.25567	-105
1.25933	-105
1.26300	-106
1.26667	-107
1.27033	-105
1.27400	-108
1.27767	-114
1.28133	-119
1.28500	-121
1.28867	-122
1.29233	-126
1.29600	-130
1.29967	-134
1.30333	-135
1.30700	-132
1.31067	-125
1.31433	-117
1.31800	-113
1.32167	-112
1.32533	-111
1.32900	-110
1.33267	-109
1.33633	-105
1.34000	-97
1.34367	-92
1.34733	-91
1.35100	-91
1.35467	-89
1.35833	-87
1.36200	-87
1.36567	-91
1.36933	-99
1.37300	-108
1.37667	-114
1.38033	-114
1.38400	-110
1.38767	-105
1.39133	-102
1.39500	-101
1.39867	-106
1.40233	-112
1.40600	-119
1.40967	-126
1.41333	-128
1.41700	-130
1.42067	-130
1.42433	-126
1.42800	-123
1.43167	-118
1.43533	-113
1.43900	-105
1.44267	-98
1.44633	-93
1.45000	-89
1.45367	-84
1.45733	-77
1.46100	-42
1.46467	65
1.46833	241
1.47200	437
1.47567	625
1.47933	789
1.48300	896
1.48667	912
1.49033	833
1.49400	691
1.49767	527
1.50133	378
1.50500	255
1.50867	160
1.51233	92
1.51600	46
1.51967	14
1.52333	-4
1.52700	-20
1.53067	-35
1.53433	-52
1.53800	-63
1.54167	-72
1.54533	-78
1.54900	-81
1.55267	-84
1.55633	-79
1.56000	-57
1.56367	13
1.56733	155
1.57100	345
1.57467	499
1.57833	549
1.58200	499
1.58567	386
1.58933	254
1.59300	135
1.59667	44
1.60033	-19
1.60400	-55
1.60767	-73
1.61133	-84
1.61500	-93
1.61867	-101
1.62233	-109
1.62600	-115
1.62967	-118
1.63333	-120
1.63700	-122
1.64067	-122
1.64433	-117
1.64800	-109
1.65167	-107
1.65533	-111
1.65900	-115
1.66267	-117
1.66633	-115
1.67000	-113
1.67367	-116
1.67733	-121
1.68100	-124
1.68467	-119
1.68833	-112
1.69200	-107
1.69567	-108
1.69933	-111
1.70300	-114
1.70667	-115
1.71033	-114
1.71400	-114
1.71767	-114
1.72133	-115
1.72500	-114
1.72867	-112
1.73233	-111
1.73600	-113
1.73967	-116
1.74333	-120
1.74700	-124
1.75067	-128
1.75433	-131
1.75800	-130
1.76167	-124
1.76533	-116
1.76900	-111
1.77267	-110
1.77633	-111
1.78000	-113
1.78367	-114
1.78733	-112
1.79100	-111
1.79467	-115
1.79833	-118
1.80200	-117
1.80567	-117
1.80933	-119
1.81300	-123
1.81667	-123
1.82033	-118
1.82400	-110
1.82767	-100
1.83133	-91
1.83500	-87
1.83867	-87
1.84233	-92
1.84600	-99
1.84967	-104
1.85333	-107
1.85700	-105
1.86067	-99
1.86433	-93
1.86800	-86
1.87167	-82
1.87533	-81
1.87900	-84
1.88267	-91
1.88633	-98
1.89000	-106
1.89367	-113
1.89733	-119
1.90100	-121
1.90467	-121
1.90833	-118
1.91200	-114
1.91567	-110
1.91933	-104
1.92300	-98
1.92667	-91
1.93033	-87
1.93400	-86
1.93767	-87
1.94133	-87
1.94500	-88
1.94867	-89
1.95233	-84
1.95600	-76
1.95967	-67
1.96333	-57
1.96700	-37
1.97067	13
1.97433	135
1.97800	490
1.98167	1718
1.98533	5683
1.98900	15990
1.99267	36735
1.99633	68611
2.00000	105336
2.00367	135441
2.00733	149129
2.01100	144036
2.01467	125062
2.01833	99901
2.02200	74976
2.02567	53839
2.02933	37562
2.03300	25788
2.03667	17613
2.04033	12084
2.04400	8402
2.04767	5965
2.05133	4349
2.05500	3268
2.05867	2538
2.06233	2035
2.06600	1678
2.06967	1416
2.07333	1220
2.07700	1069
2.08067	954
2.08433	866
2.08800	798
2.09167	745
2.09533	699
2.09900	651
2.10267	604
2.10633	561
2.11000	520
2.11367	481
2.11733	443
2.12100	408
2.12467	379
2.12833	356
2.13200	342
2.13567	334
2.13933	328
2.14300	322
2.14667	311
2.15033	297
2.15400	285
2.15767	274
2.16133	267
2.16500	257
2.16867	241
2.17233	225
2.17600	210
2.17967	201
2.18333	196
2.18700	193
2.19067	189
2.19433	183
2.19800	174
2.20167	165
2.20533	158
2.20900	153
2.21267	149
2.21633	146
2.22000	144
2.22367	144
2.22733	144
2.23100	141
2.23467	138
2.23833	134
2.24200	135
2.24567	134
2.24933	130
2.25300	125
2.25667	121
2.26033	116
2.26400	112
2.26767	110
2.27133	110
2.27500	110
2.27867	109
2.28233	111
2.28600	114
2.28967	114
2.29333	108
2.29700	97
2.30067	88
2.30433	82
2.30800	77
2.31167	74
2.31533	72
2.31900	68
2.32267	63
2.32633	64
2.33000	63
2.33367	63
2.33733	66
2.34100	71
2.34467	74
2.34833	75
2.35200	73
2.35567	71
2.35933	73
2.36300	75
2.36667	74
2.37033	69
2.37400	64
2.37767	61
2.38133	59
2.38500	60
2.38867	62
2.39233	64
2.39600	66
2.39967	67
2.40333	67
2.40700	70
2.41067	74
2.41433	78
2.41800	84
2.42167	89
2.42533	86
2.42900	77
2.43267	68
2.43633	60
2.44000	55
2.44367	51
2.44733	48
2.45100	48
2.45467	50
2.45833	51
2.46200	53
2.46567	54
2.46933	51
2.47300	46
2.47667	40
2.48033	35
2.48400	30
2.48767	29
2.49133	32
2.49500	38
2.49867	41
2.50233	40
2.50600	35
2.50967	30
2.51333	27
2.51700	23
2.52067	19
2.52433	17
2.52800	21
2.53167	29
2.53533	35
2.53900	38
2.54267	38
2.54633	34
2.55000	28
2.55367	24
2.55733	25
2.56100	24
2.56467	18
2.56833	11
2.57200	6
2.57567	3
2.57933	9
2.58300	20
2.58667	34
2.59033	45
2.59400	49
2.59767	44
2.60133	37
2.60500	28
2.60867	21
2.61233	16
2.61600	13
2.61967	10
2.62333	6
2.62700	4
2.63067	3
2.63433	5
2.63800	13
2.64167	22
2.64533	27
2.64900	27
2.65267	25
2.65633	22
2.66000	16
2.66367	12
2.66733	9
2.67100	10
2.67467	12
2.67833	13
2.68200	15
2.68567	18
2.68933	22
2.69300	24
2.69667	25
2.70033	23
2.70400	20
2.70767	14
2.71133	7
2.71500	1
2.71867	1
2.72233	5
2.72600	12
2.72967	18
2.73333	18
2.73700	15
2.74067	14
2.74433	14
2.74800	14
2.75167	13
2.75533	11
2.75900	9
2.76267	6
2.76633	-0
2.77000	-7
2.77367	-13
2.77733	-19
2.78100	-28
2.78467	-33
2.78833	-34
2.79200	-28
2.79567	-15
2.79933	-3
2.80300	2
2.80667	-5
2.81033	-11
2.81400	-10
2.81767	-2
2.82133	9
2.82500	17
2.82867	19
2.83233	19
2.83600	18
2.83967	13
2.84333	2
2.84700	-11
2.85067	-23
2.85433	-24
2.85800	-16
2.86167	-7
2.86533	2
2.86900	8
2.87267	11
2.87633	11
2.88000	7
2.88367	1
2.88733	-3
2.89100	-6
2.89467	-9
2.89833	-14
2.90200	-20
2.90567	-24
2.90933	-23
2.91300	-22
2.91667	-21
2.92033	-19
2.92400	-17
2.92767	-12
2.93133	-2
2.93500	9
2.93867	14
2.94233	13
2.94600	8
2.94967	6
2.95333	4
2.95700	2
2.96067	1
2.96433	-1
2.96800	-5
2.97167	-11
2.97533	-15
2.97900	-14
2.98267	-8
2.98633	-4
2.99000	-2
2.99367	-3
2.99733	-4
3.00100	-7
3.00467	-13
3.00833	-17
3.01200	-17
3.01567	-14
3.01933	-11
3.02300	-13
3.02667	-19
3.03033	-25
3.03400	-26
3.03767	-24
3.04133	-21
3.04500	-20
3.04867	-19
3.05233	-19
3.05600	-17
3.05967	-16
3.06333	-17
3.06700	-18
3.07067	-19
3.07433	-22
3.07800	-24
3.08167	-25
3.08533	-26
3.08900	-30
3.09267	-34
3.09633	-37
3.10000	-37
3.10367	-29
3.10733	-20
3.11100	-16
3.11467	-14
3.11833	-9
3.12200	-3
3.12567	-2
3.12933	-5
3.13300	-9
3.13667	-15
3.14033	-21
3.14400	-27
3.14767	-29
3.15133	-33
3.15500	-39
3.15867	-44
3.16233	-45
3.16600	-42
3.16967	-35
3.17333	-29
3.17700	-27
3.18067	-28
3.18433	-30
3.18800	-32
3.19167	-32
3.19533	-29
3.19900	-24
3.20267	-20
3.20633	-18
3.21000	-15
3.21367	-14
3.21733	-18
3.22100	-23
3.22467	-27
3.22833	-26
3.23200	-25
3.23567	-24
3.23933	-23
3.24300	-22
3.24667	-22
3.25033	-23
3.25400	-25
3.25767	-27
3.26133	-31
3.26500	-33
3.26867	-32
3.27233	-30
3.27600	-28
3.27967	-27
3.28333	-29
3.28700	-32
3.29067	-34
3.29433	-35
3.29800	-34
3.30167	-32
3.30533	-30
3.30900	-27
3.31267	-25
3.31633	-24
3.32000	-27
3.32367	-31
3.32733	-37
3.33100	-40
3.33467	-39
3.33833	-37
3.34200	-38
3.34567	-41
3.34933	-43
3.35300	-42
3.35667	-40
3.36033	-42
3.36400	-42
3.36767	-40
3.37133	-41
3.37500	-44
3.37867	-45
3.38233	-41
3.38600	-38
3.38967	-40
3.39333	-48
3.39700	-54
3.40067	-58
3.40433	-59
3.40800	-56
3.41167	-51
3.41533	-48
3.41900	-48
3.42267	-47
3.42633	-45
3.43000	-37
3.43367	-28
3.43733	-23
3.44100	-23
3.44467	-25
3.44833	-25
3.45200	-28
3.45567	-32
3.45933	-37
3.46300	-41
3.46667	-44
3.47033	-48
3.47400	-49
3.47767	-49
3.48133	-47
3.48500	-47
3.48867	-45
3.49233	-42
3.49600	-43
3.49967	-48
3.50333	-54
3.50700	-61
3.51067	-64
3.51433	-61
3.51800	-52
3.52167	-49
3.52533	-51
3.52900	-52
3.53267	-52
3.53633	-50
3.54000	-45
3.54367	-39
3.54733	-34
3.55100	-33
3.55467	-34
3.55833	-37
3.56200	-42
3.56567	-47
3.56933	-46
3.57300	-44
3.57667	-42
3.58033	-41
3.58400	-40
3.58767	-40
3.59133	-44
3.59500	-52
3.59867	-56
3.60233	-57
3.60600	-55
3.60967	-52
3.61333	-49
3.61700	-46
3.62067	-46
3.62433	-52
3.62800	-60
3.63167	-63
3.63533	-58
3.63900	-48
3.64267	-40
3.64633	-38
3.65000	-39
3.65367	-41
3.65733	-44
3.66100	-44
3.66467	-43
3.66833	-45
3.67200	-50
3.67567	-56
3.67933	-57
3.68300	-55
3.68667	-52
3.69033	-49
3.69400	-48
3.69767	-50
3.70133	-54
3.70500	-56
3.70867	-57
3.71233	-57
3.71600	-55
3.71967	-55
3.72333	-55
3.72700	-57
3.73067	-58
3.73433	-58
3.73800	-54
3.74167	-48
3.74533	-43
3.74900	-40
3.75267	-35
3.75633	-32
3.76000	-32
3.76367	-32
3.76733	-29
3.77100	-26
3.77467	-28
3.77833	-33
3.78200	-39
3.78567	-45
3.78933	-48
3.79300	-46
3.79667	-42
3.80033	-40
3.80400	-41
3.80767	-42
3.81133	-44
3.81500	-44
3.81867	-44
3.82233	-44
3.82600	-49
3.82967	-58
3.83333	-63
3.83700	-67
3.84067	-69
3.84433	-67
3.84800	-66
3.85167	-63
3.85533	-58
3.85900	-55
3.86267	-54
3.86633	-52
3.87000	-51
3.87367	-49
3.87733	-50
3.88100	-52
3.88467	-51
3.88833	-47
3.89200	-43
3.89567	-38
3.89933	-36
3.90300	-35
3.90667	-36
3.91033	-38
3.91400	-41
3.91767	-42
3.92133	-42
3.92500	-45
3.92867	-53
3.93233	-66
3.93600	-77
3.93967	-85
3.94333	-90
3.94700	-90
3.95067	-84
3.95433	-73
3.95800	-59
3.96167	-45
3.96533	-36
3.96900	-33
3.97267	-36
3.97633	-46
3.98000	-59
3.98367	-70
3.98733	-77
3.99100	-77
3.99467	-74
3.99833	-68

[Chromatogram (Ch2)]
Interval(msec)	220
# of Points	1091
Start Time(min)	0.002
End Time(min)	3.998
R.Time (min)	Intensity
0.00167	-0
0.00533	-1
0.00900	-1
0.01267	-2
0.01633	-2
0.02000	-2
0.02367	-2
0.02733	-2
0.03100	-3
0.03467	-3
0.03833	-3
0.04200	-3
0.04567	-2
0.04933	-2
0.05300	-2
0.05667	-2
0.06033	-2
0.06400	-2
0.06767	-2
0.07133	-2
0.07500	-2
0.07867	-2
0.08233	-2
0.08600	-2
0.08967	-2
0.09333	-2
0.09700	-2
0.10067	-1
0.10433	-1
0.10800	-1
0.11167	-0
0.11533	-0
0.11900	-0
0.12267	-0
0.12633	-0
0.13000	-1
0.13367	-1
0.13733	-1
0.14100	-1
0.14467	-1
0.14833	-1
0.15200	-1
0.15567	-1
0.15933	-1
0.16300	-1
0.16667	-1
0.17033	-1
0.17400	-1
0.17767	-1
0.18133	-1
0.18500	-1
0.18867	-1
0.19233	-1
0.19600	-1
0.19967	-1
0.20333	-1
0.20700	-1
0.21067	-1
0.21433	-1
0.21800	-1
0.22167	-1
0.22533	-2
0.22900	-2
0.23267	-2
0.23633	-2
0.24000	-2
0.24367	-2
0.24733	-3
0.25100	-3
0.25467	-3
0.25833	-3
0.26200	-3
0.26567	-4
0.26933	-3
0.27300	-3
0.27667	-3
0.28033	-3
0.28400	-3
0.28767	-3
0.29133	-2
0.29500	-2
0.29867	-2
0.30233	-2
0.30600	-2
0.30967	-2
0.31333	-2
0.31700	-2
0.32067	-2
0.32433	-2
0.32800	-1
0.33167	-1
0.33533	-1
0.33900	-1
0.34267	-1
0.34633	-1
0.35000	-1
0.35367	-2
0.35733	-2
0.36100	-2
0.36467	-2
0.36833	-2
0.37200	-2
0.37567	-2
0.37933	-2
0.38300	-2
0.38667	-2
0.39033	-2
0.39400	-2
0.39767	-2
0.40133	-2
0.40500	-2
0.40867	-2
0.41233	-2
0.41600	-2
0.41967	-2
0.42333	-2
0.42700	-2
0.43067	-2
0.43433	-2
0.43800	-2
0.44167	-2
0.44533	-2
0.44900	-2
0.45267	-2
0.45633	-2
0.46000	-2
0.46367	-2
0.46733	-2
0.47100	-2
0.47467	-2
0.47833	-2
0.48200	-2
0.48567	-2
0.48933	-2
0.49300	-2
0.49667	-3
0.50033	-3
0.50400	-3
0.50767	-3
0.51133	-3
0.51500	-3
0.51867	-3
0.52233	-4
0.52600	-4
0.52967	-3
0.53333	-3
0.53700	-3
0.54067	-3
0.54433	-3
0.54800	-2
0.55167	-2
0.55533	-2
0.55900	-2
0.56267	-2
0.56633	-2
0.57000	-2
0.57367	-2
0.57733	-3
0.58100	-3
0.58467	-3
0.58833	-4
0.59200	-4
0.59567	-4
0.59933	-4
0.60300	-4
0.60667	-4
0.61033	-4
0.61400	-5
0.61767	-5
0.62133	-5
0.62500	-5
0.62867	-4
0.63233	-4
0.63600	-4
0.63967	-4
0.64333	-4
0.64700	-3
0.65067	-4
0.65433	-4
0.65800	-4
0.66167	-4
0.66533	-4
0.66900	-4
0.67267	-4
0.67633	-3
0.68000	-3
0.68367	-3
0.68733	-3
0.69100	-3
0.69467	-3
0.69833	-3
0.70200	-3
0.70567	-3
0.70933	-3
0.71300	-3
0.71667	-3
0.72033	-3
0.72400	-3
0.72767	-3
0.73133	-3
0.73500	-3
0.73867	-2
0.74233	-2
0.74600	-2
0.74967	-2
0.75333	-2
0.75700	-2
0.76067	-2
0.76433	-2
0.76800	-2
0.77167	-2
0.77533	-2
0.77900	-3
0.78267	-3
0.78633	-3
0.79000	-3
0.79367	-3
0.79733	-3
0.80100	-3
0.80467	-3
0.80833	-4
0.81200	-4
0.81567	-4
0.81933	-4
0.82300	-4
0.82667	-4
0.83033	-4
0.83400	-4
0.83767	-4
0.84133	-4
0.84500	-4
0.84867	-4
0.85233	-4
0.85600	-4
0.85967	-4
0.86333	-4
0.86700	-4
0.87067	-4
0.87433	-4
0.87800	-4
0.88167	-3
0.88533	-3
0.88900	-3
0.89267	-3
0.89633	-3
0.90000	-3
0.90367	-3
0.90733	-3
0.91100	-3
0.91467	-3
0.91833	-3
0.92200	-3
0.92567	-3
0.92933	-3
0.93300	-3
0.93667	-3
0.94033	-3
0.94400	-3
0.94767	-3
0.95133	-3
0.95500	-3
0.95867	-3
0.96233	-3
0.96600	-3
0.96967	-3
0.97333	-4
0.97700	-4
0.98067	-4
0.98433	-4
0.98800	-4
0.99167	-4
0.99533	-4
0.99900	-4
1.00267	-4
1.00633	-4
1.01000	-4
1.01367	-4
1.01733	-4
1.02100	-3
1.02467	-3
1.02833	-3
1.03200	-3
1.03567	-3
1.03933	-3
1.04300	-3
1.04667	-3
1.05033	-3
1.05400	-3
1.05767	-3
1.06133	-3
1.06500	-3
1.06867	-3
1.07233	-3
1.07600	-3
1.07967	-3
1.08333	-3
1.08700	-3
1.09067	-3
1.09433	-3
1.09800	-3
1.10167	-3
1.10533	-3
1.10900	-3
1.11267	-3
1.11633	-3
1.12000	-3
1.12367	-3
1.12733	-3
1.13100	-3
1.13467	-4
1.13833	-4
1.14200	-4
1.14567	-4
1.14933	-4
1.15300	-4
1.15667	-4
1.16033	-4
1.16400	-4
1.16767	-4
1.17133	-4
1.17500	-4
1.17867	-4
1.18233	-4
1.18600	-5
1.18967	-5
1.19333	-5
1.19700	-5
1.20067	-5
1.20433	-5
1.20800	-5
1.21167	-5
1.21533	-5
1.21900	-4
1.22267	-4
1.22633	-4
1.23000	-4
1.23367	-4
1.23733	-4
1.24100	-4
1.24467	-4
1.24833	-4
1.25200	-4
1.25567	-5
1.25933	-5
1.26300	-4
1.26667	-4
1.27033	-4
1.27400	-5
1.27767	-5
1.28133	-5
1.28500	-5
1.28867	-4
1.29233	-4
1.29600	-4
1.29967	-4
1.30333	-4
1.30700	-4
1.31067	-4
1.31433	-4
1.31800	-4
1.32167	-4
1.32533	-4
1.32900	-4
1.33267	-4
1.33633	-4
1.34000	-4
1.34367	-3
1.34733	-3
1.35100	-4
1.35467	-4
1.35833	-4
1.36200	-4
1.36567	-4
1.36933	-4
1.37300	-4
1.37667	-4
1.38033	-4
1.38400	-4
1.38767	-4
1.39133	-4
1.39500	-5
1.39867	-5
1.40233	-5
1.40600	-6
1.40967	-6
1.41333	-6
1.41700	-6
1.42067	-6
1.42433	-6
1.42800	-6
1.43167	-6
1.43533	-6
1.43900	-6
1.44267	-6
1.44633	-6
1.45000	-6
1.45367	-6
1.45733	-6
1.46100	-6
1.46467	-5
1.46833	-5
1.47200	-5
1.47567	-5
1.47933	-5
1.48300	-5
1.48667	-5
1.49033	-5
1.49400	-5
1.49767	-5
1.50133	-5
1.50500	-5
1.50867	-5
1.51233	-5
1.51600	-5
1.51967	-5
1.52333	-5
1.52700	-5
1.53067	-5
1.53433	-5
1.53800	-5
1.54167	-5
1.54533	-5
1.54900	-5
1.55267	-5
1.55633	-5
1.56000	-5
1.56367	-5
1.56733	-5
1.57100	-5
1.57467	-5
1.57833	-5
1.58200	-5
1.58567	-6
1.58933	-6
1.59300	-6
1.59667	-7
1.60033	-7
1.60400	-8
1.60767	-10
1.61133	-11
1.61500	-13
1.61867	-15
1.62233	-18
1.62600	-21
1.62967	-24
1.63333	-28
1.63700	-31
1.64067	-35
1.64433	-39
1.64800	-43
1.65167	-47
1.65533	-50
1.65900	-54
1.66267	-58
1.66633	-62
1.67000	-67
1.67367	-72
1.67733	-77
1.68100	-82
1.68467	-87
1.68833	-91
1.69200	-95
1.69567	-99
1.69933	-102
1.70300	-104
1.70667	-106
1.71033	-107
1.71400	-109
1.71767	-110
1.72133	-112
1.72500	-113
1.72867	-114
1.73233	-115
1.73600	-116
1.73967	-117
1.74333	-118
1.74700	-119
1.75067	-120
1.75433	-121
1.75800	-121
1.76167	-122
1.76533	-122
1.76900	-121
1.77267	-121
1.77633	-120
1.78000	-120
1.78367	-120
1.78733	-120
1.79100	-120
1.79467	-121
1.79833	-122
1.80200	-123
1.80567	-124
1.80933	-124
1.81300	-125
1.81667	-125
1.82033	-125
1.82400	-124
1.82767	-124
1.83133	-124
1.83500	-124
1.83867	-124
1.84233	-124
1.84600	-124
1.84967	-124
1.85333	-124
1.85700	-125
1.86067	-125
1.86433	-125
1.86800	-125
1.87167	-125
1.87533	-124
1.87900	-124
1.88267	-124
1.88633	-124
1.89000	-124
1.89367	-124
1.89733	-125
1.90100	-125
1.90467	-125
1.90833	-125
1.91200	-124
1.91567	-124
1.91933	-123
1.92300	-122
1.92667	-122
1.93033	-122
1.93400	-121
1.93767	-121
1.94133	-121
1.94500	-121
1.94867	-121
1.95233	-121
1.95600	-120
1.95967	-119
1.96333	-118
1.96700	-117
1.97067	-117
1.97433	-116
1.97800	-115
1.98167	-115
1.98533	-115
1.98900	-115
1.99267	-114
1.99633	-114
2.00000	-114
2.00367	-114
2.00733	-115
2.01100	-115
2.01467	-115
2.01833	-115
2.02200	-116
2.02567	-116
2.02933	-116
2.03300	-115
2.03667	-114
2.04033	-113
2.04400	-113
2.04767	-112
2.05133	-111
2.05500	-111
2.05867	-111
2.06233	-111
2.06600	-111
2.06967	-110
2.07333	-110
2.07700	-109
2.08067	-109
2.08433	-109
2.08800	-110
2.09167	-110
2.09533	-110
2.09900	-110
2.10267	-110
2.10633	-109
2.11000	-109
2.11367	-108
2.11733	-108
2.12100	-107
2.12467	-107
2.12833	-107
2.13200	-107
2.13567	-107
2.13933	-106
2.14300	-106
2.14667	-106
2.15033	-106
2.15400	-106
2.15767	-105
2.16133	-105
2.16500	-104
2.16867	-103
2.17233	-103
2.17600	-102
2.17967	-102
2.18333	-102
2.18700	-102
2.19067	-102
2.19433	-102
2.19800	-101
2.20167	-101
2.20533	-100
2.20900	-100
2.21267	-100
2.21633	-99
2.22000	-99
2.22367	-99
2.22733	-99
2.23100	-99
2.23467	-99
2.23833	-98
2.24200	-97
2.24567	-97
2.24933	-96
2.25300	-95
2.25667	-95
2.26033	-94
2.26400	-93
2.26767	-93
2.27133	-93
2.27500	-92
2.27867	-92
2.28233	-92
2.28600	-92
2.28967	-92
2.29333	-92
2.29700	-91
2.30067	-91
2.30433	-90
2.30800	-89
2.31167	-89
2.31533	-89
2.31900	-89
2.32267	-90
2.32633	-91
2.33000	-91
2.33367	-91
2.33733	-90
2.34100	-89
2.34467	-88
2.34833	-87
2.35200	-85
2.35567	-84
2.35933	-82
2.36300	-81
2.36667	-79
2.37033	-77
2.37400	-74
2.37767	-71
2.38133	-68
2.38500	-64
2.38867	-60
2.39233	-55
2.39600	-51
2.39967	-46
2.40333	-41
2.40700	-37
2.41067	-33
2.41433	-29
2.41800	-26
2.42167	-23
2.42533	-21
2.42900	-19
2.43267	-17
2.43633	-15
2.44000	-13
2.44367	-11
2.44733	-9
2.45100	-7
2.45467	-5
2.45833	-4
2.46200	-3
2.46567	-2
2.46933	-1
2.47300	0
2.47667	2
2.48033	3
2.48400	4
2.48767	5
2.49133	5
2.49500	6
2.49867	7
2.50233	8
2.50600	9
2.50967	9
2.51333	10
2.51700	10
2.52067	10
2.52433	10
2.52800	11
2.53167	11
2.53533	12
2.53900	13
2.54267	14
2.54633	14
2.55000	15
2.55367	15
2.55733	15
2.56100	15
2.56467	14
2.56833	14
2.57200	14
2.57567	14
2.57933	15
2.58300	15
2.58667	15
2.59033	15
2.59400	15
2.59767	15
2.60133	16
2.60500	16
2.60867	16
2.61233	16
2.61600	16
2.61967	16
2.62333	16
2.62700	16
2.63067	16
2.63433	17
2.63800	17
2.64167	18
2.64533	18
2.64900	19
2.65267	19
2.65633	19
2.66000	20
2.66367	20
2.66733	20
2.67100	20
2.67467	20
2.67833	20
2.68200	21
2.68567	21
2.68933	21
2.69300	22
2.69667	22
2.70033	23
2.70400	23
2.70767	23
2.71133	23
2.71500	23
2.71867	23
2.72233	22
2.72600	22
2.72967	21
2.73333	21
2.73700	21
2.74067	21
2.74433	21
2.74800	21
2.75167	22
2.75533	22
2.75900	23
2.76267	23
2.76633	23
2.77000	24
2.77367	24
2.77733	25
2.78100	25
2.78467	26
2.78833	26
2.79200	27
2.79567	27
2.79933	27
2.80300	27
2.80667	26
2.81033	25
2.81400	25
2.81767	24
2.82133	23
2.82500	22
2.82867	22
2.83233	22
2.83600	21
2.83967	22
2.84333	22
2.84700	22
2.85067	22
2.85433	23
2.85800	23
2.86167	23
2.86533	24
2.86900	24
2.87267	24
2.87633	25
2.88000	24
2.88367	24
2.88733	22
2.89100	19
2.89467	15
2.89833	9
2.90200	-0
2.90567	-12
2.90933	-26
2.91300	-43
2.91667	-63
2.92033	-85
2.92400	-110
2.92767	-137
2.93133	-164
2.93500	-191
2.93867	-214
2.94233	-231
2.94600	-242
2.94967	-245
2.95333	-242
2.95700	-232
2.96067	-219
2.96433	-203
2.96800	-185
2.97167	-167
2.97533	-148
2.97900	-130
2.98267	-113
2.98633	-97
2.99000	-83
2.99367	-70
2.99733	-58
3.00100	-48
3.00467	-38
3.00833	-31
3.01200	-24
3.01567	-18
3.01933	-12
3.02300	-8
3.02667	-4
3.03033	-1
3.03400	2
3.03767	5
3.04133	7
3.04500	9
3.04867	10
3.05233	12
3.05600	13
3.05967	14
3.06333	15
3.06700	16
3.07067	17
3.07433	17
3.07800	18
3.08167	19
3.08533	20
3.08900	20
3.09267	21
3.09633	21
3.10000	22
3.10367	22
3.10733	22
3.11100	22
3.11467	22
3.11833	22
3.12200	22
3.12567	22
3.12933	22
3.13300	22
3.13667	22
3.14033	22
3.14400	23
3.14767	23
3.15133	22
3.15500	22
3.15867	23
3.16233	23
3.16600	23
3.16967	23
3.17333	23
3.17700	23
3.18067	23
3.18433	23
3.18800	23
3.19167	23
3.19533	23
3.19900	23
3.20267	23
3.20633	23
3.21000	23
3.21367	23
3.21733	23
3.22100	23
3.22467	23
3.22833	23
3.23200	23
3.23567	24
3.23933	24
3.24300	24
3.24667	24
3.25033	24
3.25400	24
3.25767	23
3.26133	23
3.26500	23
3.26867	23
3.27233	23
3.27600	23
3.27967	23
3.28333	23
3.28700	23
3.29067	23
3.29433	23
3.29800	23
3.30167	23
3.30533	23
3.30900	23
3.31267	23
3.31633	23
3.32000	23
3.32367	23
3.32733	23
3.33100	23
3.33467	23
3.33833	23
3.34200	23
3.34567	23
3.34933	23
3.35300	23
3.35667	23
3.36033	23
3.36400	23
3.36767	23
3.37133	24
3.37500	24
3.37867	24
3.38233	24
3.38600	24
3.38967	24
3.39333	24
3.39700	24
3.40067	25
3.40433	25
3.40800	25
3.41167	25
3.41533	25
3.41900	25
3.42267	26
3.42633	26
3.43000	26
3.43367	26
3.43733	26
3.44100	26
3.44467	26
3.44833	26
3.45200	26
3.45567	26
3.45933	26
3.46300	26
3.46667	26
3.47033	26
3.47400	26
3.47767	26
3.48133	26
3.48500	26
3.48867	25
3.49233	25
3.49600	25
3.49967	25
3.50333	25
3.50700	25
3.51067	25
3.51433	25
3.51800	24
3.52167	24
3.52533	24
3.52900	24
3.53267	25
3.53633	25
3.54000	25
3.54367	25
3.54733	25
3.55100	25
3.55467	26
3.55833	26
3.56200	26
3.56567	26
3.56933	26
3.57300	26
3.57667	26
3.58033	26
3.58400	26
3.58767	25
3.59133	25
3.59500	25
3.59867	25
3.60233	26
3.60600	26
3.60967	26
3.61333	26
3.61700	26
3.62067	26
3.62433	26
3.62800	26
3.63167	26
3.63533	26
3.63900	26
3.64267	26
3.64633	26
3.65000	26
3.65367	26
3.65733	26
3.66100	26
3.66467	26
3.66833	26
3.67200	26
3.67567	26
3.67933	26
3.68300	26
3.68667	26
3.69033	26
3.69400	26
3.69767	26
3.70133	26
3.70500	26
3.70867	26
3.71233	26
3.71600	25
3.71967	25
3.72333	25
3.72700	25
3.73067	25
3.73433	24
3.73800	24
3.74167	24
3.74533	24
3.74900	24
3.75267	24
3.75633	24
3.76000	24
3.76367	24
3.76733	24
3.77100	24
3.77467	24
3.77833	24
3.78200	24
3.78567	24
3.78933	24
3.79300	24
3.79667	24
3.80033	24
3.80400	25
3.80767	25
3.81133	25
3.81500	25
3.81867	25
3.82233	25
3.82600	25
3.82967	24
3.83333	24
3.83700	24
3.84067	24
3.84433	24
3.84800	24
3.85167	25
3.85533	25
3.85900	25
3.86267	25
3.86633	25
3.87000	25
3.87367	24
3.87733	24
3.88100	24
3.88467	24
3.88833	24
3.89200	24
3.89567	25
3.89933	25
3.90300	25
3.90667	25
3.91033	25
3.91400	25
3.91767	25
3.92133	25
3.92500	25
3.92867	25
3.93233	25
3.93600	25
3.93967	25
3.94333	25
3.94700	25
3.95067	25
3.95433	25
3.95800	26
3.96167	26
3.96533	26
3.96900	26
3.97267	25
3.97633	25
3.98000	25
3.98367	25
3.98733	25
3.99100	25
3.99467	25
3.99833	25

[Chromatogram (Ch3)]
Interval(msec)	220
# of Points	1091
Start Time(min)	0.002
End Time(min)	3.998
R.Time (min)	Intensity
0.00167	-0
0.00533	1
0.00900	0
0.01267	1
0.01633	4
0.02000	6
0.02367	7
0.02733	6
0.03100	5
0.03467	5
0.03833	6
0.04200	6
0.04567	6
0.04933	6
0.05300	3
0.05667	3
0.06033	6
0.06400	9
0.06767	11
0.07133	11
0.07500	10
0.07867	10
0.08233	11
0.08600	12
0.08967	13
0.09333	14
0.09700	12
0.10067	11
0.10433	11
0.10800	10
0.11167	9
0.11533	10
0.11900	12
0.12267	14
0.12633	14
0.13000	14
0.13367	15
0.13733	12
0.14100	7
0.14467	3
0.14833	2
0.15200	1
0.15567	2
0.15933	6
0.16300	10
0.16667	11
0.17033	10
0.17400	12
0.17767	14
0.18133	13
0.18500	12
0.18867	10
0.19233	8
0.19600	8
0.19967	8
0.20333	8
0.20700	8
0.21067	11
0.21433	12
0.21800	11
0.22167	11
0.22533	11
0.22900	8
0.23267	5
0.23633	6
0.24000	8
0.24367	10
0.24733	12
0.25100	14
0.25467	14
0.25833	13
0.26200	13
0.26567	13
0.26933	15
0.27300	19
0.27667	20
0.28033	19
0.28400	19
0.28767	17
0.29133	15
0.29500	15
0.29867	16
0.30233	16
0.30600	15
0.30967	15
0.31333	13
0.31700	12
0.32067	12
0.32433	12
0.32800	11
0.33167	13
0.33533	15
0.33900	16
0.34267	17
0.34633	17
0.35000	15
0.35367	14
0.35733	15
0.36100	17
0.36467	18
0.36833	19
0.37200	19
0.37567	20
0.37933	18
0.38300	16
0.38667	15
0.39033	16
0.39400	16
0.39767	17
0.40133	17
0.40500	18
0.40867	19
0.41233	20
0.41600	22
0.41967	21
0.42333	21
0.42700	22
0.43067	24
0.43433	23
0.43800	24
0.44167	24
0.44533	22
0.44900	21
0.45267	19
0.45633	20
0.46000	21
0.46367	20
0.46733	21
0.47100	22
0.47467	23
0.47833	23
0.48200	24
0.48567	23
0.48933	22
0.49300	21
0.49667	24
0.50033	24
0.50400	22
0.50767	17
0.51133	16
0.51500	18
0.51867	20
0.52233	20
0.52600	19
0.52967	19
0.53333	21
0.53700	23
0.54067	24
0.54433	25
0.54800	25
0.55167	24
0.55533	23
0.55900	22
0.56267	21
0.56633	20
0.57000	22
0.57367	24
0.57733	27
0.58100	28
0.58467	26
0.58833	25
0.59200	26
0.59567	26
0.59933	26
0.60300	26
0.60667	26
0.61033	25
0.61400	25
0.61767	24
0.62133	24
0.62500	24
0.62867	26
0.63233	27
0.63600	29
0.63967	27
0.64333	26
0.64700	25
0.65067	26
0.65433	27
0.65800	29
0.66167	31
0.66533	32
0.66900	32
0.67267	33
0.67633	32
0.68000	31
0.68367	29
0.68733	27
0.69100	27
0.69467	27
0.69833	30
0.70200	31
0.70567	33
0.70933	34
0.71300	33
0.71667	31
0.72033	29
0.72400	29
0.72767	27
0.73133	28
0.73500	28
0.73867	27
0.74233	26
0.74600	27
0.74967	28
0.75333	27
0.75700	26
0.76067	25
0.76433	25
0.76800	24
0.77167	26
0.77533	26
0.77900	26
0.78267	29
0.78633	32
0.79000	34
0.79367	34
0.79733	33
0.80100	32
0.80467	31
0.80833	30
0.81200	30
0.81567	31
0.81933	31
0.82300	28
0.82667	29
0.83033	32
0.83400	34
0.83767	33
0.84133	31
0.84500	32
0.84867	32
0.85233	32
0.85600	31
0.85967	31
0.86333	31
0.86700	33
0.87067	31
0.87433	28
0.87800	29
0.88167	27
0.88533	25
0.88900	24
0.89267	26
0.89633	28
0.90000	28
0.90367	28
0.90733	31
0.91100	33
0.91467	33
0.91833	33
0.92200	32
0.92567	31
0.92933	28
0.93300	27
0.93667	25
0.94033	26
0.94400	26
0.94767	24
0.95133	24
0.95500	24
0.95867	24
0.96233	24
0.96600	24
0.96967	24
0.97333	27
0.97700	30
0.98067	31
0.98433	31
0.98800	30
0.99167	28
0.99533	29
0.99900	28
1.00267	26
1.00633	25
1.01000	24
1.01367	22
1.01733	22
1.02100	24
1.02467	27
1.02833	29
1.03200	27
1.03567	26
1.03933	26
1.04300	26
1.04667	28
1.05033	30
1.05400	32
1.05767	31
1.06133	32
1.06500	30
1.06867	26
1.07233	25
1.07600	24
1.07967	25
1.08333	25
1.08700	26
1.09067	30
1.09433	33
1.09800	33
1.10167	32
1.10533	31
1.10900	29
1.11267	28
1.11633	28
1.12000	28
1.12367	31
1.12733	31
1.13100	31
1.13467	28
1.13833	24
1.14200	23
1.14567	24
1.14933	26
1.15300	27
1.15667	28
1.16033	31
1.16400	33
1.16767	32
1.17133	30
1.17500	29
1.17867	30
1.18233	29
1.18600	29
1.18967	29
1.19333	29
1.19700	29
1.20067	30
1.20433	30
1.20800	30
1.21167	29
1.21533	29
1.21900	29
1.22267	30
1.22633	32
1.23000	32
1.23367	32
1.23733	32
1.24100	31
1.24467	29
1.24833	26
1.25200	24
1.25567	25
1.25933	26
1.26300	26
1.26667	26
1.27033	25
1.27400	24
1.27767	24
1.28133	26
1.28500	28
1.28867	28
1.29233	28
1.29600	29
1.29967	28
1.30333	28
1.30700	27
1.31067	28
1.31433	29
1.31800	30
1.32167	30
1.32533	30
1.32900	30
1.33267	31
1.33633	30
1.34000	32
1.34367	34
1.34733	34
1.35100	35
1.35467	34
1.35833	32
1.36200	31
1.36567	30
1.36933	29
1.37300	28
1.37667	29
1.38033	31
1.38400	31
1.38767	31
1.39133	30
1.39500	29
1.39867	30
1.40233	30
1.40600	29
1.40967	27
1.41333	26
1.41700	25
1.42067	24
1.42433	22
1.42800	22
1.43167	24
1.43533	26
1.43900	29
1.44267	30
1.44633	30
1.45000	30
1.45367	30
1.45733	29
1.46100	29
1.46467	28
1.46833	29
1.47200	29
1.47567	29
1.47933	27
1.48300	25
1.48667	24
1.49033	25
1.49400	27
1.49767	30
1.50133	32
1.50500	31
1.50867	30
1.51233	28
1.51600	26
1.51967	25
1.52333	24
1.52700	22
1.53067	21
1.53433	22
1.53800	23
1.54167	24
1.54533	25
1.54900	27
1.55267	29
1.55633	28
1.56000	28
1.56367	28
1.56733	28
1.57100	27
1.57467	25
1.57833	23
1.58200	23
1.58567	24
1.58933	23
1.59300	22
1.59667	24
1.60033	25
1.60400	24
1.60767	22
1.61133	24
1.61500	26
1.61867	26
1.62233	27
1.62600	28
1.62967	29
1.63333	31
1.63700	31
1.64067	34
1.64433	35
1.64800	34
1.65167	34
1.65533	34
1.65900	33
1.66267	34
1.66633	35
1.67000	36
1.67367	36
1.67733	35
1.68100	34
1.68467	32
1.68833	33
1.69200	35
1.69567	34
1.69933	36
1.70300	39
1.70667	42
1.71033	43
1.71400	43
1.71767	42
1.72133	43
1.72500	44
1.72867	43
1.73233	41
1.73600	40
1.73967	42
1.74333	45
1.74700	44
1.75067	43
1.75433	43
1.75800	41
1.76167	40
1.76533	40
1.76900	41
1.77267	41
1.77633	44
1.78000	47
1.78367	46
1.78733	46
1.79100	47
1.79467	48
1.79833	49
1.80200	52
1.80567	53
1.80933	53
1.81300	54
1.81667	54
1.82033	54
1.82400	53
1.82767	53
1.83133	54
1.83500	54
1.83867	54
1.84233	55
1.84600	55
1.84967	53
1.85333	52
1.85700	50
1.86067	48
1.86433	47
1.86800	49
1.87167	51
1.87533	51
1.87900	52
1.88267	54
1.88633	55
1.89000	55
1.89367	54
1.89733	52
1.90100	53
1.90467	55
1.90833	58
1.91200	60
1.91567	62
1.91933	63
1.92300	63
1.92667	64
1.93033	65
1.93400	67
1.93767	66
1.94133	64
1.94500	63
1.94867	63
1.95233	66
1.95600	67
1.95967	67
1.96333	67
1.96700	67
1.97067	67
1.97433	66
1.97800	66
1.98167	68
1.98533	71
1.98900	72
1.99267	72
1.99633	71
2.00000	71
2.00367	71
2.00733	71
2.01100	73
2.01467	75
2.01833	76
2.02200	76
2.02567	77
2.02933	77
2.03300	75
2.03667	74
2.04033	77
2.04400	79
2.04767	80
2.05133	80
2.05500	82
2.05867	84
2.06233	84
2.06600	85
2.06967	85
2.07333	87
2.07700	88
2.08067	88
2.08433	88
2.08800	88
2.09167	86
2.09533	86
2.09900	89
2.10267	89
2.10633	90
2.11000	92
2.11367	95
2.11733	96
2.12100	95
2.12467	94
2.12833	93
2.13200	94
2.13567	97
2.13933	98
2.14300	98
2.14667	97
2.15033	98
2.15400	99
2.15767	101
2.16133	101
2.16500	101
2.16867	103
2.17233	105
2.17600	105
2.17967	105
2.18333	108
2.18700	112
2.19067	113
2.19433	115
2.19800	116
2.20167	115
2.20533	110
2.20900	108
2.21267	108
2.21633	111
2.22000	113
2.22367	115
2.22733	116
2.23100	115
2.23467	116
2.23833	114
2.24200	117
2.24567	118
2.24933	119
2.25300	121
2.25667	124
2.26033	126
2.26400	124
2.26767	120
2.27133	118
2.27500	119
2.27867	121
2.28233	121
2.28600	124
2.28967	127
2.29333	129
2.29700	129
2.30067	127
2.30433	128
2.30800	128
2.31167	129
2.31533	129
2.31900	132
2.32267	136
2.32633	135
2.33000	136
2.33367	137
2.33733	138
2.34100	137
2.34467	136
2.34833	137
2.35200	139
2.35567	142
2.35933	145
2.36300	149
2.36667	150
2.37033	148
2.37400	147
2.37767	149
2.38133	149
2.38500	149
2.38867	147
2.39233	148
2.39600	153
2.39967	155
2.40333	156
2.40700	156
2.41067	155
2.41433	155
2.41800	157
2.42167	159
2.42533	159
2.42900	160
2.43267	161
2.43633	164
2.44000	167
2.44367	185
2.44733	234
2.45100	286
2.45467	325
2.45833	334
2.46200	321
2.46567	302
2.46933	287
2.47300	273
2.47667	253
2.48033	229
2.48400	201
2.48767	174
2.49133	155
2.49500	143
2.49867	135
2.50233	133
2.50600	132
2.50967	134
2.51333	136
2.51700	137
2.52067	136
2.52433	128
2.52800	118
2.53167	105
2.53533	89
2.53900	73
2.54267	59
2.54633	48
2.55000	42
2.55367	36
2.55733	31
2.56100	26
2.56467	22
2.56833	18
2.57200	16
2.57567	17
2.57933	17
2.58300	17
2.58667	20
2.59033	24
2.59400	28
2.59767	34
2.60133	40
2.60500	44
2.60867	41
2.61233	29
2.61600	23
2.61967	31
2.62333	55
2.62700	90
2.63067	117
2.63433	121
2.63800	113
2.64167	110
2.64533	115
2.64900	131
2.65267	158
2.65633	192
2.66000	228
2.66367	263
2.66733	296
2.67100	327
2.67467	356
2.67833	382
2.68200	404
2.68567	423
2.68933	441
2.69300	460
2.69667	476
2.70033	489
2.70400	500
2.70767	509
2.71133	519
2.71500	528
2.71867	537
2.72233	549
2.72600	561
2.72967	572
2.73333	582
2.73700	588
2.74067	592
2.74433	595
2.74800	600
2.75167	604
2.75533	609
2.75900	615
2.76267	619
2.76633	622
2.77000	625
2.77367	624
2.77733	619
2.78100	615
2.78467	612
2.78833	605
2.79200	598
2.79567	594
2.79933	591
2.80300	584
2.80667	579
2.81033	572
2.81400	566
2.81767	562
2.82133	555
2.82500	547
2.82867	540
2.83233	537
2.83600	535
2.83967	533
2.84333	532
2.84700	530
2.85067	532
2.85433	546
2.85800	574
2.86167	627
2.86533	710
2.86900	830
2.87267	982
2.87633	1152
2.88000	1321
2.88367	1464
2.88733	1570
2.89100	1634
2.89467	1651
2.89833	1628
2.90200	1574
2.90567	1500
2.90933	1417
2.91300	1328
2.91667	1240
2.92033	1155
2.92400	1075
2.92767	1005
2.93133	945
2.93500	890
2.93867	840
2.94233	797
2.94600	760
2.94967	727
2.95333	698
2.95700	672
2.96067	648
2.96433	629
2.96800	611
2.97167	596
2.97533	585
2.97900	576
2.98267	569
2.98633	562
2.99000	553
2.99367	546
2.99733	543
3.00100	541
3.00467	539
3.00833	538
3.01200	538
3.01567	536
3.01933	536
3.02300	536
3.02667	534
3.03033	533
3.03400	534
3.03767	532
3.04133	532
3.04500	532
3.04867	533
3.05233	532
3.05600	532
3.05967	534
3.06333	536
3.06700	538
3.07067	539
3.07433	541
3.07800	541
3.08167	540
3.08533	537
3.08900	536
3.09267	537
3.09633	537
3.10000	537
3.10367	536
3.10733	535
3.11100	536
3.11467	536
3.11833	537
3.12200	539
3.12567	536
3.12933	533
3.13300	532
3.13667	533
3.14033	534
3.14400	532
3.14767	528
3.15133	525
3.15500	524
3.15867	522
3.16233	519
3.16600	516
3.16967	514
3.17333	512
3.17700	508
3.18067	503
3.18433	499
3.18800	499
3.19167	500
3.19533	498
3.19900	496
3.20267	493
3.20633	488
3.21000	486
3.21367	485
3.21733	483
3.22100	481
3.22467	478
3.22833	474
3.23200	470
3.23567	468
3.23933	467
3.24300	464
3.24667	458
3.25033	453
3.25400	453
3.25767	450
3.26133	445
3.26500	441
3.26867	437
3.27233	434
3.27600	433
3.27967	431
3.28333	428
3.28700	425
3.29067	421
3.29433	418
3.29800	417
3.30167	417
3.30533	416
3.30900	411
3.31267	407
3.31633	403
3.32000	402
3.32367	400
3.32733	400
3.33100	400
3.33467	398
3.33833	395
3.34200	392
3.34567	390
3.34933	389
3.35300	385
3.35667	380
3.36033	377
3.36400	376
3.36767	373
3.37133	370
3.37500	367
3.37867	364
3.38233	361
3.38600	359
3.38967	358
3.39333	356
3.39700	352
3.40067	348
3.40433	344
3.40800	344
3.41167	341
3.41533	338
3.41900	335
3.42267	334
3.42633	332
3.43000	329
3.43367	327
3.43733	325
3.44100	324
3.44467	323
3.44833	322
3.45200	320
3.45567	317
3.45933	315
3.46300	315
3.46667	310
3.47033	304
3.47400	301
3.47767	300
3.48133	299
3.48500	297
3.48867	294
3.49233	289
3.49600	284
3.49967	284
3.50333	283
3.50700	281
3.51067	278
3.51433	276
3.51800	277
3.52167	278
3.52533	277
3.52900	274
3.53267	273
3.53633	272
3.54000	272
3.54367	271
3.54733	268
3.55100	264
3.55467	260
3.55833	258
3.56200	258
3.56567	256
3.56933	253
3.57300	252
3.57667	250
3.58033	251
3.58400	253
3.58767	253
3.59133	250
3.59500	248
3.59867	245
3.60233	243
3.60600	241
3.60967	239
3.61333	237
3.61700	237
3.62067	238
3.62433	236
3.62800	233
3.63167	229
3.63533	228
3.63900	226
3.64267	225
3.64633	224
3.65000	223
3.65367	222
3.65733	224
3.66100	225
3.66467	225
3.66833	222
3.67200	217
3.67567	215
3.67933	215
3.68300	217
3.68667	217
3.69033	218
3.69400	218
3.69767	216
3.70133	214
3.70500	213
3.70867	211
3.71233	210
3.71600	208
3.71967	205
3.72333	206
3.72700	207
3.73067	206
3.73433	205
3.73800	205
3.74167	202
3.74533	199
3.74900	200
3.75267	199
3.75633	197
3.76000	196
3.76367	197
3.76733	197
3.77100	197
3.77467	194
3.77833	192
3.78200	190
3.78567	187
3.78933	187
3.79300	188
3.79667	189
3.80033	189
3.80400	187
3.80767	186
3.81133	186
3.81500	187
3.81867	187
3.82233	185
3.82600	183
3.82967	181
3.83333	180
3.83700	178
3.84067	179
3.84433	180
3.84800	180
3.85167	179
3.85533	178
3.85900	179
3.86267	180
3.86633	180
3.87000	179
3.87367	179
3.87733	177
3.88100	174
3.88467	174
3.88833	175
3.89200	175
3.89567	176
3.89933	175
3.90300	173
3.90667	169
3.91033	166
3.91400	166
3.91767	168
3.92133	166
3.92500	165
3.92867	166
3.93233	166
3.93600	165
3.93967	166
3.94333	168
3.94700	169
3.95067	171
3.95433	171
3.95800	170
3.96167	169
3.96533	170
3.96900	171
3.97267	170
3.97633	169
3.98000	170
3.98367	169
3.98733	170
3.99100	172
3.99467	172
3.99833	174

[Status Trace (Column Oven Temperature)]
Interval(msec)	1000
# of Points	239
Start Time(min)	0.016
End Time(min)	3.983
Intensity Units	
Intensity Multiplier	1
R.Time (min)	Intensity
0.01647	34.99
0.03313	35.01
0.04980	35.02
0.06647	35.02
0.08313	35.02
0.09980	35.02
0.11647	35.02
0.13313	35.02
0.14980	35.02
0.16647	35.01
0.18313	35.00
0.19980	34.99
0.21647	35.00
0.23313	35.00
0.24980	35.01
0.26647	35.01
0.28313	35.01
0.29980	34.99
0.31647	34.99
0.33313	34.99
0.34980	34.99
0.36647	34.99
0.38313	34.98
0.39980	34.98
0.41647	34.99
0.43313	35.00
0.44980	34.99
0.46647	34.99
0.48313	34.98
0.49980	34.98
0.51647	34.99
0.53313	34.99
0.54980	34.98
0.56647	34.99
0.58313	35.00
0.59980	35.00
0.61647	35.01
0.63313	35.01
0.64980	35.01
0.66647	35.01
0.68313	35.01
0.69980	35.01
0.71647	35.00
0.73313	34.99
0.74980	34.99
0.76647	35.00
0.78313	34.99
0.79980	35.00
0.81647	35.00
0.83313	35.01
0.84980	35.00
0.86647	35.00
0.88313	35.00
0.89980	35.00
0.91647	34.99
0.93313	34.99
0.94980	35.00
0.96647	35.00
0.98313	35.00
0.99980	34.99
1.01647	34.99
1.03313	34.99
1.04980	34.99
1.06647	34.99
1.08313	34.98
1.09980	34.98
1.11647	34.99
1.13313	34.99
1.14980	34.99
1.16647	35.00
1.18313	35.00
1.19980	35.00
1.21647	35.00
1.23313	35.00
1.24980	34.99
1.26647	34.99
1.28313	35.00
1.29980	35.00
1.31647	35.00
1.33313	34.99
1.34980	34.98
1.36647	34.99
1.38313	35.00
1.39980	35.00
1.41647	35.00
1.43313	34.99
1.44980	34.99
1.46647	35.00
1.48313	34.99
1.49980	35.00
1.51647	35.00
1.53313	35.01
1.54980	35.00
1.56647	35.00
1.58313	35.01
1.59980	35.03
1.61647	35.12
1.63313	35.29
1.64980	35.50
1.66647	35.80
1.68313	36.16
1.69980	36.51
1.71647	36.86
1.73313	37.19
1.74980	37.54
1.76647	37.85
1.78313	38.17
1.79980	38.52
1.81647	38.84
1.83313	39.18
1.84980	39.51
1.86647	39.83
1.88313	40.16
1.89980	40.51
1.91647	40.82
1.93313	41.15
1.94980	41.48
1.96647	41.78
1.98313	42.09
1.99980	42.42
2.01647	42.75
2.03313	43.08
2.04980	43.40
2.06647	43.73
2.08313	44.07
2.09980	44.40
2.11647	44.72
2.13313	45.05
2.14980	45.39
2.16647	45.72
2.18313	46.06
2.19980	46.37
2.21647	46.68
2.23313	47.02
2.24980	47.33
2.26647	47.66
2.28313	48.00
2.29980	48.32
2.31647	48.67
2.33313	49.01
2.34980	49.31
2.36647	49.55
2.38313	49.64
2.39980	49.64
2.41647	49.64
2.43313	49.66
2.44980	49.66
2.46647	49.66
2.48313	49.67
2.49980	49.68
2.51647	49.71
2.53313	49.71
2.54980	49.72
2.56647	49.75
2.58313	49.76
2.59980	49.79
2.61647	49.81
2.63313	49.82
2.64980	49.83
2.66647	49.84
2.68313	49.84
2.69980	49.84
2.71647	49.85
2.73313	49.88
2.74980	49.89
2.76647	49.88
2.78313	49.85
2.79980	49.85
2.81647	49.88
2.83313	49.89
2.84980	49.90
2.86647	49.91
2.88313	49.91
2.89980	49.91
2.91647	49.91
2.93313	49.91
2.94980	49.92
2.96647	49.93
2.98313	49.95
2.99980	49.97
3.01647	49.98
3.03313	49.99
3.04980	49.99
3.06647	49.99
3.08313	49.99
3.09980	50.00
3.11647	50.00
3.13313	50.01
3.14980	50.01
3.16647	50.02
3.18313	50.03
3.19980	50.04
3.21647	50.05
3.23313	50.05
3.24980	50.06
3.26647	50.07
3.28313	50.07
3.29980	50.08
3.31647	50.09
3.33313	50.09
3.34980	50.10
3.36647	50.10
3.38313	50.10
3.39980	50.10
3.41647	50.09
3.43313	50.09
3.44980	50.08
3.46647	50.08
3.48313	50.08
3.49980	50.08
3.51647	50.08
3.53313	50.07
3.54980	50.07
3.56647	50.07
3.58313	50.07
3.59980	50.07
3.61647	50.07
3.63313	50.06
3.64980	50.06
3.66647	50.06
3.68313	50.06
3.69980	50.06
3.71647	50.06
3.73313	50.06
3.74980	50.06
3.76647	50.06
3.78313	50.07
3.79980	50.07
3.81647	50.07
3.83313	50.06
3.84980	50.07
3.86647	50.07
3.88313	50.06
3.89980	50.06
3.91647	50.06
3.93313	50.06
3.94980	50.06
3.96647	50.06
3.98313	50.06

[Status Trace (Injection Unit Temperature)]
Interval(msec)	1000
# of Points	239
Start Time(min)	0.016
End Time(min)	3.983
Intensity Units	
Intensity Multiplier	1
R.Time (min)	Intensity
0.01647	99.99
0.03313	99.99
0.04980	99.99
0.06647	99.99
0.08313	99.99
0.09980	99.99
0.11647	99.99
0.13313	99.99
0.14980	99.99
0.16647	99.99
0.18313	99.99
0.19980	99.99
0.21647	99.99
0.23313	99.99
0.24980	99.98
0.26647	99.99
0.28313	99.99
0.29980	99.99
0.31647	99.99
0.33313	99.99
0.34980	99.99
0.36647	99.99
0.38313	99.99
0.39980	99.98
0.41647	99.98
0.43313	99.98
0.44980	99.98
0.46647	99.98
0.48313	99.98
0.49980	99.98
0.51647	99.98
0.53313	99.98
0.54980	99.97
0.56647	99.97
0.58313	99.97
0.59980	99.97
0.61647	99.98
0.63313	99.98
0.64980	99.97
0.66647	99.97
0.68313	99.97
0.69980	99.98
0.71647	99.97
0.73313	99.97
0.74980	99.97
0.76647	99.97
0.78313	99.97
0.79980	99.97
0.81647	99.98
0.83313	99.98
0.84980	99.98
0.86647	99.98
0.88313	99.98
0.89980	99.98
0.91647	99.98
0.93313	99.98
0.94980	99.98
0.96647	99.98
0.98313	99.98
0.99980	99.98
1.01647	99.98
1.03313	99.98
1.04980	99.99
1.06647	99.99
1.08313	99.98
1.09980	99.99
1.11647	99.99
1.13313	99.99
1.14980	99.99
1.16647	99.99
1.18313	99.98
1.19980	99.99
1.21647	99.99
1.23313	99.99
1.24980	99.99
1.26647	99.99
1.28313	99.99
1.29980	99.99
1.31647	99.99
1.33313	99.99
1.34980	99.99
1.36647	99.98
1.38313	99.99
1.39980	99.99
1.41647	99.99
1.43313	99.99
1.44980	99.99
1.46647	99.99
1.48313	99.99
1.49980	99.99
1.51647	99.99
1.53313	99.99
1.54980	99.99
1.56647	99.99
1.58313	99.99
1.59980	99.99
1.61647	99.99
1.63313	99.99
1.64980	99.99
1.66647	99.99
1.68313	99.99
1.69980	99.99
1.71647	99.99
1.73313	99.99
1.74980	99.99
1.76647	99.99
1.78313	99.99
1.79980	99.99
1.81647	99.99
1.83313	99.99
1.84980	99.98
1.86647	99.99
1.88313	99.99
1.89980	99.98
1.91647	99.98
1.93313	99.98
1.94980	99.98
1.96647	99.98
1.98313	99.98
1.99980	99.98
2.01647	99.98
2.03313	99.98
2.04980	99.98
2.06647	99.98
2.08313	99.97
2.09980	99.97
2.11647	99.97
2.13313	99.97
2.14980	99.97
2.16647	99.97
2.18313	99.97
2.19980	99.97
2.21647	99.97
2.23313	99.97
2.24980	99.97
2.26647	99.97
2.28313	99.97
2.29980	99.97
2.31647	99.97
2.33313	99.97
2.34980	99.97
2.36647	99.96
2.38313	99.96
2.39980	99.97
2.41647	99.97
2.43313	99.97
2.44980	99.97
2.46647	99.97
2.48313	99.97
2.49980	99.96
2.51647	99.97
2.53313	99.97
2.54980	99.98
2.56647	99.98
2.58313	99.98
2.59980	99.98
2.61647	99.98
2.63313	99.98
2.64980	99.98
2.66647	99.98
2.68313	99.99
2.69980	99.99
2.71647	99.99
2.73313	99.99
2.74980	99.99
2.76647	99.99
2.78313	99.99
2.79980	99.99
2.81647	100.00
2.83313	100.00
2.84980	100.00
2.86647	100.00
2.88313	100.00
2.89980	100.01
2.91647	100.00
2.93313	100.01
2.94980	100.01
2.96647	100.01
2.98313	100.01
2.99980	100.01
3.01647	100.02
3.03313	100.01
3.04980	100.02
3.06647	100.02
3.08313	100.02
3.09980	100.02
3.11647	100.02
3.13313	100.02
3.14980	100.02
3.16647	100.02
3.18313	100.02
3.19980	100.03
3.21647	100.02
3.23313	100.03
3.24980	100.03
3.26647	100.03
3.28313	100.03
3.29980	100.03
3.31647	100.03
3.33313	100.03
3.34980	100.03
3.36647	100.03
3.38313	100.03
3.39980	100.04
3.41647	100.03
3.43313	100.04
3.44980	100.04
3.46647	100.04
3.48313	100.04
3.49980	100.04
3.51647	100.04
3.53313	100.04
3.54980	100.04
3.56647	100.04
3.58313	100.04
3.59980	100.04
3.61647	100.04
3.63313	100.04
3.64980	100.04
3.66647	100.04
3.68313	100.04
3.69980	100.04
3.71647	100.04
3.73313	100.04
3.74980	100.04
3.76647	100.04
3.78313	100.04
3.79980	100.04
3.81647	100.04
3.83313	100.04
3.84980	100.04
3.86647	100.04
3.88313	100.04
3.89980	100.04
3.91647	100.04
3.93313	100.04
3.94980	100.04
3.96647	100.04
3.98313	100.04

[Status Trace (Carrier Gas Pressure)]
Interval(msec)	1000
# of Points	239
Start Time(min)	0.016
End Time(min)	3.983
Intensity Units	
Intensity Multiplier	1
R.Time (min)	Intensity
0.01647	56.82
0.03313	55.95
0.04980	58.15
0.06647	59.90
0.08313	58.52
0.09980	57.97
0.11647	58.00
0.13313	58.01
0.14980	58.01
0.16647	58.00
0.18313	58.00
0.19980	58.00
0.21647	58.00
0.23313	58.00
0.24980	58.00
0.26647	58.00
0.28313	58.00
0.29980	58.00
0.31647	58.00
0.33313	58.00
0.34980	58.00
0.36647	58.00
0.38313	58.00
0.39980	58.00
0.41647	58.00
0.43313	58.00
0.44980	58.00
0.46647	58.00
0.48313	58.00
0.49980	58.00
0.51647	58.00
0.53313	58.00
0.54980	58.00
0.56647	58.00
0.58313	58.00
0.59980	58.00
0.61647	58.00
0.63313	58.00
0.64980	58.00
0.66647	58.00
0.68313	58.00
0.69980	58.00
0.71647	58.00
0.73313	58.00
0.74980	58.00
0.76647	58.00
0.78313	58.00
0.79980	58.00
0.81647	58.00
0.83313	58.00
0.84980	58.00
0.86647	58.00
0.88313	58.00
0.89980	58.00
0.91647	58.00
0.93313	58.00
0.94980	58.00
0.96647	58.00
0.98313	58.00
0.99980	58.00
1.01647	58.00
1.03313	58.00
1.04980	58.00
1.06647	58.00
1.08313	58.00
1.09980	58.00
1.11647	58.00
1.13313	58.00
1.14980	58.00
1.16647	58.00
1.18313	58.00
1.19980	58.00
1.21647	58.00
1.23313	58.00
1.24980	58.00
1.26647	58.00
1.28313	58.00
1.29980	58.00
1.31647	58.00
1.33313	58.00
1.34980	58.00
1.36647	58.00
1.38313	58.00
1.39980	58.00
1.41647	58.00
1.43313	58.00
1.44980	58.00
1.46647	58.00
1.48313	58.00
1.49980	58.00
1.51647	58.00
1.53313	58.00
1.54980	58.00
1.56647	58.00
1.58313	58.00
1.59980	58.00
1.61647	58.00
1.63313	58.01
1.64980	58.00
1.66647	58.01
1.68313	58.01
1.69980	58.00
1.71647	58.00
1.73313	58.00
1.74980	58.00
1.76647	58.00
1.78313	58.00
1.79980	58.00
1.81647	58.00
1.83313	58.00
1.84980	58.00
1.86647	58.00
1.88313	58.00
1.89980	58.00
1.91647	58.00
1.93313	58.00
1.94980	58.00
1.96647	58.00
1.98313	58.00
1.99980	58.00
2.01647	58.00
2.03313	58.00
2.04980	58.00
2.06647	58.00
2.08313	58.00
2.09980	58.00
2.11647	58.00
2.13313	58.00
2.14980	58.00
2.16647	58.00
2.18313	58.00
2.19980	58.00
2.21647	58.00
2.23313	58.00
2.24980	58.00
2.26647	58.00
2.28313	58.00
2.29980	58.00
2.31647	58.00
2.33313	58.00
2.34980	58.00
2.36647	58.00
2.38313	57.99
2.39980	57.99
2.41647	58.00
2.43313	58.00
2.44980	58.00
2.46647	58.00
2.48313	58.00
2.49980	58.00
2.51647	57.99
2.53313	57.99
2.54980	58.00
2.56647	58.00
2.58313	58.00
2.59980	58.00
2.61647	58.00
2.63313	58.00
2.64980	58.00
2.66647	58.00
2.68313	58.00
2.69980	58.00
2.71647	58.00
2.73313	58.00
2.74980	58.00
2.76647	58.00
2.78313	58.00
2.79980	58.00
2.81647	58.00
2.83313	58.00
2.84980	58.00
2.86647	58.00
2.88313	58.00
2.89980	58.00
2.91647	58.00
2.93313	58.00
2.94980	58.00
2.96647	58.00
2.98313	58.00
2.99980	58.00
3.01647	58.00
3.03313	58.00
3.04980	58.00
3.06647	58.00
3.08313	58.00
3.09980	58.00
3.11647	58.00
3.13313	58.00
3.14980	58.00
3.16647	58.00
3.18313	58.00
3.19980	58.00
3.21647	58.00
3.23313	58.00
3.24980	58.00
3.26647	58.00
3.28313	58.00
3.29980	58.00
3.31647	58.00
3.33313	58.00
3.34980	58.00
3.36647	58.00
3.38313	58.00
3.39980	58.00
3.41647	58.00
3.43313	58.00
3.44980	58.00
3.46647	58.00
3.48313	58.00
3.49980	58.00
3.51647	58.00
3.53313	58.00
3.54980	58.00
3.56647	58.00
3.58313	58.00
3.59980	58.00
3.61647	58.00
3.63313	58.00
3.64980	58.00
3.66647	58.00
3.68313	58.00
3.69980	58.00
3.71647	58.00
3.73313	58.00
3.74980	58.00
3.76647	58.00
3.78313	58.00
3.79980	58.00
3.81647	58.00
3.83313	58.00
3.84980	58.00
3.86647	58.00
3.88313	58.00
3.89980	58.00
3.91647	58.00
3.93313	58.00
3.94980	58.00
3.96647	58.00
3.98313	58.00

[Status Trace (Carrier Gas Flow)]
Interval(msec)	1000
# of Points	239
Start Time(min)	0.016
End Time(min)	3.983
Intensity Units	
Intensity Multiplier	1
R.Time (min)	Intensity
0.01647	33.88
0.03313	34.54
0.04980	34.55
0.06647	34.52
0.08313	34.50
0.09980	34.52
0.11647	34.52
0.13313	34.52
0.14980	34.52
0.16647	34.52
0.18313	34.52
0.19980	34.52
0.21647	34.52
0.23313	34.52
0.24980	34.52
0.26647	34.52
0.28313	34.52
0.29980	34.52
0.31647	34.52
0.33313	34.52
0.34980	34.52
0.36647	34.52
0.38313	34.52
0.39980	34.52
0.41647	34.52
0.43313	34.52
0.44980	34.52
0.46647	34.52
0.48313	34.52
0.49980	34.52
0.51647	34.52
0.53313	34.52
0.54980	34.52
0.56647	34.52
0.58313	34.52
0.59980	34.52
0.61647	34.52
0.63313	34.52
0.64980	34.52
0.66647	34.52
0.68313	34.52
0.69980	34.52
0.71647	34.52
0.73313	34.52
0.74980	34.52
0.76647	34.52
0.78313	34.52
0.79980	34.52
0.81647	34.52
0.83313	34.51
0.84980	34.52
0.86647	34.52
0.88313	34.52
0.89980	34.52
0.91647	34.52
0.93313	34.52
0.94980	34.52
0.96647	34.52
0.98313	34.52
0.99980	34.52
1.01647	34.52
1.03313	34.52
1.04980	34.51
1.06647	34.52
1.08313	34.53
1.09980	34.52
1.11647	34.52
1.13313	34.52
1.14980	34.51
1.16647	34.52
1.18313	34.52
1.19980	34.52
1.21647	34.52
1.23313	34.52
1.24980	34.52
1.26647	34.51
1.28313	34.52
1.29980	34.52
1.31647	34.52
1.33313	34.52
1.34980	34.52
1.36647	34.51
1.38313	34.52
1.39980	34.52
1.41647	34.53
1.43313	34.51
1.44980	34.52
1.46647	34.52
1.48313	34.52
1.49980	34.52
1.51647	34.52
1.53313	34.52
1.54980	34.52
1.56647	34.52
1.58313	34.52
1.59980	34.52
1.61647	34.52
1.63313	34.52
1.64980	34.52
1.66647	34.52
1.68313	34.52
1.69980	34.52
1.71647	34.52
1.73313	34.52
1.74980	34.52
1.76647	34.52
1.78313	34.54
1.79980	34.51
1.81647	34.52
1.83313	34.52
1.84980	34.52
1.86647	34.52
1.88313	34.52
1.89980	34.52
1.91647	34.52
1.93313	34.52
1.94980	34.52
1.96647	34.52
1.98313	34.52
1.99980	34.52
2.01647	34.52
2.03313	34.52
2.04980	34.52
2.06647	34.52
2.08313	34.52
2.09980	34.52
2.11647	34.52
2.13313	34.52
2.14980	34.52
2.16647	34.52
2.18313	34.52
2.19980	34.52
2.21647	34.52
2.23313	34.52
2.24980	34.52
2.26647	34.52
2.28313	34.52
2.29980	34.52
2.31647	34.52
2.33313	34.52
2.34980	34.52
2.36647	34.52
2.38313	34.52
2.39980	34.52
2.41647	34.52
2.43313	34.52
2.44980	34.52
2.46647	34.52
2.48313	34.52
2.49980	34.52
2.51647	34.52
2.53313	34.52
2.54980	34.52
2.56647	34.51
2.58313	34.52
2.59980	34.51
2.61647	34.52
2.63313	34.52
2.64980	34.52
2.66647	34.52
2.68313	34.51
2.69980	34.52
2.71647	34.52
2.73313	34.51
2.74980	34.52
2.76647	34.52
2.78313	34.52
2.79980	34.52
2.81647	34.52
2.83313	34.52
2.84980	34.52
2.86647	34.52
2.88313	34.52
2.89980	34.52
2.91647	34.52
2.93313	34.52
2.94980	34.52
2.96647	34.51
2.98313	34.52
2.99980	34.52
3.01647	34.52
3.03313	34.52
3.04980	34.52
3.06647	34.52
3.08313	34.52
3.09980	34.51
3.11647	34.52
3.13313	34.52
3.14980	34.52
3.16647	34.52
3.18313	34.52
3.19980	34.52
3.21647	34.52
3.23313	34.52
3.24980	34.52
3.26647	34.52
3.28313	34.52
3.29980	34.52
3.31647	34.52
3.33313	34.52
3.34980	34.52
3.36647	34.52
3.38313	34.52
3.39980	34.52
3.41647	34.52
3.43313	34.52
3.44980	34.52
3.46647	34.52
3.48313	34.52
3.49980	34.52
3.51647	34.52
3.53313	34.52
3.54980	34.52
3.56647	34.52
3.58313	34.52
3.59980	34.52
3.61647	34.52
3.63313	34.52
3.64980	34.52
3.66647	34.52
3.68313	34.51
3.69980	34.52
3.71647	34.52
3.73313	34.53
3.74980	34.52
3.76647	34.53
3.78313	34.52
3.79980	34.52
3.81647	34.52
3.83313	34.52
3.84980	34.54
3.86647	34.52
3.88313	34.52
3.89980	34.52
3.91647	34.52
3.93313	34.52
3.94980	34.52
3.96647	34.52
3.98313	34.52

[Status Trace (Column Flow)]
Interval(msec)	1000
# of Points	239
Start Time(min)	0.016
End Time(min)	3.983
Intensity Units	
Intensity Multiplier	1
R.Time (min)	Intensity
0.01647	5.42
0.03313	5.32
0.04980	5.57
0.06647	5.78
0.08313	5.62
0.09980	5.55
0.11647	5.55
0.13313	5.56
0.14980	5.55
0.16647	5.55
0.18313	5.55
0.19980	5.55
0.21647	5.55
0.23313	5.55
0.24980	5.55
0.26647	5.55
0.28313	5.55
0.29980	5.55
0.31647	5.55
0.33313	5.55
0.34980	5.56
0.36647	5.56
0.38313	5.56
0.39980	5.55
0.41647	5.55
0.43313	5.55
0.44980	5.55
0.46647	5.55
0.48313	5.55
0.49980	5.55
0.51647	5.55
0.53313	5.55
0.54980	5.55
0.56647	5.55
0.58313	5.55
0.59980	5.55
0.61647	5.55
0.63313	5.55
0.64980	5.55
0.66647	5.55
0.68313	5.55
0.69980	5.55
0.71647	5.55
0.73313	5.55
0.74980	5.55
0.76647	5.55
0.78313	5.55
0.79980	5.55
0.81647	5.55
0.83313	5.55
0.84980	5.55
0.86647	5.55
0.88313	5.55
0.89980	5.55
0.91647	5.55
0.93313	5.55
0.94980	5.55
0.96647	5.55
0.98313	5.55
0.99980	5.55
1.01647	5.55
1.03313	5.55
1.04980	5.55
1.06647	5.55
1.08313	5.55
1.09980	5.55
1.11647	5.55
1.13313	5.55
1.14980	5.55
1.16647	5.55
1.18313	5.55
1.19980	5.55
1.21647	5.55
1.23313	5.55
1.24980	5.56
1.26647	5.55
1.28313	5.55
1.29980	5.55
1.31647	5.55
1.33313	5.55
1.34980	5.55
1.36647	5.55
1.38313	5.55
1.39980	5.55
1.41647	5.55
1.43313	5.55
1.44980	5.55
1.46647	5.55
1.48313	5.55
1.49980	5.55
1.51647	5.55
1.53313	5.55
1.54980	5.55
1.56647	5.55
1.58313	5.55
1.59980	5.55
1.61647	5.55
1.63313	5.55
1.64980	5.54
1.66647	5.53
1.68313	5.52
1.69980	5.51
1.71647	5.50
1.73313	5.49
1.74980	5.48
1.76647	5.47
1.78313	5.46
1.79980	5.45
1.81647	5.43
1.83313	5.42
1.84980	5.42
1.86647	5.40
1.88313	5.39
1.89980	5.38
1.91647	5.37
1.93313	5.36
1.94980	5.36
1.96647	5.35
1.98313	5.34
1.99980	5.33
2.01647	5.32
2.03313	5.31
2.04980	5.30
2.06647	5.29
2.08313	5.28
2.09980	5.27
2.11647	5.26
2.13313	5.25
2.14980	5.24
2.16647	5.23
2.18313	5.22
2.19980	5.21
2.21647	5.20
2.23313	5.19
2.24980	5.18
2.26647	5.17
2.28313	5.16
2.29980	5.16
2.31647	5.15
2.33313	5.14
2.34980	5.13
2.36647	5.12
2.38313	5.12
2.39980	5.12
2.41647	5.12
2.43313	5.12
2.44980	5.12
2.46647	5.12
2.48313	5.12
2.49980	5.12
2.51647	5.12
2.53313	5.12
2.54980	5.12
2.56647	5.12
2.58313	5.12
2.59980	5.11
2.61647	5.11
2.63313	5.11
2.64980	5.11
2.66647	5.11
2.68313	5.11
2.69980	5.11
2.71647	5.11
2.73313	5.11
2.74980	5.11
2.76647	5.11
2.78313	5.11
2.79980	5.11
2.81647	5.11
2.83313	5.11
2.84980	5.11
2.86647	5.11
2.88313	5.11
2.89980	5.11
2.91647	5.11
2.93313	5.11
2.94980	5.11
2.96647	5.11
2.98313	5.11
2.99980	5.11
3.01647	5.11
3.03313	5.11
3.04980	5.11
3.06647	5.11
3.08313	5.11
3.09980	5.11
3.11647	5.11
3.13313	5.11
3.14980	5.11
3.16647	5.11
3.18313	5.11
3.19980	5.11
3.21647	5.11
3.23313	5.11
3.24980	5.11
3.26647	5.11
3.28313	5.11
3.29980	5.11
3.31647	5.11
3.33313	5.11
3.34980	5.11
3.36647	5.11
3.38313	5.11
3.39980	5.11
3.41647	5.11
3.43313	5.11
3.44980	5.11
3.46647	5.11
3.48313	5.11
3.49980	5.11
3.51647	5.11
3.53313	5.11
3.54980	5.11
3.56647	5.11
3.58313	5.11
3.59980	5.11
3.61647	5.11
3.63313	5.11
3.64980	5.11
3.66647	5.11
3.68313	5.11
3.69980	5.11
3.71647	5.11
3.73313	5.11
3.74980	5.11
3.76647	5.11
3.78313	5.11
3.79980	5.11
3.81647	5.11
3.83313	5.11
3.84980	5.11
3.86647	5.11
3.88313	5.11
3.89980	5.11
3.91647	5.11
3.93313	5.11
3.94980	5.11
3.96647	5.11
3.98313	5.11

[Status Trace (Linear Velocity)]
Interval(msec)	1000
# of Points	239
Start Time(min)	0.016
End Time(min)	3.983
Intensity Units	
Intensity Multiplier	1
R.Time (min)	Intensity
0.01647	38.25
0.03313	37.68
0.04980	39.12
0.06647	40.27
0.08313	39.37
0.09980	39.00
0.11647	39.02
0.13313	39.03
0.14980	39.03
0.16647	39.03
0.18313	39.03
0.19980	39.03
0.21647	39.03
0.23313	39.03
0.24980	39.02
0.26647	39.02
0.28313	39.02
0.29980	39.03
0.31647	39.03
0.33313	39.03
0.34980	39.03
0.36647	39.03
0.38313	39.03
0.39980	39.03
0.41647	39.03
0.43313	39.02
0.44980	39.03
0.46647	39.03
0.48313	39.03
0.49980	39.03
0.51647	39.03
0.53313	39.03
0.54980	39.03
0.56647	39.03
0.58313	39.02
0.59980	39.02
0.61647	39.02
0.63313	39.02
0.64980	39.02
0.66647	39.02
0.68313	39.02
0.69980	39.02
0.71647	39.02
0.73313	39.02
0.74980	39.03
0.76647	39.02
0.78313	39.03
0.79980	39.02
0.81647	39.02
0.83313	39.02
0.84980	39.02
0.86647	39.02
0.88313	39.02
0.89980	39.02
0.91647	39.03
0.93313	39.03
0.94980	39.03
0.96647	39.02
0.98313	39.02
0.99980	39.02
1.01647	39.03
1.03313	39.03
1.04980	39.03
1.06647	39.03
1.08313	39.03
1.09980	39.03
1.11647	39.03
1.13313	39.03
1.14980	39.03
1.16647	39.02
1.18313	39.02
1.19980	39.02
1.21647	39.02
1.23313	39.02
1.24980	39.03
1.26647	39.03
1.28313	39.02
1.29980	39.02
1.31647	39.02
1.33313	39.03
1.34980	39.03
1.36647	39.03
1.38313	39.02
1.39980	39.02
1.41647	39.02
1.43313	39.02
1.44980	39.03
1.46647	39.02
1.48313	39.02
1.49980	39.02
1.51647	39.02
1.53313	39.02
1.54980	39.02
1.56647	39.02
1.58313	39.02
1.59980	39.02
1.61647	39.02
1.63313	39.00
1.64980	38.98
1.66647	38.95
1.68313	38.92
1.69980	38.88
1.71647	38.85
1.73313	38.82
1.74980	38.79
1.76647	38.75
1.78313	38.72
1.79980	38.69
1.81647	38.66
1.83313	38.63
1.84980	38.60
1.86647	38.56
1.88313	38.53
1.89980	38.51
1.91647	38.47
1.93313	38.44
1.94980	38.41
1.96647	38.38
1.98313	38.35
1.99980	38.33
2.01647	38.29
2.03313	38.26
2.04980	38.24
2.06647	38.20
2.08313	38.17
2.09980	38.15
2.11647	38.11
2.13313	38.08
2.14980	38.06
2.16647	38.02
2.18313	37.99
2.19980	37.97
2.21647	37.94
2.23313	37.91
2.24980	37.88
2.26647	37.85
2.28313	37.82
2.29980	37.79
2.31647	37.76
2.33313	37.73
2.34980	37.70
2.36647	37.68
2.38313	37.67
2.39980	37.67
2.41647	37.67
2.43313	37.67
2.44980	37.67
2.46647	37.67
2.48313	37.67
2.49980	37.67
2.51647	37.66
2.53313	37.66
2.54980	37.67
2.56647	37.66
2.58313	37.66
2.59980	37.66
2.61647	37.66
2.63313	37.66
2.64980	37.65
2.66647	37.65
2.68313	37.65
2.69980	37.65
2.71647	37.65
2.73313	37.65
2.74980	37.65
2.76647	37.65
2.78313	37.65
2.79980	37.65
2.81647	37.65
2.83313	37.65
2.84980	37.65
2.86647	37.65
2.88313	37.65
2.89980	37.65
2.91647	37.65
2.93313	37.65
2.94980	37.65
2.96647	37.65
2.98313	37.64
2.99980	37.64
3.01647	37.64
3.03313	37.64
3.04980	37.64
3.06647	37.64
3.08313	37.64
3.09980	37.64
3.11647	37.64
3.13313	37.64
3.14980	37.64
3.16647	37.64
3.18313	37.64
3.19980	37.64
3.21647	37.64
3.23313	37.63
3.24980	37.63
3.26647	37.63
3.28313	37.63
3.29980	37.63
3.31647	37.63
3.33313	37.63
3.34980	37.63
3.36647	37.63
3.38313	37.63
3.39980	37.63
3.41647	37.63
3.43313	37.63
3.44980	37.63
3.46647	37.63
3.48313	37.63
3.49980	37.63
3.51647	37.63
3.53313	37.63
3.54980	37.63
3.56647	37.63
3.58313	37.63
3.59980	37.63
3.61647	37.63
3.63313	37.63
3.64980	37.63
3.66647	37.63
3.68313	37.63
3.69980	37.63
3.71647	37.63
3.73313	37.63
3.74980	37.63
3.76647	37.63
3.78313	37.63
3.79980	37.63
3.81647	37.63
3.83313	37.63
3.84980	37.63
3.86647	37.63
3.88313	37.63
3.89980	37.63
3.91647	37.63
3.93313	37.63
3.94980	37.63
3.96647	37.63
3.98313	37.64

