[Header]
Application Name	LabSolutions
Version	5.110
Data File Name	C:\Users\User\Desktop\GC Analyses\Jack\UIC Prairie Sampling\9.30.22\220930_003.gcd
Output Date	1/4/2023
Output Time	2:28:01 PM

[File Information]
Type	Data File
Generated	11/29/2022 11:31:35 AM
Generated by	System Administrator
Modified	11/29/2022 11:35:47 AM
Modified by	System Administrator

[Sample Information]
Operator Name	System Administrator
Acquired	11/29/2022 11:31:45 AM
Sample Type	1:Standard
Level	1
Sample Name	220930_UICPrairie
Sample ID	220930_UICPrairie
ISTD Amount1	1
ISTD Amount2	1
ISTD Amount3	1
ISTD Amount4	1
ISTD Amount5	1
ISTD Amount6	1
ISTD Amount7	1
ISTD Amount8	1
ISTD Amount9	1
ISTD Amount10	1
ISTD Amount11	1
ISTD Amount12	1
ISTD Amount13	1
ISTD Amount14	1
ISTD Amount15	1
ISTD Amount16	1
ISTD Amount17	1
ISTD Amount18	1
ISTD Amount19	1
ISTD Amount20	1
ISTD Amount21	1
ISTD Amount22	1
ISTD Amount23	1
ISTD Amount24	1
ISTD Amount25	1
ISTD Amount26	1
ISTD Amount27	1
ISTD Amount28	1
ISTD Amount29	1
ISTD Amount30	1
ISTD Amount31	1
ISTD Amount32	1
Sample Amount	1
Dilution Factor	1
Vial#	1
Injection Volume	1
Injection Count	1
Bar Code	

[Original Files]
Data File	C:\Users\User\Desktop\GC Analyses\Jack\UIC Prairie Sampling\9.30.22\220930_003.gcd
Method File	C:\LabSolutions\Data\GHG_4min_2022\ghg3_togas_w_acet_4 min_new_int.gcm
Batch File	
Report Format File	c:\LabSolutions\System\DEFAULT.lsr

[File Description]


[Configuration]
Instrument Name	C0B7VH3-Instrument1
Instrument #	1
Line #	1
# of Detectors	3
Detector ID	DET#1	DET#2	DET#3
Detector Name	FID	PTCD	ECD
# of Channels	1	1	1

[Peak Table(Ch1)]
# of Peaks	3
Peak#	R.Time	I.Time	F.Time	Area	Height	A/H	Conc.	Mark	ID#	Name	k'	Plate #	Plate Ht.	Tailing	Resolution	Sep.Factor	Area Ratio	Height Ratio	Conc. %	Norm Conc.
1	1.479	1.435	1.542	9842	4841	2.033	100.000	   	1	CO	0.000	9764	15.362	1.258	0.000	0.000	0	0	16.667	16.667
2	1.571	1.542	1.626	4096	2271	1.803	100.000	 V 	2	CH4	0.062	13118	11.435	1.169	1.598	0.000	0	0	16.667	16.667
3	2.000	1.956	2.389	1102866	567569	1.943	400.000	   	3	CO2	0.352	19907	7.535	1.327	7.690	5.680	0	0	66.667	66.667

[Peak Table(Ch2)]
# of Peaks	0

[Peak Table(Ch3)]
# of Peaks	6
Peak#	R.Time	I.Time	F.Time	Area	Height	A/H	Conc.	Mark	ID#	Name	k'	Plate #	Plate Ht.	Tailing	Resolution	Sep.Factor	Area Ratio	Height Ratio	Conc. %	Norm Conc.
1	0.944	0.236	1.380	759	22	34.354	0.000	   			0.000	212	706.619	0.817	0.000	0.000	0	0	0.000	0.000
2	2.458	1.615	2.587	7642	431	17.719	0.000	   			1.604	1792	83.700	0.000	6.163	0.000	0	0	0.000	0.000
3	2.609	2.587	2.660	657	226	2.907	0.000	 V 			1.763	1205	124.484	0.000	0.564	1.099	0	0	0.000	0.000
4	2.763	2.675	2.788	373	91	4.115	0.010	   	1	N2O	1.927	10630	14.111	0.000	0.755	1.093	0	0	0.968	0.968
5	2.799	2.788	2.814	73	76	0.952	0.002	 V 	1	N2O	1.965	151865	0.988	0.000	0.540	1.020	0	0	0.188	0.188
6	2.891	2.814	3.991	38124	4687	8.134	0.988	 V 	1	N2O	2.063	11724	12.794	6.503	1.353	1.049	0	0	98.844	98.844

[Compound Results(Ch1)]
# of IDs	6
ID#	Name	R.Time	Area	Height	Conc.	Curve	3rd	2nd	1st	Constant	Area Ratio	Height Ratio	Conc. %	Norm Conc.
1	CO	1.479	9842	4841	100.000	Linear	0.000000e+00	0.000000e+00	9.842349e+001	0.000000e+00	0	0	16.667	16.667
2	CH4	1.571	4096	2271	100.000	Linear	0.000000e+00	0.000000e+00	4.096407e+001	0.000000e+00	0	0	16.667	16.667
3	CO2	2.000	1102866	567569	400.000	Linear	0.000000e+00	0.000000e+00	2.757164e+003	0.000000e+00	0	0	66.667	66.667
4	Ethylene	0.000	0	0	0.000	Linear	0.000000e+00	0.000000e+00	0.000000e+00	0.000000e+00	0	0	0.000	0.000
5	Acetylene	0.000	0	0	0.000	Linear	0.000000e+00	0.000000e+00	0.000000e+00	0.000000e+00	0	0	0.000	0.000
6	Ethane	0.000	0	0	0.000	Linear	0.000000e+00	0.000000e+00	0.000000e+00	0.000000e+00	0	0	0.000	0.000

[Compound Results(Ch2)]
# of IDs	5
ID#	Name	R.Time	Area	Height	Conc.	Curve	3rd	2nd	1st	Constant	Area Ratio	Height Ratio	Conc. %	Norm Conc.
1	Hydrogen	0.000	0	0	0.000	Linear	0.000000e+00	0.000000e+00	0.000000e+00	0.000000e+00	0	0	0.000	0.000
2	Oxygen	0.000	0	0	0.000	Linear	0.000000e+00	0.000000e+00	0.000000e+00	0.000000e+00	0	0	0.000	0.000
3	Nitrogen	0.000	0	0	0.000	Linear	0.000000e+00	0.000000e+00	0.000000e+00	0.000000e+00	0	0	0.000	0.000
4	Methane	0.000	0	0	0.000	Linear	0.000000e+00	0.000000e+00	0.000000e+00	0.000000e+00	0	0	0.000	0.000
5	Carbon Monoxide	0.000	0	0	0.000	Linear	0.000000e+00	0.000000e+00	0.000000e+00	0.000000e+00	0	0	0.000	0.000

[Compound Results(Ch3)]
# of IDs	2
ID#	Name	R.Time	Area	Height	Conc.	Curve	3rd	2nd	1st	Constant	Area Ratio	Height Ratio	Conc. %	Norm Conc.
1	N2O	2.891	38570	4854	1.000	Linear	0.000000e+00	0.000000e+00	3.856966e+004	0.000000e+00	0	0	100.000	100.000
2	SF6	0.000	0	0	0.000	Linear	0.000000e+00	0.000000e+00	0.000000e+00	0.000000e+00	0	0	0.000	0.000

[Group Results(Ch1)]
# of Groups	0

[Group Results(Ch2)]
# of Groups	0

[Group Results(Ch3)]
# of Groups	0

[Chromatogram (Ch1)]
Interval(msec)	220
# of Points	1091
Start Time(min)	0.002
End Time(min)	3.998
R.Time (min)	Intensity
0.00167	-47
0.00533	-43
0.00900	-41
0.01267	-41
0.01633	-37
0.02000	-30
0.02367	-22
0.02733	-18
0.03100	-21
0.03467	-27
0.03833	-28
0.04200	-24
0.04567	-24
0.04933	-28
0.05300	-31
0.05667	-35
0.06033	-36
0.06400	-34
0.06767	-29
0.07133	-23
0.07500	-19
0.07867	-18
0.08233	-18
0.08600	-18
0.08967	-19
0.09333	-21
0.09700	-22
0.10067	-23
0.10433	-26
0.10800	-26
0.11167	-24
0.11533	-24
0.11900	-27
0.12267	-35
0.12633	-46
0.13000	-53
0.13367	-56
0.13733	-53
0.14100	-46
0.14467	-35
0.14833	-24
0.15200	-18
0.15567	-20
0.15933	-24
0.16300	-30
0.16667	-34
0.17033	-36
0.17400	-39
0.17767	-39
0.18133	-37
0.18500	-35
0.18867	-34
0.19233	-32
0.19600	-32
0.19967	-32
0.20333	-30
0.20700	-28
0.21067	-31
0.21433	-36
0.21800	-39
0.22167	-40
0.22533	-39
0.22900	-39
0.23267	-41
0.23633	-43
0.24000	-46
0.24367	-48
0.24733	-47
0.25100	-43
0.25467	-42
0.25833	-40
0.26200	-35
0.26567	-29
0.26933	-25
0.27300	-22
0.27667	-18
0.28033	-17
0.28400	-21
0.28767	-28
0.29133	-36
0.29500	-41
0.29867	-47
0.30233	-49
0.30600	-47
0.30967	-44
0.31333	-42
0.31700	-43
0.32067	-44
0.32433	-47
0.32800	-51
0.33167	-56
0.33533	-62
0.33900	-64
0.34267	-63
0.34633	-60
0.35000	-60
0.35367	-56
0.35733	-52
0.36100	-47
0.36467	-40
0.36833	-34
0.37200	-29
0.37567	-27
0.37933	-29
0.38300	-36
0.38667	-45
0.39033	-55
0.39400	-64
0.39767	-69
0.40133	-71
0.40500	-70
0.40867	-68
0.41233	-65
0.41600	-62
0.41967	-61
0.42333	-60
0.42700	-59
0.43067	-58
0.43433	-58
0.43800	-56
0.44167	-51
0.44533	-44
0.44900	-35
0.45267	-28
0.45633	-27
0.46000	-29
0.46367	-36
0.46733	-47
0.47100	-57
0.47467	-65
0.47833	-71
0.48200	-66
0.48567	-56
0.48933	-53
0.49300	-57
0.49667	-62
0.50033	-64
0.50400	-63
0.50767	-58
0.51133	-49
0.51500	-37
0.51867	-29
0.52233	-29
0.52600	-37
0.52967	-46
0.53333	-55
0.53700	-64
0.54067	-72
0.54433	-76
0.54800	-77
0.55167	-76
0.55533	-72
0.55900	-67
0.56267	-63
0.56633	-62
0.57000	-63
0.57367	-64
0.57733	-66
0.58100	-67
0.58467	-71
0.58833	-76
0.59200	-78
0.59567	-78
0.59933	-77
0.60300	-73
0.60667	-70
0.61033	-67
0.61400	-67
0.61767	-69
0.62133	-66
0.62500	-63
0.62867	-62
0.63233	-64
0.63600	-67
0.63967	-71
0.64333	-77
0.64700	-84
0.65067	-88
0.65433	-87
0.65800	-84
0.66167	-82
0.66533	-82
0.66900	-83
0.67267	-84
0.67633	-85
0.68000	-85
0.68367	-83
0.68733	-79
0.69100	-75
0.69467	-75
0.69833	-82
0.70200	-90
0.70567	-98
0.70933	-101
0.71300	-101
0.71667	-98
0.72033	-93
0.72400	-86
0.72767	-80
0.73133	-75
0.73500	-76
0.73867	-81
0.74233	-89
0.74600	-95
0.74967	-102
0.75333	-106
0.75700	-106
0.76067	-102
0.76433	-96
0.76800	-92
0.77167	-90
0.77533	-90
0.77900	-88
0.78267	-84
0.78633	-77
0.79000	-72
0.79367	-71
0.79733	-69
0.80100	-68
0.80467	-67
0.80833	-68
0.81200	-71
0.81567	-76
0.81933	-82
0.82300	-86
0.82667	-88
0.83033	-89
0.83400	-86
0.83767	-80
0.84133	-75
0.84500	-74
0.84867	-76
0.85233	-80
0.85600	-84
0.85967	-91
0.86333	-99
0.86700	-100
0.87067	-97
0.87433	-95
0.87800	-97
0.88167	-103
0.88533	-106
0.88900	-103
0.89267	-97
0.89633	-91
0.90000	-88
0.90367	-89
0.90733	-91
0.91100	-93
0.91467	-95
0.91833	-94
0.92200	-91
0.92567	-86
0.92933	-81
0.93300	-78
0.93667	-79
0.94033	-82
0.94400	-83
0.94767	-84
0.95133	-87
0.95500	-91
0.95867	-93
0.96233	-90
0.96600	-84
0.96967	-78
0.97333	-74
0.97700	-73
0.98067	-75
0.98433	-82
0.98800	-87
0.99167	-94
0.99533	-97
0.99900	-95
1.00267	-92
1.00633	-88
1.01000	-85
1.01367	-85
1.01733	-86
1.02100	-90
1.02467	-95
1.02833	-100
1.03200	-106
1.03567	-108
1.03933	-108
1.04300	-105
1.04667	-102
1.05033	-98
1.05400	-95
1.05767	-94
1.06133	-96
1.06500	-100
1.06867	-103
1.07233	-101
1.07600	-94
1.07967	-87
1.08333	-87
1.08700	-93
1.09067	-97
1.09433	-100
1.09800	-99
1.10167	-93
1.10533	-88
1.10900	-88
1.11267	-90
1.11633	-94
1.12000	-97
1.12367	-103
1.12733	-104
1.13100	-104
1.13467	-105
1.13833	-109
1.14200	-113
1.14567	-118
1.14933	-121
1.15300	-125
1.15667	-127
1.16033	-127
1.16400	-123
1.16767	-118
1.17133	-113
1.17500	-106
1.17867	-99
1.18233	-94
1.18600	-91
1.18967	-93
1.19333	-99
1.19700	-103
1.20067	-108
1.20433	-114
1.20800	-120
1.21167	-121
1.21533	-119
1.21900	-112
1.22267	-105
1.22633	-97
1.23000	-97
1.23367	-102
1.23733	-106
1.24100	-108
1.24467	-109
1.24833	-111
1.25200	-111
1.25567	-109
1.25933	-106
1.26300	-106
1.26667	-107
1.27033	-113
1.27400	-120
1.27767	-123
1.28133	-122
1.28500	-117
1.28867	-111
1.29233	-107
1.29600	-106
1.29967	-107
1.30333	-107
1.30700	-107
1.31067	-108
1.31433	-110
1.31800	-115
1.32167	-118
1.32533	-119
1.32900	-120
1.33267	-124
1.33633	-127
1.34000	-125
1.34367	-117
1.34733	-107
1.35100	-100
1.35467	-96
1.35833	-97
1.36200	-102
1.36567	-108
1.36933	-113
1.37300	-116
1.37667	-121
1.38033	-125
1.38400	-130
1.38767	-135
1.39133	-140
1.39500	-146
1.39867	-149
1.40233	-153
1.40600	-155
1.40967	-150
1.41333	-143
1.41700	-138
1.42067	-135
1.42433	-134
1.42800	-136
1.43167	-136
1.43533	-133
1.43900	-127
1.44267	-116
1.44633	-59
1.45000	112
1.45367	388
1.45733	764
1.46100	1318
1.46467	2101
1.46833	3016
1.47200	3868
1.47567	4473
1.47933	4710
1.48300	4540
1.48667	4027
1.49033	3322
1.49400	2583
1.49767	1922
1.50133	1385
1.50500	973
1.50867	670
1.51233	455
1.51600	304
1.51967	197
1.52333	120
1.52700	63
1.53067	25
1.53433	-3
1.53800	-23
1.54167	-32
1.54533	-7
1.54900	112
1.55267	380
1.55633	794
1.56000	1269
1.56367	1703
1.56733	2015
1.57100	2142
1.57467	2054
1.57833	1777
1.58200	1397
1.58567	1011
1.58933	674
1.59300	416
1.59667	236
1.60033	111
1.60400	31
1.60767	-22
1.61133	-59
1.61500	-86
1.61867	-106
1.62233	-119
1.62600	-129
1.62967	-133
1.63333	-133
1.63700	-132
1.64067	-129
1.64433	-127
1.64800	-127
1.65167	-133
1.65533	-144
1.65900	-157
1.66267	-165
1.66633	-171
1.67000	-172
1.67367	-170
1.67733	-167
1.68100	-163
1.68467	-158
1.68833	-149
1.69200	-140
1.69567	-135
1.69933	-137
1.70300	-143
1.70667	-148
1.71033	-153
1.71400	-157
1.71767	-160
1.72133	-162
1.72500	-160
1.72867	-158
1.73233	-158
1.73600	-160
1.73967	-159
1.74333	-157
1.74700	-152
1.75067	-147
1.75433	-149
1.75800	-153
1.76167	-155
1.76533	-160
1.76900	-163
1.77267	-158
1.77633	-148
1.78000	-140
1.78367	-136
1.78733	-136
1.79100	-138
1.79467	-144
1.79833	-151
1.80200	-157
1.80567	-159
1.80933	-156
1.81300	-151
1.81667	-149
1.82033	-148
1.82400	-151
1.82767	-154
1.83133	-155
1.83500	-154
1.83867	-153
1.84233	-150
1.84600	-146
1.84967	-142
1.85333	-138
1.85700	-139
1.86067	-144
1.86433	-151
1.86800	-159
1.87167	-162
1.87533	-160
1.87900	-156
1.88267	-153
1.88633	-154
1.89000	-156
1.89367	-156
1.89733	-156
1.90100	-157
1.90467	-158
1.90833	-159
1.91200	-158
1.91567	-158
1.91933	-160
1.92300	-158
1.92667	-152
1.93033	-145
1.93400	-139
1.93767	-136
1.94133	-136
1.94500	-135
1.94867	-132
1.95233	-133
1.95600	-132
1.95967	-101
1.96333	116
1.96700	1254
1.97067	5862
1.97433	20143
1.97800	54424
1.98167	118998
1.98533	215696
1.98900	332188
1.99267	444982
1.99633	529190
2.00000	567468
2.00367	555017
2.00733	499789
2.01100	418445
2.01467	329406
2.01833	246855
2.02200	178363
2.02567	125781
2.02933	87532
2.03300	60707
2.03667	42330
2.04033	29907
2.04400	21550
2.04767	15914
2.05133	12084
2.05500	9443
2.05867	7586
2.06233	6254
2.06600	5274
2.06967	4537
2.07333	3970
2.07700	3525
2.08067	3163
2.08433	2864
2.08800	2615
2.09167	2404
2.09533	2224
2.09900	2066
2.10267	1925
2.10633	1800
2.11000	1688
2.11367	1589
2.11733	1500
2.12100	1420
2.12467	1345
2.12833	1274
2.13200	1208
2.13567	1151
2.13933	1102
2.14300	1055
2.14667	1008
2.15033	962
2.15400	920
2.15767	882
2.16133	850
2.16500	820
2.16867	790
2.17233	762
2.17600	736
2.17967	712
2.18333	688
2.18700	664
2.19067	640
2.19433	617
2.19800	600
2.20167	584
2.20533	569
2.20900	555
2.21267	543
2.21633	533
2.22000	520
2.22367	505
2.22733	488
2.23100	469
2.23467	450
2.23833	436
2.24200	426
2.24567	417
2.24933	404
2.25300	386
2.25667	370
2.26033	358
2.26400	351
2.26767	347
2.27133	346
2.27500	343
2.27867	339
2.28233	333
2.28600	326
2.28967	316
2.29333	306
2.29700	296
2.30067	286
2.30433	279
2.30800	272
2.31167	266
2.31533	264
2.31900	265
2.32267	265
2.32633	258
2.33000	247
2.33367	238
2.33733	232
2.34100	229
2.34467	226
2.34833	222
2.35200	218
2.35567	213
2.35933	211
2.36300	213
2.36667	213
2.37033	207
2.37400	198
2.37767	189
2.38133	182
2.38500	177
2.38867	173
2.39233	170
2.39600	171
2.39967	175
2.40333	182
2.40700	187
2.41067	188
2.41433	183
2.41800	176
2.42167	173
2.42533	172
2.42900	172
2.43267	172
2.43633	171
2.44000	168
2.44367	164
2.44733	160
2.45100	157
2.45467	158
2.45833	160
2.46200	159
2.46567	153
2.46933	147
2.47300	143
2.47667	140
2.48033	136
2.48400	131
2.48767	128
2.49133	128
2.49500	131
2.49867	134
2.50233	136
2.50600	140
2.50967	144
2.51333	144
2.51700	141
2.52067	136
2.52433	129
2.52800	119
2.53167	109
2.53533	104
2.53900	105
2.54267	112
2.54633	120
2.55000	125
2.55367	128
2.55733	127
2.56100	123
2.56467	117
2.56833	109
2.57200	101
2.57567	96
2.57933	92
2.58300	92
2.58667	95
2.59033	99
2.59400	100
2.59767	96
2.60133	91
2.60500	85
2.60867	80
2.61233	77
2.61600	73
2.61967	72
2.62333	72
2.62700	70
2.63067	66
2.63433	66
2.63800	72
2.64167	82
2.64533	90
2.64900	95
2.65267	95
2.65633	92
2.66000	86
2.66367	81
2.66733	78
2.67100	75
2.67467	74
2.67833	72
2.68200	67
2.68567	63
2.68933	60
2.69300	62
2.69667	66
2.70033	68
2.70400	68
2.70767	64
2.71133	60
2.71500	55
2.71867	51
2.72233	49
2.72600	52
2.72967	55
2.73333	57
2.73700	55
2.74067	54
2.74433	53
2.74800	53
2.75167	58
2.75533	64
2.75900	68
2.76267	69
2.76633	68
2.77000	66
2.77367	66
2.77733	68
2.78100	68
2.78467	66
2.78833	66
2.79200	70
2.79567	76
2.79933	81
2.80300	80
2.80667	77
2.81033	75
2.81400	75
2.81767	73
2.82133	72
2.82500	70
2.82867	69
2.83233	65
2.83600	62
2.83967	62
2.84333	59
2.84700	59
2.85067	62
2.85433	62
2.85800	64
2.86167	66
2.86533	63
2.86900	58
2.87267	52
2.87633	50
2.88000	54
2.88367	62
2.88733	69
2.89100	74
2.89467	78
2.89833	79
2.90200	78
2.90567	75
2.90933	71
2.91300	66
2.91667	60
2.92033	56
2.92400	56
2.92767	56
2.93133	54
2.93500	50
2.93867	47
2.94233	46
2.94600	47
2.94967	49
2.95333	50
2.95700	53
2.96067	57
2.96433	60
2.96800	63
2.97167	67
2.97533	70
2.97900	71
2.98267	70
2.98633	68
2.99000	70
2.99367	76
2.99733	81
3.00100	84
3.00467	84
3.00833	84
3.01200	85
3.01567	83
3.01933	80
3.02300	75
3.02667	70
3.03033	67
3.03400	64
3.03767	65
3.04133	66
3.04500	67
3.04867	66
3.05233	66
3.05600	67
3.05967	64
3.06333	60
3.06700	56
3.07067	54
3.07433	52
3.07800	50
3.08167	50
3.08533	51
3.08900	55
3.09267	57
3.09633	59
3.10000	60
3.10367	61
3.10733	66
3.11100	68
3.11467	70
3.11833	70
3.12200	66
3.12567	58
3.12933	52
3.13300	49
3.13667	50
3.14033	52
3.14400	53
3.14767	51
3.15133	47
3.15500	44
3.15867	44
3.16233	45
3.16600	46
3.16967	48
3.17333	50
3.17700	51
3.18067	52
3.18433	52
3.18800	53
3.19167	56
3.19533	61
3.19900	61
3.20267	58
3.20633	54
3.21000	53
3.21367	52
3.21733	52
3.22100	49
3.22467	44
3.22833	38
3.23200	32
3.23567	31
3.23933	31
3.24300	32
3.24667	31
3.25033	32
3.25400	36
3.25767	40
3.26133	43
3.26500	45
3.26867	47
3.27233	45
3.27600	42
3.27967	43
3.28333	47
3.28700	52
3.29067	54
3.29433	52
3.29800	49
3.30167	47
3.30533	47
3.30900	49
3.31267	53
3.31633	55
3.32000	54
3.32367	49
3.32733	44
3.33100	43
3.33467	43
3.33833	41
3.34200	39
3.34567	39
3.34933	38
3.35300	36
3.35667	28
3.36033	27
3.36400	26
3.36767	27
3.37133	28
3.37500	26
3.37867	23
3.38233	21
3.38600	19
3.38967	19
3.39333	19
3.39700	17
3.40067	13
3.40433	10
3.40800	11
3.41167	16
3.41533	20
3.41900	23
3.42267	26
3.42633	30
3.43000	34
3.43367	39
3.43733	40
3.44100	37
3.44467	34
3.44833	32
3.45200	29
3.45567	25
3.45933	22
3.46300	22
3.46667	26
3.47033	30
3.47400	35
3.47767	40
3.48133	44
3.48500	45
3.48867	47
3.49233	50
3.49600	49
3.49967	40
3.50333	29
3.50700	20
3.51067	9
3.51433	2
3.51800	-0
3.52167	0
3.52533	2
3.52900	7
3.53267	13
3.53633	21
3.54000	27
3.54367	29
3.54733	26
3.55100	20
3.55467	13
3.55833	5
3.56200	-2
3.56567	-7
3.56933	-9
3.57300	-8
3.57667	-5
3.58033	0
3.58400	7
3.58767	13
3.59133	17
3.59500	23
3.59867	28
3.60233	31
3.60600	28
3.60967	21
3.61333	11
3.61700	5
3.62067	1
3.62433	-1
3.62800	-2
3.63167	-5
3.63533	-11
3.63900	-20
3.64267	-27
3.64633	-29
3.65000	-24
3.65367	-17
3.65733	-7
3.66100	1
3.66467	5
3.66833	4
3.67200	4
3.67567	6
3.67933	9
3.68300	10
3.68667	7
3.69033	1
3.69400	-7
3.69767	-13
3.70133	-16
3.70500	-14
3.70867	-8
3.71233	-0
3.71600	3
3.71967	3
3.72333	2
3.72700	1
3.73067	2
3.73433	3
3.73800	5
3.74167	8
3.74533	8
3.74900	2
3.75267	-4
3.75633	-10
3.76000	-15
3.76367	-15
3.76733	-11
3.77100	-2
3.77467	6
3.77833	14
3.78200	23
3.78567	28
3.78933	26
3.79300	15
3.79667	-1
3.80033	-16
3.80400	-24
3.80767	-24
3.81133	-20
3.81500	-17
3.81867	-14
3.82233	-11
3.82600	-7
3.82967	-5
3.83333	-7
3.83700	-11
3.84067	-16
3.84433	-19
3.84800	-16
3.85167	-14
3.85533	-17
3.85900	-21
3.86267	-21
3.86633	-17
3.87000	-12
3.87367	-8
3.87733	-9
3.88100	-13
3.88467	-16
3.88833	-18
3.89200	-22
3.89567	-28
3.89933	-29
3.90300	-26
3.90667	-21
3.91033	-17
3.91400	-17
3.91767	-16
3.92133	-13
3.92500	-10
3.92867	-9
3.93233	-9
3.93600	-10
3.93967	-14
3.94333	-17
3.94700	-16
3.95067	-14
3.95433	-13
3.95800	-15
3.96167	-19
3.96533	-22
3.96900	-24
3.97267	-20
3.97633	-10
3.98000	-3
3.98367	-2
3.98733	-7
3.99100	-13
3.99467	-16
3.99833	-15

[Chromatogram (Ch2)]
Interval(msec)	220
# of Points	1091
Start Time(min)	0.002
End Time(min)	3.998
R.Time (min)	Intensity
0.00167	-0
0.00533	-1
0.00900	-1
0.01267	-1
0.01633	-2
0.02000	-2
0.02367	-3
0.02733	-3
0.03100	-3
0.03467	-4
0.03833	-4
0.04200	-4
0.04567	-4
0.04933	-4
0.05300	-4
0.05667	-5
0.06033	-5
0.06400	-5
0.06767	-5
0.07133	-6
0.07500	-6
0.07867	-6
0.08233	-5
0.08600	-5
0.08967	-4
0.09333	-4
0.09700	-3
0.10067	-3
0.10433	-2
0.10800	-2
0.11167	-1
0.11533	-1
0.11900	-1
0.12267	-1
0.12633	-0
0.13000	-0
0.13367	-0
0.13733	-0
0.14100	-0
0.14467	-1
0.14833	-0
0.15200	-0
0.15567	-1
0.15933	-1
0.16300	-1
0.16667	-1
0.17033	-1
0.17400	-1
0.17767	-1
0.18133	-1
0.18500	-1
0.18867	-1
0.19233	-1
0.19600	-1
0.19967	-1
0.20333	-1
0.20700	-1
0.21067	-0
0.21433	0
0.21800	0
0.22167	1
0.22533	1
0.22900	1
0.23267	1
0.23633	0
0.24000	0
0.24367	0
0.24733	-0
0.25100	-0
0.25467	0
0.25833	0
0.26200	-0
0.26567	0
0.26933	0
0.27300	0
0.27667	1
0.28033	1
0.28400	1
0.28767	0
0.29133	0
0.29500	0
0.29867	0
0.30233	0
0.30600	0
0.30967	0
0.31333	-0
0.31700	-0
0.32067	-0
0.32433	-1
0.32800	-1
0.33167	-1
0.33533	-1
0.33900	-1
0.34267	-1
0.34633	-1
0.35000	-1
0.35367	-1
0.35733	-1
0.36100	-1
0.36467	-1
0.36833	-1
0.37200	-2
0.37567	-2
0.37933	-2
0.38300	-1
0.38667	-1
0.39033	-1
0.39400	-1
0.39767	-1
0.40133	-1
0.40500	-1
0.40867	-1
0.41233	-1
0.41600	-1
0.41967	-1
0.42333	-1
0.42700	-1
0.43067	-1
0.43433	-2
0.43800	-2
0.44167	-2
0.44533	-2
0.44900	-2
0.45267	-1
0.45633	-1
0.46000	-1
0.46367	-1
0.46733	-1
0.47100	-1
0.47467	-1
0.47833	-1
0.48200	-1
0.48567	-1
0.48933	-1
0.49300	-2
0.49667	-2
0.50033	-2
0.50400	-2
0.50767	-2
0.51133	-2
0.51500	-2
0.51867	-2
0.52233	-2
0.52600	-2
0.52967	-2
0.53333	-2
0.53700	-2
0.54067	-2
0.54433	-2
0.54800	-2
0.55167	-2
0.55533	-2
0.55900	-2
0.56267	-2
0.56633	-2
0.57000	-3
0.57367	-3
0.57733	-2
0.58100	-2
0.58467	-2
0.58833	-2
0.59200	-2
0.59567	-2
0.59933	-2
0.60300	-2
0.60667	-2
0.61033	-2
0.61400	-2
0.61767	-2
0.62133	-2
0.62500	-2
0.62867	-2
0.63233	-2
0.63600	-2
0.63967	-2
0.64333	-2
0.64700	-2
0.65067	-3
0.65433	-3
0.65800	-3
0.66167	-3
0.66533	-3
0.66900	-3
0.67267	-3
0.67633	-3
0.68000	-3
0.68367	-3
0.68733	-3
0.69100	-3
0.69467	-2
0.69833	-2
0.70200	-2
0.70567	-2
0.70933	-2
0.71300	-2
0.71667	-2
0.72033	-2
0.72400	-2
0.72767	-2
0.73133	-2
0.73500	-2
0.73867	-2
0.74233	-2
0.74600	-2
0.74967	-2
0.75333	-3
0.75700	-3
0.76067	-3
0.76433	-3
0.76800	-3
0.77167	-3
0.77533	-3
0.77900	-3
0.78267	-3
0.78633	-3
0.79000	-3
0.79367	-3
0.79733	-3
0.80100	-3
0.80467	-3
0.80833	-3
0.81200	-2
0.81567	-2
0.81933	-2
0.82300	-2
0.82667	-2
0.83033	-2
0.83400	-2
0.83767	-2
0.84133	-2
0.84500	-2
0.84867	-1
0.85233	-2
0.85600	-2
0.85967	-2
0.86333	-2
0.86700	-2
0.87067	-2
0.87433	-2
0.87800	-2
0.88167	-2
0.88533	-2
0.88900	-3
0.89267	-3
0.89633	-3
0.90000	-3
0.90367	-3
0.90733	-3
0.91100	-3
0.91467	-3
0.91833	-3
0.92200	-4
0.92567	-4
0.92933	-4
0.93300	-4
0.93667	-4
0.94033	-4
0.94400	-4
0.94767	-4
0.95133	-4
0.95500	-4
0.95867	-4
0.96233	-4
0.96600	-4
0.96967	-4
0.97333	-4
0.97700	-3
0.98067	-3
0.98433	-3
0.98800	-3
0.99167	-3
0.99533	-3
0.99900	-3
1.00267	-3
1.00633	-3
1.01000	-3
1.01367	-3
1.01733	-3
1.02100	-3
1.02467	-3
1.02833	-3
1.03200	-3
1.03567	-3
1.03933	-3
1.04300	-3
1.04667	-3
1.05033	-3
1.05400	-3
1.05767	-3
1.06133	-3
1.06500	-4
1.06867	-4
1.07233	-4
1.07600	-4
1.07967	-4
1.08333	-4
1.08700	-4
1.09067	-4
1.09433	-4
1.09800	-4
1.10167	-4
1.10533	-4
1.10900	-3
1.11267	-3
1.11633	-3
1.12000	-3
1.12367	-3
1.12733	-3
1.13100	-3
1.13467	-3
1.13833	-3
1.14200	-3
1.14567	-3
1.14933	-4
1.15300	-4
1.15667	-4
1.16033	-4
1.16400	-4
1.16767	-5
1.17133	-5
1.17500	-5
1.17867	-5
1.18233	-5
1.18600	-5
1.18967	-4
1.19333	-4
1.19700	-4
1.20067	-4
1.20433	-4
1.20800	-4
1.21167	-4
1.21533	-4
1.21900	-4
1.22267	-3
1.22633	-4
1.23000	-4
1.23367	-4
1.23733	-4
1.24100	-4
1.24467	-4
1.24833	-4
1.25200	-4
1.25567	-4
1.25933	-4
1.26300	-5
1.26667	-5
1.27033	-5
1.27400	-4
1.27767	-4
1.28133	-4
1.28500	-4
1.28867	-4
1.29233	-4
1.29600	-4
1.29967	-4
1.30333	-4
1.30700	-4
1.31067	-4
1.31433	-4
1.31800	-4
1.32167	-4
1.32533	-4
1.32900	-4
1.33267	-4
1.33633	-4
1.34000	-4
1.34367	-4
1.34733	-4
1.35100	-3
1.35467	-3
1.35833	-3
1.36200	-3
1.36567	-3
1.36933	-3
1.37300	-3
1.37667	-3
1.38033	-3
1.38400	-3
1.38767	-4
1.39133	-4
1.39500	-4
1.39867	-4
1.40233	-4
1.40600	-4
1.40967	-5
1.41333	-5
1.41700	-5
1.42067	-5
1.42433	-5
1.42800	-6
1.43167	-5
1.43533	-5
1.43900	-5
1.44267	-5
1.44633	-5
1.45000	-5
1.45367	-5
1.45733	-5
1.46100	-5
1.46467	-5
1.46833	-5
1.47200	-5
1.47567	-5
1.47933	-5
1.48300	-5
1.48667	-5
1.49033	-5
1.49400	-5
1.49767	-5
1.50133	-5
1.50500	-5
1.50867	-5
1.51233	-5
1.51600	-5
1.51967	-5
1.52333	-5
1.52700	-5
1.53067	-5
1.53433	-5
1.53800	-5
1.54167	-5
1.54533	-5
1.54900	-4
1.55267	-4
1.55633	-4
1.56000	-4
1.56367	-4
1.56733	-4
1.57100	-4
1.57467	-4
1.57833	-4
1.58200	-4
1.58567	-4
1.58933	-5
1.59300	-5
1.59667	-5
1.60033	-6
1.60400	-7
1.60767	-8
1.61133	-10
1.61500	-12
1.61867	-14
1.62233	-17
1.62600	-19
1.62967	-22
1.63333	-26
1.63700	-29
1.64067	-32
1.64433	-36
1.64800	-40
1.65167	-44
1.65533	-48
1.65900	-51
1.66267	-55
1.66633	-59
1.67000	-63
1.67367	-67
1.67733	-71
1.68100	-76
1.68467	-80
1.68833	-85
1.69200	-89
1.69567	-93
1.69933	-96
1.70300	-99
1.70667	-102
1.71033	-104
1.71400	-106
1.71767	-107
1.72133	-108
1.72500	-109
1.72867	-110
1.73233	-112
1.73600	-113
1.73967	-113
1.74333	-114
1.74700	-114
1.75067	-114
1.75433	-115
1.75800	-115
1.76167	-115
1.76533	-115
1.76900	-115
1.77267	-114
1.77633	-114
1.78000	-114
1.78367	-114
1.78733	-114
1.79100	-114
1.79467	-115
1.79833	-115
1.80200	-116
1.80567	-117
1.80933	-118
1.81300	-119
1.81667	-120
1.82033	-120
1.82400	-121
1.82767	-121
1.83133	-121
1.83500	-122
1.83867	-122
1.84233	-121
1.84600	-121
1.84967	-121
1.85333	-121
1.85700	-120
1.86067	-120
1.86433	-119
1.86800	-119
1.87167	-119
1.87533	-119
1.87900	-118
1.88267	-118
1.88633	-117
1.89000	-117
1.89367	-117
1.89733	-117
1.90100	-117
1.90467	-117
1.90833	-117
1.91200	-118
1.91567	-118
1.91933	-118
1.92300	-118
1.92667	-118
1.93033	-118
1.93400	-118
1.93767	-117
1.94133	-117
1.94500	-116
1.94867	-116
1.95233	-116
1.95600	-116
1.95967	-116
1.96333	-116
1.96700	-116
1.97067	-115
1.97433	-114
1.97800	-114
1.98167	-114
1.98533	-114
1.98900	-114
1.99267	-114
1.99633	-114
2.00000	-114
2.00367	-114
2.00733	-113
2.01100	-113
2.01467	-112
2.01833	-112
2.02200	-112
2.02567	-111
2.02933	-111
2.03300	-110
2.03667	-110
2.04033	-110
2.04400	-109
2.04767	-109
2.05133	-109
2.05500	-108
2.05867	-108
2.06233	-108
2.06600	-108
2.06967	-107
2.07333	-107
2.07700	-107
2.08067	-106
2.08433	-106
2.08800	-105
2.09167	-105
2.09533	-105
2.09900	-105
2.10267	-105
2.10633	-104
2.11000	-104
2.11367	-103
2.11733	-103
2.12100	-103
2.12467	-103
2.12833	-103
2.13200	-102
2.13567	-101
2.13933	-100
2.14300	-99
2.14667	-99
2.15033	-99
2.15400	-99
2.15767	-99
2.16133	-100
2.16500	-100
2.16867	-100
2.17233	-100
2.17600	-100
2.17967	-99
2.18333	-99
2.18700	-99
2.19067	-98
2.19433	-98
2.19800	-98
2.20167	-97
2.20533	-97
2.20900	-96
2.21267	-96
2.21633	-95
2.22000	-95
2.22367	-94
2.22733	-94
2.23100	-94
2.23467	-94
2.23833	-94
2.24200	-94
2.24567	-94
2.24933	-93
2.25300	-93
2.25667	-93
2.26033	-93
2.26400	-93
2.26767	-93
2.27133	-93
2.27500	-94
2.27867	-94
2.28233	-94
2.28600	-94
2.28967	-94
2.29333	-93
2.29700	-93
2.30067	-92
2.30433	-91
2.30800	-89
2.31167	-89
2.31533	-88
2.31900	-88
2.32267	-88
2.32633	-87
2.33000	-87
2.33367	-86
2.33733	-86
2.34100	-85
2.34467	-84
2.34833	-83
2.35200	-83
2.35567	-82
2.35933	-82
2.36300	-82
2.36667	-81
2.37033	-81
2.37400	-79
2.37767	-77
2.38133	-75
2.38500	-72
2.38867	-68
2.39233	-64
2.39600	-61
2.39967	-57
2.40333	-53
2.40700	-48
2.41067	-44
2.41433	-40
2.41800	-36
2.42167	-33
2.42533	-29
2.42900	-26
2.43267	-23
2.43633	-21
2.44000	-18
2.44367	-16
2.44733	-14
2.45100	-12
2.45467	-10
2.45833	-8
2.46200	-7
2.46567	-5
2.46933	-3
2.47300	-1
2.47667	0
2.48033	1
2.48400	2
2.48767	2
2.49133	3
2.49500	4
2.49867	4
2.50233	5
2.50600	5
2.50967	6
2.51333	6
2.51700	7
2.52067	7
2.52433	8
2.52800	9
2.53167	9
2.53533	10
2.53900	11
2.54267	12
2.54633	13
2.55000	14
2.55367	14
2.55733	15
2.56100	15
2.56467	15
2.56833	15
2.57200	15
2.57567	16
2.57933	16
2.58300	16
2.58667	17
2.59033	17
2.59400	17
2.59767	17
2.60133	16
2.60500	16
2.60867	16
2.61233	15
2.61600	15
2.61967	15
2.62333	16
2.62700	16
2.63067	16
2.63433	17
2.63800	17
2.64167	18
2.64533	18
2.64900	19
2.65267	19
2.65633	19
2.66000	19
2.66367	19
2.66733	18
2.67100	19
2.67467	19
2.67833	19
2.68200	20
2.68567	20
2.68933	21
2.69300	21
2.69667	21
2.70033	22
2.70400	21
2.70767	21
2.71133	21
2.71500	21
2.71867	20
2.72233	20
2.72600	20
2.72967	20
2.73333	20
2.73700	20
2.74067	21
2.74433	21
2.74800	22
2.75167	22
2.75533	23
2.75900	23
2.76267	23
2.76633	23
2.77000	24
2.77367	24
2.77733	24
2.78100	24
2.78467	24
2.78833	24
2.79200	24
2.79567	24
2.79933	24
2.80300	23
2.80667	23
2.81033	23
2.81400	22
2.81767	22
2.82133	22
2.82500	22
2.82867	23
2.83233	23
2.83600	23
2.83967	23
2.84333	23
2.84700	23
2.85067	23
2.85433	23
2.85800	23
2.86167	22
2.86533	20
2.86900	17
2.87267	12
2.87633	4
2.88000	-7
2.88367	-22
2.88733	-41
2.89100	-63
2.89467	-90
2.89833	-120
2.90200	-154
2.90567	-191
2.90933	-231
2.91300	-273
2.91667	-317
2.92033	-363
2.92400	-409
2.92767	-457
2.93133	-505
2.93500	-553
2.93867	-602
2.94233	-652
2.94600	-706
2.94967	-764
2.95333	-821
2.95700	-867
2.96067	-894
2.96433	-898
2.96800	-880
2.97167	-843
2.97533	-793
2.97900	-733
2.98267	-668
2.98633	-602
2.99000	-536
2.99367	-474
2.99733	-416
3.00100	-362
3.00467	-314
3.00833	-271
3.01200	-232
3.01567	-198
3.01933	-169
3.02300	-143
3.02667	-121
3.03033	-101
3.03400	-85
3.03767	-71
3.04133	-58
3.04500	-48
3.04867	-39
3.05233	-31
3.05600	-25
3.05967	-19
3.06333	-15
3.06700	-11
3.07067	-7
3.07433	-4
3.07800	-2
3.08167	0
3.08533	2
3.08900	4
3.09267	6
3.09633	7
3.10000	8
3.10367	9
3.10733	10
3.11100	11
3.11467	12
3.11833	12
3.12200	13
3.12567	13
3.12933	14
3.13300	14
3.13667	15
3.14033	15
3.14400	15
3.14767	16
3.15133	16
3.15500	16
3.15867	16
3.16233	17
3.16600	17
3.16967	17
3.17333	17
3.17700	17
3.18067	17
3.18433	17
3.18800	18
3.19167	18
3.19533	18
3.19900	18
3.20267	18
3.20633	18
3.21000	18
3.21367	18
3.21733	19
3.22100	19
3.22467	19
3.22833	19
3.23200	19
3.23567	20
3.23933	20
3.24300	20
3.24667	21
3.25033	21
3.25400	20
3.25767	20
3.26133	20
3.26500	20
3.26867	20
3.27233	20
3.27600	20
3.27967	20
3.28333	20
3.28700	20
3.29067	20
3.29433	20
3.29800	20
3.30167	20
3.30533	20
3.30900	20
3.31267	21
3.31633	21
3.32000	21
3.32367	21
3.32733	22
3.33100	22
3.33467	22
3.33833	22
3.34200	23
3.34567	23
3.34933	23
3.35300	23
3.35667	23
3.36033	24
3.36400	24
3.36767	24
3.37133	24
3.37500	25
3.37867	25
3.38233	25
3.38600	26
3.38967	26
3.39333	26
3.39700	27
3.40067	27
3.40433	27
3.40800	27
3.41167	27
3.41533	27
3.41900	27
3.42267	27
3.42633	27
3.43000	27
3.43367	27
3.43733	27
3.44100	27
3.44467	27
3.44833	27
3.45200	27
3.45567	27
3.45933	27
3.46300	27
3.46667	27
3.47033	27
3.47400	26
3.47767	26
3.48133	26
3.48500	26
3.48867	25
3.49233	25
3.49600	25
3.49967	25
3.50333	25
3.50700	25
3.51067	25
3.51433	25
3.51800	25
3.52167	25
3.52533	25
3.52900	24
3.53267	24
3.53633	24
3.54000	24
3.54367	24
3.54733	24
3.55100	24
3.55467	24
3.55833	24
3.56200	24
3.56567	23
3.56933	23
3.57300	23
3.57667	23
3.58033	23
3.58400	23
3.58767	23
3.59133	23
3.59500	23
3.59867	23
3.60233	23
3.60600	23
3.60967	23
3.61333	23
3.61700	23
3.62067	23
3.62433	23
3.62800	23
3.63167	23
3.63533	23
3.63900	23
3.64267	23
3.64633	23
3.65000	23
3.65367	23
3.65733	23
3.66100	23
3.66467	23
3.66833	23
3.67200	23
3.67567	23
3.67933	23
3.68300	23
3.68667	23
3.69033	23
3.69400	23
3.69767	23
3.70133	23
3.70500	23
3.70867	23
3.71233	23
3.71600	23
3.71967	23
3.72333	23
3.72700	23
3.73067	23
3.73433	23
3.73800	23
3.74167	23
3.74533	23
3.74900	23
3.75267	23
3.75633	23
3.76000	23
3.76367	23
3.76733	23
3.77100	23
3.77467	23
3.77833	23
3.78200	23
3.78567	23
3.78933	23
3.79300	23
3.79667	23
3.80033	22
3.80400	22
3.80767	22
3.81133	22
3.81500	22
3.81867	23
3.82233	23
3.82600	23
3.82967	23
3.83333	23
3.83700	23
3.84067	23
3.84433	23
3.84800	23
3.85167	23
3.85533	23
3.85900	23
3.86267	23
3.86633	23
3.87000	23
3.87367	23
3.87733	23
3.88100	23
3.88467	23
3.88833	23
3.89200	23
3.89567	22
3.89933	22
3.90300	22
3.90667	22
3.91033	22
3.91400	22
3.91767	22
3.92133	22
3.92500	22
3.92867	22
3.93233	22
3.93600	22
3.93967	22
3.94333	22
3.94700	22
3.95067	23
3.95433	23
3.95800	23
3.96167	23
3.96533	23
3.96900	23
3.97267	23
3.97633	23
3.98000	23
3.98367	23
3.98733	23
3.99100	23
3.99467	23
3.99833	22

[Chromatogram (Ch3)]
Interval(msec)	220
# of Points	1091
Start Time(min)	0.002
End Time(min)	3.998
R.Time (min)	Intensity
0.00167	0
0.00533	-2
0.00900	-3
0.01267	-4
0.01633	-4
0.02000	-3
0.02367	-4
0.02733	-3
0.03100	-1
0.03467	-0
0.03833	1
0.04200	1
0.04567	-1
0.04933	0
0.05300	2
0.05667	2
0.06033	1
0.06400	1
0.06767	2
0.07133	3
0.07500	4
0.07867	5
0.08233	5
0.08600	2
0.08967	1
0.09333	3
0.09700	3
0.10067	3
0.10433	3
0.10800	2
0.11167	1
0.11533	0
0.11900	0
0.12267	-2
0.12633	-4
0.13000	-4
0.13367	-4
0.13733	-2
0.14100	1
0.14467	1
0.14833	3
0.15200	5
0.15567	7
0.15933	10
0.16300	10
0.16667	7
0.17033	4
0.17400	5
0.17767	7
0.18133	9
0.18500	9
0.18867	6
0.19233	3
0.19600	3
0.19967	6
0.20333	7
0.20700	8
0.21067	7
0.21433	8
0.21800	7
0.22167	7
0.22533	6
0.22900	5
0.23267	4
0.23633	4
0.24000	5
0.24367	6
0.24733	7
0.25100	8
0.25467	6
0.25833	5
0.26200	6
0.26567	9
0.26933	13
0.27300	12
0.27667	9
0.28033	8
0.28400	7
0.28767	9
0.29133	11
0.29500	11
0.29867	12
0.30233	11
0.30600	9
0.30967	9
0.31333	10
0.31700	12
0.32067	14
0.32433	13
0.32800	12
0.33167	11
0.33533	9
0.33900	9
0.34267	11
0.34633	14
0.35000	13
0.35367	10
0.35733	11
0.36100	14
0.36467	16
0.36833	18
0.37200	18
0.37567	17
0.37933	18
0.38300	18
0.38667	19
0.39033	21
0.39400	21
0.39767	21
0.40133	22
0.40500	20
0.40867	19
0.41233	19
0.41600	17
0.41967	16
0.42333	17
0.42700	18
0.43067	17
0.43433	15
0.43800	14
0.44167	16
0.44533	17
0.44900	17
0.45267	16
0.45633	17
0.46000	20
0.46367	22
0.46733	23
0.47100	23
0.47467	19
0.47833	17
0.48200	17
0.48567	19
0.48933	19
0.49300	19
0.49667	20
0.50033	22
0.50400	24
0.50767	25
0.51133	25
0.51500	24
0.51867	24
0.52233	24
0.52600	24
0.52967	25
0.53333	24
0.53700	22
0.54067	20
0.54433	20
0.54800	20
0.55167	20
0.55533	19
0.55900	21
0.56267	24
0.56633	25
0.57000	26
0.57367	27
0.57733	26
0.58100	23
0.58467	20
0.58833	19
0.59200	19
0.59567	19
0.59933	21
0.60300	24
0.60667	27
0.61033	27
0.61400	29
0.61767	29
0.62133	29
0.62500	29
0.62867	29
0.63233	29
0.63600	29
0.63967	29
0.64333	29
0.64700	30
0.65067	30
0.65433	28
0.65800	28
0.66167	26
0.66533	26
0.66900	27
0.67267	26
0.67633	25
0.68000	28
0.68367	31
0.68733	31
0.69100	30
0.69467	29
0.69833	29
0.70200	28
0.70567	27
0.70933	27
0.71300	27
0.71667	27
0.72033	27
0.72400	27
0.72767	30
0.73133	32
0.73500	30
0.73867	28
0.74233	29
0.74600	30
0.74967	32
0.75333	35
0.75700	34
0.76067	32
0.76433	31
0.76800	31
0.77167	31
0.77533	31
0.77900	32
0.78267	33
0.78633	32
0.79000	31
0.79367	30
0.79733	30
0.80100	32
0.80467	32
0.80833	33
0.81200	35
0.81567	35
0.81933	34
0.82300	32
0.82667	32
0.83033	33
0.83400	33
0.83767	33
0.84133	34
0.84500	34
0.84867	34
0.85233	35
0.85600	35
0.85967	35
0.86333	34
0.86700	33
0.87067	34
0.87433	35
0.87800	35
0.88167	34
0.88533	35
0.88900	34
0.89267	34
0.89633	34
0.90000	34
0.90367	32
0.90733	29
0.91100	31
0.91467	32
0.91833	34
0.92200	34
0.92567	34
0.92933	33
0.93300	35
0.93667	37
0.94033	41
0.94400	43
0.94767	43
0.95133	41
0.95500	39
0.95867	37
0.96233	35
0.96600	36
0.96967	36
0.97333	37
0.97700	37
0.98067	37
0.98433	37
0.98800	35
0.99167	35
0.99533	35
0.99900	37
1.00267	39
1.00633	42
1.01000	43
1.01367	41
1.01733	41
1.02100	39
1.02467	38
1.02833	37
1.03200	39
1.03567	41
1.03933	42
1.04300	41
1.04667	40
1.05033	42
1.05400	43
1.05767	44
1.06133	43
1.06500	42
1.06867	41
1.07233	39
1.07600	37
1.07967	36
1.08333	36
1.08700	39
1.09067	42
1.09433	41
1.09800	39
1.10167	37
1.10533	37
1.10900	40
1.11267	40
1.11633	38
1.12000	38
1.12367	39
1.12733	37
1.13100	36
1.13467	35
1.13833	33
1.14200	32
1.14567	30
1.14933	29
1.15300	30
1.15667	31
1.16033	33
1.16400	37
1.16767	41
1.17133	41
1.17500	38
1.17867	35
1.18233	34
1.18600	34
1.18967	35
1.19333	36
1.19700	35
1.20067	36
1.20433	38
1.20800	39
1.21167	37
1.21533	35
1.21900	36
1.22267	38
1.22633	40
1.23000	40
1.23367	40
1.23733	39
1.24100	37
1.24467	36
1.24833	35
1.25200	35
1.25567	37
1.25933	37
1.26300	39
1.26667	41
1.27033	42
1.27400	38
1.27767	36
1.28133	34
1.28500	34
1.28867	33
1.29233	34
1.29600	36
1.29967	37
1.30333	37
1.30700	35
1.31067	34
1.31433	34
1.31800	35
1.32167	36
1.32533	35
1.32900	34
1.33267	32
1.33633	33
1.34000	34
1.34367	37
1.34733	40
1.35100	41
1.35467	41
1.35833	41
1.36200	40
1.36567	39
1.36933	38
1.37300	36
1.37667	34
1.38033	32
1.38400	31
1.38767	30
1.39133	29
1.39500	30
1.39867	29
1.40233	29
1.40600	29
1.40967	29
1.41333	32
1.41700	36
1.42067	39
1.42433	40
1.42800	40
1.43167	39
1.43533	38
1.43900	37
1.44267	37
1.44633	37
1.45000	36
1.45367	35
1.45733	33
1.46100	33
1.46467	33
1.46833	32
1.47200	30
1.47567	30
1.47933	31
1.48300	31
1.48667	32
1.49033	34
1.49400	36
1.49767	34
1.50133	32
1.50500	31
1.50867	32
1.51233	31
1.51600	30
1.51967	30
1.52333	31
1.52700	33
1.53067	34
1.53433	33
1.53800	32
1.54167	33
1.54533	33
1.54900	35
1.55267	35
1.55633	35
1.56000	35
1.56367	37
1.56733	36
1.57100	35
1.57467	33
1.57833	31
1.58200	30
1.58567	30
1.58933	28
1.59300	26
1.59667	24
1.60033	25
1.60400	27
1.60767	28
1.61133	27
1.61500	27
1.61867	29
1.62233	30
1.62600	30
1.62967	31
1.63333	32
1.63700	32
1.64067	33
1.64433	33
1.64800	34
1.65167	36
1.65533	38
1.65900	38
1.66267	37
1.66633	36
1.67000	34
1.67367	34
1.67733	36
1.68100	35
1.68467	34
1.68833	35
1.69200	36
1.69567	37
1.69933	37
1.70300	38
1.70667	38
1.71033	38
1.71400	39
1.71767	41
1.72133	40
1.72500	38
1.72867	36
1.73233	35
1.73600	35
1.73967	34
1.74333	35
1.74700	39
1.75067	42
1.75433	42
1.75800	43
1.76167	46
1.76533	45
1.76900	44
1.77267	43
1.77633	43
1.78000	45
1.78367	48
1.78733	47
1.79100	47
1.79467	49
1.79833	50
1.80200	49
1.80567	49
1.80933	50
1.81300	52
1.81667	51
1.82033	51
1.82400	51
1.82767	50
1.83133	49
1.83500	50
1.83867	53
1.84233	52
1.84600	50
1.84967	48
1.85333	46
1.85700	43
1.86067	42
1.86433	41
1.86800	44
1.87167	47
1.87533	51
1.87900	54
1.88267	57
1.88633	56
1.89000	54
1.89367	54
1.89733	54
1.90100	55
1.90467	57
1.90833	58
1.91200	58
1.91567	57
1.91933	55
1.92300	54
1.92667	53
1.93033	54
1.93400	53
1.93767	51
1.94133	51
1.94500	56
1.94867	59
1.95233	61
1.95600	60
1.95967	58
1.96333	56
1.96700	56
1.97067	58
1.97433	62
1.97800	65
1.98167	67
1.98533	68
1.98900	70
1.99267	72
1.99633	75
2.00000	75
2.00367	74
2.00733	75
2.01100	73
2.01467	73
2.01833	74
2.02200	74
2.02567	74
2.02933	76
2.03300	78
2.03667	80
2.04033	83
2.04400	85
2.04767	84
2.05133	84
2.05500	84
2.05867	82
2.06233	81
2.06600	79
2.06967	78
2.07333	79
2.07700	81
2.08067	84
2.08433	85
2.08800	86
2.09167	88
2.09533	88
2.09900	87
2.10267	88
2.10633	91
2.11000	93
2.11367	95
2.11733	96
2.12100	98
2.12467	99
2.12833	100
2.13200	100
2.13567	100
2.13933	102
2.14300	104
2.14667	107
2.15033	108
2.15400	108
2.15767	110
2.16133	111
2.16500	112
2.16867	112
2.17233	115
2.17600	117
2.17967	121
2.18333	124
2.18700	124
2.19067	122
2.19433	121
2.19800	121
2.20167	123
2.20533	121
2.20900	118
2.21267	119
2.21633	120
2.22000	122
2.22367	125
2.22733	127
2.23100	129
2.23467	129
2.23833	131
2.24200	131
2.24567	128
2.24933	127
2.25300	129
2.25667	132
2.26033	134
2.26400	135
2.26767	134
2.27133	134
2.27500	138
2.27867	140
2.28233	140
2.28600	141
2.28967	144
2.29333	146
2.29700	148
2.30067	149
2.30433	148
2.30800	148
2.31167	149
2.31533	149
2.31900	151
2.32267	153
2.32633	154
2.33000	157
2.33367	160
2.33733	162
2.34100	162
2.34467	162
2.34833	166
2.35200	168
2.35567	169
2.35933	170
2.36300	171
2.36667	173
2.37033	174
2.37400	173
2.37767	172
2.38133	173
2.38500	173
2.38867	173
2.39233	174
2.39600	175
2.39967	178
2.40333	182
2.40700	187
2.41067	190
2.41433	194
2.41800	195
2.42167	195
2.42533	194
2.42900	194
2.43267	196
2.43633	199
2.44000	202
2.44367	222
2.44733	274
2.45100	331
2.45467	368
2.45833	379
2.46200	370
2.46567	359
2.46933	351
2.47300	345
2.47667	336
2.48033	322
2.48400	304
2.48767	283
2.49133	267
2.49500	252
2.49867	241
2.50233	235
2.50600	233
2.50967	234
2.51333	234
2.51700	236
2.52067	237
2.52433	235
2.52800	228
2.53167	215
2.53533	206
2.53900	196
2.54267	188
2.54633	179
2.55000	170
2.55367	164
2.55733	160
2.56100	158
2.56467	155
2.56833	152
2.57200	149
2.57567	145
2.57933	143
2.58300	144
2.58667	145
2.59033	144
2.59400	145
2.59767	148
2.60133	153
2.60500	158
2.60867	160
2.61233	159
2.61600	154
2.61967	145
2.62333	132
2.62700	111
2.63067	83
2.63433	55
2.63800	27
2.64167	0
2.64533	-22
2.64900	-39
2.65267	-54
2.65633	-65
2.66000	-71
2.66367	-75
2.66733	-75
2.67100	-75
2.67467	-72
2.67833	-66
2.68200	-61
2.68567	-58
2.68933	-55
2.69300	-51
2.69667	-47
2.70033	-41
2.70400	-34
2.70767	-26
2.71133	-19
2.71500	-13
2.71867	-8
2.72233	-3
2.72600	1
2.72967	2
2.73333	5
2.73700	8
2.74067	12
2.74433	17
2.74800	20
2.75167	23
2.75533	26
2.75900	30
2.76267	34
2.76633	34
2.77000	33
2.77367	34
2.77733	35
2.78100	15
2.78467	-19
2.78833	-34
2.79200	-26
2.79567	2
2.79933	26
2.80300	25
2.80667	3
2.81033	-20
2.81400	-30
2.81767	-22
2.82133	6
2.82500	47
2.82867	98
2.83233	156
2.83600	220
2.83967	289
2.84333	372
2.84700	485
2.85067	650
2.85433	892
2.85800	1231
2.86167	1670
2.86533	2190
2.86900	2759
2.87267	3325
2.87633	3834
2.88000	4242
2.88367	4518
2.88733	4651
2.89100	4652
2.89467	4540
2.89833	4343
2.90200	4085
2.90567	3792
2.90933	3488
2.91300	3185
2.91667	2895
2.92033	2622
2.92400	2372
2.92767	2145
2.93133	1941
2.93500	1758
2.93867	1596
2.94233	1453
2.94600	1330
2.94967	1223
2.95333	1131
2.95700	1051
2.96067	980
2.96433	918
2.96800	865
2.97167	820
2.97533	780
2.97900	749
2.98267	721
2.98633	694
2.99000	671
2.99367	652
2.99733	637
3.00100	624
3.00467	611
3.00833	599
3.01200	590
3.01567	582
3.01933	576
3.02300	572
3.02667	567
3.03033	562
3.03400	557
3.03767	552
3.04133	549
3.04500	547
3.04867	545
3.05233	543
3.05600	542
3.05967	543
3.06333	544
3.06700	544
3.07067	544
3.07433	544
3.07800	545
3.08167	546
3.08533	547
3.08900	550
3.09267	551
3.09633	552
3.10000	552
3.10367	554
3.10733	556
3.11100	558
3.11467	560
3.11833	561
3.12200	563
3.12567	564
3.12933	562
3.13300	561
3.13667	560
3.14033	561
3.14400	564
3.14767	565
3.15133	564
3.15500	561
3.15867	560
3.16233	561
3.16600	561
3.16967	563
3.17333	564
3.17700	563
3.18067	561
3.18433	561
3.18800	560
3.19167	557
3.19533	555
3.19900	555
3.20267	554
3.20633	551
3.21000	546
3.21367	541
3.21733	541
3.22100	540
3.22467	541
3.22833	542
3.23200	539
3.23567	537
3.23933	535
3.24300	533
3.24667	532
3.25033	531
3.25400	528
3.25767	527
3.26133	526
3.26500	522
3.26867	520
3.27233	515
3.27600	511
3.27967	509
3.28333	506
3.28700	501
3.29067	498
3.29433	497
3.29800	495
3.30167	495
3.30533	493
3.30900	491
3.31267	490
3.31633	488
3.32000	483
3.32367	480
3.32733	475
3.33100	469
3.33467	464
3.33833	460
3.34200	459
3.34567	458
3.34933	455
3.35300	452
3.35667	447
3.36033	443
3.36400	440
3.36767	436
3.37133	431
3.37500	427
3.37867	425
3.38233	425
3.38600	423
3.38967	422
3.39333	419
3.39700	416
3.40067	415
3.40433	414
3.40800	409
3.41167	404
3.41533	401
3.41900	399
3.42267	399
3.42633	398
3.43000	393
3.43367	390
3.43733	389
3.44100	388
3.44467	384
3.44833	380
3.45200	378
3.45567	376
3.45933	373
3.46300	368
3.46667	367
3.47033	366
3.47400	363
3.47767	360
3.48133	360
3.48500	359
3.48867	359
3.49233	358
3.49600	352
3.49967	347
3.50333	346
3.50700	344
3.51067	342
3.51433	341
3.51800	342
3.52167	339
3.52533	333
3.52900	330
3.53267	328
3.53633	327
3.54000	325
3.54367	325
3.54733	325
3.55100	324
3.55467	323
3.55833	321
3.56200	318
3.56567	316
3.56933	314
3.57300	314
3.57667	313
3.58033	312
3.58400	311
3.58767	310
3.59133	309
3.59500	306
3.59867	303
3.60233	301
3.60600	298
3.60967	295
3.61333	292
3.61700	289
3.62067	286
3.62433	283
3.62800	282
3.63167	284
3.63533	283
3.63900	281
3.64267	278
3.64633	275
3.65000	273
3.65367	271
3.65733	268
3.66100	265
3.66467	266
3.66833	266
3.67200	266
3.67567	265
3.67933	264
3.68300	261
3.68667	257
3.69033	256
3.69400	254
3.69767	252
3.70133	251
3.70500	250
3.70867	249
3.71233	247
3.71600	244
3.71967	242
3.72333	243
3.72700	244
3.73067	244
3.73433	242
3.73800	240
3.74167	240
3.74533	238
3.74900	236
3.75267	236
3.75633	233
3.76000	229
3.76367	227
3.76733	226
3.77100	223
3.77467	220
3.77833	217
3.78200	218
3.78567	219
3.78933	218
3.79300	217
3.79667	216
3.80033	215
3.80400	212
3.80767	208
3.81133	205
3.81500	203
3.81867	202
3.82233	201
3.82600	202
3.82967	201
3.83333	199
3.83700	197
3.84067	195
3.84433	194
3.84800	193
3.85167	195
3.85533	196
3.85900	198
3.86267	197
3.86633	193
3.87000	188
3.87367	183
3.87733	182
3.88100	183
3.88467	182
3.88833	181
3.89200	180
3.89567	178
3.89933	177
3.90300	176
3.90667	175
3.91033	174
3.91400	174
3.91767	175
3.92133	174
3.92500	172
3.92867	170
3.93233	168
3.93600	167
3.93967	169
3.94333	168
3.94700	167
3.95067	166
3.95433	165
3.95800	163
3.96167	161
3.96533	159
3.96900	156
3.97267	155
3.97633	155
3.98000	154
3.98367	152
3.98733	150
3.99100	150
3.99467	150
3.99833	151

[Status Trace (Column Oven Temperature)]
Interval(msec)	1000
# of Points	240
Start Time(min)	0.004
End Time(min)	3.988
Intensity Units	
Intensity Multiplier	1
R.Time (min)	Intensity
0.00448	35.01
0.02115	35.02
0.03782	35.03
0.05448	35.05
0.07115	35.07
0.08782	35.07
0.10448	35.07
0.12115	35.07
0.13782	35.06
0.15448	35.06
0.17115	35.06
0.18782	35.05
0.20448	35.04
0.22115	35.03
0.23782	35.02
0.25448	35.01
0.27115	35.01
0.28782	35.00
0.30448	35.00
0.32115	35.00
0.33782	35.00
0.35448	35.00
0.37115	35.00
0.38782	35.00
0.40448	35.00
0.42115	34.99
0.43782	34.99
0.45448	34.98
0.47115	34.99
0.48782	34.99
0.50448	34.99
0.52115	34.99
0.53782	35.00
0.55448	35.00
0.57115	35.00
0.58782	35.00
0.60448	35.00
0.62115	35.00
0.63782	35.00
0.65448	35.01
0.67115	35.00
0.68782	35.00
0.70448	34.98
0.72115	34.98
0.73782	34.99
0.75448	34.99
0.77115	35.00
0.78782	34.99
0.80448	34.99
0.82115	35.00
0.83782	34.99
0.85448	34.98
0.87115	34.98
0.88782	34.98
0.90448	35.00
0.92115	35.00
0.93782	35.00
0.95448	35.00
0.97115	35.00
0.98782	35.00
1.00448	34.99
1.02115	34.98
1.03782	34.99
1.05448	35.00
1.07115	34.99
1.08782	34.99
1.10448	34.99
1.12115	34.98
1.13782	34.97
1.15448	34.98
1.17115	34.99
1.18782	34.99
1.20448	34.99
1.22115	34.99
1.23782	35.00
1.25448	35.00
1.27115	35.00
1.28782	34.99
1.30448	35.00
1.32115	34.99
1.33782	34.99
1.35448	34.99
1.37115	34.99
1.38782	34.99
1.40448	35.00
1.42115	34.99
1.43782	34.99
1.45448	35.00
1.47115	35.00
1.48782	35.00
1.50448	35.00
1.52115	35.00
1.53782	35.00
1.55448	35.00
1.57115	35.00
1.58782	35.00
1.60448	35.04
1.62115	35.16
1.63782	35.34
1.65448	35.58
1.67115	35.87
1.68782	36.24
1.70448	36.60
1.72115	36.94
1.73782	37.28
1.75448	37.62
1.77115	37.93
1.78782	38.26
1.80448	38.60
1.82115	38.94
1.83782	39.28
1.85448	39.59
1.87115	39.93
1.88782	40.24
1.90448	40.58
1.92115	40.89
1.93782	41.21
1.95448	41.54
1.97115	41.87
1.98782	42.21
2.00448	42.53
2.02115	42.84
2.03782	43.17
2.05448	43.49
2.07115	43.82
2.08782	44.15
2.10448	44.47
2.12115	44.81
2.13782	45.10
2.15448	45.44
2.17115	45.78
2.18782	46.10
2.20448	46.44
2.22115	46.76
2.23782	47.09
2.25448	47.41
2.27115	47.78
2.28782	48.12
2.30448	48.42
2.32115	48.76
2.33782	49.08
2.35448	49.39
2.37115	49.63
2.38782	49.74
2.40448	49.73
2.42115	49.74
2.43782	49.75
2.45448	49.75
2.47115	49.74
2.48782	49.77
2.50448	49.77
2.52115	49.80
2.53782	49.80
2.55448	49.81
2.57115	49.82
2.58782	49.82
2.60448	49.83
2.62115	49.84
2.63782	49.84
2.65448	49.85
2.67115	49.85
2.68782	49.83
2.70448	49.85
2.72115	49.87
2.73782	49.86
2.75448	49.86
2.77115	49.85
2.78782	49.86
2.80448	49.88
2.82115	49.89
2.83782	49.89
2.85448	49.89
2.87115	49.89
2.88782	49.89
2.90448	49.91
2.92115	49.92
2.93782	49.94
2.95448	49.95
2.97115	49.95
2.98782	49.97
3.00448	49.97
3.02115	49.98
3.03782	49.99
3.05448	50.00
3.07115	50.02
3.08782	50.02
3.10448	50.03
3.12115	50.04
3.13782	50.05
3.15448	50.06
3.17115	50.07
3.18782	50.07
3.20448	50.08
3.22115	50.09
3.23782	50.08
3.25448	50.09
3.27115	50.09
3.28782	50.10
3.30448	50.12
3.32115	50.12
3.33782	50.12
3.35448	50.11
3.37115	50.10
3.38782	50.07
3.40448	50.05
3.42115	50.03
3.43782	50.02
3.45448	50.01
3.47115	50.01
3.48782	50.00
3.50448	49.99
3.52115	49.99
3.53782	50.00
3.55448	49.99
3.57115	50.00
3.58782	49.99
3.60448	50.00
3.62115	50.00
3.63782	50.00
3.65448	50.01
3.67115	50.00
3.68782	50.01
3.70448	50.01
3.72115	50.01
3.73782	50.02
3.75448	50.02
3.77115	50.02
3.78782	50.03
3.80448	50.04
3.82115	50.04
3.83782	50.04
3.85448	50.04
3.87115	50.04
3.88782	50.04
3.90448	50.04
3.92115	50.05
3.93782	50.05
3.95448	50.06
3.97115	50.06
3.98782	50.07

[Status Trace (Injection Unit Temperature)]
Interval(msec)	1000
# of Points	240
Start Time(min)	0.004
End Time(min)	3.988
Intensity Units	
Intensity Multiplier	1
R.Time (min)	Intensity
0.00448	99.99
0.02115	99.98
0.03782	99.98
0.05448	99.98
0.07115	99.99
0.08782	99.98
0.10448	99.98
0.12115	99.98
0.13782	99.99
0.15448	99.98
0.17115	99.98
0.18782	99.98
0.20448	99.99
0.22115	99.98
0.23782	99.99
0.25448	99.98
0.27115	99.99
0.28782	99.98
0.30448	99.98
0.32115	99.98
0.33782	99.99
0.35448	99.98
0.37115	99.99
0.38782	99.98
0.40448	99.98
0.42115	99.98
0.43782	99.98
0.45448	99.98
0.47115	99.99
0.48782	99.99
0.50448	99.98
0.52115	99.98
0.53782	99.99
0.55448	99.98
0.57115	99.98
0.58782	99.98
0.60448	99.98
0.62115	99.98
0.63782	99.98
0.65448	99.98
0.67115	99.99
0.68782	99.98
0.70448	99.98
0.72115	99.99
0.73782	99.99
0.75448	99.98
0.77115	99.99
0.78782	99.98
0.80448	99.98
0.82115	99.99
0.83782	99.98
0.85448	99.98
0.87115	99.99
0.88782	99.99
0.90448	99.99
0.92115	99.99
0.93782	99.99
0.95448	99.98
0.97115	99.99
0.98782	99.98
1.00448	99.99
1.02115	99.99
1.03782	99.99
1.05448	99.99
1.07115	99.99
1.08782	99.99
1.10448	99.99
1.12115	99.99
1.13782	99.99
1.15448	99.99
1.17115	99.98
1.18782	99.99
1.20448	99.99
1.22115	99.99
1.23782	99.99
1.25448	99.99
1.27115	99.99
1.28782	99.99
1.30448	99.99
1.32115	99.99
1.33782	99.99
1.35448	99.99
1.37115	99.99
1.38782	99.99
1.40448	99.99
1.42115	99.99
1.43782	99.99
1.45448	99.99
1.47115	99.99
1.48782	99.99
1.50448	99.99
1.52115	99.99
1.53782	99.98
1.55448	99.99
1.57115	99.99
1.58782	99.99
1.60448	99.99
1.62115	99.99
1.63782	99.99
1.65448	99.99
1.67115	99.99
1.68782	99.99
1.70448	99.99
1.72115	99.99
1.73782	99.99
1.75448	99.99
1.77115	99.99
1.78782	99.99
1.80448	99.99
1.82115	99.98
1.83782	99.99
1.85448	99.99
1.87115	99.98
1.88782	99.98
1.90448	99.98
1.92115	99.98
1.93782	99.98
1.95448	99.98
1.97115	99.98
1.98782	99.97
2.00448	99.98
2.02115	99.98
2.03782	99.98
2.05448	99.98
2.07115	99.98
2.08782	99.98
2.10448	99.97
2.12115	99.98
2.13782	99.97
2.15448	99.97
2.17115	99.97
2.18782	99.97
2.20448	99.97
2.22115	99.97
2.23782	99.97
2.25448	99.97
2.27115	99.97
2.28782	99.97
2.30448	99.96
2.32115	99.97
2.33782	99.97
2.35448	99.97
2.37115	99.97
2.38782	99.97
2.40448	99.97
2.42115	99.97
2.43782	99.97
2.45448	99.97
2.47115	99.97
2.48782	99.97
2.50448	99.97
2.52115	99.97
2.53782	99.97
2.55448	99.97
2.57115	99.98
2.58782	99.98
2.60448	99.96
2.62115	99.98
2.63782	99.98
2.65448	99.98
2.67115	99.98
2.68782	99.98
2.70448	99.99
2.72115	99.99
2.73782	99.99
2.75448	99.99
2.77115	99.99
2.78782	99.99
2.80448	100.00
2.82115	100.00
2.83782	100.00
2.85448	100.00
2.87115	100.00
2.88782	100.00
2.90448	100.00
2.92115	100.01
2.93782	100.01
2.95448	100.01
2.97115	100.01
2.98782	100.01
3.00448	100.02
3.02115	100.02
3.03782	100.02
3.05448	100.02
3.07115	100.02
3.08782	100.02
3.10448	100.03
3.12115	100.02
3.13782	100.02
3.15448	100.02
3.17115	100.02
3.18782	100.03
3.20448	100.03
3.22115	100.03
3.23782	100.03
3.25448	100.03
3.27115	100.03
3.28782	100.03
3.30448	100.03
3.32115	100.03
3.33782	100.03
3.35448	100.03
3.37115	100.03
3.38782	100.03
3.40448	100.03
3.42115	100.04
3.43782	100.04
3.45448	100.04
3.47115	100.04
3.48782	100.04
3.50448	100.04
3.52115	100.04
3.53782	100.04
3.55448	100.04
3.57115	100.04
3.58782	100.04
3.60448	100.04
3.62115	100.04
3.63782	100.05
3.65448	100.05
3.67115	100.05
3.68782	100.05
3.70448	100.05
3.72115	100.04
3.73782	100.05
3.75448	100.05
3.77115	100.04
3.78782	100.05
3.80448	100.05
3.82115	100.05
3.83782	100.05
3.85448	100.05
3.87115	100.05
3.88782	100.05
3.90448	100.05
3.92115	100.05
3.93782	100.05
3.95448	100.05
3.97115	100.05
3.98782	100.05

[Status Trace (Carrier Gas Pressure)]
Interval(msec)	1000
# of Points	240
Start Time(min)	0.004
End Time(min)	3.988
Intensity Units	
Intensity Multiplier	1
R.Time (min)	Intensity
0.00448	58.00
0.02115	55.86
0.03782	56.53
0.05448	58.78
0.07115	59.77
0.08782	58.22
0.10448	57.97
0.12115	58.01
0.13782	58.01
0.15448	58.00
0.17115	58.00
0.18782	58.00
0.20448	58.00
0.22115	58.00
0.23782	58.00
0.25448	58.00
0.27115	58.00
0.28782	58.00
0.30448	58.00
0.32115	58.00
0.33782	58.00
0.35448	58.00
0.37115	58.00
0.38782	58.00
0.40448	58.00
0.42115	58.00
0.43782	58.00
0.45448	58.00
0.47115	58.00
0.48782	58.00
0.50448	58.00
0.52115	58.00
0.53782	58.00
0.55448	58.00
0.57115	58.00
0.58782	58.00
0.60448	58.00
0.62115	58.00
0.63782	58.00
0.65448	58.00
0.67115	58.00
0.68782	58.00
0.70448	58.00
0.72115	58.00
0.73782	58.00
0.75448	58.00
0.77115	58.00
0.78782	58.00
0.80448	58.00
0.82115	58.00
0.83782	58.00
0.85448	58.00
0.87115	58.00
0.88782	58.00
0.90448	58.00
0.92115	58.00
0.93782	58.00
0.95448	58.00
0.97115	58.00
0.98782	58.00
1.00448	58.00
1.02115	58.00
1.03782	58.00
1.05448	58.00
1.07115	58.00
1.08782	58.00
1.10448	58.00
1.12115	58.00
1.13782	58.00
1.15448	58.00
1.17115	58.00
1.18782	58.00
1.20448	58.00
1.22115	58.00
1.23782	58.00
1.25448	58.00
1.27115	58.00
1.28782	58.00
1.30448	58.00
1.32115	58.00
1.33782	58.00
1.35448	58.00
1.37115	58.00
1.38782	58.00
1.40448	58.00
1.42115	58.00
1.43782	58.00
1.45448	58.00
1.47115	58.00
1.48782	58.00
1.50448	58.00
1.52115	58.00
1.53782	58.00
1.55448	58.00
1.57115	58.00
1.58782	58.00
1.60448	58.00
1.62115	58.00
1.63782	58.00
1.65448	58.00
1.67115	58.00
1.68782	58.01
1.70448	58.00
1.72115	58.00
1.73782	58.00
1.75448	58.00
1.77115	58.00
1.78782	58.00
1.80448	58.00
1.82115	58.00
1.83782	58.00
1.85448	58.00
1.87115	58.00
1.88782	58.00
1.90448	58.00
1.92115	58.00
1.93782	58.00
1.95448	58.00
1.97115	58.00
1.98782	58.00
2.00448	58.00
2.02115	58.00
2.03782	58.00
2.05448	58.00
2.07115	58.00
2.08782	58.00
2.10448	58.00
2.12115	58.00
2.13782	58.00
2.15448	58.00
2.17115	58.00
2.18782	58.00
2.20448	58.00
2.22115	58.00
2.23782	58.00
2.25448	58.00
2.27115	58.00
2.28782	58.00
2.30448	58.00
2.32115	58.00
2.33782	58.00
2.35448	58.00
2.37115	58.00
2.38782	57.99
2.40448	57.99
2.42115	58.00
2.43782	58.00
2.45448	58.00
2.47115	58.00
2.48782	58.00
2.50448	57.98
2.52115	57.99
2.53782	57.99
2.55448	58.00
2.57115	58.00
2.58782	58.00
2.60448	58.00
2.62115	58.00
2.63782	58.00
2.65448	58.00
2.67115	58.00
2.68782	58.00
2.70448	58.00
2.72115	58.00
2.73782	58.00
2.75448	58.00
2.77115	58.00
2.78782	58.00
2.80448	58.00
2.82115	58.00
2.83782	58.00
2.85448	58.00
2.87115	58.00
2.88782	58.00
2.90448	58.00
2.92115	58.00
2.93782	58.00
2.95448	58.00
2.97115	58.00
2.98782	58.00
3.00448	58.00
3.02115	58.00
3.03782	58.00
3.05448	58.00
3.07115	58.00
3.08782	58.00
3.10448	58.00
3.12115	58.00
3.13782	58.00
3.15448	58.00
3.17115	58.00
3.18782	58.00
3.20448	58.00
3.22115	58.00
3.23782	58.00
3.25448	58.00
3.27115	58.00
3.28782	58.00
3.30448	58.00
3.32115	58.00
3.33782	58.00
3.35448	58.00
3.37115	58.00
3.38782	58.00
3.40448	58.00
3.42115	58.00
3.43782	58.00
3.45448	58.00
3.47115	58.00
3.48782	58.00
3.50448	58.00
3.52115	58.00
3.53782	58.00
3.55448	58.00
3.57115	58.00
3.58782	58.00
3.60448	58.00
3.62115	58.00
3.63782	58.00
3.65448	58.00
3.67115	58.00
3.68782	58.00
3.70448	58.00
3.72115	58.00
3.73782	58.00
3.75448	58.00
3.77115	58.00
3.78782	58.00
3.80448	58.00
3.82115	58.00
3.83782	58.00
3.85448	58.00
3.87115	58.00
3.88782	58.00
3.90448	58.00
3.92115	58.00
3.93782	58.00
3.95448	58.00
3.97115	58.00
3.98782	58.00

[Status Trace (Carrier Gas Flow)]
Interval(msec)	1000
# of Points	240
Start Time(min)	0.004
End Time(min)	3.988
Intensity Units	
Intensity Multiplier	1
R.Time (min)	Intensity
0.00448	34.52
0.02115	34.57
0.03782	34.54
0.05448	34.54
0.07115	34.49
0.08782	34.52
0.10448	34.52
0.12115	34.52
0.13782	34.52
0.15448	34.52
0.17115	34.52
0.18782	34.52
0.20448	34.52
0.22115	34.52
0.23782	34.52
0.25448	34.52
0.27115	34.52
0.28782	34.52
0.30448	34.52
0.32115	34.52
0.33782	34.52
0.35448	34.52
0.37115	34.52
0.38782	34.52
0.40448	34.52
0.42115	34.52
0.43782	34.52
0.45448	34.52
0.47115	34.52
0.48782	34.52
0.50448	34.52
0.52115	34.52
0.53782	34.52
0.55448	34.52
0.57115	34.52
0.58782	34.52
0.60448	34.52
0.62115	34.52
0.63782	34.52
0.65448	34.52
0.67115	34.52
0.68782	34.52
0.70448	34.52
0.72115	34.52
0.73782	34.52
0.75448	34.52
0.77115	34.52
0.78782	34.52
0.80448	34.52
0.82115	34.52
0.83782	34.52
0.85448	34.52
0.87115	34.52
0.88782	34.52
0.90448	34.52
0.92115	34.52
0.93782	34.52
0.95448	34.52
0.97115	34.52
0.98782	34.52
1.00448	34.52
1.02115	34.52
1.03782	34.52
1.05448	34.52
1.07115	34.52
1.08782	34.52
1.10448	34.52
1.12115	34.52
1.13782	34.52
1.15448	34.52
1.17115	34.52
1.18782	34.52
1.20448	34.52
1.22115	34.52
1.23782	34.52
1.25448	34.52
1.27115	34.52
1.28782	34.52
1.30448	34.52
1.32115	34.52
1.33782	34.52
1.35448	34.52
1.37115	34.52
1.38782	34.52
1.40448	34.52
1.42115	34.52
1.43782	34.52
1.45448	34.52
1.47115	34.52
1.48782	34.52
1.50448	34.52
1.52115	34.52
1.53782	34.52
1.55448	34.52
1.57115	34.52
1.58782	34.52
1.60448	34.52
1.62115	34.52
1.63782	34.52
1.65448	34.52
1.67115	34.52
1.68782	34.52
1.70448	34.52
1.72115	34.52
1.73782	34.52
1.75448	34.52
1.77115	34.52
1.78782	34.52
1.80448	34.52
1.82115	34.52
1.83782	34.52
1.85448	34.52
1.87115	34.52
1.88782	34.52
1.90448	34.52
1.92115	34.52
1.93782	34.52
1.95448	34.52
1.97115	34.52
1.98782	34.52
2.00448	34.52
2.02115	34.52
2.03782	34.52
2.05448	34.52
2.07115	34.52
2.08782	34.52
2.10448	34.52
2.12115	34.52
2.13782	34.52
2.15448	34.52
2.17115	34.52
2.18782	34.52
2.20448	34.52
2.22115	34.52
2.23782	34.52
2.25448	34.52
2.27115	34.52
2.28782	34.52
2.30448	34.52
2.32115	34.52
2.33782	34.52
2.35448	34.52
2.37115	34.52
2.38782	34.52
2.40448	34.52
2.42115	34.52
2.43782	34.52
2.45448	34.52
2.47115	34.52
2.48782	34.52
2.50448	34.60
2.52115	34.52
2.53782	34.52
2.55448	34.52
2.57115	34.52
2.58782	34.52
2.60448	34.52
2.62115	34.52
2.63782	34.52
2.65448	34.52
2.67115	34.52
2.68782	34.52
2.70448	34.52
2.72115	34.52
2.73782	34.52
2.75448	34.52
2.77115	34.52
2.78782	34.52
2.80448	34.52
2.82115	34.52
2.83782	34.52
2.85448	34.52
2.87115	34.52
2.88782	34.52
2.90448	34.52
2.92115	34.52
2.93782	34.52
2.95448	34.52
2.97115	34.52
2.98782	34.52
3.00448	34.52
3.02115	34.52
3.03782	34.52
3.05448	34.52
3.07115	34.52
3.08782	34.52
3.10448	34.52
3.12115	34.52
3.13782	34.52
3.15448	34.52
3.17115	34.52
3.18782	34.52
3.20448	34.52
3.22115	34.52
3.23782	34.52
3.25448	34.52
3.27115	34.52
3.28782	34.52
3.30448	34.52
3.32115	34.52
3.33782	34.52
3.35448	34.52
3.37115	34.52
3.38782	34.52
3.40448	34.52
3.42115	34.52
3.43782	34.52
3.45448	34.52
3.47115	34.52
3.48782	34.52
3.50448	34.52
3.52115	34.52
3.53782	34.52
3.55448	34.52
3.57115	34.52
3.58782	34.52
3.60448	34.52
3.62115	34.52
3.63782	34.52
3.65448	34.52
3.67115	34.52
3.68782	34.52
3.70448	34.52
3.72115	34.52
3.73782	34.52
3.75448	34.52
3.77115	34.52
3.78782	34.52
3.80448	34.52
3.82115	34.52
3.83782	34.52
3.85448	34.52
3.87115	34.52
3.88782	34.52
3.90448	34.52
3.92115	34.52
3.93782	34.52
3.95448	34.52
3.97115	34.52
3.98782	34.52

[Status Trace (Column Flow)]
Interval(msec)	1000
# of Points	240
Start Time(min)	0.004
End Time(min)	3.988
Intensity Units	
Intensity Multiplier	1
R.Time (min)	Intensity
0.00448	5.45
0.02115	5.21
0.03782	5.28
0.05448	5.54
0.07115	5.66
0.08782	5.48
0.10448	5.45
0.12115	5.45
0.13782	5.45
0.15448	5.45
0.17115	5.45
0.18782	5.45
0.20448	5.45
0.22115	5.45
0.23782	5.45
0.25448	5.45
0.27115	5.45
0.28782	5.45
0.30448	5.45
0.32115	5.45
0.33782	5.45
0.35448	5.45
0.37115	5.45
0.38782	5.45
0.40448	5.45
0.42115	5.45
0.43782	5.45
0.45448	5.45
0.47115	5.45
0.48782	5.45
0.50448	5.45
0.52115	5.45
0.53782	5.45
0.55448	5.45
0.57115	5.45
0.58782	5.45
0.60448	5.45
0.62115	5.45
0.63782	5.45
0.65448	5.45
0.67115	5.45
0.68782	5.45
0.70448	5.45
0.72115	5.45
0.73782	5.45
0.75448	5.45
0.77115	5.45
0.78782	5.45
0.80448	5.45
0.82115	5.45
0.83782	5.45
0.85448	5.45
0.87115	5.45
0.88782	5.45
0.90448	5.45
0.92115	5.45
0.93782	5.45
0.95448	5.45
0.97115	5.45
0.98782	5.45
1.00448	5.45
1.02115	5.45
1.03782	5.45
1.05448	5.45
1.07115	5.45
1.08782	5.45
1.10448	5.45
1.12115	5.45
1.13782	5.45
1.15448	5.45
1.17115	5.45
1.18782	5.45
1.20448	5.45
1.22115	5.45
1.23782	5.45
1.25448	5.45
1.27115	5.45
1.28782	5.45
1.30448	5.45
1.32115	5.45
1.33782	5.45
1.35448	5.45
1.37115	5.45
1.38782	5.45
1.40448	5.45
1.42115	5.45
1.43782	5.45
1.45448	5.45
1.47115	5.45
1.48782	5.45
1.50448	5.45
1.52115	5.45
1.53782	5.45
1.55448	5.45
1.57115	5.45
1.58782	5.45
1.60448	5.45
1.62115	5.45
1.63782	5.44
1.65448	5.44
1.67115	5.43
1.68782	5.42
1.70448	5.41
1.72115	5.39
1.73782	5.38
1.75448	5.37
1.77115	5.36
1.78782	5.35
1.80448	5.34
1.82115	5.33
1.83782	5.32
1.85448	5.31
1.87115	5.30
1.88782	5.29
1.90448	5.29
1.92115	5.27
1.93782	5.27
1.95448	5.26
1.97115	5.25
1.98782	5.24
2.00448	5.23
2.02115	5.22
2.03782	5.21
2.05448	5.20
2.07115	5.19
2.08782	5.18
2.10448	5.17
2.12115	5.16
2.13782	5.15
2.15448	5.14
2.17115	5.13
2.18782	5.12
2.20448	5.12
2.22115	5.11
2.23782	5.10
2.25448	5.09
2.27115	5.08
2.28782	5.07
2.30448	5.06
2.32115	5.05
2.33782	5.04
2.35448	5.03
2.37115	5.03
2.38782	5.02
2.40448	5.02
2.42115	5.02
2.43782	5.02
2.45448	5.02
2.47115	5.02
2.48782	5.02
2.50448	5.02
2.52115	5.02
2.53782	5.02
2.55448	5.02
2.57115	5.02
2.58782	5.02
2.60448	5.02
2.62115	5.02
2.63782	5.02
2.65448	5.02
2.67115	5.02
2.68782	5.02
2.70448	5.02
2.72115	5.02
2.73782	5.02
2.75448	5.02
2.77115	5.02
2.78782	5.02
2.80448	5.02
2.82115	5.02
2.83782	5.02
2.85448	5.02
2.87115	5.02
2.88782	5.02
2.90448	5.02
2.92115	5.02
2.93782	5.02
2.95448	5.02
2.97115	5.02
2.98782	5.02
3.00448	5.02
3.02115	5.02
3.03782	5.02
3.05448	5.02
3.07115	5.02
3.08782	5.01
3.10448	5.01
3.12115	5.01
3.13782	5.01
3.15448	5.01
3.17115	5.01
3.18782	5.01
3.20448	5.01
3.22115	5.01
3.23782	5.01
3.25448	5.01
3.27115	5.01
3.28782	5.01
3.30448	5.01
3.32115	5.01
3.33782	5.01
3.35448	5.01
3.37115	5.01
3.38782	5.01
3.40448	5.01
3.42115	5.01
3.43782	5.01
3.45448	5.02
3.47115	5.02
3.48782	5.02
3.50448	5.02
3.52115	5.02
3.53782	5.02
3.55448	5.02
3.57115	5.02
3.58782	5.02
3.60448	5.02
3.62115	5.02
3.63782	5.02
3.65448	5.02
3.67115	5.02
3.68782	5.02
3.70448	5.02
3.72115	5.02
3.73782	5.02
3.75448	5.01
3.77115	5.01
3.78782	5.01
3.80448	5.01
3.82115	5.01
3.83782	5.01
3.85448	5.01
3.87115	5.01
3.88782	5.01
3.90448	5.01
3.92115	5.01
3.93782	5.01
3.95448	5.01
3.97115	5.01
3.98782	5.01

[Status Trace (Linear Velocity)]
Interval(msec)	1000
# of Points	240
Start Time(min)	0.004
End Time(min)	3.988
Intensity Units	
Intensity Multiplier	1
R.Time (min)	Intensity
0.00448	39.00
0.02115	37.60
0.03782	38.03
0.05448	39.51
0.07115	40.15
0.08782	39.14
0.10448	38.98
0.12115	39.00
0.13782	39.00
0.15448	39.00
0.17115	39.00
0.18782	39.00
0.20448	39.00
0.22115	39.00
0.23782	39.00
0.25448	39.00
0.27115	39.00
0.28782	39.00
0.30448	39.00
0.32115	39.00
0.33782	39.00
0.35448	39.00
0.37115	39.00
0.38782	39.00
0.40448	39.00
0.42115	39.00
0.43782	39.00
0.45448	39.00
0.47115	39.00
0.48782	39.00
0.50448	39.00
0.52115	39.00
0.53782	39.00
0.55448	39.00
0.57115	39.00
0.58782	39.00
0.60448	39.00
0.62115	39.00
0.63782	39.00
0.65448	39.00
0.67115	39.00
0.68782	39.00
0.70448	39.00
0.72115	39.00
0.73782	39.00
0.75448	39.00
0.77115	39.00
0.78782	39.00
0.80448	39.00
0.82115	39.00
0.83782	39.00
0.85448	39.00
0.87115	39.00
0.88782	39.00
0.90448	39.00
0.92115	39.00
0.93782	39.00
0.95448	39.00
0.97115	39.00
0.98782	39.00
1.00448	39.00
1.02115	39.00
1.03782	39.00
1.05448	39.00
1.07115	39.00
1.08782	39.00
1.10448	39.00
1.12115	39.00
1.13782	39.00
1.15448	39.00
1.17115	39.00
1.18782	39.00
1.20448	39.00
1.22115	39.00
1.23782	39.00
1.25448	39.00
1.27115	39.00
1.28782	39.00
1.30448	39.00
1.32115	39.00
1.33782	39.00
1.35448	39.00
1.37115	39.00
1.38782	39.00
1.40448	39.00
1.42115	39.00
1.43782	39.00
1.45448	39.00
1.47115	39.00
1.48782	39.00
1.50448	39.00
1.52115	39.00
1.53782	39.00
1.55448	39.00
1.57115	39.00
1.58782	39.00
1.60448	39.00
1.62115	38.99
1.63782	38.97
1.65448	38.95
1.67115	38.92
1.68782	38.89
1.70448	38.85
1.72115	38.81
1.73782	38.79
1.75448	38.75
1.77115	38.72
1.78782	38.69
1.80448	38.66
1.82115	38.63
1.83782	38.60
1.85448	38.57
1.87115	38.53
1.88782	38.51
1.90448	38.48
1.92115	38.44
1.93782	38.42
1.95448	38.39
1.97115	38.35
1.98782	38.32
2.00448	38.29
2.02115	38.26
2.03782	38.23
2.05448	38.21
2.07115	38.17
2.08782	38.15
2.10448	38.12
2.12115	38.08
2.13782	38.06
2.15448	38.03
2.17115	37.99
2.18782	37.97
2.20448	37.94
2.22115	37.91
2.23782	37.88
2.25448	37.85
2.27115	37.82
2.28782	37.79
2.30448	37.76
2.32115	37.73
2.33782	37.70
2.35448	37.67
2.37115	37.65
2.38782	37.64
2.40448	37.64
2.42115	37.64
2.43782	37.64
2.45448	37.64
2.47115	37.64
2.48782	37.64
2.50448	37.63
2.52115	37.63
2.53782	37.63
2.55448	37.64
2.57115	37.63
2.58782	37.63
2.60448	37.63
2.62115	37.63
2.63782	37.63
2.65448	37.63
2.67115	37.63
2.68782	37.63
2.70448	37.63
2.72115	37.63
2.73782	37.63
2.75448	37.63
2.77115	37.63
2.78782	37.63
2.80448	37.63
2.82115	37.63
2.83782	37.63
2.85448	37.63
2.87115	37.63
2.88782	37.63
2.90448	37.63
2.92115	37.62
2.93782	37.62
2.95448	37.62
2.97115	37.62
2.98782	37.62
3.00448	37.62
3.02115	37.62
3.03782	37.62
3.05448	37.62
3.07115	37.62
3.08782	37.62
3.10448	37.61
3.12115	37.61
3.13782	37.61
3.15448	37.61
3.17115	37.61
3.18782	37.61
3.20448	37.61
3.22115	37.61
3.23782	37.61
3.25448	37.61
3.27115	37.61
3.28782	37.61
3.30448	37.61
3.32115	37.61
3.33782	37.61
3.35448	37.61
3.37115	37.61
3.38782	37.61
3.40448	37.61
3.42115	37.61
3.43782	37.62
3.45448	37.62
3.47115	37.62
3.48782	37.62
3.50448	37.62
3.52115	37.62
3.53782	37.62
3.55448	37.62
3.57115	37.62
3.58782	37.62
3.60448	37.62
3.62115	37.62
3.63782	37.62
3.65448	37.62
3.67115	37.62
3.68782	37.62
3.70448	37.62
3.72115	37.62
3.73782	37.62
3.75448	37.62
3.77115	37.61
3.78782	37.61
3.80448	37.61
3.82115	37.61
3.83782	37.61
3.85448	37.61
3.87115	37.61
3.88782	37.61
3.90448	37.61
3.92115	37.61
3.93782	37.61
3.95448	37.61
3.97115	37.61
3.98782	37.61

