[Header]
Application Name	LabSolutions
Version	5.110
Data File Name	C:\Users\User\Desktop\GC Analyses\Jack\UIC Prairie Sampling\10.19.22\221019_070.gcd
Output Date	1/4/2023
Output Time	2:27:23 PM

[File Information]
Type	Data File
Generated	12/7/2022 2:10:23 PM
Generated by	System Administrator
Modified	12/7/2022 2:14:51 PM
Modified by	System Administrator

[Sample Information]
Operator Name	System Administrator
Acquired	12/7/2022 2:10:49 PM
Sample Type	1:Standard
Level	1
Sample Name	221019_UICPrairie
Sample ID	221019_UICPrairie
ISTD Amount1	1
ISTD Amount2	1
ISTD Amount3	1
ISTD Amount4	1
ISTD Amount5	1
ISTD Amount6	1
ISTD Amount7	1
ISTD Amount8	1
ISTD Amount9	1
ISTD Amount10	1
ISTD Amount11	1
ISTD Amount12	1
ISTD Amount13	1
ISTD Amount14	1
ISTD Amount15	1
ISTD Amount16	1
ISTD Amount17	1
ISTD Amount18	1
ISTD Amount19	1
ISTD Amount20	1
ISTD Amount21	1
ISTD Amount22	1
ISTD Amount23	1
ISTD Amount24	1
ISTD Amount25	1
ISTD Amount26	1
ISTD Amount27	1
ISTD Amount28	1
ISTD Amount29	1
ISTD Amount30	1
ISTD Amount31	1
ISTD Amount32	1
Sample Amount	1
Dilution Factor	1
Vial#	1
Injection Volume	1
Injection Count	1
Bar Code	

[Original Files]
Data File	C:\Users\User\Desktop\GC Analyses\Jack\UIC Prairie Sampling\10.19.22\221019_070.gcd
Method File	C:\LabSolutions\Data\GHG_4min_2022\ghg3_togas_w_acet_4 min_new_int.gcm
Batch File	
Report Format File	c:\LabSolutions\System\DEFAULT.lsr

[File Description]


[Configuration]
Instrument Name	C0B7VH3-Instrument1
Instrument #	1
Line #	1
# of Detectors	3
Detector ID	DET#1	DET#2	DET#3
Detector Name	FID	PTCD	ECD
# of Channels	1	1	1

[Peak Table(Ch1)]
# of Peaks	3
Peak#	R.Time	I.Time	F.Time	Area	Height	A/H	Conc.	Mark	ID#	Name	k'	Plate #	Plate Ht.	Tailing	Resolution	Sep.Factor	Area Ratio	Height Ratio	Conc. %	Norm Conc.
1	1.476	1.435	1.534	10790	4699	2.296	100.000	   	1	CO	0.000	8096	18.527	1.292	0.000	0.000	0	0	16.667	16.667
2	1.567	1.534	1.626	5631	2777	2.028	100.000	 V 	2	CH4	0.062	10810	13.877	0.000	1.456	0.000	0	0	16.667	16.667
3	1.996	1.952	2.418	1039754	488332	2.129	400.000	   	3	CO2	0.353	17306	8.667	1.261	7.091	5.680	0	0	66.667	66.667

[Peak Table(Ch2)]
# of Peaks	0

[Peak Table(Ch3)]
# of Peaks	5
Peak#	R.Time	I.Time	F.Time	Area	Height	A/H	Conc.	Mark	ID#	Name	k'	Plate #	Plate Ht.	Tailing	Resolution	Sep.Factor	Area Ratio	Height Ratio	Conc. %	Norm Conc.
1	2.458	2.345	2.499	1474	446	3.303	0.000	   			0.000	10106	14.843	0.000	0.000	0.000	0	0	0.000	0.000
2	2.517	2.499	2.561	910	308	2.959	0.000	 V 			0.024	3630	41.320	0.000	0.443	0.000	0	0	0.000	0.000
3	2.609	2.561	2.653	1014	285	3.561	0.000	 V 			0.061	6292	23.841	0.000	0.614	2.563	0	0	0.000	0.000
4	2.880	2.667	3.148	25162	6057	4.154	1.000	   	1	N2O	0.172	12844	11.679	1.543	2.327	2.805	0	0	100.000	100.000
5	3.276	3.155	3.987	9985	420	23.795	0.000	   			0.333	393	381.900	3.403	1.038	1.939	0	0	0.000	0.000

[Compound Results(Ch1)]
# of IDs	6
ID#	Name	R.Time	Area	Height	Conc.	Curve	3rd	2nd	1st	Constant	Area Ratio	Height Ratio	Conc. %	Norm Conc.
1	CO	1.476	10790	4699	100.000	Linear	0.000000e+00	0.000000e+00	1.079050e+002	0.000000e+00	0	0	16.667	16.667
2	CH4	1.567	5631	2777	100.000	Linear	0.000000e+00	0.000000e+00	5.630538e+001	0.000000e+00	0	0	16.667	16.667
3	CO2	1.996	1039754	488332	400.000	Linear	0.000000e+00	0.000000e+00	2.599385e+003	0.000000e+00	0	0	66.667	66.667
4	Ethylene	0.000	0	0	0.000	Linear	0.000000e+00	0.000000e+00	0.000000e+00	0.000000e+00	0	0	0.000	0.000
5	Acetylene	0.000	0	0	0.000	Linear	0.000000e+00	0.000000e+00	0.000000e+00	0.000000e+00	0	0	0.000	0.000
6	Ethane	0.000	0	0	0.000	Linear	0.000000e+00	0.000000e+00	0.000000e+00	0.000000e+00	0	0	0.000	0.000

[Compound Results(Ch2)]
# of IDs	5
ID#	Name	R.Time	Area	Height	Conc.	Curve	3rd	2nd	1st	Constant	Area Ratio	Height Ratio	Conc. %	Norm Conc.
1	Hydrogen	0.000	0	0	0.000	Linear	0.000000e+00	0.000000e+00	0.000000e+00	0.000000e+00	0	0	0.000	0.000
2	Oxygen	0.000	0	0	0.000	Linear	0.000000e+00	0.000000e+00	0.000000e+00	0.000000e+00	0	0	0.000	0.000
3	Nitrogen	0.000	0	0	0.000	Linear	0.000000e+00	0.000000e+00	0.000000e+00	0.000000e+00	0	0	0.000	0.000
4	Methane	0.000	0	0	0.000	Linear	0.000000e+00	0.000000e+00	0.000000e+00	0.000000e+00	0	0	0.000	0.000
5	Carbon Monoxide	0.000	0	0	0.000	Linear	0.000000e+00	0.000000e+00	0.000000e+00	0.000000e+00	0	0	0.000	0.000

[Compound Results(Ch3)]
# of IDs	2
ID#	Name	R.Time	Area	Height	Conc.	Curve	3rd	2nd	1st	Constant	Area Ratio	Height Ratio	Conc. %	Norm Conc.
1	N2O	2.880	25162	6057	1.000	Linear	0.000000e+00	0.000000e+00	2.516229e+004	0.000000e+00	0	0	100.000	100.000
2	SF6	0.000	0	0	0.000	Linear	0.000000e+00	0.000000e+00	0.000000e+00	0.000000e+00	0	0	0.000	0.000

[Group Results(Ch1)]
# of Groups	0

[Group Results(Ch2)]
# of Groups	0

[Group Results(Ch3)]
# of Groups	0

[Chromatogram (Ch1)]
Interval(msec)	220
# of Points	1091
Start Time(min)	0.002
End Time(min)	3.998
R.Time (min)	Intensity
0.00167	13
0.00533	13
0.00900	11
0.01267	7
0.01633	7
0.02000	4
0.02367	-1
0.02733	-9
0.03100	-17
0.03467	-23
0.03833	-25
0.04200	-22
0.04567	-16
0.04933	-7
0.05300	-1
0.05667	2
0.06033	1
0.06400	0
0.06767	0
0.07133	-1
0.07500	-2
0.07867	-3
0.08233	-2
0.08600	-2
0.08967	1
0.09333	4
0.09700	3
0.10067	-3
0.10433	-8
0.10800	-12
0.11167	-13
0.11533	-12
0.11900	-9
0.12267	-3
0.12633	2
0.13000	2
0.13367	-2
0.13733	-13
0.14100	-23
0.14467	-32
0.14833	-37
0.15200	-43
0.15567	-49
0.15933	-54
0.16300	-54
0.16667	-50
0.17033	-42
0.17400	-35
0.17767	-33
0.18133	-35
0.18500	-40
0.18867	-40
0.19233	-35
0.19600	-31
0.19967	-27
0.20333	-25
0.20700	-25
0.21067	-24
0.21433	-24
0.21800	-22
0.22167	-22
0.22533	-27
0.22900	-35
0.23267	-39
0.23633	-39
0.24000	-35
0.24367	-32
0.24733	-28
0.25100	-24
0.25467	-20
0.25833	-20
0.26200	-23
0.26567	-27
0.26933	-31
0.27300	-34
0.27667	-40
0.28033	-46
0.28400	-47
0.28767	-45
0.29133	-44
0.29500	-45
0.29867	-48
0.30233	-50
0.30600	-46
0.30967	-42
0.31333	-38
0.31700	-34
0.32067	-32
0.32433	-29
0.32800	-24
0.33167	-23
0.33533	-26
0.33900	-26
0.34267	-23
0.34633	-24
0.35000	-35
0.35367	-46
0.35733	-51
0.36100	-54
0.36467	-53
0.36833	-49
0.37200	-45
0.37567	-43
0.37933	-42
0.38300	-39
0.38667	-39
0.39033	-40
0.39400	-44
0.39767	-49
0.40133	-54
0.40500	-61
0.40867	-68
0.41233	-69
0.41600	-62
0.41967	-48
0.42333	-40
0.42700	-41
0.43067	-48
0.43433	-56
0.43800	-60
0.44167	-60
0.44533	-57
0.44900	-54
0.45267	-53
0.45633	-53
0.46000	-52
0.46367	-53
0.46733	-53
0.47100	-48
0.47467	-42
0.47833	-41
0.48200	-42
0.48567	-45
0.48933	-52
0.49300	-55
0.49667	-52
0.50033	-51
0.50400	-53
0.50767	-55
0.51133	-57
0.51500	-60
0.51867	-59
0.52233	-57
0.52600	-56
0.52967	-58
0.53333	-60
0.53700	-59
0.54067	-59
0.54433	-60
0.54800	-61
0.55167	-62
0.55533	-62
0.55900	-57
0.56267	-48
0.56633	-40
0.57000	-39
0.57367	-44
0.57733	-47
0.58100	-50
0.58467	-55
0.58833	-59
0.59200	-62
0.59567	-68
0.59933	-74
0.60300	-80
0.60667	-82
0.61033	-80
0.61400	-75
0.61767	-70
0.62133	-68
0.62500	-64
0.62867	-57
0.63233	-50
0.63600	-48
0.63967	-50
0.64333	-53
0.64700	-56
0.65067	-58
0.65433	-60
0.65800	-63
0.66167	-67
0.66533	-69
0.66900	-75
0.67267	-82
0.67633	-85
0.68000	-84
0.68367	-81
0.68733	-79
0.69100	-77
0.69467	-74
0.69833	-69
0.70200	-66
0.70567	-67
0.70933	-69
0.71300	-73
0.71667	-77
0.72033	-80
0.72400	-80
0.72767	-75
0.73133	-68
0.73500	-62
0.73867	-62
0.74233	-67
0.74600	-71
0.74967	-80
0.75333	-91
0.75700	-97
0.76067	-99
0.76433	-101
0.76800	-103
0.77167	-102
0.77533	-100
0.77900	-96
0.78267	-92
0.78633	-91
0.79000	-90
0.79367	-86
0.79733	-80
0.80100	-72
0.80467	-69
0.80833	-68
0.81200	-71
0.81567	-73
0.81933	-72
0.82300	-69
0.82667	-69
0.83033	-70
0.83400	-71
0.83767	-73
0.84133	-78
0.84500	-82
0.84867	-88
0.85233	-92
0.85600	-94
0.85967	-93
0.86333	-91
0.86700	-86
0.87067	-81
0.87433	-81
0.87800	-84
0.88167	-85
0.88533	-83
0.88900	-79
0.89267	-72
0.89633	-65
0.90000	-62
0.90367	-61
0.90733	-58
0.91100	-54
0.91467	-55
0.91833	-64
0.92200	-77
0.92567	-88
0.92933	-95
0.93300	-96
0.93667	-93
0.94033	-88
0.94400	-87
0.94767	-90
0.95133	-94
0.95500	-95
0.95867	-97
0.96233	-97
0.96600	-94
0.96967	-87
0.97333	-78
0.97700	-75
0.98067	-80
0.98433	-88
0.98800	-95
0.99167	-100
0.99533	-103
0.99900	-105
1.00267	-106
1.00633	-106
1.01000	-105
1.01367	-104
1.01733	-107
1.02100	-111
1.02467	-115
1.02833	-118
1.03200	-114
1.03567	-104
1.03933	-93
1.04300	-87
1.04667	-87
1.05033	-90
1.05400	-94
1.05767	-99
1.06133	-103
1.06500	-107
1.06867	-109
1.07233	-112
1.07600	-118
1.07967	-125
1.08333	-131
1.08700	-132
1.09067	-131
1.09433	-127
1.09800	-123
1.10167	-118
1.10533	-114
1.10900	-111
1.11267	-108
1.11633	-104
1.12000	-103
1.12367	-105
1.12733	-108
1.13100	-109
1.13467	-113
1.13833	-117
1.14200	-118
1.14567	-115
1.14933	-109
1.15300	-106
1.15667	-108
1.16033	-111
1.16400	-111
1.16767	-106
1.17133	-103
1.17500	-103
1.17867	-103
1.18233	-103
1.18600	-102
1.18967	-106
1.19333	-117
1.19700	-126
1.20067	-127
1.20433	-119
1.20800	-110
1.21167	-108
1.21533	-110
1.21900	-115
1.22267	-122
1.22633	-125
1.23000	-127
1.23367	-127
1.23733	-129
1.24100	-130
1.24467	-131
1.24833	-131
1.25200	-133
1.25567	-135
1.25933	-132
1.26300	-121
1.26667	-108
1.27033	-102
1.27400	-105
1.27767	-109
1.28133	-117
1.28500	-128
1.28867	-138
1.29233	-146
1.29600	-151
1.29967	-153
1.30333	-151
1.30700	-147
1.31067	-144
1.31433	-143
1.31800	-139
1.32167	-134
1.32533	-129
1.32900	-126
1.33267	-126
1.33633	-128
1.34000	-128
1.34367	-128
1.34733	-132
1.35100	-139
1.35467	-148
1.35833	-155
1.36200	-159
1.36567	-156
1.36933	-153
1.37300	-153
1.37667	-155
1.38033	-153
1.38400	-145
1.38767	-136
1.39133	-130
1.39500	-127
1.39867	-127
1.40233	-126
1.40600	-123
1.40967	-125
1.41333	-130
1.41700	-136
1.42067	-142
1.42433	-147
1.42800	-151
1.43167	-151
1.43533	-144
1.43900	-107
1.44267	16
1.44633	249
1.45000	611
1.45367	1177
1.45733	1935
1.46100	2745
1.46467	3469
1.46833	4034
1.47200	4410
1.47567	4560
1.47933	4444
1.48300	4058
1.48667	3470
1.49033	2800
1.49400	2158
1.49767	1608
1.50133	1167
1.50500	833
1.50867	586
1.51233	407
1.51600	283
1.51967	198
1.52333	136
1.52700	90
1.53067	54
1.53433	28
1.53800	36
1.54167	137
1.54533	401
1.54900	839
1.55267	1361
1.55633	1857
1.56000	2261
1.56367	2535
1.56733	2650
1.57100	2573
1.57467	2301
1.57833	1894
1.58200	1443
1.58567	1027
1.58933	690
1.59300	439
1.59667	260
1.60033	134
1.60400	45
1.60767	-16
1.61133	-60
1.61500	-88
1.61867	-106
1.62233	-114
1.62600	-120
1.62967	-122
1.63333	-120
1.63700	-121
1.64067	-125
1.64433	-128
1.64800	-131
1.65167	-134
1.65533	-136
1.65900	-135
1.66267	-131
1.66633	-129
1.67000	-129
1.67367	-131
1.67733	-135
1.68100	-142
1.68467	-149
1.68833	-155
1.69200	-160
1.69567	-160
1.69933	-160
1.70300	-159
1.70667	-158
1.71033	-155
1.71400	-150
1.71767	-145
1.72133	-144
1.72500	-145
1.72867	-152
1.73233	-160
1.73600	-167
1.73967	-172
1.74333	-174
1.74700	-175
1.75067	-173
1.75433	-170
1.75800	-164
1.76167	-156
1.76533	-146
1.76900	-139
1.77267	-135
1.77633	-136
1.78000	-141
1.78367	-148
1.78733	-156
1.79100	-163
1.79467	-168
1.79833	-169
1.80200	-164
1.80567	-158
1.80933	-153
1.81300	-147
1.81667	-144
1.82033	-143
1.82400	-143
1.82767	-147
1.83133	-153
1.83500	-158
1.83867	-164
1.84233	-168
1.84600	-171
1.84967	-172
1.85333	-171
1.85700	-168
1.86067	-166
1.86433	-165
1.86800	-163
1.87167	-158
1.87533	-150
1.87900	-146
1.88267	-148
1.88633	-150
1.89000	-151
1.89367	-150
1.89733	-149
1.90100	-150
1.90467	-150
1.90833	-152
1.91200	-153
1.91567	-153
1.91933	-149
1.92300	-141
1.92667	-133
1.93033	-128
1.93400	-128
1.93767	-133
1.94133	-139
1.94500	-145
1.94867	-146
1.95233	-121
1.95600	55
1.95967	971
1.96333	4631
1.96700	15809
1.97067	42261
1.97433	91452
1.97800	164639
1.98167	253519
1.98533	343374
1.98900	419381
1.99267	470099
1.99633	488251
2.00000	471874
2.00367	425661
2.00733	359965
2.01100	287432
2.01467	218873
2.01833	160806
2.02200	115355
2.02567	81718
2.02933	57757
2.03300	41106
2.03667	29699
2.04033	21927
2.04400	16620
2.04767	12963
2.05133	10406
2.05500	8582
2.05867	7250
2.06233	6259
2.06600	5502
2.06967	4909
2.07333	4435
2.07700	4048
2.08067	3723
2.08433	3443
2.08800	3203
2.09167	2997
2.09533	2814
2.09900	2650
2.10267	2503
2.10633	2372
2.11000	2247
2.11367	2128
2.11733	2020
2.12100	1928
2.12467	1849
2.12833	1777
2.13200	1708
2.13567	1640
2.13933	1574
2.14300	1513
2.14667	1457
2.15033	1401
2.15400	1345
2.15767	1294
2.16133	1248
2.16500	1208
2.16867	1175
2.17233	1145
2.17600	1116
2.17967	1083
2.18333	1049
2.18700	1018
2.19067	993
2.19433	971
2.19800	948
2.20167	924
2.20533	898
2.20900	872
2.21267	843
2.21633	815
2.22000	793
2.22367	773
2.22733	755
2.23100	740
2.23467	724
2.23833	706
2.24200	689
2.24567	675
2.24933	661
2.25300	648
2.25667	635
2.26033	617
2.26400	600
2.26767	584
2.27133	572
2.27500	564
2.27867	558
2.28233	554
2.28600	549
2.28967	540
2.29333	530
2.29700	518
2.30067	506
2.30433	495
2.30800	484
2.31167	475
2.31533	467
2.31900	459
2.32267	449
2.32633	441
2.33000	434
2.33367	428
2.33733	423
2.34100	417
2.34467	407
2.34833	396
2.35200	386
2.35567	377
2.35933	369
2.36300	364
2.36667	362
2.37033	358
2.37400	351
2.37767	342
2.38133	334
2.38500	329
2.38867	325
2.39233	324
2.39600	324
2.39967	324
2.40333	322
2.40700	318
2.41067	312
2.41433	307
2.41800	308
2.42167	311
2.42533	313
2.42900	311
2.43267	306
2.43633	299
2.44000	292
2.44367	283
2.44733	273
2.45100	265
2.45467	258
2.45833	253
2.46200	252
2.46567	253
2.46933	254
2.47300	249
2.47667	241
2.48033	232
2.48400	226
2.48767	223
2.49133	219
2.49500	212
2.49867	205
2.50233	202
2.50600	206
2.50967	212
2.51333	212
2.51700	210
2.52067	208
2.52433	204
2.52800	202
2.53167	203
2.53533	206
2.53900	206
2.54267	202
2.54633	194
2.55000	187
2.55367	179
2.55733	171
2.56100	164
2.56467	159
2.56833	154
2.57200	151
2.57567	152
2.57933	151
2.58300	148
2.58667	151
2.59033	156
2.59400	160
2.59767	157
2.60133	147
2.60500	132
2.60867	118
2.61233	109
2.61600	103
2.61967	99
2.62333	96
2.62700	96
2.63067	101
2.63433	107
2.63800	111
2.64167	113
2.64533	113
2.64900	116
2.65267	119
2.65633	119
2.66000	117
2.66367	115
2.66733	114
2.67100	111
2.67467	106
2.67833	100
2.68200	92
2.68567	83
2.68933	77
2.69300	73
2.69667	71
2.70033	69
2.70400	67
2.70767	68
2.71133	76
2.71500	83
2.71867	88
2.72233	90
2.72600	88
2.72967	82
2.73333	74
2.73700	66
2.74067	62
2.74433	64
2.74800	69
2.75167	75
2.75533	77
2.75900	77
2.76267	76
2.76633	75
2.77000	70
2.77367	66
2.77733	61
2.78100	54
2.78467	52
2.78833	54
2.79200	58
2.79567	62
2.79933	68
2.80300	72
2.80667	72
2.81033	68
2.81400	64
2.81767	60
2.82133	54
2.82500	45
2.82867	38
2.83233	37
2.83600	37
2.83967	37
2.84333	35
2.84700	33
2.85067	37
2.85433	43
2.85800	46
2.86167	43
2.86533	39
2.86900	34
2.87267	28
2.87633	25
2.88000	25
2.88367	25
2.88733	21
2.89100	16
2.89467	13
2.89833	15
2.90200	18
2.90567	17
2.90933	14
2.91300	13
2.91667	19
2.92033	24
2.92400	30
2.92767	33
2.93133	29
2.93500	20
2.93867	10
2.94233	5
2.94600	7
2.94967	10
2.95333	16
2.95700	22
2.96067	26
2.96433	27
2.96800	24
2.97167	21
2.97533	19
2.97900	14
2.98267	7
2.98633	-0
2.99000	-6
2.99367	-9
2.99733	-7
3.00100	2
3.00467	13
3.00833	23
3.01200	27
3.01567	27
3.01933	27
3.02300	26
3.02667	24
3.03033	18
3.03400	10
3.03767	4
3.04133	2
3.04500	0
3.04867	-4
3.05233	-11
3.05600	-17
3.05967	-21
3.06333	-24
3.06700	-27
3.07067	-27
3.07433	-24
3.07800	-19
3.08167	-13
3.08533	-10
3.08900	-7
3.09267	-3
3.09633	2
3.10000	7
3.10367	8
3.10733	7
3.11100	3
3.11467	-5
3.11833	-13
3.12200	-18
3.12567	-19
3.12933	-18
3.13300	-15
3.13667	-14
3.14033	-14
3.14400	-14
3.14767	-13
3.15133	-13
3.15500	-11
3.15867	-10
3.16233	-9
3.16600	-7
3.16967	-4
3.17333	1
3.17700	4
3.18067	8
3.18433	13
3.18800	11
3.19167	5
3.19533	-1
3.19900	-4
3.20267	-7
3.20633	-8
3.21000	-8
3.21367	-9
3.21733	-12
3.22100	-15
3.22467	-17
3.22833	-23
3.23200	-26
3.23567	-28
3.23933	-28
3.24300	-25
3.24667	-17
3.25033	-10
3.25400	-8
3.25767	-9
3.26133	-9
3.26500	-8
3.26867	-6
3.27233	-3
3.27600	-2
3.27967	-4
3.28333	-6
3.28700	-11
3.29067	-16
3.29433	-18
3.29800	-20
3.30167	-24
3.30533	-26
3.30900	-27
3.31267	-21
3.31633	-12
3.32000	-7
3.32367	-6
3.32733	-7
3.33100	-4
3.33467	2
3.33833	8
3.34200	8
3.34567	1
3.34933	-8
3.35300	-16
3.35667	-20
3.36033	-21
3.36400	-23
3.36767	-27
3.37133	-29
3.37500	-28
3.37867	-23
3.38233	-15
3.38600	-8
3.38967	-6
3.39333	-9
3.39700	-12
3.40067	-15
3.40433	-16
3.40800	-14
3.41167	-10
3.41533	-8
3.41900	-6
3.42267	-6
3.42633	-8
3.43000	-9
3.43367	-8
3.43733	-5
3.44100	-6
3.44467	-11
3.44833	-20
3.45200	-32
3.45567	-41
3.45933	-41
3.46300	-37
3.46667	-33
3.47033	-30
3.47400	-28
3.47767	-28
3.48133	-28
3.48500	-28
3.48867	-35
3.49233	-42
3.49600	-48
3.49967	-52
3.50333	-58
3.50700	-59
3.51067	-59
3.51433	-58
3.51800	-57
3.52167	-50
3.52533	-40
3.52900	-28
3.53267	-19
3.53633	-15
3.54000	-15
3.54367	-17
3.54733	-19
3.55100	-22
3.55467	-24
3.55833	-26
3.56200	-27
3.56567	-31
3.56933	-35
3.57300	-38
3.57667	-39
3.58033	-38
3.58400	-35
3.58767	-29
3.59133	-25
3.59500	-26
3.59867	-32
3.60233	-39
3.60600	-45
3.60967	-47
3.61333	-44
3.61700	-36
3.62067	-28
3.62433	-23
3.62800	-22
3.63167	-29
3.63533	-39
3.63900	-48
3.64267	-53
3.64633	-56
3.65000	-54
3.65367	-46
3.65733	-37
3.66100	-28
3.66467	-21
3.66833	-17
3.67200	-20
3.67567	-29
3.67933	-38
3.68300	-45
3.68667	-52
3.69033	-58
3.69400	-61
3.69767	-63
3.70133	-64
3.70500	-61
3.70867	-60
3.71233	-64
3.71600	-70
3.71967	-75
3.72333	-76
3.72700	-76
3.73067	-76
3.73433	-76
3.73800	-76
3.74167	-73
3.74533	-69
3.74900	-64
3.75267	-59
3.75633	-54
3.76000	-52
3.76367	-53
3.76733	-55
3.77100	-59
3.77467	-63
3.77833	-68
3.78200	-74
3.78567	-77
3.78933	-76
3.79300	-72
3.79667	-69
3.80033	-68
3.80400	-69
3.80767	-70
3.81133	-71
3.81500	-68
3.81867	-64
3.82233	-61
3.82600	-59
3.82967	-62
3.83333	-66
3.83700	-71
3.84067	-76
3.84433	-81
3.84800	-85
3.85167	-87
3.85533	-90
3.85900	-93
3.86267	-96
3.86633	-98
3.87000	-100
3.87367	-104
3.87733	-105
3.88100	-99
3.88467	-92
3.88833	-89
3.89200	-88
3.89567	-86
3.89933	-85
3.90300	-85
3.90667	-87
3.91033	-88
3.91400	-89
3.91767	-90
3.92133	-88
3.92500	-85
3.92867	-82
3.93233	-83
3.93600	-85
3.93967	-87
3.94333	-86
3.94700	-88
3.95067	-93
3.95433	-94
3.95800	-94
3.96167	-94
3.96533	-93
3.96900	-93
3.97267	-92
3.97633	-89
3.98000	-89
3.98367	-89
3.98733	-90
3.99100	-96
3.99467	-104
3.99833	-110

[Chromatogram (Ch2)]
Interval(msec)	220
# of Points	1091
Start Time(min)	0.002
End Time(min)	3.998
R.Time (min)	Intensity
0.00167	0
0.00533	0
0.00900	0
0.01267	0
0.01633	0
0.02000	0
0.02367	0
0.02733	0
0.03100	-0
0.03467	-0
0.03833	-0
0.04200	-0
0.04567	-0
0.04933	-0
0.05300	-0
0.05667	0
0.06033	0
0.06400	1
0.06767	1
0.07133	2
0.07500	2
0.07867	2
0.08233	3
0.08600	3
0.08967	3
0.09333	3
0.09700	3
0.10067	3
0.10433	3
0.10800	3
0.11167	3
0.11533	3
0.11900	3
0.12267	3
0.12633	3
0.13000	2
0.13367	2
0.13733	2
0.14100	2
0.14467	2
0.14833	2
0.15200	2
0.15567	2
0.15933	2
0.16300	2
0.16667	2
0.17033	2
0.17400	1
0.17767	1
0.18133	1
0.18500	1
0.18867	1
0.19233	1
0.19600	1
0.19967	1
0.20333	1
0.20700	1
0.21067	1
0.21433	1
0.21800	1
0.22167	1
0.22533	2
0.22900	1
0.23267	1
0.23633	1
0.24000	1
0.24367	1
0.24733	2
0.25100	2
0.25467	2
0.25833	2
0.26200	2
0.26567	2
0.26933	2
0.27300	1
0.27667	1
0.28033	1
0.28400	1
0.28767	1
0.29133	1
0.29500	0
0.29867	0
0.30233	0
0.30600	0
0.30967	1
0.31333	1
0.31700	1
0.32067	1
0.32433	1
0.32800	1
0.33167	1
0.33533	1
0.33900	1
0.34267	1
0.34633	1
0.35000	1
0.35367	1
0.35733	1
0.36100	1
0.36467	1
0.36833	1
0.37200	1
0.37567	1
0.37933	1
0.38300	1
0.38667	1
0.39033	1
0.39400	1
0.39767	1
0.40133	1
0.40500	1
0.40867	1
0.41233	1
0.41600	0
0.41967	0
0.42333	0
0.42700	1
0.43067	1
0.43433	1
0.43800	1
0.44167	1
0.44533	1
0.44900	1
0.45267	1
0.45633	1
0.46000	1
0.46367	1
0.46733	1
0.47100	1
0.47467	1
0.47833	1
0.48200	1
0.48567	1
0.48933	1
0.49300	1
0.49667	1
0.50033	2
0.50400	2
0.50767	2
0.51133	2
0.51500	2
0.51867	2
0.52233	2
0.52600	1
0.52967	1
0.53333	1
0.53700	1
0.54067	1
0.54433	0
0.54800	0
0.55167	0
0.55533	0
0.55900	0
0.56267	-0
0.56633	-0
0.57000	-0
0.57367	-1
0.57733	-1
0.58100	-1
0.58467	-1
0.58833	-1
0.59200	-1
0.59567	-1
0.59933	-1
0.60300	-1
0.60667	-1
0.61033	-1
0.61400	-1
0.61767	-1
0.62133	-1
0.62500	-1
0.62867	-2
0.63233	-2
0.63600	-2
0.63967	-2
0.64333	-2
0.64700	-3
0.65067	-3
0.65433	-3
0.65800	-3
0.66167	-3
0.66533	-3
0.66900	-3
0.67267	-3
0.67633	-3
0.68000	-3
0.68367	-3
0.68733	-3
0.69100	-3
0.69467	-3
0.69833	-3
0.70200	-2
0.70567	-2
0.70933	-2
0.71300	-2
0.71667	-2
0.72033	-1
0.72400	-1
0.72767	-1
0.73133	-1
0.73500	-1
0.73867	-1
0.74233	-1
0.74600	-1
0.74967	-1
0.75333	-2
0.75700	-2
0.76067	-2
0.76433	-2
0.76800	-2
0.77167	-2
0.77533	-2
0.77900	-2
0.78267	-2
0.78633	-2
0.79000	-1
0.79367	-2
0.79733	-2
0.80100	-2
0.80467	-1
0.80833	-1
0.81200	-1
0.81567	-1
0.81933	-1
0.82300	-1
0.82667	-1
0.83033	-1
0.83400	-1
0.83767	-1
0.84133	-1
0.84500	-0
0.84867	-0
0.85233	-0
0.85600	0
0.85967	0
0.86333	0
0.86700	0
0.87067	0
0.87433	0
0.87800	0
0.88167	0
0.88533	-0
0.88900	0
0.89267	0
0.89633	0
0.90000	0
0.90367	0
0.90733	0
0.91100	0
0.91467	-0
0.91833	-1
0.92200	-1
0.92567	-1
0.92933	-1
0.93300	-1
0.93667	-1
0.94033	-0
0.94400	-0
0.94767	-0
0.95133	-0
0.95500	-0
0.95867	-1
0.96233	-1
0.96600	-1
0.96967	-1
0.97333	-1
0.97700	-1
0.98067	-1
0.98433	-1
0.98800	-1
0.99167	-1
0.99533	-1
0.99900	-1
1.00267	-1
1.00633	-1
1.01000	-1
1.01367	-1
1.01733	-1
1.02100	-1
1.02467	-1
1.02833	-1
1.03200	-1
1.03567	-1
1.03933	-1
1.04300	-1
1.04667	-2
1.05033	-2
1.05400	-2
1.05767	-2
1.06133	-2
1.06500	-3
1.06867	-3
1.07233	-3
1.07600	-3
1.07967	-3
1.08333	-3
1.08700	-3
1.09067	-3
1.09433	-4
1.09800	-4
1.10167	-4
1.10533	-4
1.10900	-4
1.11267	-4
1.11633	-4
1.12000	-4
1.12367	-4
1.12733	-4
1.13100	-4
1.13467	-5
1.13833	-5
1.14200	-5
1.14567	-5
1.14933	-4
1.15300	-4
1.15667	-4
1.16033	-4
1.16400	-4
1.16767	-3
1.17133	-3
1.17500	-3
1.17867	-2
1.18233	-2
1.18600	-2
1.18967	-1
1.19333	-1
1.19700	-1
1.20067	-1
1.20433	-1
1.20800	-0
1.21167	0
1.21533	1
1.21900	1
1.22267	1
1.22633	1
1.23000	1
1.23367	1
1.23733	1
1.24100	1
1.24467	1
1.24833	0
1.25200	0
1.25567	0
1.25933	0
1.26300	0
1.26667	0
1.27033	0
1.27400	-0
1.27767	-0
1.28133	-0
1.28500	-1
1.28867	-1
1.29233	-1
1.29600	-1
1.29967	-1
1.30333	-1
1.30700	-1
1.31067	-1
1.31433	-1
1.31800	-1
1.32167	-1
1.32533	-1
1.32900	-1
1.33267	-1
1.33633	-1
1.34000	-2
1.34367	-2
1.34733	-2
1.35100	-2
1.35467	-2
1.35833	-2
1.36200	-2
1.36567	-2
1.36933	-2
1.37300	-2
1.37667	-3
1.38033	-3
1.38400	-3
1.38767	-3
1.39133	-3
1.39500	-3
1.39867	-3
1.40233	-3
1.40600	-3
1.40967	-2
1.41333	-2
1.41700	-2
1.42067	-2
1.42433	-2
1.42800	-2
1.43167	-2
1.43533	-2
1.43900	-2
1.44267	-2
1.44633	-2
1.45000	-1
1.45367	-1
1.45733	-1
1.46100	-1
1.46467	-1
1.46833	-1
1.47200	-1
1.47567	-1
1.47933	-1
1.48300	-1
1.48667	-0
1.49033	-0
1.49400	0
1.49767	0
1.50133	1
1.50500	1
1.50867	1
1.51233	1
1.51600	1
1.51967	0
1.52333	0
1.52700	0
1.53067	-0
1.53433	-0
1.53800	-0
1.54167	-0
1.54533	-0
1.54900	-0
1.55267	-0
1.55633	0
1.56000	-0
1.56367	-0
1.56733	-0
1.57100	-0
1.57467	-0
1.57833	-0
1.58200	-1
1.58567	-1
1.58933	-1
1.59300	-1
1.59667	-2
1.60033	-3
1.60400	-4
1.60767	-5
1.61133	-7
1.61500	-9
1.61867	-11
1.62233	-14
1.62600	-17
1.62967	-20
1.63333	-23
1.63700	-26
1.64067	-30
1.64433	-33
1.64800	-37
1.65167	-41
1.65533	-44
1.65900	-48
1.66267	-52
1.66633	-56
1.67000	-61
1.67367	-65
1.67733	-71
1.68100	-76
1.68467	-81
1.68833	-85
1.69200	-90
1.69567	-94
1.69933	-97
1.70300	-100
1.70667	-102
1.71033	-104
1.71400	-105
1.71767	-106
1.72133	-106
1.72500	-107
1.72867	-107
1.73233	-107
1.73600	-107
1.73967	-108
1.74333	-109
1.74700	-110
1.75067	-111
1.75433	-113
1.75800	-114
1.76167	-116
1.76533	-116
1.76900	-117
1.77267	-117
1.77633	-117
1.78000	-116
1.78367	-116
1.78733	-115
1.79100	-115
1.79467	-115
1.79833	-116
1.80200	-117
1.80567	-118
1.80933	-119
1.81300	-120
1.81667	-121
1.82033	-121
1.82400	-121
1.82767	-121
1.83133	-121
1.83500	-121
1.83867	-120
1.84233	-120
1.84600	-120
1.84967	-120
1.85333	-120
1.85700	-120
1.86067	-120
1.86433	-120
1.86800	-120
1.87167	-120
1.87533	-120
1.87900	-120
1.88267	-120
1.88633	-119
1.89000	-119
1.89367	-119
1.89733	-118
1.90100	-118
1.90467	-118
1.90833	-118
1.91200	-119
1.91567	-119
1.91933	-119
1.92300	-118
1.92667	-118
1.93033	-118
1.93400	-118
1.93767	-117
1.94133	-117
1.94500	-116
1.94867	-116
1.95233	-116
1.95600	-115
1.95967	-115
1.96333	-115
1.96700	-115
1.97067	-115
1.97433	-115
1.97800	-114
1.98167	-114
1.98533	-114
1.98900	-113
1.99267	-113
1.99633	-112
2.00000	-112
2.00367	-111
2.00733	-111
2.01100	-110
2.01467	-110
2.01833	-109
2.02200	-109
2.02567	-109
2.02933	-109
2.03300	-109
2.03667	-109
2.04033	-108
2.04400	-108
2.04767	-108
2.05133	-107
2.05500	-107
2.05867	-107
2.06233	-107
2.06600	-107
2.06967	-107
2.07333	-107
2.07700	-107
2.08067	-106
2.08433	-106
2.08800	-105
2.09167	-105
2.09533	-104
2.09900	-104
2.10267	-104
2.10633	-104
2.11000	-104
2.11367	-103
2.11733	-103
2.12100	-102
2.12467	-102
2.12833	-102
2.13200	-101
2.13567	-101
2.13933	-100
2.14300	-99
2.14667	-99
2.15033	-98
2.15400	-98
2.15767	-99
2.16133	-98
2.16500	-98
2.16867	-98
2.17233	-97
2.17600	-97
2.17967	-96
2.18333	-96
2.18700	-95
2.19067	-95
2.19433	-95
2.19800	-95
2.20167	-96
2.20533	-96
2.20900	-97
2.21267	-98
2.21633	-98
2.22000	-98
2.22367	-97
2.22733	-97
2.23100	-95
2.23467	-94
2.23833	-93
2.24200	-92
2.24567	-91
2.24933	-90
2.25300	-89
2.25667	-88
2.26033	-88
2.26400	-88
2.26767	-89
2.27133	-89
2.27500	-90
2.27867	-90
2.28233	-90
2.28600	-89
2.28967	-89
2.29333	-88
2.29700	-88
2.30067	-88
2.30433	-89
2.30800	-89
2.31167	-89
2.31533	-90
2.31900	-90
2.32267	-90
2.32633	-89
2.33000	-89
2.33367	-87
2.33733	-86
2.34100	-84
2.34467	-83
2.34833	-81
2.35200	-79
2.35567	-78
2.35933	-76
2.36300	-75
2.36667	-73
2.37033	-72
2.37400	-70
2.37767	-68
2.38133	-66
2.38500	-63
2.38867	-60
2.39233	-57
2.39600	-53
2.39967	-50
2.40333	-46
2.40700	-42
2.41067	-38
2.41433	-34
2.41800	-30
2.42167	-27
2.42533	-24
2.42900	-21
2.43267	-19
2.43633	-17
2.44000	-15
2.44367	-13
2.44733	-10
2.45100	-8
2.45467	-6
2.45833	-3
2.46200	-1
2.46567	0
2.46933	2
2.47300	2
2.47667	3
2.48033	3
2.48400	4
2.48767	4
2.49133	5
2.49500	5
2.49867	6
2.50233	7
2.50600	8
2.50967	8
2.51333	9
2.51700	10
2.52067	11
2.52433	11
2.52800	12
2.53167	12
2.53533	13
2.53900	13
2.54267	13
2.54633	14
2.55000	15
2.55367	15
2.55733	15
2.56100	15
2.56467	15
2.56833	15
2.57200	15
2.57567	16
2.57933	16
2.58300	16
2.58667	16
2.59033	16
2.59400	16
2.59767	16
2.60133	16
2.60500	16
2.60867	17
2.61233	17
2.61600	17
2.61967	17
2.62333	17
2.62700	18
2.63067	18
2.63433	18
2.63800	17
2.64167	17
2.64533	17
2.64900	17
2.65267	18
2.65633	18
2.66000	19
2.66367	19
2.66733	19
2.67100	20
2.67467	20
2.67833	21
2.68200	21
2.68567	21
2.68933	21
2.69300	21
2.69667	21
2.70033	22
2.70400	22
2.70767	22
2.71133	22
2.71500	23
2.71867	23
2.72233	24
2.72600	24
2.72967	25
2.73333	26
2.73700	26
2.74067	27
2.74433	27
2.74800	28
2.75167	28
2.75533	28
2.75900	28
2.76267	28
2.76633	27
2.77000	27
2.77367	26
2.77733	26
2.78100	26
2.78467	25
2.78833	25
2.79200	25
2.79567	25
2.79933	25
2.80300	25
2.80667	26
2.81033	26
2.81400	26
2.81767	26
2.82133	27
2.82500	27
2.82867	28
2.83233	28
2.83600	28
2.83967	28
2.84333	28
2.84700	28
2.85067	27
2.85433	25
2.85800	21
2.86167	16
2.86533	7
2.86900	-4
2.87267	-19
2.87633	-38
2.88000	-61
2.88367	-87
2.88733	-118
2.89100	-152
2.89467	-190
2.89833	-232
2.90200	-276
2.90567	-322
2.90933	-371
2.91300	-421
2.91667	-472
2.92033	-524
2.92400	-576
2.92767	-629
2.93133	-681
2.93500	-733
2.93867	-784
2.94233	-835
2.94600	-888
2.94967	-945
2.95333	-1007
2.95700	-1067
2.96067	-1114
2.96433	-1139
2.96800	-1136
2.97167	-1107
2.97533	-1057
2.97900	-990
2.98267	-913
2.98633	-831
2.99000	-748
2.99367	-667
2.99733	-589
3.00100	-517
3.00467	-451
3.00833	-392
3.01200	-338
3.01567	-291
3.01933	-249
3.02300	-213
3.02667	-181
3.03033	-153
3.03400	-130
3.03767	-109
3.04133	-91
3.04500	-76
3.04867	-63
3.05233	-52
3.05600	-42
3.05967	-34
3.06333	-27
3.06700	-21
3.07067	-16
3.07433	-11
3.07800	-7
3.08167	-4
3.08533	-1
3.08900	1
3.09267	3
3.09633	5
3.10000	7
3.10367	8
3.10733	9
3.11100	10
3.11467	11
3.11833	12
3.12200	13
3.12567	13
3.12933	14
3.13300	15
3.13667	15
3.14033	16
3.14400	16
3.14767	17
3.15133	17
3.15500	18
3.15867	18
3.16233	18
3.16600	19
3.16967	19
3.17333	19
3.17700	19
3.18067	19
3.18433	19
3.18800	19
3.19167	20
3.19533	20
3.19900	20
3.20267	20
3.20633	20
3.21000	20
3.21367	20
3.21733	20
3.22100	20
3.22467	21
3.22833	21
3.23200	22
3.23567	22
3.23933	22
3.24300	22
3.24667	22
3.25033	22
3.25400	22
3.25767	22
3.26133	23
3.26500	23
3.26867	23
3.27233	23
3.27600	23
3.27967	23
3.28333	24
3.28700	24
3.29067	24
3.29433	24
3.29800	24
3.30167	24
3.30533	24
3.30900	25
3.31267	25
3.31633	25
3.32000	25
3.32367	25
3.32733	25
3.33100	26
3.33467	26
3.33833	26
3.34200	26
3.34567	26
3.34933	26
3.35300	26
3.35667	26
3.36033	26
3.36400	26
3.36767	26
3.37133	26
3.37500	26
3.37867	26
3.38233	26
3.38600	26
3.38967	26
3.39333	27
3.39700	27
3.40067	27
3.40433	28
3.40800	28
3.41167	28
3.41533	28
3.41900	28
3.42267	27
3.42633	27
3.43000	27
3.43367	27
3.43733	27
3.44100	27
3.44467	27
3.44833	27
3.45200	27
3.45567	27
3.45933	27
3.46300	27
3.46667	27
3.47033	28
3.47400	28
3.47767	28
3.48133	28
3.48500	28
3.48867	28
3.49233	28
3.49600	28
3.49967	28
3.50333	28
3.50700	28
3.51067	28
3.51433	28
3.51800	28
3.52167	29
3.52533	29
3.52900	29
3.53267	28
3.53633	28
3.54000	28
3.54367	28
3.54733	28
3.55100	28
3.55467	28
3.55833	28
3.56200	28
3.56567	28
3.56933	28
3.57300	28
3.57667	28
3.58033	28
3.58400	28
3.58767	28
3.59133	28
3.59500	28
3.59867	28
3.60233	28
3.60600	28
3.60967	28
3.61333	28
3.61700	29
3.62067	29
3.62433	29
3.62800	29
3.63167	29
3.63533	29
3.63900	29
3.64267	29
3.64633	29
3.65000	29
3.65367	29
3.65733	29
3.66100	29
3.66467	29
3.66833	29
3.67200	29
3.67567	29
3.67933	29
3.68300	29
3.68667	29
3.69033	29
3.69400	29
3.69767	29
3.70133	29
3.70500	29
3.70867	29
3.71233	29
3.71600	29
3.71967	29
3.72333	29
3.72700	29
3.73067	29
3.73433	29
3.73800	29
3.74167	29
3.74533	29
3.74900	29
3.75267	29
3.75633	29
3.76000	29
3.76367	29
3.76733	29
3.77100	29
3.77467	28
3.77833	28
3.78200	28
3.78567	28
3.78933	28
3.79300	28
3.79667	28
3.80033	28
3.80400	27
3.80767	27
3.81133	27
3.81500	27
3.81867	27
3.82233	27
3.82600	27
3.82967	27
3.83333	27
3.83700	27
3.84067	27
3.84433	27
3.84800	27
3.85167	27
3.85533	27
3.85900	27
3.86267	27
3.86633	27
3.87000	27
3.87367	27
3.87733	27
3.88100	27
3.88467	27
3.88833	27
3.89200	27
3.89567	27
3.89933	27
3.90300	27
3.90667	27
3.91033	27
3.91400	27
3.91767	28
3.92133	28
3.92500	28
3.92867	28
3.93233	28
3.93600	27
3.93967	27
3.94333	27
3.94700	27
3.95067	27
3.95433	27
3.95800	27
3.96167	27
3.96533	27
3.96900	27
3.97267	27
3.97633	27
3.98000	27
3.98367	27
3.98733	27
3.99100	27
3.99467	27
3.99833	27

[Chromatogram (Ch3)]
Interval(msec)	220
# of Points	1091
Start Time(min)	0.002
End Time(min)	3.998
R.Time (min)	Intensity
0.00167	1
0.00533	3
0.00900	4
0.01267	3
0.01633	-0
0.02000	-1
0.02367	-1
0.02733	-5
0.03100	-6
0.03467	-8
0.03833	-8
0.04200	-7
0.04567	-4
0.04933	-3
0.05300	-2
0.05667	-1
0.06033	-3
0.06400	-3
0.06767	-2
0.07133	0
0.07500	2
0.07867	1
0.08233	1
0.08600	0
0.08967	1
0.09333	4
0.09700	7
0.10067	7
0.10433	6
0.10800	2
0.11167	-1
0.11533	-0
0.11900	1
0.12267	2
0.12633	1
0.13000	2
0.13367	-1
0.13733	-2
0.14100	-2
0.14467	-3
0.14833	-4
0.15200	-4
0.15567	-1
0.15933	4
0.16300	7
0.16667	8
0.17033	7
0.17400	8
0.17767	6
0.18133	6
0.18500	4
0.18867	4
0.19233	5
0.19600	6
0.19967	5
0.20333	5
0.20700	5
0.21067	5
0.21433	6
0.21800	7
0.22167	8
0.22533	7
0.22900	8
0.23267	6
0.23633	5
0.24000	5
0.24367	6
0.24733	7
0.25100	8
0.25467	7
0.25833	6
0.26200	5
0.26567	5
0.26933	4
0.27300	4
0.27667	3
0.28033	3
0.28400	3
0.28767	2
0.29133	3
0.29500	4
0.29867	7
0.30233	10
0.30600	10
0.30967	7
0.31333	6
0.31700	6
0.32067	6
0.32433	7
0.32800	9
0.33167	10
0.33533	9
0.33900	10
0.34267	11
0.34633	13
0.35000	13
0.35367	12
0.35733	11
0.36100	12
0.36467	12
0.36833	12
0.37200	11
0.37567	8
0.37933	8
0.38300	9
0.38667	9
0.39033	9
0.39400	9
0.39767	10
0.40133	9
0.40500	6
0.40867	6
0.41233	6
0.41600	8
0.41967	9
0.42333	10
0.42700	11
0.43067	9
0.43433	10
0.43800	12
0.44167	13
0.44533	14
0.44900	13
0.45267	11
0.45633	11
0.46000	13
0.46367	15
0.46733	16
0.47100	14
0.47467	13
0.47833	13
0.48200	15
0.48567	15
0.48933	15
0.49300	12
0.49667	11
0.50033	12
0.50400	16
0.50767	21
0.51133	24
0.51500	24
0.51867	24
0.52233	24
0.52600	24
0.52967	22
0.53333	20
0.53700	18
0.54067	18
0.54433	17
0.54800	18
0.55167	19
0.55533	19
0.55900	19
0.56267	20
0.56633	22
0.57000	23
0.57367	24
0.57733	23
0.58100	22
0.58467	19
0.58833	18
0.59200	17
0.59567	18
0.59933	21
0.60300	25
0.60667	27
0.61033	26
0.61400	24
0.61767	22
0.62133	19
0.62500	17
0.62867	15
0.63233	15
0.63600	16
0.63967	16
0.64333	15
0.64700	18
0.65067	21
0.65433	23
0.65800	24
0.66167	25
0.66533	24
0.66900	21
0.67267	20
0.67633	21
0.68000	21
0.68367	21
0.68733	22
0.69100	22
0.69467	21
0.69833	24
0.70200	25
0.70567	27
0.70933	28
0.71300	29
0.71667	29
0.72033	28
0.72400	28
0.72767	28
0.73133	26
0.73500	24
0.73867	24
0.74233	22
0.74600	20
0.74967	17
0.75333	16
0.75700	15
0.76067	15
0.76433	16
0.76800	17
0.77167	17
0.77533	17
0.77900	17
0.78267	16
0.78633	16
0.79000	19
0.79367	21
0.79733	22
0.80100	24
0.80467	26
0.80833	26
0.81200	26
0.81567	25
0.81933	24
0.82300	21
0.82667	19
0.83033	19
0.83400	18
0.83767	20
0.84133	22
0.84500	23
0.84867	25
0.85233	27
0.85600	26
0.85967	23
0.86333	21
0.86700	21
0.87067	20
0.87433	20
0.87800	20
0.88167	21
0.88533	23
0.88900	24
0.89267	25
0.89633	26
0.90000	25
0.90367	23
0.90733	22
0.91100	24
0.91467	27
0.91833	26
0.92200	25
0.92567	25
0.92933	25
0.93300	24
0.93667	22
0.94033	22
0.94400	22
0.94767	22
0.95133	24
0.95500	25
0.95867	23
0.96233	22
0.96600	20
0.96967	18
0.97333	19
0.97700	21
0.98067	22
0.98433	22
0.98800	21
0.99167	21
0.99533	22
0.99900	23
1.00267	25
1.00633	26
1.01000	26
1.01367	26
1.01733	25
1.02100	24
1.02467	22
1.02833	23
1.03200	23
1.03567	24
1.03933	23
1.04300	20
1.04667	19
1.05033	21
1.05400	22
1.05767	23
1.06133	22
1.06500	21
1.06867	20
1.07233	20
1.07600	19
1.07967	17
1.08333	15
1.08700	16
1.09067	17
1.09433	18
1.09800	18
1.10167	18
1.10533	20
1.10900	22
1.11267	20
1.11633	18
1.12000	15
1.12367	15
1.12733	19
1.13100	22
1.13467	24
1.13833	26
1.14200	27
1.14567	25
1.14933	24
1.15300	24
1.15667	24
1.16033	24
1.16400	24
1.16767	21
1.17133	19
1.17500	20
1.17867	23
1.18233	24
1.18600	25
1.18967	26
1.19333	26
1.19700	27
1.20067	28
1.20433	30
1.20800	30
1.21167	26
1.21533	21
1.21900	18
1.22267	19
1.22633	20
1.23000	20
1.23367	20
1.23733	20
1.24100	19
1.24467	22
1.24833	25
1.25200	25
1.25567	23
1.25933	21
1.26300	21
1.26667	22
1.27033	21
1.27400	20
1.27767	21
1.28133	21
1.28500	19
1.28867	19
1.29233	19
1.29600	18
1.29967	17
1.30333	17
1.30700	18
1.31067	17
1.31433	16
1.31800	17
1.32167	19
1.32533	19
1.32900	20
1.33267	20
1.33633	21
1.34000	21
1.34367	21
1.34733	21
1.35100	20
1.35467	18
1.35833	20
1.36200	21
1.36567	22
1.36933	23
1.37300	23
1.37667	22
1.38033	22
1.38400	19
1.38767	18
1.39133	20
1.39500	21
1.39867	21
1.40233	22
1.40600	22
1.40967	23
1.41333	22
1.41700	21
1.42067	22
1.42433	22
1.42800	20
1.43167	18
1.43533	18
1.43900	18
1.44267	17
1.44633	19
1.45000	19
1.45367	20
1.45733	19
1.46100	17
1.46467	17
1.46833	19
1.47200	22
1.47567	22
1.47933	22
1.48300	23
1.48667	21
1.49033	19
1.49400	19
1.49767	19
1.50133	19
1.50500	19
1.50867	18
1.51233	17
1.51600	19
1.51967	20
1.52333	22
1.52700	22
1.53067	20
1.53433	19
1.53800	19
1.54167	20
1.54533	19
1.54900	19
1.55267	18
1.55633	20
1.56000	20
1.56367	20
1.56733	19
1.57100	18
1.57467	19
1.57833	21
1.58200	21
1.58567	21
1.58933	21
1.59300	20
1.59667	22
1.60033	22
1.60400	22
1.60767	20
1.61133	19
1.61500	20
1.61867	21
1.62233	22
1.62600	22
1.62967	23
1.63333	23
1.63700	24
1.64067	23
1.64433	24
1.64800	25
1.65167	24
1.65533	24
1.65900	25
1.66267	26
1.66633	28
1.67000	29
1.67367	29
1.67733	28
1.68100	28
1.68467	28
1.68833	29
1.69200	30
1.69567	28
1.69933	27
1.70300	28
1.70667	31
1.71033	33
1.71400	33
1.71767	32
1.72133	34
1.72500	35
1.72867	35
1.73233	34
1.73600	33
1.73967	33
1.74333	34
1.74700	36
1.75067	37
1.75433	37
1.75800	37
1.76167	35
1.76533	34
1.76900	34
1.77267	36
1.77633	39
1.78000	40
1.78367	39
1.78733	39
1.79100	40
1.79467	39
1.79833	38
1.80200	36
1.80567	36
1.80933	39
1.81300	40
1.81667	41
1.82033	43
1.82400	45
1.82767	47
1.83133	48
1.83500	48
1.83867	48
1.84233	47
1.84600	47
1.84967	46
1.85333	47
1.85700	46
1.86067	45
1.86433	44
1.86800	43
1.87167	42
1.87533	40
1.87900	41
1.88267	43
1.88633	45
1.89000	47
1.89367	48
1.89733	48
1.90100	46
1.90467	46
1.90833	47
1.91200	50
1.91567	52
1.91933	54
1.92300	56
1.92667	57
1.93033	57
1.93400	56
1.93767	57
1.94133	58
1.94500	57
1.94867	57
1.95233	59
1.95600	61
1.95967	63
1.96333	63
1.96700	61
1.97067	62
1.97433	63
1.97800	60
1.98167	58
1.98533	58
1.98900	61
1.99267	66
1.99633	70
2.00000	71
2.00367	71
2.00733	70
2.01100	70
2.01467	72
2.01833	73
2.02200	73
2.02567	74
2.02933	72
2.03300	72
2.03667	71
2.04033	72
2.04400	72
2.04767	72
2.05133	73
2.05500	73
2.05867	74
2.06233	76
2.06600	80
2.06967	83
2.07333	85
2.07700	85
2.08067	83
2.08433	83
2.08800	83
2.09167	83
2.09533	86
2.09900	88
2.10267	88
2.10633	88
2.11000	88
2.11367	87
2.11733	88
2.12100	89
2.12467	90
2.12833	93
2.13200	96
2.13567	97
2.13933	99
2.14300	101
2.14667	101
2.15033	101
2.15400	100
2.15767	102
2.16133	103
2.16500	105
2.16867	104
2.17233	105
2.17600	107
2.17967	109
2.18333	112
2.18700	113
2.19067	111
2.19433	113
2.19800	114
2.20167	115
2.20533	118
2.20900	119
2.21267	120
2.21633	120
2.22000	123
2.22367	123
2.22733	121
2.23100	121
2.23467	124
2.23833	126
2.24200	126
2.24567	125
2.24933	125
2.25300	126
2.25667	129
2.26033	130
2.26400	130
2.26767	130
2.27133	132
2.27500	131
2.27867	130
2.28233	132
2.28600	133
2.28967	132
2.29333	132
2.29700	133
2.30067	135
2.30433	138
2.30800	140
2.31167	141
2.31533	142
2.31900	143
2.32267	145
2.32633	146
2.33000	145
2.33367	145
2.33733	146
2.34100	146
2.34467	146
2.34833	149
2.35200	151
2.35567	151
2.35933	151
2.36300	154
2.36667	156
2.37033	158
2.37400	157
2.37767	155
2.38133	154
2.38500	154
2.38867	152
2.39233	154
2.39600	159
2.39967	163
2.40333	167
2.40700	168
2.41067	169
2.41433	169
2.41800	170
2.42167	169
2.42533	169
2.42900	172
2.43267	175
2.43633	176
2.44000	181
2.44367	218
2.44733	306
2.45100	408
2.45467	485
2.45833	514
2.46200	510
2.46567	500
2.46933	497
2.47300	487
2.47667	462
2.48033	427
2.48400	388
2.48767	352
2.49133	325
2.49500	307
2.49867	300
2.50233	303
2.50600	313
2.50967	325
2.51333	335
2.51700	335
2.52067	325
2.52433	312
2.52800	291
2.53167	268
2.53533	243
2.53900	221
2.54267	205
2.54633	195
2.55000	188
2.55367	182
2.55733	177
2.56100	173
2.56467	173
2.56833	173
2.57200	176
2.57567	182
2.57933	190
2.58300	200
2.58667	208
2.59033	218
2.59400	229
2.59767	239
2.60133	247
2.60500	251
2.60867	249
2.61233	238
2.61600	218
2.61967	192
2.62333	159
2.62700	121
2.63067	82
2.63433	45
2.63800	13
2.64167	-16
2.64533	-39
2.64900	-55
2.65267	-66
2.65633	-71
2.66000	-75
2.66367	-74
2.66733	-69
2.67100	-64
2.67467	-60
2.67833	-55
2.68200	-48
2.68567	-41
2.68933	-34
2.69300	-29
2.69667	-25
2.70033	-18
2.70400	-11
2.70767	-4
2.71133	4
2.71500	13
2.71867	20
2.72233	26
2.72600	33
2.72967	37
2.73333	41
2.73700	44
2.74067	48
2.74433	53
2.74800	57
2.75167	60
2.75533	65
2.75900	73
2.76267	81
2.76633	90
2.77000	99
2.77367	105
2.77733	111
2.78100	113
2.78467	117
2.78833	121
2.79200	125
2.79567	131
2.79933	139
2.80300	145
2.80667	152
2.81033	158
2.81400	163
2.81767	168
2.82133	177
2.82500	188
2.82867	214
2.83233	268
2.83600	369
2.83967	542
2.84333	816
2.84700	1211
2.85067	1732
2.85433	2361
2.85800	3063
2.86167	3791
2.86533	4490
2.86900	5101
2.87267	5577
2.87633	5888
2.88000	6021
2.88367	5985
2.88733	5804
2.89100	5513
2.89467	5147
2.89833	4736
2.90200	4307
2.90567	3878
2.90933	3466
2.91300	3076
2.91667	2715
2.92033	2387
2.92400	2094
2.92767	1836
2.93133	1606
2.93500	1401
2.93867	1221
2.94233	1063
2.94600	926
2.94967	810
2.95333	710
2.95700	624
2.96067	549
2.96433	485
2.96800	428
2.97167	378
2.97533	334
2.97900	297
2.98267	265
2.98633	240
2.99000	218
2.99367	198
2.99733	181
3.00100	169
3.00467	157
3.00833	146
3.01200	136
3.01567	129
3.01933	121
3.02300	116
3.02667	109
3.03033	102
3.03400	96
3.03767	91
3.04133	90
3.04500	88
3.04867	86
3.05233	84
3.05600	81
3.05967	80
3.06333	78
3.06700	76
3.07067	74
3.07433	72
3.07800	71
3.08167	69
3.08533	69
3.08900	68
3.09267	67
3.09633	67
3.10000	66
3.10367	66
3.10733	67
3.11100	68
3.11467	68
3.11833	67
3.12200	69
3.12567	67
3.12933	64
3.13300	60
3.13667	54
3.14033	36
3.14400	16
3.14767	6
3.15133	8
3.15500	18
3.15867	33
3.16233	52
3.16600	75
3.16967	100
3.17333	125
3.17700	149
3.18067	172
3.18433	195
3.18800	219
3.19167	241
3.19533	261
3.19900	279
3.20267	299
3.20633	318
3.21000	338
3.21367	354
3.21733	369
3.22100	381
3.22467	393
3.22833	407
3.23200	418
3.23567	428
3.23933	435
3.24300	442
3.24667	449
3.25033	456
3.25400	461
3.25767	465
3.26133	467
3.26500	471
3.26867	475
3.27233	480
3.27600	482
3.27967	482
3.28333	484
3.28700	485
3.29067	485
3.29433	484
3.29800	484
3.30167	483
3.30533	483
3.30900	483
3.31267	482
3.31633	481
3.32000	482
3.32367	481
3.32733	481
3.33100	480
3.33467	479
3.33833	477
3.34200	476
3.34567	476
3.34933	475
3.35300	471
3.35667	469
3.36033	465
3.36400	462
3.36767	460
3.37133	460
3.37500	460
3.37867	458
3.38233	457
3.38600	454
3.38967	451
3.39333	449
3.39700	445
3.40067	441
3.40433	440
3.40800	441
3.41167	440
3.41533	439
3.41900	436
3.42267	433
3.42633	430
3.43000	426
3.43367	426
3.43733	425
3.44100	424
3.44467	424
3.44833	422
3.45200	422
3.45567	420
3.45933	416
3.46300	413
3.46667	409
3.47033	410
3.47400	412
3.47767	412
3.48133	411
3.48500	408
3.48867	406
3.49233	404
3.49600	403
3.49967	401
3.50333	401
3.50700	402
3.51067	400
3.51433	398
3.51800	397
3.52167	396
3.52533	394
3.52900	392
3.53267	389
3.53633	387
3.54000	386
3.54367	387
3.54733	386
3.55100	388
3.55467	388
3.55833	387
3.56200	384
3.56567	382
3.56933	379
3.57300	377
3.57667	374
3.58033	373
3.58400	373
3.58767	371
3.59133	367
3.59500	364
3.59867	363
3.60233	360
3.60600	358
3.60967	358
3.61333	355
3.61700	354
3.62067	354
3.62433	355
3.62800	355
3.63167	355
3.63533	354
3.63900	352
3.64267	351
3.64633	348
3.65000	345
3.65367	344
3.65733	344
3.66100	344
3.66467	342
3.66833	341
3.67200	341
3.67567	341
3.67933	340
3.68300	338
3.68667	338
3.69033	337
3.69400	337
3.69767	337
3.70133	337
3.70500	337
3.70867	336
3.71233	336
3.71600	335
3.71967	333
3.72333	332
3.72700	333
3.73067	335
3.73433	335
3.73800	333
3.74167	332
3.74533	333
3.74900	335
3.75267	335
3.75633	336
3.76000	338
3.76367	338
3.76733	336
3.77100	334
3.77467	335
3.77833	337
3.78200	339
3.78567	338
3.78933	335
3.79300	331
3.79667	329
3.80033	326
3.80400	323
3.80767	323
3.81133	324
3.81500	324
3.81867	324
3.82233	323
3.82600	325
3.82967	328
3.83333	330
3.83700	329
3.84067	328
3.84433	328
3.84800	329
3.85167	329
3.85533	328
3.85900	325
3.86267	324
3.86633	322
3.87000	321
3.87367	321
3.87733	323
3.88100	324
3.88467	325
3.88833	327
3.89200	327
3.89567	327
3.89933	328
3.90300	329
3.90667	329
3.91033	328
3.91400	327
3.91767	328
3.92133	327
3.92500	328
3.92867	329
3.93233	330
3.93600	330
3.93967	329
3.94333	329
3.94700	326
3.95067	324
3.95433	322
3.95800	321
3.96167	323
3.96533	323
3.96900	321
3.97267	322
3.97633	323
3.98000	320
3.98367	319
3.98733	319
3.99100	319
3.99467	321
3.99833	324

[Status Trace (Column Oven Temperature)]
Interval(msec)	1000
# of Points	240
Start Time(min)	0.005
End Time(min)	3.988
Intensity Units	
Intensity Multiplier	1
R.Time (min)	Intensity
0.00508	35.05
0.02175	35.06
0.03842	35.05
0.05508	35.04
0.07175	35.04
0.08842	35.04
0.10508	35.03
0.12175	35.03
0.13842	35.02
0.15508	35.02
0.17175	35.02
0.18842	35.02
0.20508	35.02
0.22175	35.03
0.23842	35.02
0.25508	35.02
0.27175	35.02
0.28842	35.01
0.30508	35.01
0.32175	35.00
0.33842	35.00
0.35508	34.99
0.37175	35.00
0.38842	35.01
0.40508	35.01
0.42175	35.01
0.43842	35.00
0.45508	34.99
0.47175	34.99
0.48842	34.98
0.50508	34.97
0.52175	34.97
0.53842	34.97
0.55508	34.98
0.57175	34.99
0.58842	34.99
0.60508	34.99
0.62175	35.00
0.63842	35.01
0.65508	35.02
0.67175	35.01
0.68842	35.01
0.70508	35.00
0.72175	35.00
0.73842	35.00
0.75508	35.01
0.77175	35.01
0.78842	35.01
0.80508	35.02
0.82175	35.02
0.83842	35.00
0.85508	35.00
0.87175	34.99
0.88842	35.01
0.90508	35.01
0.92175	35.00
0.93842	35.00
0.95508	35.00
0.97175	34.99
0.98842	34.98
1.00508	34.99
1.02175	34.98
1.03842	34.99
1.05508	35.00
1.07175	35.00
1.08842	35.01
1.10508	35.02
1.12175	35.03
1.13842	35.03
1.15508	35.03
1.17175	35.02
1.18842	35.02
1.20508	35.01
1.22175	35.00
1.23842	35.00
1.25508	34.99
1.27175	34.98
1.28842	34.98
1.30508	34.98
1.32175	34.98
1.33842	34.99
1.35508	35.00
1.37175	35.00
1.38842	35.01
1.40508	35.01
1.42175	35.01
1.43842	35.01
1.45508	35.01
1.47175	35.01
1.48842	35.00
1.50508	35.01
1.52175	35.01
1.53842	35.00
1.55508	34.99
1.57175	34.99
1.58842	35.00
1.60508	35.04
1.62175	35.15
1.63842	35.32
1.65508	35.57
1.67175	35.90
1.68842	36.27
1.70508	36.63
1.72175	36.95
1.73842	37.28
1.75508	37.63
1.77175	37.96
1.78842	38.27
1.80508	38.61
1.82175	38.94
1.83842	39.27
1.85508	39.61
1.87175	39.95
1.88842	40.27
1.90508	40.60
1.92175	40.92
1.93842	41.26
1.95508	41.58
1.97175	41.91
1.98842	42.23
2.00508	42.56
2.02175	42.88
2.03842	43.21
2.05508	43.52
2.07175	43.86
2.08842	44.18
2.10508	44.50
2.12175	44.82
2.13842	45.13
2.15508	45.47
2.17175	45.78
2.18842	46.08
2.20508	46.45
2.22175	46.79
2.23842	47.11
2.25508	47.42
2.27175	47.78
2.28842	48.08
2.30508	48.44
2.32175	48.79
2.33842	49.11
2.35508	49.37
2.37175	49.57
2.38842	49.64
2.40508	49.64
2.42175	49.63
2.43842	49.65
2.45508	49.63
2.47175	49.65
2.48842	49.66
2.50508	49.68
2.52175	49.69
2.53842	49.71
2.55508	49.73
2.57175	49.75
2.58842	49.75
2.60508	49.78
2.62175	49.79
2.63842	49.81
2.65508	49.83
2.67175	49.83
2.68842	49.84
2.70508	49.86
2.72175	49.86
2.73842	49.84
2.75508	49.85
2.77175	49.87
2.78842	49.89
2.80508	49.88
2.82175	49.87
2.83842	49.87
2.85508	49.87
2.87175	49.88
2.88842	49.89
2.90508	49.90
2.92175	49.91
2.93842	49.92
2.95508	49.94
2.97175	49.96
2.98842	49.97
3.00508	49.98
3.02175	49.99
3.03842	50.00
3.05508	50.00
3.07175	50.01
3.08842	50.01
3.10508	50.03
3.12175	50.03
3.13842	50.04
3.15508	50.04
3.17175	50.05
3.18842	50.05
3.20508	50.07
3.22175	50.08
3.23842	50.08
3.25508	50.09
3.27175	50.09
3.28842	50.10
3.30508	50.10
3.32175	50.10
3.33842	50.09
3.35508	50.09
3.37175	50.09
3.38842	50.09
3.40508	50.09
3.42175	50.10
3.43842	50.10
3.45508	50.10
3.47175	50.11
3.48842	50.10
3.50508	50.09
3.52175	50.07
3.53842	50.07
3.55508	50.07
3.57175	50.06
3.58842	50.07
3.60508	50.06
3.62175	50.05
3.63842	50.05
3.65508	50.04
3.67175	50.04
3.68842	50.05
3.70508	50.04
3.72175	50.03
3.73842	50.03
3.75508	50.04
3.77175	50.04
3.78842	50.04
3.80508	50.04
3.82175	50.05
3.83842	50.05
3.85508	50.04
3.87175	50.04
3.88842	50.03
3.90508	50.04
3.92175	50.04
3.93842	50.05
3.95508	50.06
3.97175	50.06
3.98842	50.06

[Status Trace (Injection Unit Temperature)]
Interval(msec)	1000
# of Points	240
Start Time(min)	0.005
End Time(min)	3.988
Intensity Units	
Intensity Multiplier	1
R.Time (min)	Intensity
0.00508	99.99
0.02175	99.99
0.03842	99.99
0.05508	99.99
0.07175	99.99
0.08842	99.99
0.10508	99.99
0.12175	99.99
0.13842	99.98
0.15508	99.99
0.17175	99.98
0.18842	99.99
0.20508	99.99
0.22175	99.99
0.23842	99.98
0.25508	99.99
0.27175	99.98
0.28842	99.98
0.30508	99.99
0.32175	99.98
0.33842	99.98
0.35508	99.99
0.37175	99.98
0.38842	99.98
0.40508	99.98
0.42175	99.98
0.43842	99.99
0.45508	99.98
0.47175	99.99
0.48842	99.98
0.50508	99.98
0.52175	99.98
0.53842	99.98
0.55508	99.98
0.57175	99.98
0.58842	99.98
0.60508	99.98
0.62175	99.98
0.63842	99.98
0.65508	99.98
0.67175	99.98
0.68842	99.98
0.70508	99.98
0.72175	99.98
0.73842	99.98
0.75508	99.98
0.77175	99.98
0.78842	99.99
0.80508	99.98
0.82175	99.98
0.83842	99.98
0.85508	99.98
0.87175	99.98
0.88842	99.98
0.90508	99.98
0.92175	99.98
0.93842	99.98
0.95508	99.98
0.97175	99.98
0.98842	99.98
1.00508	99.98
1.02175	99.98
1.03842	99.98
1.05508	99.98
1.07175	99.98
1.08842	99.98
1.10508	99.98
1.12175	99.98
1.13842	99.98
1.15508	99.98
1.17175	99.98
1.18842	99.98
1.20508	99.99
1.22175	99.98
1.23842	99.98
1.25508	99.98
1.27175	99.98
1.28842	99.98
1.30508	99.98
1.32175	99.98
1.33842	99.98
1.35508	99.98
1.37175	99.98
1.38842	99.98
1.40508	99.98
1.42175	99.98
1.43842	99.98
1.45508	99.98
1.47175	99.98
1.48842	99.99
1.50508	99.98
1.52175	99.98
1.53842	99.99
1.55508	99.99
1.57175	99.99
1.58842	99.98
1.60508	99.99
1.62175	99.99
1.63842	99.98
1.65508	99.99
1.67175	99.99
1.68842	99.99
1.70508	99.99
1.72175	99.99
1.73842	99.99
1.75508	99.98
1.77175	99.98
1.78842	99.99
1.80508	99.99
1.82175	99.99
1.83842	99.98
1.85508	99.99
1.87175	99.98
1.88842	99.98
1.90508	99.99
1.92175	99.98
1.93842	99.98
1.95508	99.98
1.97175	99.98
1.98842	99.98
2.00508	99.98
2.02175	99.98
2.03842	99.97
2.05508	99.98
2.07175	99.98
2.08842	99.97
2.10508	99.97
2.12175	99.97
2.13842	99.97
2.15508	99.97
2.17175	99.97
2.18842	99.97
2.20508	99.97
2.22175	99.97
2.23842	99.97
2.25508	99.97
2.27175	99.97
2.28842	99.97
2.30508	99.97
2.32175	99.97
2.33842	99.97
2.35508	99.97
2.37175	99.97
2.38842	99.97
2.40508	99.98
2.42175	99.98
2.43842	99.97
2.45508	99.98
2.47175	99.98
2.48842	99.98
2.50508	99.98
2.52175	99.98
2.53842	99.98
2.55508	99.98
2.57175	99.98
2.58842	99.98
2.60508	99.99
2.62175	99.99
2.63842	99.99
2.65508	99.99
2.67175	99.99
2.68842	99.99
2.70508	99.99
2.72175	99.99
2.73842	99.99
2.75508	100.00
2.77175	100.00
2.78842	100.00
2.80508	100.00
2.82175	100.00
2.83842	100.00
2.85508	100.00
2.87175	100.00
2.88842	100.00
2.90508	100.00
2.92175	100.01
2.93842	100.01
2.95508	100.01
2.97175	100.01
2.98842	100.01
3.00508	100.01
3.02175	100.01
3.03842	100.01
3.05508	100.01
3.07175	100.01
3.08842	100.02
3.10508	100.01
3.12175	100.01
3.13842	100.02
3.15508	100.02
3.17175	100.02
3.18842	100.02
3.20508	100.02
3.22175	100.03
3.23842	100.02
3.25508	100.03
3.27175	100.03
3.28842	100.03
3.30508	100.03
3.32175	100.03
3.33842	100.03
3.35508	100.03
3.37175	100.03
3.38842	100.04
3.40508	100.04
3.42175	100.04
3.43842	100.04
3.45508	100.04
3.47175	100.04
3.48842	100.04
3.50508	100.04
3.52175	100.04
3.53842	100.04
3.55508	100.04
3.57175	100.04
3.58842	100.05
3.60508	100.04
3.62175	100.04
3.63842	100.05
3.65508	100.05
3.67175	100.04
3.68842	100.05
3.70508	100.04
3.72175	100.05
3.73842	100.05
3.75508	100.05
3.77175	100.05
3.78842	100.05
3.80508	100.05
3.82175	100.05
3.83842	100.05
3.85508	100.05
3.87175	100.05
3.88842	100.05
3.90508	100.05
3.92175	100.05
3.93842	100.05
3.95508	100.05
3.97175	100.05
3.98842	100.05

[Status Trace (Carrier Gas Pressure)]
Interval(msec)	1000
# of Points	240
Start Time(min)	0.005
End Time(min)	3.988
Intensity Units	
Intensity Multiplier	1
R.Time (min)	Intensity
0.00508	58.00
0.02175	55.76
0.03842	56.61
0.05508	58.82
0.07175	59.77
0.08842	58.23
0.10508	57.97
0.12175	58.01
0.13842	58.01
0.15508	58.01
0.17175	58.00
0.18842	58.00
0.20508	58.00
0.22175	58.00
0.23842	58.00
0.25508	58.00
0.27175	58.00
0.28842	58.00
0.30508	58.00
0.32175	58.00
0.33842	58.00
0.35508	58.00
0.37175	58.00
0.38842	58.00
0.40508	58.00
0.42175	58.00
0.43842	58.00
0.45508	58.00
0.47175	58.00
0.48842	58.00
0.50508	58.00
0.52175	58.00
0.53842	58.00
0.55508	58.00
0.57175	58.00
0.58842	58.00
0.60508	58.00
0.62175	58.00
0.63842	58.00
0.65508	58.00
0.67175	58.00
0.68842	58.00
0.70508	58.00
0.72175	58.00
0.73842	58.00
0.75508	58.00
0.77175	58.00
0.78842	58.00
0.80508	58.00
0.82175	58.00
0.83842	58.00
0.85508	58.00
0.87175	58.00
0.88842	58.00
0.90508	58.00
0.92175	58.00
0.93842	58.00
0.95508	58.00
0.97175	58.00
0.98842	58.00
1.00508	58.00
1.02175	58.00
1.03842	58.00
1.05508	58.00
1.07175	58.00
1.08842	58.00
1.10508	58.00
1.12175	58.00
1.13842	58.00
1.15508	58.00
1.17175	58.00
1.18842	58.00
1.20508	58.00
1.22175	58.00
1.23842	58.00
1.25508	58.00
1.27175	58.00
1.28842	58.00
1.30508	58.00
1.32175	58.00
1.33842	58.00
1.35508	58.00
1.37175	58.00
1.38842	58.00
1.40508	58.00
1.42175	58.00
1.43842	58.00
1.45508	58.00
1.47175	58.00
1.48842	58.00
1.50508	58.00
1.52175	58.00
1.53842	58.00
1.55508	58.00
1.57175	58.00
1.58842	58.00
1.60508	58.00
1.62175	58.00
1.63842	58.01
1.65508	58.00
1.67175	58.01
1.68842	58.01
1.70508	58.00
1.72175	58.00
1.73842	58.00
1.75508	58.00
1.77175	58.00
1.78842	58.00
1.80508	58.00
1.82175	58.00
1.83842	58.00
1.85508	58.00
1.87175	58.00
1.88842	58.00
1.90508	58.00
1.92175	58.00
1.93842	58.00
1.95508	58.00
1.97175	58.00
1.98842	58.00
2.00508	58.00
2.02175	58.00
2.03842	58.00
2.05508	58.00
2.07175	58.00
2.08842	58.00
2.10508	58.00
2.12175	58.00
2.13842	58.00
2.15508	58.00
2.17175	58.00
2.18842	58.00
2.20508	58.00
2.22175	58.00
2.23842	58.00
2.25508	58.00
2.27175	58.00
2.28842	58.00
2.30508	58.00
2.32175	58.00
2.33842	58.00
2.35508	58.00
2.37175	58.00
2.38842	57.99
2.40508	57.99
2.42175	58.00
2.43842	58.00
2.45508	58.00
2.47175	58.00
2.48842	58.00
2.50508	57.99
2.52175	57.99
2.53842	58.00
2.55508	58.00
2.57175	58.00
2.58842	58.00
2.60508	58.00
2.62175	58.00
2.63842	58.00
2.65508	58.00
2.67175	58.00
2.68842	58.00
2.70508	58.00
2.72175	58.00
2.73842	58.00
2.75508	58.00
2.77175	58.00
2.78842	58.00
2.80508	58.00
2.82175	58.00
2.83842	58.00
2.85508	58.00
2.87175	58.00
2.88842	58.00
2.90508	58.00
2.92175	58.00
2.93842	58.00
2.95508	58.00
2.97175	58.00
2.98842	58.00
3.00508	58.00
3.02175	58.00
3.03842	58.00
3.05508	58.00
3.07175	58.00
3.08842	58.00
3.10508	58.00
3.12175	58.00
3.13842	58.00
3.15508	58.00
3.17175	58.00
3.18842	58.00
3.20508	58.00
3.22175	58.00
3.23842	58.00
3.25508	58.00
3.27175	58.00
3.28842	58.00
3.30508	58.00
3.32175	58.00
3.33842	58.00
3.35508	58.00
3.37175	58.00
3.38842	58.00
3.40508	58.00
3.42175	58.00
3.43842	58.00
3.45508	58.00
3.47175	58.00
3.48842	58.00
3.50508	58.00
3.52175	58.00
3.53842	58.00
3.55508	58.00
3.57175	58.00
3.58842	58.00
3.60508	58.00
3.62175	58.00
3.63842	58.00
3.65508	58.00
3.67175	58.00
3.68842	58.00
3.70508	58.00
3.72175	58.00
3.73842	58.00
3.75508	58.00
3.77175	58.00
3.78842	58.00
3.80508	58.00
3.82175	58.00
3.83842	58.00
3.85508	58.00
3.87175	58.00
3.88842	58.00
3.90508	58.00
3.92175	58.00
3.93842	58.00
3.95508	58.00
3.97175	58.00
3.98842	58.00

[Status Trace (Carrier Gas Flow)]
Interval(msec)	1000
# of Points	240
Start Time(min)	0.005
End Time(min)	3.988
Intensity Units	
Intensity Multiplier	1
R.Time (min)	Intensity
0.00508	34.52
0.02175	34.54
0.03842	34.54
0.05508	34.55
0.07175	34.50
0.08842	34.52
0.10508	34.52
0.12175	34.52
0.13842	34.52
0.15508	34.52
0.17175	34.52
0.18842	34.52
0.20508	34.52
0.22175	34.52
0.23842	34.52
0.25508	34.52
0.27175	34.52
0.28842	34.52
0.30508	34.52
0.32175	34.52
0.33842	34.52
0.35508	34.52
0.37175	34.52
0.38842	34.52
0.40508	34.52
0.42175	34.52
0.43842	34.52
0.45508	34.52
0.47175	34.52
0.48842	34.52
0.50508	34.52
0.52175	34.52
0.53842	34.52
0.55508	34.52
0.57175	34.52
0.58842	34.52
0.60508	34.52
0.62175	34.52
0.63842	34.52
0.65508	34.52
0.67175	34.52
0.68842	34.52
0.70508	34.52
0.72175	34.52
0.73842	34.52
0.75508	34.52
0.77175	34.52
0.78842	34.52
0.80508	34.52
0.82175	34.52
0.83842	34.52
0.85508	34.52
0.87175	34.52
0.88842	34.52
0.90508	34.52
0.92175	34.52
0.93842	34.52
0.95508	34.52
0.97175	34.52
0.98842	34.52
1.00508	34.52
1.02175	34.52
1.03842	34.52
1.05508	34.52
1.07175	34.52
1.08842	34.52
1.10508	34.52
1.12175	34.52
1.13842	34.52
1.15508	34.52
1.17175	34.52
1.18842	34.52
1.20508	34.52
1.22175	34.52
1.23842	34.52
1.25508	34.52
1.27175	34.52
1.28842	34.52
1.30508	34.52
1.32175	34.52
1.33842	34.52
1.35508	34.52
1.37175	34.52
1.38842	34.52
1.40508	34.52
1.42175	34.52
1.43842	34.52
1.45508	34.52
1.47175	34.52
1.48842	34.52
1.50508	34.52
1.52175	34.52
1.53842	34.52
1.55508	34.52
1.57175	34.52
1.58842	34.52
1.60508	34.52
1.62175	34.52
1.63842	34.52
1.65508	34.52
1.67175	34.52
1.68842	34.52
1.70508	34.52
1.72175	34.52
1.73842	34.52
1.75508	34.51
1.77175	34.52
1.78842	34.52
1.80508	34.52
1.82175	34.52
1.83842	34.52
1.85508	34.52
1.87175	34.52
1.88842	34.52
1.90508	34.52
1.92175	34.52
1.93842	34.52
1.95508	34.52
1.97175	34.52
1.98842	34.52
2.00508	34.52
2.02175	34.52
2.03842	34.52
2.05508	34.52
2.07175	34.52
2.08842	34.52
2.10508	34.52
2.12175	34.52
2.13842	34.52
2.15508	34.52
2.17175	34.52
2.18842	34.52
2.20508	34.52
2.22175	34.52
2.23842	34.52
2.25508	34.52
2.27175	34.52
2.28842	34.52
2.30508	34.52
2.32175	34.52
2.33842	34.52
2.35508	34.52
2.37175	34.52
2.38842	34.51
2.40508	34.52
2.42175	34.53
2.43842	34.52
2.45508	34.51
2.47175	34.52
2.48842	34.52
2.50508	34.53
2.52175	34.52
2.53842	34.52
2.55508	34.52
2.57175	34.52
2.58842	34.52
2.60508	34.52
2.62175	34.52
2.63842	34.52
2.65508	34.52
2.67175	34.52
2.68842	34.52
2.70508	34.52
2.72175	34.52
2.73842	34.52
2.75508	34.51
2.77175	34.52
2.78842	34.52
2.80508	34.52
2.82175	34.52
2.83842	34.52
2.85508	34.52
2.87175	34.52
2.88842	34.52
2.90508	34.52
2.92175	34.52
2.93842	34.52
2.95508	34.52
2.97175	34.52
2.98842	34.52
3.00508	34.52
3.02175	34.52
3.03842	34.52
3.05508	34.52
3.07175	34.52
3.08842	34.52
3.10508	34.52
3.12175	34.52
3.13842	34.52
3.15508	34.52
3.17175	34.52
3.18842	34.52
3.20508	34.52
3.22175	34.52
3.23842	34.52
3.25508	34.52
3.27175	34.52
3.28842	34.52
3.30508	34.52
3.32175	34.52
3.33842	34.52
3.35508	34.52
3.37175	34.52
3.38842	34.52
3.40508	34.52
3.42175	34.52
3.43842	34.52
3.45508	34.52
3.47175	34.52
3.48842	34.52
3.50508	34.52
3.52175	34.52
3.53842	34.52
3.55508	34.52
3.57175	34.52
3.58842	34.52
3.60508	34.52
3.62175	34.52
3.63842	34.52
3.65508	34.52
3.67175	34.52
3.68842	34.51
3.70508	34.54
3.72175	34.52
3.73842	34.52
3.75508	34.52
3.77175	34.52
3.78842	34.52
3.80508	34.52
3.82175	34.52
3.83842	34.52
3.85508	34.52
3.87175	34.52
3.88842	34.52
3.90508	34.52
3.92175	34.52
3.93842	34.52
3.95508	34.52
3.97175	34.52
3.98842	34.52

[Status Trace (Column Flow)]
Interval(msec)	1000
# of Points	240
Start Time(min)	0.005
End Time(min)	3.988
Intensity Units	
Intensity Multiplier	1
R.Time (min)	Intensity
0.00508	5.54
0.02175	5.28
0.03842	5.38
0.05508	5.64
0.07175	5.75
0.08842	5.57
0.10508	5.54
0.12175	5.54
0.13842	5.54
0.15508	5.54
0.17175	5.54
0.18842	5.54
0.20508	5.54
0.22175	5.54
0.23842	5.54
0.25508	5.54
0.27175	5.54
0.28842	5.54
0.30508	5.54
0.32175	5.54
0.33842	5.54
0.35508	5.54
0.37175	5.54
0.38842	5.54
0.40508	5.54
0.42175	5.54
0.43842	5.54
0.45508	5.55
0.47175	5.54
0.48842	5.55
0.50508	5.55
0.52175	5.55
0.53842	5.55
0.55508	5.55
0.57175	5.54
0.58842	5.54
0.60508	5.54
0.62175	5.54
0.63842	5.54
0.65508	5.54
0.67175	5.54
0.68842	5.54
0.70508	5.54
0.72175	5.54
0.73842	5.54
0.75508	5.54
0.77175	5.54
0.78842	5.54
0.80508	5.54
0.82175	5.54
0.83842	5.54
0.85508	5.54
0.87175	5.54
0.88842	5.54
0.90508	5.54
0.92175	5.54
0.93842	5.54
0.95508	5.54
0.97175	5.54
0.98842	5.54
1.00508	5.54
1.02175	5.54
1.03842	5.54
1.05508	5.54
1.07175	5.54
1.08842	5.54
1.10508	5.54
1.12175	5.54
1.13842	5.54
1.15508	5.54
1.17175	5.54
1.18842	5.54
1.20508	5.54
1.22175	5.54
1.23842	5.54
1.25508	5.54
1.27175	5.54
1.28842	5.54
1.30508	5.54
1.32175	5.54
1.33842	5.54
1.35508	5.54
1.37175	5.54
1.38842	5.54
1.40508	5.54
1.42175	5.54
1.43842	5.54
1.45508	5.54
1.47175	5.54
1.48842	5.54
1.50508	5.54
1.52175	5.54
1.53842	5.54
1.55508	5.54
1.57175	5.54
1.58842	5.54
1.60508	5.54
1.62175	5.54
1.63842	5.54
1.65508	5.53
1.67175	5.52
1.68842	5.51
1.70508	5.49
1.72175	5.48
1.73842	5.47
1.75508	5.46
1.77175	5.45
1.78842	5.44
1.80508	5.43
1.82175	5.42
1.83842	5.41
1.85508	5.40
1.87175	5.39
1.88842	5.38
1.90508	5.37
1.92175	5.36
1.93842	5.35
1.95508	5.34
1.97175	5.33
1.98842	5.32
2.00508	5.31
2.02175	5.30
2.03842	5.29
2.05508	5.28
2.07175	5.27
2.08842	5.27
2.10508	5.26
2.12175	5.25
2.13842	5.24
2.15508	5.23
2.17175	5.22
2.18842	5.21
2.20508	5.20
2.22175	5.19
2.23842	5.18
2.25508	5.17
2.27175	5.16
2.28842	5.15
2.30508	5.14
2.32175	5.13
2.33842	5.12
2.35508	5.12
2.37175	5.11
2.38842	5.11
2.40508	5.11
2.42175	5.11
2.43842	5.11
2.45508	5.11
2.47175	5.11
2.48842	5.11
2.50508	5.11
2.52175	5.11
2.53842	5.11
2.55508	5.11
2.57175	5.11
2.58842	5.11
2.60508	5.11
2.62175	5.11
2.63842	5.10
2.65508	5.10
2.67175	5.10
2.68842	5.10
2.70508	5.10
2.72175	5.10
2.73842	5.10
2.75508	5.10
2.77175	5.10
2.78842	5.10
2.80508	5.10
2.82175	5.10
2.83842	5.10
2.85508	5.10
2.87175	5.10
2.88842	5.10
2.90508	5.10
2.92175	5.10
2.93842	5.10
2.95508	5.10
2.97175	5.10
2.98842	5.10
3.00508	5.10
3.02175	5.10
3.03842	5.10
3.05508	5.10
3.07175	5.10
3.08842	5.10
3.10508	5.10
3.12175	5.10
3.13842	5.10
3.15508	5.10
3.17175	5.10
3.18842	5.10
3.20508	5.10
3.22175	5.10
3.23842	5.10
3.25508	5.10
3.27175	5.10
3.28842	5.10
3.30508	5.10
3.32175	5.10
3.33842	5.10
3.35508	5.10
3.37175	5.10
3.38842	5.10
3.40508	5.10
3.42175	5.10
3.43842	5.10
3.45508	5.10
3.47175	5.10
3.48842	5.10
3.50508	5.10
3.52175	5.10
3.53842	5.10
3.55508	5.10
3.57175	5.10
3.58842	5.10
3.60508	5.10
3.62175	5.10
3.63842	5.10
3.65508	5.10
3.67175	5.10
3.68842	5.10
3.70508	5.10
3.72175	5.10
3.73842	5.10
3.75508	5.10
3.77175	5.10
3.78842	5.10
3.80508	5.10
3.82175	5.10
3.83842	5.10
3.85508	5.10
3.87175	5.10
3.88842	5.10
3.90508	5.10
3.92175	5.10
3.93842	5.10
3.95508	5.10
3.97175	5.10
3.98842	5.10

[Status Trace (Linear Velocity)]
Interval(msec)	1000
# of Points	240
Start Time(min)	0.005
End Time(min)	3.988
Intensity Units	
Intensity Multiplier	1
R.Time (min)	Intensity
0.00508	39.02
0.02175	37.55
0.03842	38.10
0.05508	39.55
0.07175	40.18
0.08842	39.17
0.10508	39.00
0.12175	39.02
0.13842	39.03
0.15508	39.02
0.17175	39.02
0.18842	39.02
0.20508	39.02
0.22175	39.02
0.23842	39.02
0.25508	39.02
0.27175	39.02
0.28842	39.02
0.30508	39.02
0.32175	39.02
0.33842	39.02
0.35508	39.02
0.37175	39.02
0.38842	39.02
0.40508	39.02
0.42175	39.02
0.43842	39.02
0.45508	39.02
0.47175	39.02
0.48842	39.02
0.50508	39.03
0.52175	39.02
0.53842	39.02
0.55508	39.02
0.57175	39.02
0.58842	39.02
0.60508	39.02
0.62175	39.02
0.63842	39.02
0.65508	39.02
0.67175	39.02
0.68842	39.02
0.70508	39.02
0.72175	39.02
0.73842	39.02
0.75508	39.02
0.77175	39.02
0.78842	39.02
0.80508	39.02
0.82175	39.02
0.83842	39.02
0.85508	39.02
0.87175	39.02
0.88842	39.02
0.90508	39.02
0.92175	39.02
0.93842	39.02
0.95508	39.02
0.97175	39.02
0.98842	39.02
1.00508	39.02
1.02175	39.02
1.03842	39.02
1.05508	39.02
1.07175	39.02
1.08842	39.02
1.10508	39.02
1.12175	39.02
1.13842	39.02
1.15508	39.02
1.17175	39.02
1.18842	39.02
1.20508	39.02
1.22175	39.02
1.23842	39.02
1.25508	39.02
1.27175	39.02
1.28842	39.02
1.30508	39.02
1.32175	39.02
1.33842	39.02
1.35508	39.02
1.37175	39.02
1.38842	39.02
1.40508	39.02
1.42175	39.02
1.43842	39.02
1.45508	39.02
1.47175	39.02
1.48842	39.02
1.50508	39.02
1.52175	39.02
1.53842	39.02
1.55508	39.02
1.57175	39.02
1.58842	39.02
1.60508	39.02
1.62175	39.01
1.63842	39.00
1.65508	38.97
1.67175	38.94
1.68842	38.91
1.70508	38.87
1.72175	38.83
1.73842	38.81
1.75508	38.77
1.77175	38.74
1.78842	38.71
1.80508	38.68
1.82175	38.65
1.83842	38.62
1.85508	38.58
1.87175	38.55
1.88842	38.52
1.90508	38.49
1.92175	38.46
1.93842	38.43
1.95508	38.40
1.97175	38.37
1.98842	38.34
2.00508	38.31
2.02175	38.28
2.03842	38.25
2.05508	38.22
2.07175	38.19
2.08842	38.16
2.10508	38.13
2.12175	38.10
2.13842	38.08
2.15508	38.04
2.17175	38.01
2.18842	37.99
2.20508	37.96
2.22175	37.92
2.23842	37.90
2.25508	37.87
2.27175	37.84
2.28842	37.81
2.30508	37.78
2.32175	37.75
2.33842	37.72
2.35508	37.69
2.37175	37.67
2.38842	37.66
2.40508	37.66
2.42175	37.67
2.43842	37.67
2.45508	37.67
2.47175	37.67
2.48842	37.67
2.50508	37.66
2.52175	37.66
2.53842	37.66
2.55508	37.66
2.57175	37.66
2.58842	37.66
2.60508	37.66
2.62175	37.66
2.63842	37.65
2.65508	37.65
2.67175	37.65
2.68842	37.65
2.70508	37.65
2.72175	37.65
2.73842	37.65
2.75508	37.65
2.77175	37.65
2.78842	37.65
2.80508	37.65
2.82175	37.65
2.83842	37.65
2.85508	37.65
2.87175	37.65
2.88842	37.65
2.90508	37.65
2.92175	37.65
2.93842	37.64
2.95508	37.64
2.97175	37.64
2.98842	37.64
3.00508	37.64
3.02175	37.64
3.03842	37.64
3.05508	37.64
3.07175	37.64
3.08842	37.64
3.10508	37.64
3.12175	37.64
3.13842	37.63
3.15508	37.63
3.17175	37.63
3.18842	37.63
3.20508	37.63
3.22175	37.63
3.23842	37.63
3.25508	37.63
3.27175	37.63
3.28842	37.63
3.30508	37.63
3.32175	37.63
3.33842	37.63
3.35508	37.63
3.37175	37.63
3.38842	37.63
3.40508	37.63
3.42175	37.63
3.43842	37.63
3.45508	37.63
3.47175	37.63
3.48842	37.63
3.50508	37.63
3.52175	37.63
3.53842	37.63
3.55508	37.63
3.57175	37.63
3.58842	37.63
3.60508	37.63
3.62175	37.63
3.63842	37.63
3.65508	37.63
3.67175	37.63
3.68842	37.63
3.70508	37.63
3.72175	37.63
3.73842	37.63
3.75508	37.63
3.77175	37.63
3.78842	37.63
3.80508	37.63
3.82175	37.63
3.83842	37.63
3.85508	37.63
3.87175	37.63
3.88842	37.63
3.90508	37.63
3.92175	37.63
3.93842	37.63
3.95508	37.63
3.97175	37.63
3.98842	37.63

