[Header]
Application Name	LabSolutions
Version	5.110
Data File Name	C:\Users\User\Desktop\GC Analyses\Jack\UIC Prairie Sampling\10.19.22\221019_110.gcd
Output Date	1/4/2023
Output Time	2:27:21 PM

[File Information]
Type	Data File
Generated	12/15/2022 12:49:06 PM
Generated by	System Administrator
Modified	12/15/2022 12:53:40 PM
Modified by	System Administrator

[Sample Information]
Operator Name	System Administrator
Acquired	12/15/2022 12:49:40 PM
Sample Type	1:Standard
Level	1
Sample Name	221019_UICPrairie
Sample ID	221019_UICPrairie
ISTD Amount1	1
ISTD Amount2	1
ISTD Amount3	1
ISTD Amount4	1
ISTD Amount5	1
ISTD Amount6	1
ISTD Amount7	1
ISTD Amount8	1
ISTD Amount9	1
ISTD Amount10	1
ISTD Amount11	1
ISTD Amount12	1
ISTD Amount13	1
ISTD Amount14	1
ISTD Amount15	1
ISTD Amount16	1
ISTD Amount17	1
ISTD Amount18	1
ISTD Amount19	1
ISTD Amount20	1
ISTD Amount21	1
ISTD Amount22	1
ISTD Amount23	1
ISTD Amount24	1
ISTD Amount25	1
ISTD Amount26	1
ISTD Amount27	1
ISTD Amount28	1
ISTD Amount29	1
ISTD Amount30	1
ISTD Amount31	1
ISTD Amount32	1
Sample Amount	1
Dilution Factor	1
Vial#	1
Injection Volume	1
Injection Count	1
Bar Code	

[Original Files]
Data File	C:\Users\User\Desktop\GC Analyses\Jack\UIC Prairie Sampling\10.19.22\221019_110.gcd
Method File	C:\LabSolutions\Data\GHG_4min_2022\ghg3_togas_w_acet_4 min_new_int.gcm
Batch File	
Report Format File	c:\LabSolutions\System\DEFAULT.lsr

[File Description]


[Configuration]
Instrument Name	C0B7VH3-Instrument1
Instrument #	1
Line #	1
# of Detectors	3
Detector ID	DET#1	DET#2	DET#3
Detector Name	FID	PTCD	ECD
# of Channels	1	1	1

[Peak Table(Ch1)]
# of Peaks	3
Peak#	R.Time	I.Time	F.Time	Area	Height	A/H	Conc.	Mark	ID#	Name	k'	Plate #	Plate Ht.	Tailing	Resolution	Sep.Factor	Area Ratio	Height Ratio	Conc. %	Norm Conc.
1	1.476	1.435	1.538	11116	4935	2.253	100.000	   	1	CO	0.000	8528	17.588	1.348	0.000	0.000	0	0	16.667	16.667
2	1.571	1.538	1.637	4658	2291	2.033	100.000	 V 	2	CH4	0.065	11192	13.403	0.000	1.546	0.000	0	0	16.667	16.667
3	2.000	1.952	2.535	1113236	523416	2.127	400.000	   	3	CO2	0.355	17660	8.494	1.229	7.174	5.500	0	0	66.667	66.667

[Peak Table(Ch2)]
# of Peaks	0

[Peak Table(Ch3)]
# of Peaks	4
Peak#	R.Time	I.Time	F.Time	Area	Height	A/H	Conc.	Mark	ID#	Name	k'	Plate #	Plate Ht.	Tailing	Resolution	Sep.Factor	Area Ratio	Height Ratio	Conc. %	Norm Conc.
1	2.462	2.308	2.499	1846	461	4.008	0.000	   			0.000	6922	21.670	0.000	0.000	0.000	0	0	0.000	0.000
2	2.513	2.499	2.554	960	341	2.815	0.000	 V 			0.021	1833	81.821	0.000	0.291	0.000	0	0	0.000	0.000
3	2.605	2.554	2.653	1274	323	3.950	0.000	 V 			0.058	4608	32.552	0.000	0.472	2.786	0	0	0.000	0.000
4	2.884	2.766	3.932	44513	5780	7.701	1.000	   	1	N2O	0.171	11219	13.370	3.776	2.124	2.949	0	0	100.000	100.000

[Compound Results(Ch1)]
# of IDs	6
ID#	Name	R.Time	Area	Height	Conc.	Curve	3rd	2nd	1st	Constant	Area Ratio	Height Ratio	Conc. %	Norm Conc.
1	CO	1.476	11116	4935	100.000	Linear	0.000000e+00	0.000000e+00	1.111617e+002	0.000000e+00	0	0	16.667	16.667
2	CH4	1.571	4658	2291	100.000	Linear	0.000000e+00	0.000000e+00	4.658074e+001	0.000000e+00	0	0	16.667	16.667
3	CO2	2.000	1113236	523416	400.000	Linear	0.000000e+00	0.000000e+00	2.783091e+003	0.000000e+00	0	0	66.667	66.667
4	Ethylene	0.000	0	0	0.000	Linear	0.000000e+00	0.000000e+00	0.000000e+00	0.000000e+00	0	0	0.000	0.000
5	Acetylene	0.000	0	0	0.000	Linear	0.000000e+00	0.000000e+00	0.000000e+00	0.000000e+00	0	0	0.000	0.000
6	Ethane	0.000	0	0	0.000	Linear	0.000000e+00	0.000000e+00	0.000000e+00	0.000000e+00	0	0	0.000	0.000

[Compound Results(Ch2)]
# of IDs	5
ID#	Name	R.Time	Area	Height	Conc.	Curve	3rd	2nd	1st	Constant	Area Ratio	Height Ratio	Conc. %	Norm Conc.
1	Hydrogen	0.000	0	0	0.000	Linear	0.000000e+00	0.000000e+00	0.000000e+00	0.000000e+00	0	0	0.000	0.000
2	Oxygen	0.000	0	0	0.000	Linear	0.000000e+00	0.000000e+00	0.000000e+00	0.000000e+00	0	0	0.000	0.000
3	Nitrogen	0.000	0	0	0.000	Linear	0.000000e+00	0.000000e+00	0.000000e+00	0.000000e+00	0	0	0.000	0.000
4	Methane	0.000	0	0	0.000	Linear	0.000000e+00	0.000000e+00	0.000000e+00	0.000000e+00	0	0	0.000	0.000
5	Carbon Monoxide	0.000	0	0	0.000	Linear	0.000000e+00	0.000000e+00	0.000000e+00	0.000000e+00	0	0	0.000	0.000

[Compound Results(Ch3)]
# of IDs	2
ID#	Name	R.Time	Area	Height	Conc.	Curve	3rd	2nd	1st	Constant	Area Ratio	Height Ratio	Conc. %	Norm Conc.
1	N2O	2.884	44513	5780	1.000	Linear	0.000000e+00	0.000000e+00	4.451284e+004	0.000000e+00	0	0	100.000	100.000
2	SF6	0.000	0	0	0.000	Linear	0.000000e+00	0.000000e+00	0.000000e+00	0.000000e+00	0	0	0.000	0.000

[Group Results(Ch1)]
# of Groups	0

[Group Results(Ch2)]
# of Groups	0

[Group Results(Ch3)]
# of Groups	0

[Chromatogram (Ch1)]
Interval(msec)	220
# of Points	1091
Start Time(min)	0.002
End Time(min)	3.998
R.Time (min)	Intensity
0.00167	3
0.00533	-2
0.00900	-8
0.01267	-12
0.01633	-15
0.02000	-19
0.02367	-23
0.02733	-25
0.03100	-22
0.03467	-16
0.03833	-14
0.04200	-15
0.04567	-14
0.04933	-12
0.05300	-11
0.05667	-12
0.06033	-14
0.06400	-13
0.06767	-7
0.07133	0
0.07500	7
0.07867	9
0.08233	5
0.08600	-1
0.08967	-6
0.09333	-6
0.09700	-3
0.10067	-3
0.10433	-4
0.10800	-7
0.11167	-11
0.11533	-13
0.11900	-15
0.12267	-18
0.12633	-20
0.13000	-16
0.13367	-9
0.13733	-5
0.14100	-6
0.14467	-9
0.14833	-8
0.15200	-5
0.15567	-3
0.15933	-1
0.16300	-2
0.16667	-4
0.17033	-10
0.17400	-17
0.17767	-22
0.18133	-25
0.18500	-28
0.18867	-30
0.19233	-32
0.19600	-32
0.19967	-30
0.20333	-28
0.20700	-26
0.21067	-21
0.21433	-17
0.21800	-14
0.22167	-13
0.22533	-10
0.22900	-7
0.23267	-8
0.23633	-13
0.24000	-19
0.24367	-27
0.24733	-30
0.25100	-26
0.25467	-21
0.25833	-17
0.26200	-15
0.26567	-15
0.26933	-17
0.27300	-17
0.27667	-18
0.28033	-20
0.28400	-26
0.28767	-33
0.29133	-39
0.29500	-45
0.29867	-50
0.30233	-55
0.30600	-58
0.30967	-56
0.31333	-50
0.31700	-45
0.32067	-41
0.32433	-40
0.32800	-40
0.33167	-42
0.33533	-46
0.33900	-49
0.34267	-47
0.34633	-42
0.35000	-33
0.35367	-27
0.35733	-26
0.36100	-27
0.36467	-28
0.36833	-31
0.37200	-34
0.37567	-37
0.37933	-41
0.38300	-45
0.38667	-43
0.39033	-38
0.39400	-38
0.39767	-40
0.40133	-37
0.40500	-31
0.40867	-26
0.41233	-25
0.41600	-28
0.41967	-31
0.42333	-35
0.42700	-43
0.43067	-50
0.43433	-54
0.43800	-55
0.44167	-55
0.44533	-53
0.44900	-49
0.45267	-44
0.45633	-39
0.46000	-38
0.46367	-40
0.46733	-43
0.47100	-45
0.47467	-46
0.47833	-49
0.48200	-56
0.48567	-66
0.48933	-74
0.49300	-78
0.49667	-79
0.50033	-78
0.50400	-74
0.50767	-68
0.51133	-60
0.51500	-53
0.51867	-47
0.52233	-42
0.52600	-40
0.52967	-43
0.53333	-48
0.53700	-55
0.54067	-59
0.54433	-60
0.54800	-61
0.55167	-60
0.55533	-59
0.55900	-59
0.56267	-59
0.56633	-57
0.57000	-53
0.57367	-53
0.57733	-57
0.58100	-63
0.58467	-66
0.58833	-65
0.59200	-62
0.59567	-61
0.59933	-61
0.60300	-60
0.60667	-57
0.61033	-56
0.61400	-57
0.61767	-56
0.62133	-53
0.62500	-47
0.62867	-41
0.63233	-38
0.63600	-44
0.63967	-55
0.64333	-65
0.64700	-69
0.65067	-68
0.65433	-64
0.65800	-64
0.66167	-66
0.66533	-68
0.66900	-72
0.67267	-76
0.67633	-77
0.68000	-75
0.68367	-71
0.68733	-66
0.69100	-61
0.69467	-58
0.69833	-58
0.70200	-61
0.70567	-66
0.70933	-72
0.71300	-77
0.71667	-81
0.72033	-84
0.72400	-85
0.72767	-84
0.73133	-83
0.73500	-81
0.73867	-73
0.74233	-63
0.74600	-56
0.74967	-53
0.75333	-56
0.75700	-59
0.76067	-63
0.76433	-68
0.76800	-73
0.77167	-79
0.77533	-85
0.77900	-90
0.78267	-88
0.78633	-82
0.79000	-76
0.79367	-72
0.79733	-70
0.80100	-69
0.80467	-68
0.80833	-71
0.81200	-73
0.81567	-75
0.81933	-77
0.82300	-78
0.82667	-79
0.83033	-80
0.83400	-80
0.83767	-82
0.84133	-84
0.84500	-80
0.84867	-72
0.85233	-62
0.85600	-59
0.85967	-62
0.86333	-68
0.86700	-68
0.87067	-64
0.87433	-64
0.87800	-68
0.88167	-76
0.88533	-84
0.88900	-89
0.89267	-88
0.89633	-89
0.90000	-94
0.90367	-98
0.90733	-97
0.91100	-90
0.91467	-88
0.91833	-90
0.92200	-95
0.92567	-101
0.92933	-105
0.93300	-106
0.93667	-103
0.94033	-98
0.94400	-97
0.94767	-101
0.95133	-105
0.95500	-107
0.95867	-109
0.96233	-108
0.96600	-103
0.96967	-98
0.97333	-94
0.97700	-92
0.98067	-94
0.98433	-97
0.98800	-99
0.99167	-100
0.99533	-100
0.99900	-99
1.00267	-97
1.00633	-100
1.01000	-106
1.01367	-109
1.01733	-109
1.02100	-108
1.02467	-107
1.02833	-106
1.03200	-105
1.03567	-108
1.03933	-112
1.04300	-115
1.04667	-116
1.05033	-112
1.05400	-104
1.05767	-99
1.06133	-99
1.06500	-100
1.06867	-99
1.07233	-99
1.07600	-100
1.07967	-102
1.08333	-104
1.08700	-106
1.09067	-108
1.09433	-111
1.09800	-111
1.10167	-107
1.10533	-104
1.10900	-102
1.11267	-99
1.11633	-96
1.12000	-97
1.12367	-100
1.12733	-107
1.13100	-114
1.13467	-121
1.13833	-124
1.14200	-124
1.14567	-124
1.14933	-124
1.15300	-122
1.15667	-116
1.16033	-108
1.16400	-102
1.16767	-97
1.17133	-94
1.17500	-94
1.17867	-95
1.18233	-96
1.18600	-99
1.18967	-104
1.19333	-109
1.19700	-116
1.20067	-121
1.20433	-124
1.20800	-123
1.21167	-119
1.21533	-116
1.21900	-113
1.22267	-113
1.22633	-117
1.23000	-123
1.23367	-126
1.23733	-125
1.24100	-123
1.24467	-122
1.24833	-122
1.25200	-123
1.25567	-124
1.25933	-126
1.26300	-125
1.26667	-125
1.27033	-126
1.27400	-124
1.27767	-119
1.28133	-114
1.28500	-111
1.28867	-107
1.29233	-106
1.29600	-108
1.29967	-110
1.30333	-110
1.30700	-106
1.31067	-104
1.31433	-109
1.31800	-119
1.32167	-129
1.32533	-135
1.32900	-138
1.33267	-138
1.33633	-136
1.34000	-131
1.34367	-125
1.34733	-125
1.35100	-130
1.35467	-138
1.35833	-145
1.36200	-147
1.36567	-146
1.36933	-146
1.37300	-147
1.37667	-147
1.38033	-146
1.38400	-140
1.38767	-132
1.39133	-126
1.39500	-124
1.39867	-125
1.40233	-132
1.40600	-138
1.40967	-143
1.41333	-146
1.41700	-146
1.42067	-141
1.42433	-139
1.42800	-139
1.43167	-138
1.43533	-135
1.43900	-116
1.44267	-43
1.44633	132
1.45000	418
1.45367	893
1.45733	1617
1.46100	2491
1.46467	3343
1.46833	4048
1.47200	4550
1.47567	4802
1.47933	4762
1.48300	4417
1.48667	3829
1.49033	3120
1.49400	2420
1.49767	1812
1.50133	1325
1.50500	955
1.50867	680
1.51233	481
1.51600	339
1.51967	234
1.52333	157
1.52700	102
1.53067	61
1.53433	36
1.53800	31
1.54167	68
1.54533	204
1.54900	483
1.55267	882
1.55633	1314
1.56000	1702
1.56367	1994
1.56733	2158
1.57100	2162
1.57467	1991
1.57833	1678
1.58200	1302
1.58567	938
1.58933	635
1.59300	405
1.59667	239
1.60033	125
1.60400	48
1.60767	-4
1.61133	-38
1.61500	-59
1.61867	-73
1.62233	-83
1.62600	-94
1.62967	-105
1.63333	-116
1.63700	-126
1.64067	-131
1.64433	-129
1.64800	-126
1.65167	-125
1.65533	-126
1.65900	-128
1.66267	-134
1.66633	-139
1.67000	-141
1.67367	-141
1.67733	-140
1.68100	-137
1.68467	-133
1.68833	-128
1.69200	-123
1.69567	-119
1.69933	-120
1.70300	-124
1.70667	-131
1.71033	-138
1.71400	-142
1.71767	-143
1.72133	-143
1.72500	-144
1.72867	-146
1.73233	-148
1.73600	-149
1.73967	-151
1.74333	-157
1.74700	-161
1.75067	-159
1.75433	-154
1.75800	-150
1.76167	-149
1.76533	-152
1.76900	-152
1.77267	-150
1.77633	-150
1.78000	-153
1.78367	-156
1.78733	-157
1.79100	-156
1.79467	-154
1.79833	-153
1.80200	-154
1.80567	-156
1.80933	-157
1.81300	-154
1.81667	-149
1.82033	-144
1.82400	-143
1.82767	-145
1.83133	-149
1.83500	-151
1.83867	-152
1.84233	-152
1.84600	-150
1.84967	-147
1.85333	-148
1.85700	-152
1.86067	-157
1.86433	-159
1.86800	-157
1.87167	-152
1.87533	-151
1.87900	-153
1.88267	-157
1.88633	-161
1.89000	-163
1.89367	-162
1.89733	-158
1.90100	-152
1.90467	-148
1.90833	-145
1.91200	-143
1.91567	-144
1.91933	-150
1.92300	-159
1.92667	-166
1.93033	-166
1.93400	-164
1.93767	-163
1.94133	-162
1.94500	-164
1.94867	-164
1.95233	-156
1.95600	-110
1.95967	149
1.96333	1429
1.96700	6388
1.97067	21019
1.97433	54391
1.97800	114062
1.98167	199313
1.98533	298761
1.98900	394864
1.99267	471283
1.99633	516232
2.00000	523295
2.00367	492908
2.00733	433127
2.01100	357371
2.01467	279489
2.01833	209584
2.02200	152553
2.02567	109083
2.02933	77483
2.03300	55220
2.03667	39831
2.04033	29290
2.04400	22079
2.04767	17121
2.05133	13671
2.05500	11225
2.05867	9447
2.06233	8124
2.06600	7117
2.06967	6333
2.07333	5706
2.07700	5192
2.08067	4763
2.08433	4400
2.08800	4088
2.09167	3817
2.09533	3580
2.09900	3371
2.10267	3185
2.10633	3019
2.11000	2866
2.11367	2725
2.11733	2595
2.12100	2477
2.12467	2369
2.12833	2268
2.13200	2175
2.13567	2090
2.13933	2010
2.14300	1937
2.14667	1870
2.15033	1808
2.15400	1749
2.15767	1693
2.16133	1636
2.16500	1579
2.16867	1523
2.17233	1468
2.17600	1417
2.17967	1374
2.18333	1337
2.18700	1304
2.19067	1272
2.19433	1240
2.19800	1212
2.20167	1187
2.20533	1160
2.20900	1130
2.21267	1096
2.21633	1060
2.22000	1026
2.22367	994
2.22733	966
2.23100	941
2.23467	919
2.23833	903
2.24200	889
2.24567	874
2.24933	858
2.25300	841
2.25667	822
2.26033	804
2.26400	783
2.26767	765
2.27133	752
2.27500	741
2.27867	729
2.28233	717
2.28600	703
2.28967	688
2.29333	675
2.29700	665
2.30067	656
2.30433	643
2.30800	629
2.31167	613
2.31533	599
2.31900	590
2.32267	585
2.32633	580
2.33000	570
2.33367	557
2.33733	547
2.34100	542
2.34467	537
2.34833	530
2.35200	522
2.35567	514
2.35933	506
2.36300	497
2.36667	490
2.37033	483
2.37400	474
2.37767	463
2.38133	452
2.38500	444
2.38867	438
2.39233	434
2.39600	430
2.39967	424
2.40333	416
2.40700	406
2.41067	399
2.41433	396
2.41800	397
2.42167	399
2.42533	399
2.42900	395
2.43267	388
2.43633	380
2.44000	375
2.44367	372
2.44733	370
2.45100	371
2.45467	369
2.45833	365
2.46200	359
2.46567	353
2.46933	346
2.47300	339
2.47667	336
2.48033	334
2.48400	328
2.48767	320
2.49133	312
2.49500	306
2.49867	304
2.50233	308
2.50600	314
2.50967	320
2.51333	324
2.51700	327
2.52067	325
2.52433	317
2.52800	305
2.53167	293
2.53533	285
2.53900	284
2.54267	285
2.54633	286
2.55000	288
2.55367	288
2.55733	289
2.56100	290
2.56467	288
2.56833	288
2.57200	287
2.57567	284
2.57933	276
2.58300	266
2.58667	256
2.59033	251
2.59400	249
2.59767	249
2.60133	251
2.60500	253
2.60867	251
2.61233	248
2.61600	247
2.61967	247
2.62333	248
2.62700	247
2.63067	242
2.63433	236
2.63800	233
2.64167	235
2.64533	238
2.64900	236
2.65267	229
2.65633	222
2.66000	220
2.66367	222
2.66733	225
2.67100	226
2.67467	226
2.67833	225
2.68200	225
2.68567	226
2.68933	227
2.69300	227
2.69667	224
2.70033	222
2.70400	221
2.70767	222
2.71133	221
2.71500	218
2.71867	214
2.72233	212
2.72600	211
2.72967	214
2.73333	216
2.73700	216
2.74067	211
2.74433	206
2.74800	199
2.75167	189
2.75533	184
2.75900	184
2.76267	188
2.76633	195
2.77000	201
2.77367	205
2.77733	210
2.78100	214
2.78467	214
2.78833	211
2.79200	210
2.79567	209
2.79933	209
2.80300	209
2.80667	208
2.81033	206
2.81400	205
2.81767	206
2.82133	208
2.82500	208
2.82867	209
2.83233	209
2.83600	207
2.83967	207
2.84333	208
2.84700	208
2.85067	210
2.85433	210
2.85800	209
2.86167	205
2.86533	201
2.86900	197
2.87267	192
2.87633	186
2.88000	177
2.88367	172
2.88733	175
2.89100	183
2.89467	192
2.89833	194
2.90200	193
2.90567	196
2.90933	199
2.91300	199
2.91667	195
2.92033	192
2.92400	190
2.92767	192
2.93133	196
2.93500	197
2.93867	199
2.94233	202
2.94600	205
2.94967	208
2.95333	212
2.95700	214
2.96067	214
2.96433	211
2.96800	204
2.97167	194
2.97533	185
2.97900	177
2.98267	174
2.98633	175
2.99000	178
2.99367	181
2.99733	185
3.00100	191
3.00467	198
3.00833	208
3.01200	219
3.01567	227
3.01933	230
3.02300	227
3.02667	219
3.03033	210
3.03400	198
3.03767	186
3.04133	174
3.04500	168
3.04867	165
3.05233	164
3.05600	166
3.05967	170
3.06333	174
3.06700	176
3.07067	175
3.07433	173
3.07800	171
3.08167	171
3.08533	172
3.08900	170
3.09267	165
3.09633	163
3.10000	165
3.10367	172
3.10733	177
3.11100	179
3.11467	179
3.11833	178
3.12200	175
3.12567	168
3.12933	159
3.13300	153
3.13667	149
3.14033	149
3.14400	152
3.14767	154
3.15133	158
3.15500	165
3.15867	169
3.16233	169
3.16600	166
3.16967	162
3.17333	155
3.17700	148
3.18067	143
3.18433	138
3.18800	135
3.19167	136
3.19533	139
3.19900	140
3.20267	142
3.20633	145
3.21000	148
3.21367	150
3.21733	154
3.22100	156
3.22467	157
3.22833	159
3.23200	160
3.23567	155
3.23933	146
3.24300	136
3.24667	131
3.25033	133
3.25400	136
3.25767	135
3.26133	134
3.26500	132
3.26867	130
3.27233	132
3.27600	133
3.27967	134
3.28333	137
3.28700	141
3.29067	142
3.29433	142
3.29800	141
3.30167	140
3.30533	136
3.30900	128
3.31267	119
3.31633	113
3.32000	111
3.32367	111
3.32733	113
3.33100	116
3.33467	119
3.33833	123
3.34200	122
3.34567	118
3.34933	114
3.35300	114
3.35667	117
3.36033	122
3.36400	125
3.36767	126
3.37133	128
3.37500	129
3.37867	128
3.38233	127
3.38600	119
3.38967	107
3.39333	100
3.39700	99
3.40067	98
3.40433	97
3.40800	97
3.41167	100
3.41533	106
3.41900	112
3.42267	115
3.42633	114
3.43000	109
3.43367	102
3.43733	99
3.44100	102
3.44467	104
3.44833	101
3.45200	95
3.45567	90
3.45933	88
3.46300	86
3.46667	87
3.47033	91
3.47400	94
3.47767	97
3.48133	100
3.48500	105
3.48867	107
3.49233	104
3.49600	97
3.49967	91
3.50333	86
3.50700	83
3.51067	82
3.51433	86
3.51800	97
3.52167	107
3.52533	113
3.52900	115
3.53267	110
3.53633	100
3.54000	90
3.54367	82
3.54733	76
3.55100	69
3.55467	63
3.55833	58
3.56200	59
3.56567	64
3.56933	67
3.57300	69
3.57667	70
3.58033	71
3.58400	70
3.58767	71
3.59133	76
3.59500	83
3.59867	86
3.60233	81
3.60600	73
3.60967	64
3.61333	59
3.61700	61
3.62067	64
3.62433	67
3.62800	69
3.63167	70
3.63533	73
3.63900	77
3.64267	79
3.64633	78
3.65000	78
3.65367	77
3.65733	73
3.66100	66
3.66467	59
3.66833	53
3.67200	50
3.67567	50
3.67933	52
3.68300	54
3.68667	54
3.69033	52
3.69400	48
3.69767	45
3.70133	44
3.70500	44
3.70867	47
3.71233	50
3.71600	53
3.71967	54
3.72333	53
3.72700	49
3.73067	47
3.73433	46
3.73800	48
3.74167	48
3.74533	48
3.74900	47
3.75267	47
3.75633	46
3.76000	46
3.76367	44
3.76733	41
3.77100	36
3.77467	33
3.77833	31
3.78200	30
3.78567	30
3.78933	33
3.79300	39
3.79667	47
3.80033	53
3.80400	54
3.80767	53
3.81133	49
3.81500	47
3.81867	49
3.82233	52
3.82600	55
3.82967	57
3.83333	58
3.83700	60
3.84067	61
3.84433	57
3.84800	48
3.85167	38
3.85533	29
3.85900	27
3.86267	28
3.86633	30
3.87000	29
3.87367	30
3.87733	34
3.88100	41
3.88467	44
3.88833	41
3.89200	34
3.89567	26
3.89933	22
3.90300	23
3.90667	26
3.91033	28
3.91400	28
3.91767	32
3.92133	35
3.92500	34
3.92867	34
3.93233	35
3.93600	35
3.93967	35
3.94333	38
3.94700	42
3.95067	46
3.95433	50
3.95800	51
3.96167	54
3.96533	53
3.96900	49
3.97267	46
3.97633	42
3.98000	39
3.98367	33
3.98733	22
3.99100	10
3.99467	1
3.99833	-5

[Chromatogram (Ch2)]
Interval(msec)	220
# of Points	1091
Start Time(min)	0.002
End Time(min)	3.998
R.Time (min)	Intensity
0.00167	-0
0.00533	-0
0.00900	-0
0.01267	-1
0.01633	-1
0.02000	-1
0.02367	-1
0.02733	-1
0.03100	-2
0.03467	-2
0.03833	-2
0.04200	-2
0.04567	-1
0.04933	-1
0.05300	-1
0.05667	-1
0.06033	-1
0.06400	-1
0.06767	-1
0.07133	-0
0.07500	-0
0.07867	-0
0.08233	-0
0.08600	-0
0.08967	0
0.09333	0
0.09700	0
0.10067	1
0.10433	1
0.10800	1
0.11167	1
0.11533	2
0.11900	2
0.12267	2
0.12633	2
0.13000	2
0.13367	2
0.13733	1
0.14100	1
0.14467	1
0.14833	1
0.15200	1
0.15567	1
0.15933	1
0.16300	1
0.16667	1
0.17033	1
0.17400	0
0.17767	-0
0.18133	-1
0.18500	-1
0.18867	-2
0.19233	-2
0.19600	-2
0.19967	-2
0.20333	-2
0.20700	-2
0.21067	-2
0.21433	-2
0.21800	-2
0.22167	-1
0.22533	-1
0.22900	-1
0.23267	-1
0.23633	-1
0.24000	-1
0.24367	-1
0.24733	-1
0.25100	-1
0.25467	-1
0.25833	-2
0.26200	-2
0.26567	-2
0.26933	-2
0.27300	-1
0.27667	-1
0.28033	-1
0.28400	-1
0.28767	-0
0.29133	-0
0.29500	-0
0.29867	-0
0.30233	-0
0.30600	-1
0.30967	-1
0.31333	-1
0.31700	-1
0.32067	-1
0.32433	-1
0.32800	-2
0.33167	-2
0.33533	-2
0.33900	-2
0.34267	-2
0.34633	-2
0.35000	-2
0.35367	-2
0.35733	-2
0.36100	-2
0.36467	-2
0.36833	-2
0.37200	-2
0.37567	-2
0.37933	-2
0.38300	-2
0.38667	-2
0.39033	-2
0.39400	-1
0.39767	-1
0.40133	-1
0.40500	-1
0.40867	-1
0.41233	-1
0.41600	-0
0.41967	-0
0.42333	-0
0.42700	-0
0.43067	-1
0.43433	-1
0.43800	-1
0.44167	-1
0.44533	-1
0.44900	-1
0.45267	-1
0.45633	-1
0.46000	-1
0.46367	-1
0.46733	-1
0.47100	-1
0.47467	-0
0.47833	-0
0.48200	-0
0.48567	-0
0.48933	-0
0.49300	-0
0.49667	-0
0.50033	-0
0.50400	-0
0.50767	-0
0.51133	-0
0.51500	-0
0.51867	-0
0.52233	-0
0.52600	-1
0.52967	-1
0.53333	-1
0.53700	-1
0.54067	-1
0.54433	-1
0.54800	-1
0.55167	-1
0.55533	-1
0.55900	-1
0.56267	-1
0.56633	-1
0.57000	-1
0.57367	-1
0.57733	-1
0.58100	-1
0.58467	-1
0.58833	-1
0.59200	-1
0.59567	-2
0.59933	-2
0.60300	-2
0.60667	-2
0.61033	-2
0.61400	-2
0.61767	-2
0.62133	-2
0.62500	-2
0.62867	-2
0.63233	-2
0.63600	-2
0.63967	-2
0.64333	-2
0.64700	-2
0.65067	-2
0.65433	-2
0.65800	-2
0.66167	-2
0.66533	-2
0.66900	-2
0.67267	-2
0.67633	-2
0.68000	-2
0.68367	-2
0.68733	-2
0.69100	-2
0.69467	-2
0.69833	-3
0.70200	-3
0.70567	-3
0.70933	-2
0.71300	-2
0.71667	-2
0.72033	-2
0.72400	-2
0.72767	-2
0.73133	-2
0.73500	-2
0.73867	-2
0.74233	-2
0.74600	-2
0.74967	-2
0.75333	-2
0.75700	-2
0.76067	-2
0.76433	-2
0.76800	-3
0.77167	-3
0.77533	-4
0.77900	-4
0.78267	-4
0.78633	-4
0.79000	-4
0.79367	-4
0.79733	-4
0.80100	-4
0.80467	-4
0.80833	-4
0.81200	-4
0.81567	-4
0.81933	-4
0.82300	-4
0.82667	-4
0.83033	-4
0.83400	-3
0.83767	-3
0.84133	-3
0.84500	-3
0.84867	-3
0.85233	-3
0.85600	-2
0.85967	-2
0.86333	-2
0.86700	-2
0.87067	-2
0.87433	-2
0.87800	-2
0.88167	-2
0.88533	-2
0.88900	-2
0.89267	-2
0.89633	-3
0.90000	-3
0.90367	-3
0.90733	-3
0.91100	-3
0.91467	-3
0.91833	-3
0.92200	-3
0.92567	-3
0.92933	-3
0.93300	-3
0.93667	-3
0.94033	-3
0.94400	-3
0.94767	-3
0.95133	-3
0.95500	-3
0.95867	-3
0.96233	-3
0.96600	-3
0.96967	-3
0.97333	-3
0.97700	-3
0.98067	-3
0.98433	-3
0.98800	-3
0.99167	-4
0.99533	-4
0.99900	-4
1.00267	-4
1.00633	-4
1.01000	-5
1.01367	-5
1.01733	-5
1.02100	-5
1.02467	-5
1.02833	-5
1.03200	-5
1.03567	-5
1.03933	-5
1.04300	-5
1.04667	-5
1.05033	-5
1.05400	-5
1.05767	-5
1.06133	-5
1.06500	-5
1.06867	-4
1.07233	-4
1.07600	-4
1.07967	-4
1.08333	-4
1.08700	-4
1.09067	-4
1.09433	-4
1.09800	-4
1.10167	-4
1.10533	-4
1.10900	-4
1.11267	-4
1.11633	-4
1.12000	-3
1.12367	-3
1.12733	-3
1.13100	-3
1.13467	-3
1.13833	-3
1.14200	-3
1.14567	-2
1.14933	-2
1.15300	-2
1.15667	-2
1.16033	-2
1.16400	-2
1.16767	-2
1.17133	-2
1.17500	-2
1.17867	-2
1.18233	-2
1.18600	-3
1.18967	-3
1.19333	-3
1.19700	-3
1.20067	-3
1.20433	-3
1.20800	-3
1.21167	-3
1.21533	-3
1.21900	-3
1.22267	-3
1.22633	-3
1.23000	-3
1.23367	-3
1.23733	-3
1.24100	-3
1.24467	-3
1.24833	-3
1.25200	-3
1.25567	-3
1.25933	-3
1.26300	-3
1.26667	-3
1.27033	-3
1.27400	-3
1.27767	-3
1.28133	-4
1.28500	-4
1.28867	-4
1.29233	-5
1.29600	-5
1.29967	-5
1.30333	-5
1.30700	-5
1.31067	-5
1.31433	-5
1.31800	-5
1.32167	-5
1.32533	-5
1.32900	-5
1.33267	-5
1.33633	-5
1.34000	-4
1.34367	-4
1.34733	-4
1.35100	-4
1.35467	-4
1.35833	-4
1.36200	-3
1.36567	-3
1.36933	-3
1.37300	-3
1.37667	-3
1.38033	-3
1.38400	-3
1.38767	-3
1.39133	-3
1.39500	-3
1.39867	-3
1.40233	-3
1.40600	-3
1.40967	-3
1.41333	-3
1.41700	-3
1.42067	-3
1.42433	-3
1.42800	-3
1.43167	-3
1.43533	-4
1.43900	-3
1.44267	-3
1.44633	-3
1.45000	-3
1.45367	-3
1.45733	-3
1.46100	-3
1.46467	-3
1.46833	-3
1.47200	-3
1.47567	-3
1.47933	-3
1.48300	-3
1.48667	-4
1.49033	-4
1.49400	-4
1.49767	-3
1.50133	-3
1.50500	-3
1.50867	-3
1.51233	-3
1.51600	-4
1.51967	-4
1.52333	-4
1.52700	-4
1.53067	-4
1.53433	-4
1.53800	-4
1.54167	-4
1.54533	-4
1.54900	-5
1.55267	-5
1.55633	-5
1.56000	-5
1.56367	-5
1.56733	-5
1.57100	-5
1.57467	-5
1.57833	-5
1.58200	-5
1.58567	-5
1.58933	-5
1.59300	-5
1.59667	-5
1.60033	-6
1.60400	-7
1.60767	-8
1.61133	-10
1.61500	-11
1.61867	-13
1.62233	-15
1.62600	-18
1.62967	-20
1.63333	-23
1.63700	-27
1.64067	-30
1.64433	-34
1.64800	-38
1.65167	-41
1.65533	-45
1.65900	-48
1.66267	-52
1.66633	-56
1.67000	-60
1.67367	-65
1.67733	-70
1.68100	-74
1.68467	-79
1.68833	-83
1.69200	-87
1.69567	-91
1.69933	-94
1.70300	-97
1.70667	-99
1.71033	-101
1.71400	-103
1.71767	-104
1.72133	-105
1.72500	-107
1.72867	-108
1.73233	-109
1.73600	-110
1.73967	-111
1.74333	-112
1.74700	-112
1.75067	-113
1.75433	-114
1.75800	-114
1.76167	-114
1.76533	-113
1.76900	-113
1.77267	-113
1.77633	-113
1.78000	-113
1.78367	-114
1.78733	-114
1.79100	-114
1.79467	-114
1.79833	-114
1.80200	-114
1.80567	-114
1.80933	-114
1.81300	-114
1.81667	-114
1.82033	-114
1.82400	-115
1.82767	-115
1.83133	-115
1.83500	-116
1.83867	-116
1.84233	-116
1.84600	-116
1.84967	-116
1.85333	-116
1.85700	-117
1.86067	-117
1.86433	-118
1.86800	-118
1.87167	-118
1.87533	-117
1.87900	-117
1.88267	-117
1.88633	-117
1.89000	-117
1.89367	-117
1.89733	-117
1.90100	-116
1.90467	-116
1.90833	-115
1.91200	-115
1.91567	-115
1.91933	-114
1.92300	-114
1.92667	-114
1.93033	-114
1.93400	-114
1.93767	-114
1.94133	-114
1.94500	-114
1.94867	-114
1.95233	-114
1.95600	-113
1.95967	-113
1.96333	-113
1.96700	-113
1.97067	-113
1.97433	-112
1.97800	-112
1.98167	-112
1.98533	-112
1.98900	-111
1.99267	-111
1.99633	-111
2.00000	-110
2.00367	-109
2.00733	-109
2.01100	-108
2.01467	-108
2.01833	-107
2.02200	-107
2.02567	-106
2.02933	-106
2.03300	-106
2.03667	-106
2.04033	-106
2.04400	-106
2.04767	-106
2.05133	-106
2.05500	-106
2.05867	-105
2.06233	-104
2.06600	-104
2.06967	-103
2.07333	-103
2.07700	-103
2.08067	-103
2.08433	-102
2.08800	-102
2.09167	-102
2.09533	-102
2.09900	-102
2.10267	-102
2.10633	-102
2.11000	-102
2.11367	-102
2.11733	-102
2.12100	-102
2.12467	-102
2.12833	-101
2.13200	-100
2.13567	-100
2.13933	-99
2.14300	-98
2.14667	-97
2.15033	-97
2.15400	-97
2.15767	-97
2.16133	-97
2.16500	-97
2.16867	-97
2.17233	-97
2.17600	-96
2.17967	-95
2.18333	-95
2.18700	-94
2.19067	-94
2.19433	-95
2.19800	-95
2.20167	-94
2.20533	-94
2.20900	-94
2.21267	-94
2.21633	-93
2.22000	-93
2.22367	-93
2.22733	-92
2.23100	-92
2.23467	-92
2.23833	-92
2.24200	-91
2.24567	-90
2.24933	-90
2.25300	-89
2.25667	-89
2.26033	-89
2.26400	-89
2.26767	-90
2.27133	-91
2.27500	-91
2.27867	-92
2.28233	-93
2.28600	-93
2.28967	-92
2.29333	-91
2.29700	-90
2.30067	-88
2.30433	-87
2.30800	-86
2.31167	-86
2.31533	-85
2.31900	-85
2.32267	-85
2.32633	-85
2.33000	-84
2.33367	-84
2.33733	-84
2.34100	-83
2.34467	-82
2.34833	-81
2.35200	-80
2.35567	-79
2.35933	-77
2.36300	-76
2.36667	-75
2.37033	-73
2.37400	-71
2.37767	-69
2.38133	-67
2.38500	-64
2.38867	-61
2.39233	-58
2.39600	-55
2.39967	-52
2.40333	-48
2.40700	-44
2.41067	-41
2.41433	-37
2.41800	-33
2.42167	-30
2.42533	-27
2.42900	-24
2.43267	-22
2.43633	-20
2.44000	-18
2.44367	-15
2.44733	-13
2.45100	-11
2.45467	-8
2.45833	-6
2.46200	-5
2.46567	-3
2.46933	-2
2.47300	-2
2.47667	-1
2.48033	-0
2.48400	1
2.48767	2
2.49133	3
2.49500	3
2.49867	4
2.50233	5
2.50600	6
2.50967	6
2.51333	7
2.51700	8
2.52067	9
2.52433	9
2.52800	10
2.53167	11
2.53533	11
2.53900	12
2.54267	12
2.54633	13
2.55000	13
2.55367	13
2.55733	14
2.56100	14
2.56467	15
2.56833	15
2.57200	15
2.57567	15
2.57933	15
2.58300	16
2.58667	16
2.59033	16
2.59400	16
2.59767	16
2.60133	16
2.60500	16
2.60867	15
2.61233	15
2.61600	15
2.61967	15
2.62333	15
2.62700	15
2.63067	16
2.63433	16
2.63800	17
2.64167	17
2.64533	18
2.64900	18
2.65267	19
2.65633	19
2.66000	20
2.66367	20
2.66733	21
2.67100	21
2.67467	21
2.67833	21
2.68200	21
2.68567	20
2.68933	20
2.69300	20
2.69667	20
2.70033	20
2.70400	21
2.70767	21
2.71133	22
2.71500	23
2.71867	24
2.72233	24
2.72600	25
2.72967	25
2.73333	26
2.73700	26
2.74067	26
2.74433	25
2.74800	25
2.75167	25
2.75533	24
2.75900	24
2.76267	24
2.76633	23
2.77000	23
2.77367	23
2.77733	23
2.78100	24
2.78467	24
2.78833	24
2.79200	24
2.79567	25
2.79933	25
2.80300	25
2.80667	25
2.81033	25
2.81400	26
2.81767	26
2.82133	26
2.82500	26
2.82867	26
2.83233	26
2.83600	26
2.83967	26
2.84333	27
2.84700	26
2.85067	25
2.85433	24
2.85800	21
2.86167	16
2.86533	8
2.86900	-2
2.87267	-16
2.87633	-33
2.88000	-55
2.88367	-80
2.88733	-110
2.89100	-144
2.89467	-181
2.89833	-222
2.90200	-265
2.90567	-311
2.90933	-359
2.91300	-409
2.91667	-460
2.92033	-511
2.92400	-563
2.92767	-614
2.93133	-666
2.93500	-716
2.93867	-766
2.94233	-816
2.94600	-868
2.94967	-926
2.95333	-986
2.95700	-1040
2.96067	-1077
2.96433	-1089
2.96800	-1075
2.97167	-1038
2.97533	-982
2.97900	-913
2.98267	-836
2.98633	-756
2.99000	-677
2.99367	-600
2.99733	-528
3.00100	-462
3.00467	-401
3.00833	-347
3.01200	-299
3.01567	-256
3.01933	-219
3.02300	-187
3.02667	-159
3.03033	-134
3.03400	-113
3.03767	-95
3.04133	-80
3.04500	-67
3.04867	-55
3.05233	-45
3.05600	-37
3.05967	-30
3.06333	-24
3.06700	-18
3.07067	-14
3.07433	-10
3.07800	-7
3.08167	-4
3.08533	-1
3.08900	1
3.09267	2
3.09633	4
3.10000	5
3.10367	7
3.10733	8
3.11100	9
3.11467	10
3.11833	11
3.12200	12
3.12567	12
3.12933	13
3.13300	13
3.13667	14
3.14033	14
3.14400	15
3.14767	15
3.15133	15
3.15500	16
3.15867	16
3.16233	16
3.16600	17
3.16967	17
3.17333	17
3.17700	18
3.18067	18
3.18433	18
3.18800	18
3.19167	19
3.19533	19
3.19900	19
3.20267	19
3.20633	19
3.21000	19
3.21367	20
3.21733	20
3.22100	20
3.22467	20
3.22833	21
3.23200	21
3.23567	20
3.23933	20
3.24300	20
3.24667	20
3.25033	20
3.25400	20
3.25767	20
3.26133	20
3.26500	21
3.26867	21
3.27233	21
3.27600	21
3.27967	21
3.28333	21
3.28700	21
3.29067	21
3.29433	21
3.29800	22
3.30167	22
3.30533	22
3.30900	22
3.31267	22
3.31633	21
3.32000	22
3.32367	22
3.32733	22
3.33100	22
3.33467	22
3.33833	22
3.34200	22
3.34567	22
3.34933	23
3.35300	23
3.35667	23
3.36033	23
3.36400	24
3.36767	24
3.37133	24
3.37500	24
3.37867	24
3.38233	25
3.38600	25
3.38967	25
3.39333	25
3.39700	25
3.40067	25
3.40433	25
3.40800	26
3.41167	26
3.41533	26
3.41900	26
3.42267	26
3.42633	26
3.43000	26
3.43367	26
3.43733	26
3.44100	26
3.44467	26
3.44833	26
3.45200	27
3.45567	27
3.45933	27
3.46300	27
3.46667	27
3.47033	27
3.47400	27
3.47767	27
3.48133	27
3.48500	27
3.48867	27
3.49233	27
3.49600	27
3.49967	27
3.50333	27
3.50700	27
3.51067	27
3.51433	27
3.51800	26
3.52167	26
3.52533	26
3.52900	26
3.53267	26
3.53633	26
3.54000	26
3.54367	26
3.54733	26
3.55100	26
3.55467	26
3.55833	26
3.56200	26
3.56567	26
3.56933	26
3.57300	26
3.57667	26
3.58033	26
3.58400	25
3.58767	25
3.59133	25
3.59500	25
3.59867	25
3.60233	25
3.60600	25
3.60967	25
3.61333	25
3.61700	25
3.62067	24
3.62433	24
3.62800	24
3.63167	24
3.63533	24
3.63900	24
3.64267	24
3.64633	24
3.65000	24
3.65367	24
3.65733	24
3.66100	23
3.66467	23
3.66833	23
3.67200	23
3.67567	23
3.67933	23
3.68300	23
3.68667	23
3.69033	23
3.69400	24
3.69767	24
3.70133	24
3.70500	25
3.70867	25
3.71233	25
3.71600	25
3.71967	25
3.72333	25
3.72700	25
3.73067	26
3.73433	26
3.73800	26
3.74167	26
3.74533	26
3.74900	26
3.75267	26
3.75633	26
3.76000	26
3.76367	26
3.76733	26
3.77100	26
3.77467	26
3.77833	26
3.78200	26
3.78567	26
3.78933	26
3.79300	26
3.79667	26
3.80033	26
3.80400	26
3.80767	26
3.81133	26
3.81500	26
3.81867	26
3.82233	26
3.82600	26
3.82967	26
3.83333	26
3.83700	26
3.84067	26
3.84433	26
3.84800	26
3.85167	26
3.85533	26
3.85900	26
3.86267	26
3.86633	27
3.87000	27
3.87367	27
3.87733	26
3.88100	26
3.88467	26
3.88833	26
3.89200	26
3.89567	26
3.89933	26
3.90300	26
3.90667	26
3.91033	26
3.91400	26
3.91767	26
3.92133	26
3.92500	26
3.92867	25
3.93233	25
3.93600	25
3.93967	25
3.94333	24
3.94700	24
3.95067	24
3.95433	24
3.95800	24
3.96167	24
3.96533	24
3.96900	24
3.97267	24
3.97633	24
3.98000	24
3.98367	24
3.98733	24
3.99100	25
3.99467	25
3.99833	25

[Chromatogram (Ch3)]
Interval(msec)	220
# of Points	1091
Start Time(min)	0.002
End Time(min)	3.998
R.Time (min)	Intensity
0.00167	-0
0.00533	0
0.00900	3
0.01267	4
0.01633	4
0.02000	6
0.02367	7
0.02733	6
0.03100	8
0.03467	11
0.03833	12
0.04200	12
0.04567	13
0.04933	13
0.05300	14
0.05667	14
0.06033	13
0.06400	11
0.06767	11
0.07133	12
0.07500	12
0.07867	11
0.08233	11
0.08600	12
0.08967	14
0.09333	14
0.09700	13
0.10067	13
0.10433	13
0.10800	14
0.11167	16
0.11533	17
0.11900	15
0.12267	12
0.12633	11
0.13000	11
0.13367	9
0.13733	10
0.14100	11
0.14467	10
0.14833	8
0.15200	8
0.15567	7
0.15933	7
0.16300	10
0.16667	14
0.17033	15
0.17400	13
0.17767	12
0.18133	14
0.18500	14
0.18867	13
0.19233	11
0.19600	9
0.19967	9
0.20333	10
0.20700	10
0.21067	10
0.21433	9
0.21800	9
0.22167	10
0.22533	12
0.22900	14
0.23267	14
0.23633	13
0.24000	13
0.24367	14
0.24733	12
0.25100	14
0.25467	15
0.25833	15
0.26200	14
0.26567	16
0.26933	18
0.27300	18
0.27667	19
0.28033	19
0.28400	19
0.28767	21
0.29133	21
0.29500	19
0.29867	18
0.30233	18
0.30600	17
0.30967	16
0.31333	17
0.31700	17
0.32067	17
0.32433	18
0.32800	17
0.33167	16
0.33533	18
0.33900	20
0.34267	20
0.34633	22
0.35000	20
0.35367	18
0.35733	18
0.36100	18
0.36467	19
0.36833	18
0.37200	16
0.37567	16
0.37933	16
0.38300	16
0.38667	17
0.39033	17
0.39400	17
0.39767	18
0.40133	18
0.40500	18
0.40867	16
0.41233	15
0.41600	15
0.41967	15
0.42333	16
0.42700	16
0.43067	16
0.43433	16
0.43800	17
0.44167	18
0.44533	18
0.44900	19
0.45267	17
0.45633	16
0.46000	15
0.46367	16
0.46733	16
0.47100	14
0.47467	15
0.47833	15
0.48200	14
0.48567	12
0.48933	11
0.49300	12
0.49667	14
0.50033	17
0.50400	20
0.50767	20
0.51133	20
0.51500	18
0.51867	17
0.52233	15
0.52600	13
0.52967	14
0.53333	15
0.53700	17
0.54067	18
0.54433	19
0.54800	17
0.55167	16
0.55533	16
0.55900	15
0.56267	14
0.56633	17
0.57000	19
0.57367	21
0.57733	20
0.58100	15
0.58467	15
0.58833	14
0.59200	13
0.59567	12
0.59933	13
0.60300	13
0.60667	14
0.61033	16
0.61400	19
0.61767	20
0.62133	21
0.62500	20
0.62867	18
0.63233	17
0.63600	16
0.63967	16
0.64333	15
0.64700	17
0.65067	17
0.65433	15
0.65800	16
0.66167	17
0.66533	18
0.66900	18
0.67267	19
0.67633	19
0.68000	18
0.68367	18
0.68733	19
0.69100	17
0.69467	14
0.69833	14
0.70200	13
0.70567	13
0.70933	15
0.71300	16
0.71667	16
0.72033	15
0.72400	16
0.72767	17
0.73133	18
0.73500	18
0.73867	17
0.74233	16
0.74600	16
0.74967	16
0.75333	18
0.75700	19
0.76067	18
0.76433	16
0.76800	15
0.77167	18
0.77533	20
0.77900	21
0.78267	20
0.78633	20
0.79000	20
0.79367	21
0.79733	21
0.80100	19
0.80467	17
0.80833	17
0.81200	16
0.81567	18
0.81933	18
0.82300	18
0.82667	18
0.83033	20
0.83400	21
0.83767	18
0.84133	16
0.84500	15
0.84867	14
0.85233	15
0.85600	16
0.85967	17
0.86333	19
0.86700	20
0.87067	19
0.87433	19
0.87800	19
0.88167	18
0.88533	18
0.88900	19
0.89267	20
0.89633	20
0.90000	15
0.90367	13
0.90733	13
0.91100	14
0.91467	14
0.91833	12
0.92200	12
0.92567	13
0.92933	13
0.93300	14
0.93667	14
0.94033	13
0.94400	13
0.94767	15
0.95133	15
0.95500	15
0.95867	15
0.96233	14
0.96600	15
0.96967	14
0.97333	14
0.97700	14
0.98067	12
0.98433	8
0.98800	6
0.99167	4
0.99533	5
0.99900	8
1.00267	9
1.00633	8
1.01000	7
1.01367	8
1.01733	10
1.02100	13
1.02467	15
1.02833	16
1.03200	16
1.03567	17
1.03933	19
1.04300	18
1.04667	17
1.05033	14
1.05400	11
1.05767	11
1.06133	10
1.06500	12
1.06867	13
1.07233	14
1.07600	15
1.07967	14
1.08333	13
1.08700	12
1.09067	9
1.09433	8
1.09800	9
1.10167	9
1.10533	8
1.10900	8
1.11267	7
1.11633	8
1.12000	8
1.12367	8
1.12733	11
1.13100	11
1.13467	9
1.13833	10
1.14200	12
1.14567	13
1.14933	14
1.15300	13
1.15667	13
1.16033	14
1.16400	13
1.16767	13
1.17133	13
1.17500	16
1.17867	18
1.18233	19
1.18600	16
1.18967	12
1.19333	10
1.19700	10
1.20067	11
1.20433	12
1.20800	13
1.21167	12
1.21533	12
1.21900	12
1.22267	12
1.22633	14
1.23000	14
1.23367	15
1.23733	14
1.24100	15
1.24467	16
1.24833	14
1.25200	12
1.25567	11
1.25933	11
1.26300	13
1.26667	13
1.27033	11
1.27400	9
1.27767	11
1.28133	13
1.28500	13
1.28867	12
1.29233	10
1.29600	8
1.29967	9
1.30333	9
1.30700	10
1.31067	8
1.31433	9
1.31800	10
1.32167	11
1.32533	11
1.32900	13
1.33267	13
1.33633	11
1.34000	11
1.34367	12
1.34733	14
1.35100	15
1.35467	13
1.35833	9
1.36200	7
1.36567	7
1.36933	8
1.37300	11
1.37667	14
1.38033	15
1.38400	12
1.38767	9
1.39133	8
1.39500	7
1.39867	8
1.40233	10
1.40600	10
1.40967	8
1.41333	8
1.41700	10
1.42067	13
1.42433	14
1.42800	12
1.43167	8
1.43533	9
1.43900	9
1.44267	9
1.44633	9
1.45000	9
1.45367	9
1.45733	10
1.46100	11
1.46467	13
1.46833	15
1.47200	14
1.47567	12
1.47933	9
1.48300	8
1.48667	9
1.49033	9
1.49400	9
1.49767	11
1.50133	12
1.50500	9
1.50867	8
1.51233	7
1.51600	7
1.51967	7
1.52333	7
1.52700	9
1.53067	8
1.53433	7
1.53800	8
1.54167	10
1.54533	11
1.54900	9
1.55267	8
1.55633	9
1.56000	10
1.56367	9
1.56733	10
1.57100	12
1.57467	11
1.57833	10
1.58200	9
1.58567	9
1.58933	10
1.59300	12
1.59667	11
1.60033	8
1.60400	6
1.60767	7
1.61133	10
1.61500	12
1.61867	12
1.62233	11
1.62600	13
1.62967	14
1.63333	16
1.63700	16
1.64067	15
1.64433	15
1.64800	15
1.65167	11
1.65533	9
1.65900	12
1.66267	16
1.66633	15
1.67000	14
1.67367	14
1.67733	17
1.68100	20
1.68467	21
1.68833	22
1.69200	22
1.69567	22
1.69933	24
1.70300	26
1.70667	26
1.71033	25
1.71400	25
1.71767	25
1.72133	26
1.72500	25
1.72867	25
1.73233	25
1.73600	25
1.73967	25
1.74333	23
1.74700	21
1.75067	21
1.75433	21
1.75800	20
1.76167	22
1.76533	22
1.76900	24
1.77267	25
1.77633	27
1.78000	28
1.78367	28
1.78733	28
1.79100	28
1.79467	31
1.79833	32
1.80200	32
1.80567	34
1.80933	35
1.81300	36
1.81667	36
1.82033	36
1.82400	38
1.82767	40
1.83133	40
1.83500	37
1.83867	35
1.84233	35
1.84600	36
1.84967	38
1.85333	40
1.85700	41
1.86067	39
1.86433	37
1.86800	36
1.87167	36
1.87533	39
1.87900	41
1.88267	41
1.88633	40
1.89000	40
1.89367	40
1.89733	42
1.90100	44
1.90467	45
1.90833	45
1.91200	47
1.91567	49
1.91933	50
1.92300	52
1.92667	52
1.93033	51
1.93400	53
1.93767	52
1.94133	50
1.94500	49
1.94867	49
1.95233	50
1.95600	51
1.95967	51
1.96333	53
1.96700	55
1.97067	58
1.97433	59
1.97800	60
1.98167	60
1.98533	60
1.98900	58
1.99267	57
1.99633	58
2.00000	60
2.00367	59
2.00733	59
2.01100	60
2.01467	62
2.01833	66
2.02200	68
2.02567	68
2.02933	65
2.03300	65
2.03667	68
2.04033	72
2.04400	74
2.04767	74
2.05133	72
2.05500	71
2.05867	71
2.06233	69
2.06600	68
2.06967	69
2.07333	72
2.07700	75
2.08067	76
2.08433	79
2.08800	81
2.09167	83
2.09533	83
2.09900	84
2.10267	83
2.10633	83
2.11000	84
2.11367	82
2.11733	80
2.12100	78
2.12467	79
2.12833	82
2.13200	87
2.13567	90
2.13933	92
2.14300	92
2.14667	94
2.15033	96
2.15400	97
2.15767	99
2.16133	99
2.16500	100
2.16867	101
2.17233	100
2.17600	99
2.17967	99
2.18333	101
2.18700	100
2.19067	100
2.19433	102
2.19800	104
2.20167	108
2.20533	110
2.20900	112
2.21267	114
2.21633	113
2.22000	111
2.22367	110
2.22733	110
2.23100	111
2.23467	113
2.23833	115
2.24200	115
2.24567	116
2.24933	118
2.25300	119
2.25667	118
2.26033	116
2.26400	117
2.26767	119
2.27133	121
2.27500	123
2.27867	121
2.28233	122
2.28600	125
2.28967	126
2.29333	130
2.29700	133
2.30067	135
2.30433	135
2.30800	133
2.31167	132
2.31533	131
2.31900	132
2.32267	133
2.32633	132
2.33000	133
2.33367	132
2.33733	131
2.34100	134
2.34467	137
2.34833	139
2.35200	141
2.35567	143
2.35933	146
2.36300	146
2.36667	146
2.37033	149
2.37400	153
2.37767	157
2.38133	156
2.38500	153
2.38867	150
2.39233	150
2.39600	153
2.39967	159
2.40333	162
2.40700	165
2.41067	169
2.41433	171
2.41800	172
2.42167	171
2.42533	171
2.42900	172
2.43267	172
2.43633	171
2.44000	175
2.44367	211
2.44733	297
2.45100	389
2.45467	454
2.45833	476
2.46200	474
2.46567	470
2.46933	465
2.47300	449
2.47667	423
2.48033	391
2.48400	356
2.48767	326
2.49133	306
2.49500	295
2.49867	292
2.50233	295
2.50600	303
2.50967	311
2.51333	314
2.51700	309
2.52067	297
2.52433	280
2.52800	261
2.53167	241
2.53533	222
2.53900	205
2.54267	191
2.54633	179
2.55000	171
2.55367	168
2.55733	167
2.56100	167
2.56467	165
2.56833	164
2.57200	167
2.57567	171
2.57933	173
2.58300	178
2.58667	186
2.59033	194
2.59400	204
2.59767	216
2.60133	222
2.60500	224
2.60867	218
2.61233	205
2.61600	183
2.61967	151
2.62333	110
2.62700	65
2.63067	21
2.63433	-20
2.63800	-56
2.64167	-85
2.64533	-108
2.64900	-124
2.65267	-135
2.65633	-142
2.66000	-144
2.66367	-144
2.66733	-144
2.67100	-141
2.67467	-135
2.67833	-127
2.68200	-120
2.68567	-114
2.68933	-107
2.69300	-98
2.69667	-92
2.70033	-84
2.70400	-76
2.70767	-68
2.71133	-61
2.71500	-54
2.71867	-47
2.72233	-41
2.72600	-36
2.72967	-31
2.73333	-26
2.73700	-14
2.74067	-4
2.74433	2
2.74800	5
2.75167	6
2.75533	-0
2.75900	-4
2.76267	-8
2.76633	-7
2.77000	8
2.77367	38
2.77733	75
2.78100	116
2.78467	160
2.78833	207
2.79200	255
2.79567	305
2.79933	355
2.80300	404
2.80667	447
2.81033	485
2.81400	522
2.81767	554
2.82133	578
2.82500	602
2.82867	629
2.83233	660
2.83600	712
2.83967	800
2.84333	952
2.84700	1193
2.85067	1543
2.85433	2007
2.85800	2575
2.86167	3212
2.86533	3873
2.86900	4500
2.87267	5040
2.87633	5452
2.88000	5711
2.88367	5813
2.88733	5767
2.89100	5599
2.89467	5334
2.89833	5001
2.90200	4634
2.90567	4257
2.90933	3885
2.91300	3530
2.91667	3198
2.92033	2890
2.92400	2610
2.92767	2356
2.93133	2130
2.93500	1934
2.93867	1763
2.94233	1614
2.94600	1483
2.94967	1372
2.95333	1277
2.95700	1191
2.96067	1117
2.96433	1054
2.96800	1000
2.97167	954
2.97533	914
2.97900	881
2.98267	854
2.98633	831
2.99000	812
2.99367	794
2.99733	778
3.00100	763
3.00467	751
3.00833	744
3.01200	737
3.01567	732
3.01933	729
3.02300	728
3.02667	728
3.03033	727
3.03400	725
3.03767	724
3.04133	726
3.04500	728
3.04867	732
3.05233	734
3.05600	737
3.05967	739
3.06333	741
3.06700	744
3.07067	747
3.07433	750
3.07800	750
3.08167	749
3.08533	746
3.08900	746
3.09267	750
3.09633	752
3.10000	753
3.10367	754
3.10733	755
3.11100	755
3.11467	757
3.11833	759
3.12200	761
3.12567	760
3.12933	758
3.13300	757
3.13667	754
3.14033	756
3.14400	757
3.14767	756
3.15133	753
3.15500	748
3.15867	749
3.16233	751
3.16600	750
3.16967	748
3.17333	747
3.17700	745
3.18067	743
3.18433	742
3.18800	742
3.19167	737
3.19533	730
3.19900	724
3.20267	722
3.20633	721
3.21000	722
3.21367	720
3.21733	714
3.22100	707
3.22467	702
3.22833	701
3.23200	699
3.23567	697
3.23933	693
3.24300	688
3.24667	683
3.25033	680
3.25400	678
3.25767	677
3.26133	676
3.26500	672
3.26867	669
3.27233	666
3.27600	662
3.27967	658
3.28333	654
3.28700	650
3.29067	647
3.29433	647
3.29800	645
3.30167	642
3.30533	640
3.30900	637
3.31267	633
3.31633	629
3.32000	627
3.32367	624
3.32733	618
3.33100	613
3.33467	611
3.33833	608
3.34200	603
3.34567	599
3.34933	597
3.35300	596
3.35667	593
3.36033	590
3.36400	584
3.36767	580
3.37133	576
3.37500	574
3.37867	572
3.38233	567
3.38600	564
3.38967	560
3.39333	557
3.39700	555
3.40067	554
3.40433	552
3.40800	551
3.41167	550
3.41533	549
3.41900	545
3.42267	541
3.42633	537
3.43000	535
3.43367	535
3.43733	534
3.44100	532
3.44467	530
3.44833	528
3.45200	528
3.45567	529
3.45933	527
3.46300	523
3.46667	518
3.47033	513
3.47400	510
3.47767	508
3.48133	507
3.48500	505
3.48867	505
3.49233	505
3.49600	506
3.49967	504
3.50333	499
3.50700	495
3.51067	493
3.51433	491
3.51800	492
3.52167	492
3.52533	488
3.52900	484
3.53267	481
3.53633	481
3.54000	482
3.54367	481
3.54733	480
3.55100	480
3.55467	478
3.55833	478
3.56200	478
3.56567	474
3.56933	470
3.57300	465
3.57667	463
3.58033	464
3.58400	464
3.58767	462
3.59133	461
3.59500	459
3.59867	458
3.60233	455
3.60600	452
3.60967	450
3.61333	448
3.61700	448
3.62067	448
3.62433	447
3.62800	444
3.63167	444
3.63533	444
3.63900	442
3.64267	439
3.64633	438
3.65000	436
3.65367	436
3.65733	438
3.66100	438
3.66467	435
3.66833	430
3.67200	429
3.67567	431
3.67933	434
3.68300	437
3.68667	440
3.69033	440
3.69400	439
3.69767	436
3.70133	433
3.70500	431
3.70867	428
3.71233	425
3.71600	423
3.71967	421
3.72333	419
3.72700	419
3.73067	420
3.73433	418
3.73800	416
3.74167	416
3.74533	417
3.74900	417
3.75267	416
3.75633	416
3.76000	414
3.76367	410
3.76733	407
3.77100	407
3.77467	408
3.77833	408
3.78200	408
3.78567	407
3.78933	406
3.79300	406
3.79667	406
3.80033	406
3.80400	405
3.80767	406
3.81133	410
3.81500	412
3.81867	411
3.82233	409
3.82600	406
3.82967	404
3.83333	402
3.83700	400
3.84067	399
3.84433	399
3.84800	399
3.85167	401
3.85533	401
3.85900	399
3.86267	398
3.86633	396
3.87000	395
3.87367	395
3.87733	395
3.88100	397
3.88467	398
3.88833	398
3.89200	397
3.89567	395
3.89933	395
3.90300	395
3.90667	394
3.91033	391
3.91400	388
3.91767	388
3.92133	388
3.92500	388
3.92867	386
3.93233	385
3.93600	385
3.93967	384
3.94333	383
3.94700	382
3.95067	383
3.95433	383
3.95800	384
3.96167	385
3.96533	385
3.96900	383
3.97267	382
3.97633	380
3.98000	378
3.98367	376
3.98733	374
3.99100	376
3.99467	375
3.99833	370

[Status Trace (Column Oven Temperature)]
Interval(msec)	1000
# of Points	240
Start Time(min)	0.003
End Time(min)	3.986
Intensity Units	
Intensity Multiplier	1
R.Time (min)	Intensity
0.00268	35.03
0.01935	35.03
0.03602	35.04
0.05268	35.04
0.06935	35.04
0.08602	35.04
0.10268	35.04
0.11935	35.03
0.13602	35.03
0.15268	35.02
0.16935	35.02
0.18602	35.03
0.20268	35.02
0.21935	35.02
0.23602	35.02
0.25268	35.02
0.26935	35.02
0.28602	35.01
0.30268	35.01
0.31935	35.01
0.33602	35.01
0.35268	35.01
0.36935	35.01
0.38602	35.02
0.40268	35.01
0.41935	35.01
0.43602	35.00
0.45268	34.99
0.46935	34.99
0.48602	34.98
0.50268	34.98
0.51935	34.99
0.53602	35.00
0.55268	34.99
0.56935	34.98
0.58602	34.99
0.60268	34.99
0.61935	34.99
0.63602	34.99
0.65268	34.99
0.66935	35.00
0.68602	35.00
0.70268	34.99
0.71935	34.99
0.73602	34.99
0.75268	34.99
0.76935	35.00
0.78602	35.00
0.80268	35.00
0.81935	35.00
0.83602	35.00
0.85268	34.99
0.86935	34.99
0.88602	34.98
0.90268	34.98
0.91935	34.99
0.93602	35.00
0.95268	34.99
0.96935	34.99
0.98602	34.99
1.00268	34.99
1.01935	35.00
1.03602	35.01
1.05268	35.01
1.06935	35.02
1.08602	35.02
1.10268	35.02
1.11935	35.01
1.13602	35.00
1.15268	35.00
1.16935	35.00
1.18602	35.00
1.20268	34.99
1.21935	35.00
1.23602	35.00
1.25268	34.98
1.26935	34.98
1.28602	35.00
1.30268	34.99
1.31935	35.00
1.33602	35.01
1.35268	35.02
1.36935	35.02
1.38602	35.01
1.40268	35.01
1.41935	35.01
1.43602	35.00
1.45268	34.99
1.46935	34.99
1.48602	34.99
1.50268	35.00
1.51935	35.00
1.53602	35.01
1.55268	35.01
1.56935	35.00
1.58602	35.01
1.60268	35.05
1.61935	35.15
1.63602	35.32
1.65268	35.53
1.66935	35.84
1.68602	36.20
1.70268	36.55
1.71935	36.90
1.73602	37.24
1.75268	37.58
1.76935	37.91
1.78602	38.25
1.80268	38.56
1.81935	38.89
1.83602	39.23
1.85268	39.56
1.86935	39.89
1.88602	40.23
1.90268	40.55
1.91935	40.88
1.93602	41.22
1.95268	41.54
1.96935	41.86
1.98602	42.19
2.00268	42.51
2.01935	42.81
2.03602	43.15
2.05268	43.47
2.06935	43.79
2.08602	44.11
2.10268	44.44
2.11935	44.78
2.13602	45.09
2.15268	45.42
2.16935	45.74
2.18602	46.07
2.20268	46.40
2.21935	46.73
2.23602	47.05
2.25268	47.37
2.26935	47.74
2.28602	48.09
2.30268	48.40
2.31935	48.74
2.33602	49.06
2.35268	49.34
2.36935	49.58
2.38602	49.69
2.40268	49.71
2.41935	49.69
2.43602	49.71
2.45268	49.70
2.46935	49.73
2.48602	49.73
2.50268	49.75
2.51935	49.76
2.53602	49.76
2.55268	49.78
2.56935	49.79
2.58602	49.80
2.60268	49.80
2.61935	49.82
2.63602	49.83
2.65268	49.82
2.66935	49.84
2.68602	49.86
2.70268	49.86
2.71935	49.84
2.73602	49.85
2.75268	49.86
2.76935	49.87
2.78602	49.87
2.80268	49.86
2.81935	49.86
2.83602	49.85
2.85268	49.85
2.86935	49.86
2.88602	49.86
2.90268	49.88
2.91935	49.90
2.93602	49.91
2.95268	49.92
2.96935	49.93
2.98602	49.94
3.00268	49.96
3.01935	49.97
3.03602	49.99
3.05268	50.00
3.06935	50.01
3.08602	50.02
3.10268	50.02
3.11935	50.02
3.13602	50.03
3.15268	50.03
3.16935	50.04
3.18602	50.05
3.20268	50.05
3.21935	50.05
3.23602	50.06
3.25268	50.07
3.26935	50.07
3.28602	50.08
3.30268	50.08
3.31935	50.10
3.33602	50.10
3.35268	50.11
3.36935	50.10
3.38602	50.10
3.40268	50.10
3.41935	50.09
3.43602	50.08
3.45268	50.06
3.46935	50.05
3.48602	50.04
3.50268	50.03
3.51935	50.03
3.53602	50.04
3.55268	50.03
3.56935	50.04
3.58602	50.04
3.60268	50.05
3.61935	50.05
3.63602	50.06
3.65268	50.07
3.66935	50.08
3.68602	50.09
3.70268	50.08
3.71935	50.07
3.73602	50.08
3.75268	50.08
3.76935	50.07
3.78602	50.07
3.80268	50.07
3.81935	50.06
3.83602	50.06
3.85268	50.06
3.86935	50.06
3.88602	50.06
3.90268	50.06
3.91935	50.06
3.93602	50.06
3.95268	50.07
3.96935	50.08
3.98602	50.08

[Status Trace (Injection Unit Temperature)]
Interval(msec)	1000
# of Points	240
Start Time(min)	0.003
End Time(min)	3.986
Intensity Units	
Intensity Multiplier	1
R.Time (min)	Intensity
0.00268	99.98
0.01935	99.98
0.03602	99.98
0.05268	99.98
0.06935	99.98
0.08602	99.98
0.10268	99.98
0.11935	99.98
0.13602	99.98
0.15268	99.99
0.16935	99.98
0.18602	99.98
0.20268	99.98
0.21935	99.98
0.23602	99.98
0.25268	99.98
0.26935	99.98
0.28602	99.98
0.30268	99.98
0.31935	99.98
0.33602	99.98
0.35268	99.98
0.36935	99.98
0.38602	99.98
0.40268	99.98
0.41935	99.98
0.43602	99.98
0.45268	99.98
0.46935	99.98
0.48602	99.98
0.50268	99.98
0.51935	99.98
0.53602	99.98
0.55268	99.98
0.56935	99.98
0.58602	99.98
0.60268	99.99
0.61935	99.99
0.63602	99.98
0.65268	99.98
0.66935	99.98
0.68602	99.98
0.70268	99.99
0.71935	99.99
0.73602	99.98
0.75268	99.98
0.76935	99.98
0.78602	99.99
0.80268	99.98
0.81935	99.98
0.83602	99.98
0.85268	99.98
0.86935	99.99
0.88602	99.99
0.90268	99.98
0.91935	99.98
0.93602	99.98
0.95268	99.98
0.96935	99.98
0.98602	99.98
1.00268	99.98
1.01935	99.98
1.03602	99.98
1.05268	99.98
1.06935	99.98
1.08602	99.98
1.10268	99.98
1.11935	99.98
1.13602	99.98
1.15268	99.98
1.16935	99.98
1.18602	99.98
1.20268	99.98
1.21935	99.99
1.23602	99.99
1.25268	99.98
1.26935	99.98
1.28602	99.98
1.30268	99.98
1.31935	99.99
1.33602	99.98
1.35268	99.99
1.36935	99.98
1.38602	99.98
1.40268	99.98
1.41935	99.99
1.43602	99.99
1.45268	99.98
1.46935	99.99
1.48602	99.98
1.50268	99.99
1.51935	99.99
1.53602	99.99
1.55268	99.99
1.56935	99.99
1.58602	99.98
1.60268	99.99
1.61935	99.99
1.63602	99.99
1.65268	99.99
1.66935	99.99
1.68602	99.99
1.70268	99.99
1.71935	99.99
1.73602	99.99
1.75268	99.98
1.76935	99.98
1.78602	99.98
1.80268	99.99
1.81935	99.99
1.83602	99.99
1.85268	99.98
1.86935	99.98
1.88602	99.98
1.90268	99.98
1.91935	99.98
1.93602	99.98
1.95268	99.98
1.96935	99.98
1.98602	99.98
2.00268	99.98
2.01935	99.98
2.03602	99.98
2.05268	99.98
2.06935	99.97
2.08602	99.98
2.10268	99.98
2.11935	99.98
2.13602	99.97
2.15268	99.97
2.16935	99.97
2.18602	99.97
2.20268	99.97
2.21935	99.98
2.23602	99.97
2.25268	99.97
2.26935	99.97
2.28602	99.97
2.30268	99.98
2.31935	99.97
2.33602	99.97
2.35268	99.97
2.36935	99.98
2.38602	99.97
2.40268	99.98
2.41935	99.98
2.43602	99.97
2.45268	99.98
2.46935	99.98
2.48602	99.98
2.50268	99.98
2.51935	99.98
2.53602	99.98
2.55268	99.98
2.56935	99.98
2.58602	99.98
2.60268	99.99
2.61935	99.98
2.63602	99.99
2.65268	99.99
2.66935	99.99
2.68602	99.99
2.70268	99.99
2.71935	100.00
2.73602	99.99
2.75268	100.00
2.76935	100.00
2.78602	100.00
2.80268	100.00
2.81935	100.00
2.83602	100.00
2.85268	100.00
2.86935	100.00
2.88602	100.01
2.90268	100.01
2.91935	100.01
2.93602	100.01
2.95268	100.01
2.96935	100.01
2.98602	100.02
3.00268	100.02
3.01935	100.02
3.03602	100.02
3.05268	100.02
3.06935	100.02
3.08602	100.02
3.10268	100.02
3.11935	100.02
3.13602	100.03
3.15268	100.02
3.16935	100.02
3.18602	100.03
3.20268	100.03
3.21935	100.03
3.23602	100.03
3.25268	100.03
3.26935	100.04
3.28602	100.03
3.30268	100.03
3.31935	100.03
3.33602	100.03
3.35268	100.03
3.36935	100.04
3.38602	100.03
3.40268	100.04
3.41935	100.04
3.43602	100.04
3.45268	100.04
3.46935	100.04
3.48602	100.04
3.50268	100.04
3.51935	100.04
3.53602	100.04
3.55268	100.04
3.56935	100.04
3.58602	100.04
3.60268	100.04
3.61935	100.04
3.63602	100.04
3.65268	100.04
3.66935	100.04
3.68602	100.05
3.70268	100.05
3.71935	100.05
3.73602	100.05
3.75268	100.05
3.76935	100.05
3.78602	100.04
3.80268	100.04
3.81935	100.05
3.83602	100.05
3.85268	100.04
3.86935	100.04
3.88602	100.04
3.90268	100.05
3.91935	100.05
3.93602	100.05
3.95268	100.04
3.96935	100.04
3.98602	100.05

[Status Trace (Carrier Gas Pressure)]
Interval(msec)	1000
# of Points	240
Start Time(min)	0.003
End Time(min)	3.986
Intensity Units	
Intensity Multiplier	1
R.Time (min)	Intensity
0.00268	58.00
0.01935	56.16
0.03602	56.33
0.05268	58.66
0.06935	59.81
0.08602	58.26
0.10268	57.97
0.11935	58.01
0.13602	58.01
0.15268	58.01
0.16935	58.00
0.18602	58.00
0.20268	58.00
0.21935	58.00
0.23602	58.00
0.25268	58.00
0.26935	58.00
0.28602	58.00
0.30268	58.00
0.31935	58.00
0.33602	58.00
0.35268	58.00
0.36935	58.00
0.38602	58.00
0.40268	58.00
0.41935	58.00
0.43602	58.00
0.45268	58.00
0.46935	58.00
0.48602	58.00
0.50268	58.00
0.51935	58.00
0.53602	58.00
0.55268	58.00
0.56935	58.00
0.58602	58.00
0.60268	58.00
0.61935	58.00
0.63602	58.00
0.65268	58.00
0.66935	58.00
0.68602	58.00
0.70268	58.00
0.71935	58.00
0.73602	58.00
0.75268	58.00
0.76935	58.00
0.78602	58.00
0.80268	58.00
0.81935	58.00
0.83602	58.00
0.85268	58.00
0.86935	58.00
0.88602	58.00
0.90268	58.00
0.91935	58.00
0.93602	58.00
0.95268	58.00
0.96935	58.00
0.98602	58.00
1.00268	58.00
1.01935	58.00
1.03602	58.00
1.05268	58.00
1.06935	58.00
1.08602	58.00
1.10268	58.00
1.11935	58.00
1.13602	58.00
1.15268	58.00
1.16935	58.00
1.18602	58.00
1.20268	58.00
1.21935	58.00
1.23602	58.00
1.25268	58.00
1.26935	58.00
1.28602	58.00
1.30268	58.00
1.31935	58.00
1.33602	58.00
1.35268	58.00
1.36935	58.00
1.38602	58.00
1.40268	58.00
1.41935	58.00
1.43602	58.00
1.45268	58.00
1.46935	58.00
1.48602	58.00
1.50268	58.00
1.51935	58.00
1.53602	58.00
1.55268	58.00
1.56935	58.00
1.58602	58.00
1.60268	58.00
1.61935	58.00
1.63602	58.00
1.65268	58.00
1.66935	58.01
1.68602	58.01
1.70268	58.00
1.71935	58.00
1.73602	58.00
1.75268	58.00
1.76935	58.00
1.78602	58.00
1.80268	58.00
1.81935	58.00
1.83602	58.00
1.85268	58.00
1.86935	58.00
1.88602	58.00
1.90268	58.00
1.91935	58.00
1.93602	58.00
1.95268	58.00
1.96935	58.00
1.98602	58.00
2.00268	58.00
2.01935	58.00
2.03602	58.00
2.05268	58.00
2.06935	58.00
2.08602	58.00
2.10268	58.00
2.11935	58.00
2.13602	58.00
2.15268	58.00
2.16935	58.00
2.18602	58.00
2.20268	58.00
2.21935	58.00
2.23602	58.00
2.25268	58.00
2.26935	58.00
2.28602	58.00
2.30268	58.00
2.31935	58.00
2.33602	58.00
2.35268	58.00
2.36935	58.00
2.38602	57.99
2.40268	57.99
2.41935	58.00
2.43602	58.00
2.45268	58.00
2.46935	58.00
2.48602	58.00
2.50268	57.97
2.51935	58.01
2.53602	57.99
2.55268	58.00
2.56935	58.00
2.58602	58.00
2.60268	58.00
2.61935	58.00
2.63602	58.00
2.65268	58.00
2.66935	58.00
2.68602	58.00
2.70268	58.00
2.71935	58.00
2.73602	58.00
2.75268	58.00
2.76935	58.00
2.78602	58.00
2.80268	58.00
2.81935	58.00
2.83602	58.00
2.85268	58.00
2.86935	58.00
2.88602	58.00
2.90268	58.00
2.91935	58.00
2.93602	58.00
2.95268	58.00
2.96935	58.00
2.98602	58.00
3.00268	58.00
3.01935	58.00
3.03602	58.00
3.05268	58.00
3.06935	58.00
3.08602	58.00
3.10268	58.00
3.11935	58.00
3.13602	58.00
3.15268	58.00
3.16935	58.00
3.18602	58.00
3.20268	58.00
3.21935	58.00
3.23602	58.00
3.25268	58.00
3.26935	58.00
3.28602	58.00
3.30268	58.00
3.31935	58.00
3.33602	58.00
3.35268	58.00
3.36935	58.00
3.38602	58.00
3.40268	58.00
3.41935	58.00
3.43602	58.00
3.45268	58.00
3.46935	58.00
3.48602	58.00
3.50268	58.00
3.51935	58.00
3.53602	58.00
3.55268	58.00
3.56935	58.00
3.58602	58.00
3.60268	58.00
3.61935	58.00
3.63602	58.00
3.65268	58.00
3.66935	58.00
3.68602	58.00
3.70268	58.00
3.71935	58.00
3.73602	58.00
3.75268	58.00
3.76935	58.00
3.78602	58.00
3.80268	58.00
3.81935	58.00
3.83602	58.00
3.85268	58.00
3.86935	58.00
3.88602	58.00
3.90268	58.00
3.91935	58.00
3.93602	58.00
3.95268	58.00
3.96935	58.00
3.98602	58.00

[Status Trace (Carrier Gas Flow)]
Interval(msec)	1000
# of Points	240
Start Time(min)	0.003
End Time(min)	3.986
Intensity Units	
Intensity Multiplier	1
R.Time (min)	Intensity
0.00268	34.52
0.01935	34.59
0.03602	34.54
0.05268	34.54
0.06935	34.49
0.08602	34.52
0.10268	34.51
0.11935	34.52
0.13602	34.52
0.15268	34.51
0.16935	34.52
0.18602	34.52
0.20268	34.52
0.21935	34.52
0.23602	34.52
0.25268	34.52
0.26935	34.52
0.28602	34.52
0.30268	34.52
0.31935	34.52
0.33602	34.52
0.35268	34.52
0.36935	34.52
0.38602	34.52
0.40268	34.52
0.41935	34.52
0.43602	34.52
0.45268	34.52
0.46935	34.52
0.48602	34.52
0.50268	34.52
0.51935	34.52
0.53602	34.52
0.55268	34.52
0.56935	34.52
0.58602	34.52
0.60268	34.52
0.61935	34.52
0.63602	34.52
0.65268	34.52
0.66935	34.52
0.68602	34.52
0.70268	34.52
0.71935	34.52
0.73602	34.52
0.75268	34.52
0.76935	34.52
0.78602	34.52
0.80268	34.52
0.81935	34.52
0.83602	34.52
0.85268	34.52
0.86935	34.52
0.88602	34.52
0.90268	34.52
0.91935	34.52
0.93602	34.52
0.95268	34.52
0.96935	34.52
0.98602	34.52
1.00268	34.52
1.01935	34.52
1.03602	34.52
1.05268	34.52
1.06935	34.52
1.08602	34.52
1.10268	34.52
1.11935	34.52
1.13602	34.52
1.15268	34.52
1.16935	34.52
1.18602	34.52
1.20268	34.52
1.21935	34.52
1.23602	34.52
1.25268	34.52
1.26935	34.52
1.28602	34.52
1.30268	34.52
1.31935	34.52
1.33602	34.52
1.35268	34.52
1.36935	34.52
1.38602	34.52
1.40268	34.52
1.41935	34.52
1.43602	34.52
1.45268	34.52
1.46935	34.52
1.48602	34.52
1.50268	34.52
1.51935	34.52
1.53602	34.52
1.55268	34.52
1.56935	34.52
1.58602	34.52
1.60268	34.52
1.61935	34.52
1.63602	34.52
1.65268	34.52
1.66935	34.52
1.68602	34.52
1.70268	34.52
1.71935	34.52
1.73602	34.52
1.75268	34.52
1.76935	34.52
1.78602	34.52
1.80268	34.52
1.81935	34.52
1.83602	34.52
1.85268	34.52
1.86935	34.52
1.88602	34.52
1.90268	34.52
1.91935	34.52
1.93602	34.52
1.95268	34.52
1.96935	34.52
1.98602	34.52
2.00268	34.52
2.01935	34.52
2.03602	34.52
2.05268	34.52
2.06935	34.52
2.08602	34.52
2.10268	34.52
2.11935	34.52
2.13602	34.52
2.15268	34.52
2.16935	34.52
2.18602	34.52
2.20268	34.52
2.21935	34.52
2.23602	34.52
2.25268	34.52
2.26935	34.52
2.28602	34.52
2.30268	34.52
2.31935	34.52
2.33602	34.52
2.35268	34.52
2.36935	34.52
2.38602	34.52
2.40268	34.52
2.41935	34.52
2.43602	34.52
2.45268	34.52
2.46935	34.52
2.48602	34.52
2.50268	34.62
2.51935	34.52
2.53602	34.52
2.55268	34.51
2.56935	34.51
2.58602	34.52
2.60268	34.51
2.61935	34.52
2.63602	34.52
2.65268	34.53
2.66935	34.51
2.68602	34.52
2.70268	34.52
2.71935	34.52
2.73602	34.53
2.75268	34.51
2.76935	34.53
2.78602	34.52
2.80268	34.52
2.81935	34.52
2.83602	34.52
2.85268	34.52
2.86935	34.52
2.88602	34.52
2.90268	34.51
2.91935	34.52
2.93602	34.51
2.95268	34.52
2.96935	34.52
2.98602	34.52
3.00268	34.52
3.01935	34.52
3.03602	34.52
3.05268	34.52
3.06935	34.52
3.08602	34.52
3.10268	34.52
3.11935	34.52
3.13602	34.52
3.15268	34.52
3.16935	34.52
3.18602	34.52
3.20268	34.52
3.21935	34.52
3.23602	34.52
3.25268	34.52
3.26935	34.52
3.28602	34.52
3.30268	34.52
3.31935	34.52
3.33602	34.52
3.35268	34.52
3.36935	34.52
3.38602	34.52
3.40268	34.52
3.41935	34.52
3.43602	34.52
3.45268	34.52
3.46935	34.52
3.48602	34.52
3.50268	34.52
3.51935	34.52
3.53602	34.52
3.55268	34.52
3.56935	34.52
3.58602	34.52
3.60268	34.52
3.61935	34.52
3.63602	34.52
3.65268	34.52
3.66935	34.52
3.68602	34.52
3.70268	34.52
3.71935	34.52
3.73602	34.52
3.75268	34.52
3.76935	34.52
3.78602	34.52
3.80268	34.52
3.81935	34.52
3.83602	34.52
3.85268	34.52
3.86935	34.52
3.88602	34.52
3.90268	34.52
3.91935	34.52
3.93602	34.52
3.95268	34.52
3.96935	34.52
3.98602	34.52

[Status Trace (Column Flow)]
Interval(msec)	1000
# of Points	240
Start Time(min)	0.003
End Time(min)	3.986
Intensity Units	
Intensity Multiplier	1
R.Time (min)	Intensity
0.00268	5.44
0.01935	5.23
0.03602	5.25
0.05268	5.52
0.06935	5.65
0.08602	5.47
0.10268	5.44
0.11935	5.45
0.13602	5.45
0.15268	5.45
0.16935	5.44
0.18602	5.44
0.20268	5.44
0.21935	5.44
0.23602	5.44
0.25268	5.44
0.26935	5.44
0.28602	5.44
0.30268	5.45
0.31935	5.44
0.33602	5.44
0.35268	5.44
0.36935	5.44
0.38602	5.44
0.40268	5.44
0.41935	5.44
0.43602	5.45
0.45268	5.45
0.46935	5.45
0.48602	5.45
0.50268	5.45
0.51935	5.45
0.53602	5.45
0.55268	5.45
0.56935	5.45
0.58602	5.45
0.60268	5.45
0.61935	5.45
0.63602	5.45
0.65268	5.45
0.66935	5.45
0.68602	5.45
0.70268	5.45
0.71935	5.45
0.73602	5.45
0.75268	5.45
0.76935	5.45
0.78602	5.45
0.80268	5.45
0.81935	5.45
0.83602	5.45
0.85268	5.45
0.86935	5.45
0.88602	5.45
0.90268	5.45
0.91935	5.45
0.93602	5.45
0.95268	5.45
0.96935	5.45
0.98602	5.45
1.00268	5.45
1.01935	5.45
1.03602	5.45
1.05268	5.44
1.06935	5.44
1.08602	5.44
1.10268	5.44
1.11935	5.44
1.13602	5.45
1.15268	5.45
1.16935	5.45
1.18602	5.45
1.20268	5.45
1.21935	5.45
1.23602	5.45
1.25268	5.45
1.26935	5.45
1.28602	5.45
1.30268	5.45
1.31935	5.45
1.33602	5.45
1.35268	5.44
1.36935	5.44
1.38602	5.44
1.40268	5.44
1.41935	5.44
1.43602	5.45
1.45268	5.45
1.46935	5.45
1.48602	5.45
1.50268	5.45
1.51935	5.44
1.53602	5.44
1.55268	5.44
1.56935	5.44
1.58602	5.44
1.60268	5.44
1.61935	5.44
1.63602	5.44
1.65268	5.43
1.66935	5.42
1.68602	5.41
1.70268	5.40
1.71935	5.39
1.73602	5.38
1.75268	5.37
1.76935	5.36
1.78602	5.35
1.80268	5.34
1.81935	5.33
1.83602	5.32
1.85268	5.31
1.86935	5.30
1.88602	5.29
1.90268	5.28
1.91935	5.27
1.93602	5.26
1.95268	5.25
1.96935	5.24
1.98602	5.23
2.00268	5.22
2.01935	5.21
2.03602	5.20
2.05268	5.19
2.06935	5.18
2.08602	5.17
2.10268	5.16
2.11935	5.15
2.13602	5.15
2.15268	5.14
2.16935	5.13
2.18602	5.12
2.20268	5.11
2.21935	5.10
2.23602	5.09
2.25268	5.08
2.26935	5.07
2.28602	5.06
2.30268	5.05
2.31935	5.04
2.33602	5.03
2.35268	5.03
2.36935	5.02
2.38602	5.02
2.40268	5.02
2.41935	5.02
2.43602	5.02
2.45268	5.02
2.46935	5.02
2.48602	5.02
2.50268	5.01
2.51935	5.02
2.53602	5.01
2.55268	5.01
2.56935	5.01
2.58602	5.01
2.60268	5.01
2.61935	5.01
2.63602	5.01
2.65268	5.01
2.66935	5.01
2.68602	5.01
2.70268	5.01
2.71935	5.01
2.73602	5.01
2.75268	5.01
2.76935	5.01
2.78602	5.01
2.80268	5.01
2.81935	5.01
2.83602	5.01
2.85268	5.01
2.86935	5.01
2.88602	5.01
2.90268	5.01
2.91935	5.01
2.93602	5.01
2.95268	5.01
2.96935	5.01
2.98602	5.01
3.00268	5.01
3.01935	5.01
3.03602	5.01
3.05268	5.01
3.06935	5.01
3.08602	5.01
3.10268	5.01
3.11935	5.01
3.13602	5.01
3.15268	5.01
3.16935	5.01
3.18602	5.01
3.20268	5.01
3.21935	5.01
3.23602	5.01
3.25268	5.01
3.26935	5.01
3.28602	5.01
3.30268	5.01
3.31935	5.01
3.33602	5.00
3.35268	5.00
3.36935	5.00
3.38602	5.01
3.40268	5.01
3.41935	5.01
3.43602	5.01
3.45268	5.01
3.46935	5.01
3.48602	5.01
3.50268	5.01
3.51935	5.01
3.53602	5.01
3.55268	5.01
3.56935	5.01
3.58602	5.01
3.60268	5.01
3.61935	5.01
3.63602	5.01
3.65268	5.01
3.66935	5.01
3.68602	5.01
3.70268	5.01
3.71935	5.01
3.73602	5.01
3.75268	5.01
3.76935	5.01
3.78602	5.01
3.80268	5.01
3.81935	5.01
3.83602	5.01
3.85268	5.01
3.86935	5.01
3.88602	5.01
3.90268	5.01
3.91935	5.01
3.93602	5.01
3.95268	5.01
3.96935	5.01
3.98602	5.01

[Status Trace (Linear Velocity)]
Interval(msec)	1000
# of Points	240
Start Time(min)	0.003
End Time(min)	3.986
Intensity Units	
Intensity Multiplier	1
R.Time (min)	Intensity
0.00268	39.00
0.01935	37.79
0.03602	37.90
0.05268	39.42
0.06935	40.18
0.08602	39.16
0.10268	38.97
0.11935	39.00
0.13602	39.00
0.15268	39.00
0.16935	39.00
0.18602	39.00
0.20268	39.00
0.21935	39.00
0.23602	39.00
0.25268	39.00
0.26935	39.00
0.28602	39.00
0.30268	39.00
0.31935	39.00
0.33602	39.00
0.35268	39.00
0.36935	39.00
0.38602	39.00
0.40268	39.00
0.41935	39.00
0.43602	39.00
0.45268	39.00
0.46935	39.00
0.48602	39.00
0.50268	39.00
0.51935	39.00
0.53602	39.00
0.55268	39.00
0.56935	39.00
0.58602	39.00
0.60268	39.00
0.61935	39.00
0.63602	39.00
0.65268	39.00
0.66935	39.00
0.68602	39.00
0.70268	39.00
0.71935	39.00
0.73602	39.00
0.75268	39.00
0.76935	39.00
0.78602	39.00
0.80268	39.00
0.81935	39.00
0.83602	39.00
0.85268	39.00
0.86935	39.00
0.88602	39.00
0.90268	39.00
0.91935	39.00
0.93602	39.00
0.95268	39.00
0.96935	39.00
0.98602	39.00
1.00268	39.00
1.01935	39.00
1.03602	39.00
1.05268	39.00
1.06935	39.00
1.08602	39.00
1.10268	39.00
1.11935	39.00
1.13602	39.00
1.15268	39.00
1.16935	39.00
1.18602	39.00
1.20268	39.00
1.21935	39.00
1.23602	39.00
1.25268	39.00
1.26935	39.00
1.28602	39.00
1.30268	39.00
1.31935	39.00
1.33602	39.00
1.35268	39.00
1.36935	39.00
1.38602	39.00
1.40268	39.00
1.41935	39.00
1.43602	39.00
1.45268	39.00
1.46935	39.00
1.48602	39.00
1.50268	39.00
1.51935	39.00
1.53602	39.00
1.55268	39.00
1.56935	39.00
1.58602	39.00
1.60268	38.99
1.61935	38.99
1.63602	38.97
1.65268	38.95
1.66935	38.92
1.68602	38.89
1.70268	38.85
1.71935	38.82
1.73602	38.79
1.75268	38.75
1.76935	38.72
1.78602	38.69
1.80268	38.66
1.81935	38.63
1.83602	38.60
1.85268	38.56
1.86935	38.53
1.88602	38.51
1.90268	38.47
1.91935	38.44
1.93602	38.41
1.95268	38.38
1.96935	38.35
1.98602	38.32
2.00268	38.29
2.01935	38.26
2.03602	38.24
2.05268	38.20
2.06935	38.17
2.08602	38.15
2.10268	38.11
2.11935	38.08
2.13602	38.06
2.15268	38.02
2.16935	38.00
2.18602	37.97
2.20268	37.94
2.21935	37.91
2.23602	37.88
2.25268	37.85
2.26935	37.82
2.28602	37.79
2.30268	37.76
2.31935	37.73
2.33602	37.70
2.35268	37.67
2.36935	37.65
2.38602	37.64
2.40268	37.64
2.41935	37.64
2.43602	37.64
2.45268	37.64
2.46935	37.64
2.48602	37.64
2.50268	37.62
2.51935	37.64
2.53602	37.63
2.55268	37.64
2.56935	37.63
2.58602	37.63
2.60268	37.63
2.61935	37.63
2.63602	37.63
2.65268	37.63
2.66935	37.63
2.68602	37.63
2.70268	37.63
2.71935	37.63
2.73602	37.63
2.75268	37.63
2.76935	37.63
2.78602	37.63
2.80268	37.63
2.81935	37.63
2.83602	37.63
2.85268	37.63
2.86935	37.63
2.88602	37.63
2.90268	37.63
2.91935	37.62
2.93602	37.62
2.95268	37.62
2.96935	37.62
2.98602	37.62
3.00268	37.62
3.01935	37.62
3.03602	37.62
3.05268	37.61
3.06935	37.61
3.08602	37.61
3.10268	37.61
3.11935	37.61
3.13602	37.61
3.15268	37.61
3.16935	37.61
3.18602	37.61
3.20268	37.61
3.21935	37.61
3.23602	37.61
3.25268	37.61
3.26935	37.61
3.28602	37.61
3.30268	37.61
3.31935	37.61
3.33602	37.61
3.35268	37.61
3.36935	37.61
3.38602	37.61
3.40268	37.61
3.41935	37.61
3.43602	37.61
3.45268	37.61
3.46935	37.61
3.48602	37.61
3.50268	37.61
3.51935	37.61
3.53602	37.61
3.55268	37.61
3.56935	37.61
3.58602	37.61
3.60268	37.61
3.61935	37.61
3.63602	37.61
3.65268	37.61
3.66935	37.61
3.68602	37.61
3.70268	37.61
3.71935	37.61
3.73602	37.61
3.75268	37.61
3.76935	37.61
3.78602	37.61
3.80268	37.61
3.81935	37.61
3.83602	37.61
3.85268	37.61
3.86935	37.61
3.88602	37.61
3.90268	37.61
3.91935	37.61
3.93602	37.61
3.95268	37.61
3.96935	37.61
3.98602	37.61

