[Header]
Application Name	LabSolutions
Version	5.110
Data File Name	C:\Users\User\Desktop\GC Analyses\Jack\UIC Prairie Sampling\8.12.22\220812_077.gcd
Output Date	10/14/2022
Output Time	2:33:55 PM

[File Information]
Type	Data File
Generated	10/12/2022 12:39:05 PM
Generated by	System Administrator
Modified	10/12/2022 12:43:58 PM
Modified by	System Administrator

[Sample Information]
Operator Name	System Administrator
Acquired	10/12/2022 12:39:57 PM
Sample Type	1:Standard
Level	1
Sample Name	220812_UICPrairie
Sample ID	220812_UICPrairie
ISTD Amount1	1
ISTD Amount2	1
ISTD Amount3	1
ISTD Amount4	1
ISTD Amount5	1
ISTD Amount6	1
ISTD Amount7	1
ISTD Amount8	1
ISTD Amount9	1
ISTD Amount10	1
ISTD Amount11	1
ISTD Amount12	1
ISTD Amount13	1
ISTD Amount14	1
ISTD Amount15	1
ISTD Amount16	1
ISTD Amount17	1
ISTD Amount18	1
ISTD Amount19	1
ISTD Amount20	1
ISTD Amount21	1
ISTD Amount22	1
ISTD Amount23	1
ISTD Amount24	1
ISTD Amount25	1
ISTD Amount26	1
ISTD Amount27	1
ISTD Amount28	1
ISTD Amount29	1
ISTD Amount30	1
ISTD Amount31	1
ISTD Amount32	1
Sample Amount	1
Dilution Factor	1
Vial#	1
Injection Volume	1
Injection Count	1
Bar Code	

[Original Files]
Data File	C:\Users\User\Desktop\GC Analyses\Jack\UIC Prairie Sampling\8.12.22\220812_077.gcd
Method File	C:\LabSolutions\Data\GHG_4min_2022\ghg3_togas_w_acet_4 min_new_int.gcm
Batch File	
Report Format File	c:\LabSolutions\System\DEFAULT.lsr

[File Description]


[Configuration]
Instrument Name	C0B7VH3-Instrument1
Instrument #	1
Line #	1
# of Detectors	3
Detector ID	DET#1	DET#2	DET#3
Detector Name	FID	PTCD	ECD
# of Channels	1	1	1

[Peak Table(Ch1)]
# of Peaks	3
Peak#	R.Time	I.Time	F.Time	Area	Height	A/H	Conc.	Mark	ID#	Name	k'	Plate #	Plate Ht.	Tailing	Resolution	Sep.Factor	Area Ratio	Height Ratio	Conc. %	Norm Conc.
1	1.468	1.435	1.531	4627	1702	2.719	100.000	   	1	CO	0.000	6012	24.951	1.543	0.000	0.000	0	0	16.667	16.667
2	1.567	1.531	1.641	20054	10218	1.963	100.000	 V 	2	CH4	0.067	11538	13.001	1.260	1.476	0.000	0	0	16.667	16.667
3	1.996	1.949	2.319	2080163	1021367	2.037	400.000	   	3	CO2	0.360	17585	8.530	1.236	7.235	5.333	0	0	66.667	66.667

[Peak Table(Ch2)]
# of Peaks	0

[Peak Table(Ch3)]
# of Peaks	2
Peak#	R.Time	I.Time	F.Time	Area	Height	A/H	Conc.	Mark	ID#	Name	k'	Plate #	Plate Ht.	Tailing	Resolution	Sep.Factor	Area Ratio	Height Ratio	Conc. %	Norm Conc.
1	2.594	2.418	2.653	3329	429	7.768	0.000	   			0.000	2905	51.638	0.000	0.000	0.000	0	0	0.000	0.000
2	2.880	2.653	3.291	65185	15912	4.097	1.000	 V 	1	N2O	0.110	12349	12.147	1.620	1.931	0.000	0	0	100.000	100.000

[Compound Results(Ch1)]
# of IDs	6
ID#	Name	R.Time	Area	Height	Conc.	Curve	3rd	2nd	1st	Constant	Area Ratio	Height Ratio	Conc. %	Norm Conc.
1	CO	1.468	4627	1702	100.000	Linear	0.000000e+00	0.000000e+00	4.627279e+001	0.000000e+00	0	0	16.667	16.667
2	CH4	1.567	20054	10218	100.000	Linear	0.000000e+00	0.000000e+00	2.005441e+002	0.000000e+00	0	0	16.667	16.667
3	CO2	1.996	2080163	1021367	400.000	Linear	0.000000e+00	0.000000e+00	5.200408e+003	0.000000e+00	0	0	66.667	66.667
4	Ethylene	0.000	0	0	0.000	Linear	0.000000e+00	0.000000e+00	0.000000e+00	0.000000e+00	0	0	0.000	0.000
5	Acetylene	0.000	0	0	0.000	Linear	0.000000e+00	0.000000e+00	0.000000e+00	0.000000e+00	0	0	0.000	0.000
6	Ethane	0.000	0	0	0.000	Linear	0.000000e+00	0.000000e+00	0.000000e+00	0.000000e+00	0	0	0.000	0.000

[Compound Results(Ch2)]
# of IDs	5
ID#	Name	R.Time	Area	Height	Conc.	Curve	3rd	2nd	1st	Constant	Area Ratio	Height Ratio	Conc. %	Norm Conc.
1	Hydrogen	0.000	0	0	0.000	Linear	0.000000e+00	0.000000e+00	0.000000e+00	0.000000e+00	0	0	0.000	0.000
2	Oxygen	0.000	0	0	0.000	Linear	0.000000e+00	0.000000e+00	0.000000e+00	0.000000e+00	0	0	0.000	0.000
3	Nitrogen	0.000	0	0	0.000	Linear	0.000000e+00	0.000000e+00	0.000000e+00	0.000000e+00	0	0	0.000	0.000
4	Methane	0.000	0	0	0.000	Linear	0.000000e+00	0.000000e+00	0.000000e+00	0.000000e+00	0	0	0.000	0.000
5	Carbon Monoxide	0.000	0	0	0.000	Linear	0.000000e+00	0.000000e+00	0.000000e+00	0.000000e+00	0	0	0.000	0.000

[Compound Results(Ch3)]
# of IDs	2
ID#	Name	R.Time	Area	Height	Conc.	Curve	3rd	2nd	1st	Constant	Area Ratio	Height Ratio	Conc. %	Norm Conc.
1	N2O	2.880	65185	15912	1.000	Linear	0.000000e+00	0.000000e+00	6.518518e+004	0.000000e+00	0	0	100.000	100.000
2	SF6	0.000	0	0	0.000	Linear	0.000000e+00	0.000000e+00	0.000000e+00	0.000000e+00	0	0	0.000	0.000

[Group Results(Ch1)]
# of Groups	0

[Group Results(Ch2)]
# of Groups	0

[Group Results(Ch3)]
# of Groups	0

[Chromatogram (Ch1)]
Interval(msec)	220
# of Points	1091
Start Time(min)	0.002
End Time(min)	3.998
R.Time (min)	Intensity
0.00167	11
0.00533	7
0.00900	7
0.01267	15
0.01633	24
0.02000	28
0.02367	22
0.02733	13
0.03100	7
0.03467	7
0.03833	10
0.04200	13
0.04567	14
0.04933	14
0.05300	14
0.05667	15
0.06033	14
0.06400	13
0.06767	14
0.07133	21
0.07500	29
0.07867	34
0.08233	37
0.08600	39
0.08967	41
0.09333	39
0.09700	35
0.10067	30
0.10433	24
0.10800	21
0.11167	17
0.11533	14
0.11900	14
0.12267	17
0.12633	24
0.13000	34
0.13367	41
0.13733	39
0.14100	30
0.14467	21
0.14833	12
0.15200	7
0.15567	5
0.15933	5
0.16300	7
0.16667	8
0.17033	7
0.17400	5
0.17767	4
0.18133	4
0.18500	-1
0.18867	-6
0.19233	-10
0.19600	-11
0.19967	-7
0.20333	1
0.20700	9
0.21067	19
0.21433	26
0.21800	30
0.22167	33
0.22533	36
0.22900	38
0.23267	37
0.23633	34
0.24000	30
0.24367	26
0.24733	23
0.25100	17
0.25467	11
0.25833	9
0.26200	10
0.26567	10
0.26933	13
0.27300	16
0.27667	16
0.28033	12
0.28400	9
0.28767	9
0.29133	12
0.29500	17
0.29867	21
0.30233	27
0.30600	32
0.30967	33
0.31333	28
0.31700	18
0.32067	11
0.32433	6
0.32800	3
0.33167	-0
0.33533	-3
0.33900	-1
0.34267	2
0.34633	3
0.35000	6
0.35367	8
0.35733	10
0.36100	12
0.36467	16
0.36833	18
0.37200	18
0.37567	13
0.37933	6
0.38300	2
0.38667	0
0.39033	1
0.39400	4
0.39767	10
0.40133	18
0.40500	23
0.40867	25
0.41233	26
0.41600	26
0.41967	26
0.42333	23
0.42700	17
0.43067	12
0.43433	11
0.43800	12
0.44167	15
0.44533	21
0.44900	28
0.45267	34
0.45633	37
0.46000	37
0.46367	33
0.46733	30
0.47100	27
0.47467	25
0.47833	24
0.48200	22
0.48567	16
0.48933	9
0.49300	4
0.49667	-2
0.50033	-9
0.50400	-19
0.50767	-27
0.51133	-28
0.51500	-26
0.51867	-23
0.52233	-22
0.52600	-24
0.52967	-26
0.53333	-24
0.53700	-16
0.54067	-8
0.54433	-3
0.54800	-4
0.55167	-7
0.55533	-10
0.55900	-9
0.56267	-8
0.56633	-8
0.57000	-9
0.57367	-7
0.57733	-4
0.58100	-1
0.58467	4
0.58833	8
0.59200	9
0.59567	6
0.59933	0
0.60300	-3
0.60667	-5
0.61033	-6
0.61400	-8
0.61767	-11
0.62133	-10
0.62500	-8
0.62867	-5
0.63233	1
0.63600	10
0.63967	16
0.64333	20
0.64700	20
0.65067	18
0.65433	18
0.65800	20
0.66167	20
0.66533	13
0.66900	2
0.67267	-7
0.67633	-16
0.68000	-23
0.68367	-22
0.68733	-17
0.69100	-11
0.69467	-6
0.69833	-3
0.70200	0
0.70567	2
0.70933	1
0.71300	-3
0.71667	-9
0.72033	-10
0.72400	-8
0.72767	-8
0.73133	-13
0.73500	-21
0.73867	-28
0.74233	-30
0.74600	-27
0.74967	-23
0.75333	-22
0.75700	-21
0.76067	-19
0.76433	-15
0.76800	-10
0.77167	-6
0.77533	-4
0.77900	-7
0.78267	-10
0.78633	-14
0.79000	-17
0.79367	-16
0.79733	-12
0.80100	-6
0.80467	-3
0.80833	-4
0.81200	-11
0.81567	-20
0.81933	-28
0.82300	-32
0.82667	-30
0.83033	-23
0.83400	-14
0.83767	-8
0.84133	-6
0.84500	-7
0.84867	-8
0.85233	-10
0.85600	-13
0.85967	-16
0.86333	-18
0.86700	-20
0.87067	-23
0.87433	-24
0.87800	-20
0.88167	-15
0.88533	-11
0.88900	-10
0.89267	-13
0.89633	-19
0.90000	-26
0.90367	-34
0.90733	-39
0.91100	-39
0.91467	-37
0.91833	-36
0.92200	-36
0.92567	-34
0.92933	-33
0.93300	-34
0.93667	-36
0.94033	-37
0.94400	-38
0.94767	-38
0.95133	-37
0.95500	-33
0.95867	-26
0.96233	-19
0.96600	-15
0.96967	-16
0.97333	-19
0.97700	-24
0.98067	-29
0.98433	-29
0.98800	-29
0.99167	-29
0.99533	-26
0.99900	-25
1.00267	-29
1.00633	-30
1.01000	-26
1.01367	-21
1.01733	-16
1.02100	-12
1.02467	-10
1.02833	-10
1.03200	-12
1.03567	-16
1.03933	-20
1.04300	-24
1.04667	-27
1.05033	-28
1.05400	-29
1.05767	-31
1.06133	-30
1.06500	-27
1.06867	-25
1.07233	-25
1.07600	-26
1.07967	-28
1.08333	-28
1.08700	-29
1.09067	-32
1.09433	-36
1.09800	-41
1.10167	-44
1.10533	-44
1.10900	-43
1.11267	-41
1.11633	-40
1.12000	-40
1.12367	-37
1.12733	-32
1.13100	-28
1.13467	-23
1.13833	-19
1.14200	-16
1.14567	-15
1.14933	-17
1.15300	-22
1.15667	-26
1.16033	-30
1.16400	-34
1.16767	-36
1.17133	-34
1.17500	-32
1.17867	-32
1.18233	-35
1.18600	-40
1.18967	-44
1.19333	-46
1.19700	-44
1.20067	-40
1.20433	-36
1.20800	-36
1.21167	-36
1.21533	-37
1.21900	-39
1.22267	-42
1.22633	-41
1.23000	-38
1.23367	-33
1.23733	-27
1.24100	-23
1.24467	-24
1.24833	-25
1.25200	-26
1.25567	-27
1.25933	-30
1.26300	-36
1.26667	-42
1.27033	-44
1.27400	-43
1.27767	-39
1.28133	-34
1.28500	-32
1.28867	-34
1.29233	-38
1.29600	-42
1.29967	-44
1.30333	-43
1.30700	-37
1.31067	-30
1.31433	-23
1.31800	-19
1.32167	-20
1.32533	-27
1.32900	-38
1.33267	-46
1.33633	-50
1.34000	-50
1.34367	-48
1.34733	-49
1.35100	-51
1.35467	-51
1.35833	-47
1.36200	-41
1.36567	-33
1.36933	-28
1.37300	-30
1.37667	-34
1.38033	-38
1.38400	-42
1.38767	-45
1.39133	-47
1.39500	-47
1.39867	-46
1.40233	-47
1.40600	-47
1.40967	-45
1.41333	-42
1.41700	-40
1.42067	-40
1.42433	-40
1.42800	-42
1.43167	-43
1.43533	-41
1.43900	-11
1.44267	118
1.44633	398
1.45000	761
1.45367	1102
1.45733	1365
1.46100	1536
1.46467	1628
1.46833	1659
1.47200	1640
1.47567	1584
1.47933	1488
1.48300	1350
1.48667	1175
1.49033	983
1.49400	798
1.49767	632
1.50133	491
1.50500	375
1.50867	282
1.51233	209
1.51600	148
1.51967	100
1.52333	62
1.52700	33
1.53067	14
1.53433	11
1.53800	77
1.54167	392
1.54533	1251
1.54900	2786
1.55267	4754
1.55633	6728
1.56000	8388
1.56367	9577
1.56733	10169
1.57100	10022
1.57467	9101
1.57833	7615
1.58200	5922
1.58567	4340
1.58933	3040
1.59300	2060
1.59667	1363
1.60033	886
1.60400	567
1.60767	355
1.61133	214
1.61500	118
1.61867	54
1.62233	13
1.62600	-15
1.62967	-30
1.63333	-39
1.63700	-47
1.64067	-54
1.64433	-55
1.64800	-56
1.65167	-57
1.65533	-57
1.65900	-59
1.66267	-63
1.66633	-68
1.67000	-74
1.67367	-78
1.67733	-79
1.68100	-77
1.68467	-74
1.68833	-71
1.69200	-70
1.69567	-72
1.69933	-77
1.70300	-82
1.70667	-84
1.71033	-85
1.71400	-86
1.71767	-83
1.72133	-79
1.72500	-73
1.72867	-70
1.73233	-70
1.73600	-74
1.73967	-78
1.74333	-82
1.74700	-80
1.75067	-74
1.75433	-64
1.75800	-57
1.76167	-56
1.76533	-58
1.76900	-61
1.77267	-61
1.77633	-61
1.78000	-60
1.78367	-59
1.78733	-57
1.79100	-56
1.79467	-59
1.79833	-63
1.80200	-69
1.80567	-73
1.80933	-77
1.81300	-83
1.81667	-85
1.82033	-84
1.82400	-82
1.82767	-82
1.83133	-81
1.83500	-77
1.83867	-73
1.84233	-68
1.84600	-65
1.84967	-63
1.85333	-63
1.85700	-62
1.86067	-65
1.86433	-71
1.86800	-76
1.87167	-77
1.87533	-74
1.87900	-69
1.88267	-63
1.88633	-59
1.89000	-55
1.89367	-52
1.89733	-51
1.90100	-53
1.90467	-56
1.90833	-57
1.91200	-52
1.91567	-46
1.91933	-43
1.92300	-45
1.92667	-53
1.93033	-61
1.93400	-67
1.93767	-70
1.94133	-69
1.94500	-66
1.94867	-59
1.95233	-28
1.95600	171
1.95967	1324
1.96333	6552
1.96700	24468
1.97067	71503
1.97433	166686
1.97800	317293
1.98167	507331
1.98533	703407
1.98900	870155
1.99267	981069
1.99633	1021340
2.00000	987910
2.00367	891032
2.00733	752142
2.01100	597750
2.01467	451111
2.01833	326662
2.02200	229440
2.02567	157913
2.02933	107477
2.03300	72924
2.03667	49692
2.04033	34234
2.04400	23985
2.04767	17171
2.05133	12609
2.05500	9513
2.05867	7377
2.06233	5873
2.06600	4789
2.06967	3990
2.07333	3387
2.07700	2922
2.08067	2557
2.08433	2265
2.08800	2029
2.09167	1831
2.09533	1661
2.09900	1517
2.10267	1395
2.10633	1291
2.11000	1201
2.11367	1128
2.11733	1065
2.12100	1001
2.12467	938
2.12833	889
2.13200	847
2.13567	806
2.13933	765
2.14300	725
2.14667	692
2.15033	663
2.15400	638
2.15767	610
2.16133	584
2.16500	558
2.16867	533
2.17233	510
2.17600	492
2.17967	477
2.18333	464
2.18700	456
2.19067	451
2.19433	445
2.19800	434
2.20167	414
2.20533	394
2.20900	373
2.21267	351
2.21633	334
2.22000	322
2.22367	317
2.22733	316
2.23100	314
2.23467	311
2.23833	307
2.24200	300
2.24567	293
2.24933	284
2.25300	276
2.25667	269
2.26033	264
2.26400	262
2.26767	263
2.27133	263
2.27500	263
2.27867	259
2.28233	250
2.28600	237
2.28967	224
2.29333	216
2.29700	213
2.30067	212
2.30433	210
2.30800	209
2.31167	203
2.31533	197
2.31900	194
2.32267	193
2.32633	195
2.33000	198
2.33367	202
2.33733	203
2.34100	199
2.34467	193
2.34833	187
2.35200	185
2.35567	182
2.35933	179
2.36300	175
2.36667	174
2.37033	172
2.37400	167
2.37767	162
2.38133	156
2.38500	154
2.38867	154
2.39233	153
2.39600	150
2.39967	145
2.40333	140
2.40700	137
2.41067	135
2.41433	134
2.41800	134
2.42167	135
2.42533	138
2.42900	144
2.43267	149
2.43633	152
2.44000	151
2.44367	149
2.44733	147
2.45100	146
2.45467	147
2.45833	146
2.46200	142
2.46567	138
2.46933	134
2.47300	129
2.47667	126
2.48033	127
2.48400	129
2.48767	130
2.49133	127
2.49500	121
2.49867	119
2.50233	119
2.50600	120
2.50967	122
2.51333	123
2.51700	124
2.52067	124
2.52433	122
2.52800	118
2.53167	113
2.53533	108
2.53900	105
2.54267	105
2.54633	105
2.55000	105
2.55367	106
2.55733	107
2.56100	107
2.56467	104
2.56833	101
2.57200	98
2.57567	97
2.57933	98
2.58300	102
2.58667	104
2.59033	105
2.59400	104
2.59767	101
2.60133	99
2.60500	99
2.60867	102
2.61233	103
2.61600	98
2.61967	89
2.62333	80
2.62700	77
2.63067	81
2.63433	87
2.63800	90
2.64167	87
2.64533	80
2.64900	75
2.65267	73
2.65633	73
2.66000	74
2.66367	76
2.66733	79
2.67100	81
2.67467	82
2.67833	83
2.68200	86
2.68567	90
2.68933	93
2.69300	93
2.69667	90
2.70033	85
2.70400	79
2.70767	73
2.71133	69
2.71500	67
2.71867	67
2.72233	67
2.72600	69
2.72967	72
2.73333	74
2.73700	76
2.74067	78
2.74433	81
2.74800	82
2.75167	79
2.75533	74
2.75900	70
2.76267	69
2.76633	68
2.77000	66
2.77367	66
2.77733	71
2.78100	80
2.78467	89
2.78833	94
2.79200	94
2.79567	90
2.79933	79
2.80300	67
2.80667	55
2.81033	46
2.81400	44
2.81767	44
2.82133	47
2.82500	47
2.82867	44
2.83233	43
2.83600	41
2.83967	41
2.84333	43
2.84700	44
2.85067	46
2.85433	50
2.85800	57
2.86167	59
2.86533	57
2.86900	56
2.87267	55
2.87633	56
2.88000	57
2.88367	60
2.88733	63
2.89100	68
2.89467	71
2.89833	70
2.90200	64
2.90567	57
2.90933	51
2.91300	45
2.91667	40
2.92033	40
2.92400	45
2.92767	52
2.93133	56
2.93500	58
2.93867	60
2.94233	61
2.94600	59
2.94967	57
2.95333	55
2.95700	55
2.96067	57
2.96433	62
2.96800	64
2.97167	64
2.97533	62
2.97900	60
2.98267	58
2.98633	51
2.99000	44
2.99367	41
2.99733	41
3.00100	45
3.00467	47
3.00833	49
3.01200	51
3.01567	56
3.01933	63
3.02300	73
3.02667	81
3.03033	84
3.03400	81
3.03767	77
3.04133	75
3.04500	72
3.04867	67
3.05233	65
3.05600	66
3.05967	66
3.06333	68
3.06700	68
3.07067	66
3.07433	63
3.07800	59
3.08167	54
3.08533	45
3.08900	35
3.09267	29
3.09633	28
3.10000	33
3.10367	46
3.10733	60
3.11100	68
3.11467	69
3.11833	66
3.12200	64
3.12567	63
3.12933	62
3.13300	59
3.13667	58
3.14033	59
3.14400	61
3.14767	61
3.15133	57
3.15500	53
3.15867	49
3.16233	47
3.16600	46
3.16967	46
3.17333	51
3.17700	61
3.18067	72
3.18433	79
3.18800	78
3.19167	72
3.19533	66
3.19900	61
3.20267	57
3.20633	57
3.21000	61
3.21367	67
3.21733	73
3.22100	76
3.22467	77
3.22833	75
3.23200	73
3.23567	70
3.23933	64
3.24300	54
3.24667	46
3.25033	42
3.25400	44
3.25767	50
3.26133	54
3.26500	53
3.26867	51
3.27233	47
3.27600	47
3.27967	49
3.28333	50
3.28700	52
3.29067	55
3.29433	60
3.29800	66
3.30167	72
3.30533	77
3.30900	80
3.31267	80
3.31633	77
3.32000	72
3.32367	69
3.32733	72
3.33100	73
3.33467	71
3.33833	68
3.34200	62
3.34567	53
3.34933	45
3.35300	42
3.35667	44
3.36033	49
3.36400	53
3.36767	56
3.37133	58
3.37500	58
3.37867	59
3.38233	60
3.38600	58
3.38967	54
3.39333	54
3.39700	56
3.40067	56
3.40433	51
3.40800	46
3.41167	43
3.41533	46
3.41900	49
3.42267	47
3.42633	47
3.43000	47
3.43367	48
3.43733	51
3.44100	55
3.44467	55
3.44833	52
3.45200	51
3.45567	53
3.45933	53
3.46300	53
3.46667	54
3.47033	58
3.47400	62
3.47767	61
3.48133	55
3.48500	47
3.48867	44
3.49233	43
3.49600	42
3.49967	37
3.50333	31
3.50700	25
3.51067	23
3.51433	25
3.51800	32
3.52167	40
3.52533	43
3.52900	43
3.53267	41
3.53633	38
3.54000	37
3.54367	39
3.54733	45
3.55100	48
3.55467	46
3.55833	41
3.56200	38
3.56567	39
3.56933	40
3.57300	43
3.57667	47
3.58033	51
3.58400	51
3.58767	49
3.59133	45
3.59500	37
3.59867	30
3.60233	23
3.60600	21
3.60967	21
3.61333	21
3.61700	22
3.62067	23
3.62433	24
3.62800	22
3.63167	19
3.63533	16
3.63900	14
3.64267	16
3.64633	20
3.65000	25
3.65367	32
3.65733	37
3.66100	38
3.66467	39
3.66833	39
3.67200	41
3.67567	43
3.67933	44
3.68300	44
3.68667	46
3.69033	47
3.69400	50
3.69767	51
3.70133	46
3.70500	35
3.70867	24
3.71233	22
3.71600	25
3.71967	28
3.72333	32
3.72700	35
3.73067	36
3.73433	34
3.73800	28
3.74167	21
3.74533	18
3.74900	21
3.75267	27
3.75633	32
3.76000	38
3.76367	41
3.76733	37
3.77100	29
3.77467	26
3.77833	29
3.78200	35
3.78567	42
3.78933	46
3.79300	45
3.79667	40
3.80033	36
3.80400	38
3.80767	41
3.81133	46
3.81500	51
3.81867	50
3.82233	44
3.82600	37
3.82967	32
3.83333	31
3.83700	32
3.84067	35
3.84433	39
3.84800	45
3.85167	51
3.85533	53
3.85900	50
3.86267	48
3.86633	49
3.87000	51
3.87367	52
3.87733	51
3.88100	51
3.88467	51
3.88833	51
3.89200	48
3.89567	47
3.89933	46
3.90300	46
3.90667	44
3.91033	41
3.91400	37
3.91767	33
3.92133	33
3.92500	38
3.92867	47
3.93233	55
3.93600	61
3.93967	62
3.94333	57
3.94700	50
3.95067	46
3.95433	42
3.95800	36
3.96167	29
3.96533	24
3.96900	22
3.97267	24
3.97633	32
3.98000	41
3.98367	46
3.98733	44
3.99100	39
3.99467	34
3.99833	33

[Chromatogram (Ch2)]
Interval(msec)	220
# of Points	1091
Start Time(min)	0.002
End Time(min)	3.998
R.Time (min)	Intensity
0.00167	0
0.00533	0
0.00900	1
0.01267	1
0.01633	1
0.02000	1
0.02367	1
0.02733	1
0.03100	1
0.03467	1
0.03833	1
0.04200	1
0.04567	1
0.04933	2
0.05300	2
0.05667	2
0.06033	2
0.06400	3
0.06767	3
0.07133	3
0.07500	3
0.07867	2
0.08233	2
0.08600	2
0.08967	2
0.09333	1
0.09700	1
0.10067	1
0.10433	1
0.10800	0
0.11167	0
0.11533	-0
0.11900	-1
0.12267	-1
0.12633	-2
0.13000	-2
0.13367	-2
0.13733	-3
0.14100	-3
0.14467	-3
0.14833	-3
0.15200	-3
0.15567	-3
0.15933	-3
0.16300	-2
0.16667	-2
0.17033	-1
0.17400	-1
0.17767	-1
0.18133	-1
0.18500	-0
0.18867	0
0.19233	1
0.19600	1
0.19967	1
0.20333	2
0.20700	2
0.21067	2
0.21433	3
0.21800	3
0.22167	3
0.22533	4
0.22900	4
0.23267	4
0.23633	4
0.24000	4
0.24367	4
0.24733	4
0.25100	3
0.25467	3
0.25833	3
0.26200	3
0.26567	3
0.26933	3
0.27300	3
0.27667	3
0.28033	4
0.28400	3
0.28767	3
0.29133	3
0.29500	3
0.29867	3
0.30233	3
0.30600	2
0.30967	3
0.31333	3
0.31700	3
0.32067	2
0.32433	2
0.32800	1
0.33167	1
0.33533	1
0.33900	1
0.34267	1
0.34633	1
0.35000	1
0.35367	1
0.35733	1
0.36100	1
0.36467	1
0.36833	1
0.37200	1
0.37567	1
0.37933	1
0.38300	1
0.38667	1
0.39033	1
0.39400	1
0.39767	1
0.40133	1
0.40500	1
0.40867	1
0.41233	1
0.41600	1
0.41967	1
0.42333	1
0.42700	1
0.43067	2
0.43433	2
0.43800	1
0.44167	1
0.44533	1
0.44900	1
0.45267	1
0.45633	1
0.46000	1
0.46367	1
0.46733	1
0.47100	0
0.47467	0
0.47833	0
0.48200	0
0.48567	-0
0.48933	-0
0.49300	-0
0.49667	-0
0.50033	-0
0.50400	-1
0.50767	-1
0.51133	-1
0.51500	-1
0.51867	-1
0.52233	-1
0.52600	-1
0.52967	-1
0.53333	-1
0.53700	-0
0.54067	-0
0.54433	-0
0.54800	-0
0.55167	-0
0.55533	-0
0.55900	-0
0.56267	-0
0.56633	0
0.57000	0
0.57367	0
0.57733	0
0.58100	0
0.58467	0
0.58833	0
0.59200	0
0.59567	0
0.59933	0
0.60300	0
0.60667	0
0.61033	1
0.61400	1
0.61767	1
0.62133	1
0.62500	1
0.62867	1
0.63233	1
0.63600	1
0.63967	1
0.64333	2
0.64700	1
0.65067	1
0.65433	1
0.65800	1
0.66167	1
0.66533	0
0.66900	0
0.67267	0
0.67633	0
0.68000	0
0.68367	0
0.68733	0
0.69100	0
0.69467	0
0.69833	0
0.70200	0
0.70567	0
0.70933	0
0.71300	-0
0.71667	-0
0.72033	-1
0.72400	-1
0.72767	-1
0.73133	-1
0.73500	-0
0.73867	-0
0.74233	-0
0.74600	-0
0.74967	-0
0.75333	-0
0.75700	-0
0.76067	-0
0.76433	-0
0.76800	-0
0.77167	-0
0.77533	0
0.77900	0
0.78267	0
0.78633	0
0.79000	0
0.79367	0
0.79733	-0
0.80100	-0
0.80467	-0
0.80833	-0
0.81200	0
0.81567	0
0.81933	0
0.82300	1
0.82667	1
0.83033	1
0.83400	1
0.83767	1
0.84133	1
0.84500	1
0.84867	1
0.85233	1
0.85600	1
0.85967	1
0.86333	1
0.86700	0
0.87067	0
0.87433	0
0.87800	0
0.88167	0
0.88533	0
0.88900	0
0.89267	0
0.89633	0
0.90000	0
0.90367	0
0.90733	0
0.91100	0
0.91467	0
0.91833	-0
0.92200	-0
0.92567	-0
0.92933	-0
0.93300	-1
0.93667	-1
0.94033	-1
0.94400	-1
0.94767	-1
0.95133	-1
0.95500	-1
0.95867	-1
0.96233	-0
0.96600	-0
0.96967	-0
0.97333	-0
0.97700	-1
0.98067	-1
0.98433	-1
0.98800	-1
0.99167	-1
0.99533	-1
0.99900	-1
1.00267	-1
1.00633	-2
1.01000	-2
1.01367	-2
1.01733	-2
1.02100	-3
1.02467	-3
1.02833	-2
1.03200	-2
1.03567	-2
1.03933	-2
1.04300	-1
1.04667	-1
1.05033	-1
1.05400	-1
1.05767	-1
1.06133	-1
1.06500	-1
1.06867	-1
1.07233	-1
1.07600	-0
1.07967	-0
1.08333	-0
1.08700	-0
1.09067	-1
1.09433	-1
1.09800	-1
1.10167	-1
1.10533	-2
1.10900	-2
1.11267	-2
1.11633	-2
1.12000	-2
1.12367	-2
1.12733	-2
1.13100	-1
1.13467	-1
1.13833	-1
1.14200	-1
1.14567	-0
1.14933	-0
1.15300	-0
1.15667	0
1.16033	0
1.16400	0
1.16767	1
1.17133	1
1.17500	0
1.17867	0
1.18233	0
1.18600	0
1.18967	-0
1.19333	-0
1.19700	-0
1.20067	-0
1.20433	-0
1.20800	-0
1.21167	-0
1.21533	-0
1.21900	-1
1.22267	-1
1.22633	-1
1.23000	-1
1.23367	-1
1.23733	-1
1.24100	-1
1.24467	-1
1.24833	-1
1.25200	-1
1.25567	-1
1.25933	-1
1.26300	-1
1.26667	-1
1.27033	-2
1.27400	-2
1.27767	-3
1.28133	-3
1.28500	-3
1.28867	-4
1.29233	-4
1.29600	-4
1.29967	-5
1.30333	-5
1.30700	-5
1.31067	-5
1.31433	-5
1.31800	-5
1.32167	-5
1.32533	-5
1.32900	-5
1.33267	-5
1.33633	-5
1.34000	-5
1.34367	-5
1.34733	-4
1.35100	-4
1.35467	-4
1.35833	-4
1.36200	-4
1.36567	-4
1.36933	-4
1.37300	-4
1.37667	-4
1.38033	-4
1.38400	-3
1.38767	-3
1.39133	-2
1.39500	-2
1.39867	-1
1.40233	-1
1.40600	-1
1.40967	-0
1.41333	-0
1.41700	-0
1.42067	-0
1.42433	-0
1.42800	-0
1.43167	-0
1.43533	-0
1.43900	-0
1.44267	-0
1.44633	0
1.45000	1
1.45367	1
1.45733	1
1.46100	1
1.46467	1
1.46833	1
1.47200	1
1.47567	1
1.47933	1
1.48300	1
1.48667	1
1.49033	1
1.49400	1
1.49767	1
1.50133	0
1.50500	0
1.50867	1
1.51233	1
1.51600	1
1.51967	1
1.52333	1
1.52700	1
1.53067	1
1.53433	1
1.53800	1
1.54167	1
1.54533	0
1.54900	0
1.55267	-0
1.55633	-0
1.56000	-1
1.56367	-1
1.56733	-1
1.57100	-1
1.57467	-2
1.57833	-2
1.58200	-2
1.58567	-2
1.58933	-2
1.59300	-3
1.59667	-3
1.60033	-3
1.60400	-4
1.60767	-5
1.61133	-7
1.61500	-8
1.61867	-10
1.62233	-13
1.62600	-15
1.62967	-18
1.63333	-21
1.63700	-24
1.64067	-28
1.64433	-31
1.64800	-35
1.65167	-38
1.65533	-42
1.65900	-46
1.66267	-50
1.66633	-55
1.67000	-60
1.67367	-66
1.67733	-71
1.68100	-77
1.68467	-82
1.68833	-86
1.69200	-90
1.69567	-94
1.69933	-97
1.70300	-99
1.70667	-101
1.71033	-103
1.71400	-104
1.71767	-106
1.72133	-107
1.72500	-107
1.72867	-108
1.73233	-108
1.73600	-109
1.73967	-109
1.74333	-110
1.74700	-110
1.75067	-111
1.75433	-112
1.75800	-113
1.76167	-114
1.76533	-115
1.76900	-117
1.77267	-117
1.77633	-118
1.78000	-118
1.78367	-118
1.78733	-118
1.79100	-117
1.79467	-116
1.79833	-116
1.80200	-115
1.80567	-115
1.80933	-115
1.81300	-115
1.81667	-116
1.82033	-116
1.82400	-117
1.82767	-118
1.83133	-119
1.83500	-119
1.83867	-120
1.84233	-120
1.84600	-120
1.84967	-120
1.85333	-120
1.85700	-119
1.86067	-118
1.86433	-118
1.86800	-117
1.87167	-118
1.87533	-118
1.87900	-118
1.88267	-119
1.88633	-119
1.89000	-120
1.89367	-119
1.89733	-119
1.90100	-119
1.90467	-119
1.90833	-119
1.91200	-118
1.91567	-117
1.91933	-116
1.92300	-116
1.92667	-115
1.93033	-115
1.93400	-115
1.93767	-115
1.94133	-116
1.94500	-116
1.94867	-116
1.95233	-116
1.95600	-116
1.95967	-116
1.96333	-115
1.96700	-114
1.97067	-114
1.97433	-113
1.97800	-113
1.98167	-112
1.98533	-112
1.98900	-112
1.99267	-112
1.99633	-112
2.00000	-112
2.00367	-112
2.00733	-112
2.01100	-111
2.01467	-111
2.01833	-111
2.02200	-111
2.02567	-111
2.02933	-111
2.03300	-111
2.03667	-111
2.04033	-111
2.04400	-110
2.04767	-110
2.05133	-109
2.05500	-109
2.05867	-108
2.06233	-108
2.06600	-108
2.06967	-107
2.07333	-107
2.07700	-106
2.08067	-106
2.08433	-105
2.08800	-105
2.09167	-105
2.09533	-105
2.09900	-106
2.10267	-106
2.10633	-106
2.11000	-105
2.11367	-105
2.11733	-104
2.12100	-104
2.12467	-104
2.12833	-104
2.13200	-103
2.13567	-103
2.13933	-103
2.14300	-102
2.14667	-102
2.15033	-101
2.15400	-100
2.15767	-99
2.16133	-99
2.16500	-98
2.16867	-97
2.17233	-97
2.17600	-96
2.17967	-96
2.18333	-95
2.18700	-95
2.19067	-95
2.19433	-95
2.19800	-95
2.20167	-95
2.20533	-95
2.20900	-95
2.21267	-95
2.21633	-95
2.22000	-94
2.22367	-94
2.22733	-94
2.23100	-93
2.23467	-93
2.23833	-93
2.24200	-92
2.24567	-91
2.24933	-91
2.25300	-91
2.25667	-91
2.26033	-91
2.26400	-91
2.26767	-91
2.27133	-91
2.27500	-91
2.27867	-91
2.28233	-91
2.28600	-91
2.28967	-90
2.29333	-90
2.29700	-90
2.30067	-90
2.30433	-89
2.30800	-89
2.31167	-89
2.31533	-88
2.31900	-87
2.32267	-87
2.32633	-86
2.33000	-86
2.33367	-85
2.33733	-84
2.34100	-84
2.34467	-83
2.34833	-82
2.35200	-82
2.35567	-81
2.35933	-81
2.36300	-81
2.36667	-81
2.37033	-80
2.37400	-79
2.37767	-77
2.38133	-74
2.38500	-71
2.38867	-68
2.39233	-64
2.39600	-59
2.39967	-55
2.40333	-50
2.40700	-45
2.41067	-40
2.41433	-35
2.41800	-31
2.42167	-27
2.42533	-24
2.42900	-21
2.43267	-19
2.43633	-17
2.44000	-15
2.44367	-13
2.44733	-11
2.45100	-9
2.45467	-8
2.45833	-6
2.46200	-4
2.46567	-3
2.46933	-2
2.47300	-1
2.47667	0
2.48033	2
2.48400	3
2.48767	4
2.49133	5
2.49500	5
2.49867	6
2.50233	6
2.50600	7
2.50967	8
2.51333	9
2.51700	10
2.52067	11
2.52433	11
2.52800	12
2.53167	12
2.53533	12
2.53900	12
2.54267	13
2.54633	14
2.55000	14
2.55367	15
2.55733	16
2.56100	16
2.56467	16
2.56833	17
2.57200	17
2.57567	17
2.57933	17
2.58300	17
2.58667	17
2.59033	17
2.59400	17
2.59767	18
2.60133	18
2.60500	18
2.60867	18
2.61233	19
2.61600	20
2.61967	20
2.62333	21
2.62700	22
2.63067	22
2.63433	22
2.63800	23
2.64167	23
2.64533	22
2.64900	22
2.65267	22
2.65633	22
2.66000	22
2.66367	22
2.66733	22
2.67100	22
2.67467	23
2.67833	23
2.68200	23
2.68567	23
2.68933	23
2.69300	23
2.69667	24
2.70033	24
2.70400	24
2.70767	24
2.71133	24
2.71500	25
2.71867	25
2.72233	26
2.72600	26
2.72967	26
2.73333	26
2.73700	26
2.74067	26
2.74433	25
2.74800	25
2.75167	25
2.75533	24
2.75900	24
2.76267	24
2.76633	24
2.77000	24
2.77367	25
2.77733	25
2.78100	25
2.78467	25
2.78833	25
2.79200	25
2.79567	25
2.79933	26
2.80300	26
2.80667	26
2.81033	26
2.81400	27
2.81767	27
2.82133	27
2.82500	28
2.82867	28
2.83233	28
2.83600	27
2.83967	27
2.84333	25
2.84700	21
2.85067	16
2.85433	7
2.85800	-4
2.86167	-20
2.86533	-41
2.86900	-66
2.87267	-97
2.87633	-133
2.88000	-173
2.88367	-219
2.88733	-270
2.89100	-325
2.89467	-384
2.89833	-447
2.90200	-513
2.90567	-582
2.90933	-654
2.91300	-729
2.91667	-806
2.92033	-886
2.92400	-967
2.92767	-1050
2.93133	-1135
2.93500	-1221
2.93867	-1309
2.94233	-1395
2.94600	-1466
2.94967	-1512
2.95333	-1523
2.95700	-1499
2.96067	-1443
2.96433	-1363
2.96800	-1266
2.97167	-1158
2.97533	-1048
2.97900	-938
2.98267	-832
2.98633	-733
2.99000	-642
2.99367	-559
2.99733	-484
3.00100	-418
3.00467	-360
3.00833	-309
3.01200	-265
3.01567	-226
3.01933	-192
3.02300	-164
3.02667	-139
3.03033	-117
3.03400	-99
3.03767	-84
3.04133	-70
3.04500	-59
3.04867	-49
3.05233	-41
3.05600	-34
3.05967	-27
3.06333	-22
3.06700	-17
3.07067	-13
3.07433	-9
3.07800	-6
3.08167	-4
3.08533	-2
3.08900	0
3.09267	2
3.09633	3
3.10000	5
3.10367	6
3.10733	7
3.11100	8
3.11467	9
3.11833	9
3.12200	10
3.12567	11
3.12933	12
3.13300	12
3.13667	13
3.14033	14
3.14400	14
3.14767	15
3.15133	16
3.15500	16
3.15867	17
3.16233	17
3.16600	18
3.16967	18
3.17333	19
3.17700	19
3.18067	20
3.18433	20
3.18800	20
3.19167	21
3.19533	21
3.19900	21
3.20267	21
3.20633	22
3.21000	22
3.21367	22
3.21733	23
3.22100	23
3.22467	23
3.22833	23
3.23200	23
3.23567	23
3.23933	23
3.24300	24
3.24667	24
3.25033	24
3.25400	24
3.25767	24
3.26133	25
3.26500	25
3.26867	25
3.27233	25
3.27600	25
3.27967	25
3.28333	25
3.28700	25
3.29067	25
3.29433	25
3.29800	25
3.30167	25
3.30533	24
3.30900	24
3.31267	24
3.31633	24
3.32000	24
3.32367	24
3.32733	24
3.33100	24
3.33467	24
3.33833	24
3.34200	24
3.34567	24
3.34933	24
3.35300	24
3.35667	24
3.36033	24
3.36400	24
3.36767	24
3.37133	24
3.37500	24
3.37867	24
3.38233	24
3.38600	24
3.38967	24
3.39333	24
3.39700	24
3.40067	24
3.40433	25
3.40800	25
3.41167	25
3.41533	26
3.41900	26
3.42267	26
3.42633	27
3.43000	27
3.43367	27
3.43733	27
3.44100	27
3.44467	27
3.44833	27
3.45200	27
3.45567	27
3.45933	27
3.46300	27
3.46667	27
3.47033	27
3.47400	27
3.47767	27
3.48133	27
3.48500	27
3.48867	27
3.49233	27
3.49600	27
3.49967	27
3.50333	26
3.50700	26
3.51067	26
3.51433	26
3.51800	26
3.52167	26
3.52533	26
3.52900	26
3.53267	27
3.53633	27
3.54000	28
3.54367	28
3.54733	29
3.55100	29
3.55467	29
3.55833	30
3.56200	30
3.56567	30
3.56933	30
3.57300	30
3.57667	30
3.58033	30
3.58400	30
3.58767	30
3.59133	30
3.59500	31
3.59867	31
3.60233	31
3.60600	30
3.60967	30
3.61333	30
3.61700	30
3.62067	30
3.62433	30
3.62800	31
3.63167	31
3.63533	31
3.63900	31
3.64267	31
3.64633	31
3.65000	31
3.65367	31
3.65733	31
3.66100	31
3.66467	31
3.66833	31
3.67200	30
3.67567	30
3.67933	30
3.68300	29
3.68667	29
3.69033	28
3.69400	28
3.69767	28
3.70133	28
3.70500	27
3.70867	27
3.71233	27
3.71600	27
3.71967	27
3.72333	27
3.72700	27
3.73067	27
3.73433	27
3.73800	27
3.74167	27
3.74533	27
3.74900	27
3.75267	27
3.75633	27
3.76000	27
3.76367	27
3.76733	27
3.77100	27
3.77467	27
3.77833	27
3.78200	27
3.78567	27
3.78933	27
3.79300	27
3.79667	27
3.80033	27
3.80400	27
3.80767	28
3.81133	28
3.81500	28
3.81867	28
3.82233	28
3.82600	28
3.82967	29
3.83333	29
3.83700	29
3.84067	29
3.84433	29
3.84800	29
3.85167	29
3.85533	29
3.85900	29
3.86267	28
3.86633	28
3.87000	28
3.87367	28
3.87733	28
3.88100	28
3.88467	28
3.88833	28
3.89200	28
3.89567	28
3.89933	28
3.90300	28
3.90667	28
3.91033	28
3.91400	28
3.91767	28
3.92133	28
3.92500	27
3.92867	27
3.93233	27
3.93600	27
3.93967	28
3.94333	28
3.94700	27
3.95067	27
3.95433	27
3.95800	27
3.96167	27
3.96533	27
3.96900	27
3.97267	27
3.97633	27
3.98000	27
3.98367	26
3.98733	26
3.99100	26
3.99467	26
3.99833	26

[Chromatogram (Ch3)]
Interval(msec)	220
# of Points	1091
Start Time(min)	0.002
End Time(min)	3.998
R.Time (min)	Intensity
0.00167	0
0.00533	-1
0.00900	-2
0.01267	-3
0.01633	-2
0.02000	-2
0.02367	-2
0.02733	-2
0.03100	-3
0.03467	-1
0.03833	-2
0.04200	-3
0.04567	-3
0.04933	-3
0.05300	-2
0.05667	-2
0.06033	-2
0.06400	-4
0.06767	-7
0.07133	-7
0.07500	-3
0.07867	1
0.08233	2
0.08600	2
0.08967	3
0.09333	4
0.09700	4
0.10067	1
0.10433	-0
0.10800	-1
0.11167	-2
0.11533	-1
0.11900	-1
0.12267	-1
0.12633	-1
0.13000	0
0.13367	0
0.13733	1
0.14100	3
0.14467	4
0.14833	4
0.15200	2
0.15567	2
0.15933	3
0.16300	3
0.16667	5
0.17033	7
0.17400	8
0.17767	9
0.18133	8
0.18500	7
0.18867	5
0.19233	3
0.19600	2
0.19967	3
0.20333	2
0.20700	3
0.21067	4
0.21433	2
0.21800	1
0.22167	2
0.22533	3
0.22900	2
0.23267	1
0.23633	1
0.24000	2
0.24367	1
0.24733	1
0.25100	-0
0.25467	-1
0.25833	-1
0.26200	-2
0.26567	-3
0.26933	-3
0.27300	-4
0.27667	-4
0.28033	-5
0.28400	-5
0.28767	-1
0.29133	2
0.29500	4
0.29867	5
0.30233	3
0.30600	2
0.30967	1
0.31333	2
0.31700	2
0.32067	0
0.32433	1
0.32800	3
0.33167	4
0.33533	5
0.33900	6
0.34267	7
0.34633	8
0.35000	6
0.35367	3
0.35733	0
0.36100	-2
0.36467	-4
0.36833	-4
0.37200	-2
0.37567	-1
0.37933	-2
0.38300	-2
0.38667	-0
0.39033	1
0.39400	-0
0.39767	-2
0.40133	0
0.40500	2
0.40867	3
0.41233	5
0.41600	5
0.41967	4
0.42333	2
0.42700	1
0.43067	0
0.43433	-0
0.43800	1
0.44167	3
0.44533	6
0.44900	8
0.45267	10
0.45633	9
0.46000	8
0.46367	8
0.46733	8
0.47100	7
0.47467	6
0.47833	6
0.48200	7
0.48567	8
0.48933	9
0.49300	8
0.49667	7
0.50033	9
0.50400	11
0.50767	12
0.51133	10
0.51500	9
0.51867	10
0.52233	11
0.52600	12
0.52967	12
0.53333	11
0.53700	11
0.54067	9
0.54433	5
0.54800	3
0.55167	3
0.55533	5
0.55900	6
0.56267	5
0.56633	4
0.57000	5
0.57367	6
0.57733	6
0.58100	5
0.58467	5
0.58833	6
0.59200	6
0.59567	9
0.59933	12
0.60300	11
0.60667	10
0.61033	9
0.61400	9
0.61767	7
0.62133	7
0.62500	8
0.62867	10
0.63233	11
0.63600	11
0.63967	9
0.64333	7
0.64700	7
0.65067	7
0.65433	8
0.65800	8
0.66167	9
0.66533	11
0.66900	11
0.67267	10
0.67633	8
0.68000	7
0.68367	6
0.68733	7
0.69100	8
0.69467	9
0.69833	9
0.70200	7
0.70567	9
0.70933	11
0.71300	13
0.71667	14
0.72033	15
0.72400	16
0.72767	15
0.73133	12
0.73500	11
0.73867	12
0.74233	12
0.74600	13
0.74967	14
0.75333	11
0.75700	10
0.76067	10
0.76433	11
0.76800	11
0.77167	12
0.77533	11
0.77900	9
0.78267	10
0.78633	9
0.79000	7
0.79367	5
0.79733	7
0.80100	10
0.80467	11
0.80833	10
0.81200	10
0.81567	8
0.81933	7
0.82300	6
0.82667	5
0.83033	4
0.83400	6
0.83767	8
0.84133	8
0.84500	8
0.84867	8
0.85233	9
0.85600	8
0.85967	6
0.86333	5
0.86700	7
0.87067	9
0.87433	9
0.87800	10
0.88167	11
0.88533	12
0.88900	11
0.89267	8
0.89633	5
0.90000	5
0.90367	6
0.90733	6
0.91100	7
0.91467	7
0.91833	5
0.92200	4
0.92567	5
0.92933	6
0.93300	5
0.93667	4
0.94033	6
0.94400	10
0.94767	13
0.95133	14
0.95500	15
0.95867	15
0.96233	15
0.96600	13
0.96967	12
0.97333	13
0.97700	13
0.98067	12
0.98433	11
0.98800	9
0.99167	10
0.99533	11
0.99900	11
1.00267	11
1.00633	11
1.01000	9
1.01367	9
1.01733	9
1.02100	7
1.02467	6
1.02833	5
1.03200	4
1.03567	5
1.03933	7
1.04300	6
1.04667	6
1.05033	9
1.05400	12
1.05767	12
1.06133	11
1.06500	10
1.06867	8
1.07233	8
1.07600	12
1.07967	14
1.08333	12
1.08700	9
1.09067	9
1.09433	6
1.09800	5
1.10167	7
1.10533	9
1.10900	9
1.11267	8
1.11633	6
1.12000	8
1.12367	10
1.12733	13
1.13100	12
1.13467	11
1.13833	10
1.14200	11
1.14567	12
1.14933	13
1.15300	12
1.15667	11
1.16033	10
1.16400	12
1.16767	13
1.17133	12
1.17500	12
1.17867	10
1.18233	9
1.18600	7
1.18967	7
1.19333	8
1.19700	8
1.20067	9
1.20433	8
1.20800	8
1.21167	8
1.21533	8
1.21900	8
1.22267	8
1.22633	8
1.23000	10
1.23367	10
1.23733	9
1.24100	7
1.24467	5
1.24833	4
1.25200	3
1.25567	2
1.25933	3
1.26300	6
1.26667	8
1.27033	9
1.27400	8
1.27767	7
1.28133	9
1.28500	12
1.28867	13
1.29233	13
1.29600	12
1.29967	10
1.30333	7
1.30700	6
1.31067	6
1.31433	6
1.31800	3
1.32167	2
1.32533	2
1.32900	3
1.33267	3
1.33633	4
1.34000	5
1.34367	4
1.34733	3
1.35100	5
1.35467	8
1.35833	10
1.36200	11
1.36567	12
1.36933	12
1.37300	11
1.37667	11
1.38033	10
1.38400	9
1.38767	10
1.39133	11
1.39500	10
1.39867	11
1.40233	12
1.40600	13
1.40967	12
1.41333	14
1.41700	15
1.42067	16
1.42433	14
1.42800	13
1.43167	11
1.43533	10
1.43900	9
1.44267	7
1.44633	7
1.45000	7
1.45367	6
1.45733	6
1.46100	7
1.46467	6
1.46833	5
1.47200	7
1.47567	8
1.47933	6
1.48300	7
1.48667	6
1.49033	5
1.49400	6
1.49767	8
1.50133	8
1.50500	6
1.50867	5
1.51233	5
1.51600	4
1.51967	3
1.52333	2
1.52700	1
1.53067	1
1.53433	4
1.53800	4
1.54167	5
1.54533	5
1.54900	5
1.55267	5
1.55633	6
1.56000	7
1.56367	7
1.56733	9
1.57100	10
1.57467	10
1.57833	10
1.58200	9
1.58567	8
1.58933	7
1.59300	5
1.59667	3
1.60033	1
1.60400	1
1.60767	0
1.61133	1
1.61500	2
1.61867	2
1.62233	1
1.62600	2
1.62967	3
1.63333	4
1.63700	3
1.64067	5
1.64433	8
1.64800	9
1.65167	7
1.65533	7
1.65900	9
1.66267	11
1.66633	12
1.67000	11
1.67367	9
1.67733	8
1.68100	7
1.68467	9
1.68833	11
1.69200	13
1.69567	16
1.69933	16
1.70300	14
1.70667	13
1.71033	12
1.71400	12
1.71767	13
1.72133	16
1.72500	19
1.72867	23
1.73233	24
1.73600	24
1.73967	24
1.74333	27
1.74700	29
1.75067	30
1.75433	29
1.75800	27
1.76167	25
1.76533	25
1.76900	25
1.77267	26
1.77633	25
1.78000	25
1.78367	25
1.78733	25
1.79100	25
1.79467	25
1.79833	27
1.80200	28
1.80567	27
1.80933	27
1.81300	26
1.81667	26
1.82033	25
1.82400	24
1.82767	25
1.83133	28
1.83500	31
1.83867	32
1.84233	32
1.84600	33
1.84967	33
1.85333	33
1.85700	34
1.86067	34
1.86433	34
1.86800	37
1.87167	36
1.87533	35
1.87900	35
1.88267	35
1.88633	37
1.89000	37
1.89367	37
1.89733	36
1.90100	36
1.90467	34
1.90833	33
1.91200	33
1.91567	32
1.91933	33
1.92300	36
1.92667	39
1.93033	40
1.93400	40
1.93767	39
1.94133	41
1.94500	44
1.94867	45
1.95233	45
1.95600	46
1.95967	46
1.96333	47
1.96700	47
1.97067	47
1.97433	47
1.97800	47
1.98167	49
1.98533	51
1.98900	54
1.99267	55
1.99633	55
2.00000	56
2.00367	56
2.00733	57
2.01100	55
2.01467	52
2.01833	52
2.02200	51
2.02567	51
2.02933	52
2.03300	54
2.03667	55
2.04033	61
2.04400	65
2.04767	66
2.05133	67
2.05500	66
2.05867	70
2.06233	73
2.06600	73
2.06967	73
2.07333	73
2.07700	74
2.08067	75
2.08433	75
2.08800	75
2.09167	74
2.09533	75
2.09900	77
2.10267	79
2.10633	80
2.11000	79
2.11367	80
2.11733	82
2.12100	83
2.12467	84
2.12833	84
2.13200	86
2.13567	88
2.13933	90
2.14300	89
2.14667	89
2.15033	87
2.15400	88
2.15767	89
2.16133	90
2.16500	90
2.16867	91
2.17233	94
2.17600	95
2.17967	96
2.18333	97
2.18700	98
2.19067	100
2.19433	104
2.19800	105
2.20167	106
2.20533	108
2.20900	109
2.21267	110
2.21633	110
2.22000	108
2.22367	106
2.22733	106
2.23100	108
2.23467	108
2.23833	109
2.24200	111
2.24567	113
2.24933	113
2.25300	116
2.25667	116
2.26033	116
2.26400	116
2.26767	117
2.27133	118
2.27500	119
2.27867	120
2.28233	119
2.28600	120
2.28967	123
2.29333	122
2.29700	121
2.30067	123
2.30433	125
2.30800	126
2.31167	125
2.31533	125
2.31900	124
2.32267	127
2.32633	129
2.33000	129
2.33367	130
2.33733	131
2.34100	133
2.34467	135
2.34833	137
2.35200	138
2.35567	139
2.35933	141
2.36300	143
2.36667	145
2.37033	147
2.37400	147
2.37767	147
2.38133	148
2.38500	147
2.38867	145
2.39233	145
2.39600	144
2.39967	143
2.40333	142
2.40700	141
2.41067	142
2.41433	145
2.41800	147
2.42167	152
2.42533	157
2.42900	159
2.43267	161
2.43633	162
2.44000	163
2.44367	169
2.44733	184
2.45100	202
2.45467	218
2.45833	229
2.46200	241
2.46567	254
2.46933	268
2.47300	287
2.47667	305
2.48033	322
2.48400	340
2.48767	359
2.49133	378
2.49500	397
2.49867	418
2.50233	441
2.50600	462
2.50967	480
2.51333	495
2.51700	504
2.52067	511
2.52433	516
2.52800	520
2.53167	524
2.53533	529
2.53900	535
2.54267	540
2.54633	545
2.55000	550
2.55367	555
2.55733	560
2.56100	565
2.56467	571
2.56833	578
2.57200	583
2.57567	588
2.57933	593
2.58300	598
2.58667	600
2.59033	605
2.59400	607
2.59767	604
2.60133	593
2.60500	575
2.60867	549
2.61233	515
2.61600	476
2.61967	433
2.62333	389
2.62700	348
2.63067	312
2.63433	283
2.63800	259
2.64167	242
2.64533	231
2.64900	226
2.65267	225
2.65633	228
2.66000	233
2.66367	239
2.66733	245
2.67100	252
2.67467	260
2.67833	270
2.68200	281
2.68567	291
2.68933	300
2.69300	308
2.69667	315
2.70033	325
2.70400	334
2.70767	343
2.71133	351
2.71500	357
2.71867	362
2.72233	365
2.72600	371
2.72967	377
2.73333	383
2.73700	388
2.74067	390
2.74433	392
2.74800	395
2.75167	398
2.75533	401
2.75900	404
2.76267	406
2.76633	409
2.77000	413
2.77367	416
2.77733	418
2.78100	419
2.78467	419
2.78833	420
2.79200	423
2.79567	426
2.79933	427
2.80300	427
2.80667	425
2.81033	428
2.81400	428
2.81767	432
2.82133	444
2.82500	477
2.82867	561
2.83233	739
2.83600	1067
2.83967	1620
2.84333	2454
2.84700	3602
2.85067	5056
2.85433	6767
2.85800	8640
2.86167	10546
2.86533	12345
2.86900	13893
2.87267	15076
2.87633	15832
2.88000	16142
2.88367	16034
2.88733	15570
2.89100	14826
2.89467	13890
2.89833	12843
2.90200	11750
2.90567	10660
2.90933	9604
2.91300	8606
2.91667	7680
2.92033	6830
2.92400	6059
2.92767	5367
2.93133	4748
2.93500	4197
2.93867	3708
2.94233	3278
2.94600	2902
2.94967	2572
2.95333	2283
2.95700	2026
2.96067	1804
2.96433	1612
2.96800	1447
2.97167	1302
2.97533	1175
2.97900	1065
2.98267	971
2.98633	890
2.99000	821
2.99367	762
2.99733	710
3.00100	665
3.00467	626
3.00833	591
3.01200	563
3.01567	538
3.01933	515
3.02300	496
3.02667	480
3.03033	466
3.03400	453
3.03767	443
3.04133	434
3.04500	425
3.04867	419
3.05233	412
3.05600	405
3.05967	399
3.06333	396
3.06700	392
3.07067	387
3.07433	382
3.07800	376
3.08167	373
3.08533	370
3.08900	368
3.09267	367
3.09633	367
3.10000	366
3.10367	364
3.10733	362
3.11100	362
3.11467	363
3.11833	362
3.12200	361
3.12567	358
3.12933	356
3.13300	354
3.13667	352
3.14033	351
3.14400	349
3.14767	347
3.15133	344
3.15500	344
3.15867	343
3.16233	341
3.16600	339
3.16967	337
3.17333	336
3.17700	335
3.18067	334
3.18433	334
3.18800	334
3.19167	334
3.19533	333
3.19900	330
3.20267	330
3.20633	330
3.21000	328
3.21367	326
3.21733	324
3.22100	325
3.22467	325
3.22833	324
3.23200	325
3.23567	324
3.23933	324
3.24300	323
3.24667	321
3.25033	318
3.25400	316
3.25767	314
3.26133	311
3.26500	309
3.26867	309
3.27233	310
3.27600	310
3.27967	309
3.28333	307
3.28700	307
3.29067	305
3.29433	302
3.29800	301
3.30167	299
3.30533	299
3.30900	299
3.31267	299
3.31633	296
3.32000	293
3.32367	289
3.32733	284
3.33100	282
3.33467	280
3.33833	279
3.34200	278
3.34567	278
3.34933	274
3.35300	272
3.35667	270
3.36033	268
3.36400	266
3.36767	266
3.37133	266
3.37500	266
3.37867	267
3.38233	267
3.38600	265
3.38967	262
3.39333	258
3.39700	254
3.40067	253
3.40433	253
3.40800	253
3.41167	253
3.41533	253
3.41900	254
3.42267	252
3.42633	250
3.43000	248
3.43367	248
3.43733	247
3.44100	246
3.44467	246
3.44833	244
3.45200	242
3.45567	241
3.45933	238
3.46300	237
3.46667	238
3.47033	237
3.47400	234
3.47767	231
3.48133	231
3.48500	232
3.48867	232
3.49233	229
3.49600	226
3.49967	224
3.50333	223
3.50700	222
3.51067	222
3.51433	221
3.51800	220
3.52167	219
3.52533	216
3.52900	216
3.53267	215
3.53633	214
3.54000	212
3.54367	212
3.54733	212
3.55100	212
3.55467	211
3.55833	211
3.56200	212
3.56567	210
3.56933	206
3.57300	203
3.57667	203
3.58033	201
3.58400	200
3.58767	199
3.59133	198
3.59500	197
3.59867	197
3.60233	196
3.60600	194
3.60967	193
3.61333	192
3.61700	190
3.62067	188
3.62433	187
3.62800	187
3.63167	185
3.63533	185
3.63900	187
3.64267	187
3.64633	186
3.65000	184
3.65367	183
3.65733	183
3.66100	181
3.66467	180
3.66833	180
3.67200	180
3.67567	179
3.67933	178
3.68300	178
3.68667	176
3.69033	174
3.69400	176
3.69767	177
3.70133	176
3.70500	175
3.70867	173
3.71233	170
3.71600	167
3.71967	166
3.72333	165
3.72700	165
3.73067	166
3.73433	165
3.73800	164
3.74167	162
3.74533	158
3.74900	153
3.75267	148
3.75633	146
3.76000	146
3.76367	147
3.76733	147
3.77100	149
3.77467	150
3.77833	152
3.78200	151
3.78567	150
3.78933	148
3.79300	145
3.79667	142
3.80033	140
3.80400	140
3.80767	142
3.81133	141
3.81500	140
3.81867	139
3.82233	139
3.82600	139
3.82967	138
3.83333	135
3.83700	131
3.84067	129
3.84433	129
3.84800	130
3.85167	130
3.85533	130
3.85900	129
3.86267	128
3.86633	127
3.87000	127
3.87367	126
3.87733	122
3.88100	122
3.88467	124
3.88833	123
3.89200	121
3.89567	120
3.89933	118
3.90300	117
3.90667	116
3.91033	118
3.91400	120
3.91767	118
3.92133	118
3.92500	117
3.92867	114
3.93233	115
3.93600	117
3.93967	119
3.94333	119
3.94700	116
3.95067	114
3.95433	112
3.95800	111
3.96167	109
3.96533	108
3.96900	106
3.97267	106
3.97633	103
3.98000	101
3.98367	100
3.98733	101
3.99100	100
3.99467	100
3.99833	102

[Status Trace (Column Oven Temperature)]
Interval(msec)	1000
# of Points	240
Start Time(min)	0.010
End Time(min)	3.994
Intensity Units	
Intensity Multiplier	1
R.Time (min)	Intensity
0.01048	35.01
0.02715	35.01
0.04382	35.00
0.06048	34.99
0.07715	34.98
0.09382	34.99
0.11048	35.01
0.12715	35.04
0.14382	35.05
0.16048	35.05
0.17715	35.04
0.19382	35.03
0.21048	35.01
0.22715	35.00
0.24382	34.99
0.26048	34.97
0.27715	34.96
0.29382	34.96
0.31048	34.96
0.32715	34.96
0.34382	34.97
0.36048	34.97
0.37715	34.98
0.39382	34.97
0.41048	34.97
0.42715	34.96
0.44382	34.96
0.46048	34.96
0.47715	34.96
0.49382	34.97
0.51048	34.98
0.52715	34.98
0.54382	34.98
0.56048	34.98
0.57715	34.99
0.59382	34.99
0.61048	34.99
0.62715	34.98
0.64382	34.98
0.66048	34.99
0.67715	34.99
0.69382	34.99
0.71048	34.99
0.72715	34.99
0.74382	34.99
0.76048	35.00
0.77715	34.99
0.79382	34.99
0.81048	34.98
0.82715	34.98
0.84382	34.97
0.86048	34.96
0.87715	34.96
0.89382	34.95
0.91048	34.95
0.92715	34.97
0.94382	34.97
0.96048	34.98
0.97715	34.98
0.99382	34.98
1.01048	34.99
1.02715	34.99
1.04382	34.99
1.06048	34.99
1.07715	34.99
1.09382	34.99
1.11048	35.00
1.12715	34.99
1.14382	34.98
1.16048	34.98
1.17715	34.98
1.19382	34.98
1.21048	34.97
1.22715	34.98
1.24382	34.99
1.26048	34.99
1.27715	35.00
1.29382	35.01
1.31048	35.01
1.32715	35.03
1.34382	35.05
1.36048	35.06
1.37715	35.05
1.39382	35.04
1.41048	35.03
1.42715	35.02
1.44382	35.01
1.46048	35.01
1.47715	34.99
1.49382	34.98
1.51048	34.99
1.52715	34.99
1.54382	34.99
1.56048	34.98
1.57715	34.98
1.59382	35.01
1.61048	35.06
1.62715	35.19
1.64382	35.38
1.66048	35.64
1.67715	36.00
1.69382	36.37
1.71048	36.72
1.72715	37.04
1.74382	37.37
1.76048	37.73
1.77715	38.07
1.79382	38.36
1.81048	38.69
1.82715	39.02
1.84382	39.37
1.86048	39.68
1.87715	40.01
1.89382	40.34
1.91048	40.68
1.92715	41.00
1.94382	41.34
1.96048	41.65
1.97715	41.97
1.99382	42.29
2.01048	42.63
2.02715	42.97
2.04382	43.30
2.06048	43.63
2.07715	43.96
2.09382	44.29
2.11048	44.60
2.12715	44.95
2.14382	45.27
2.16048	45.59
2.17715	45.92
2.19382	46.25
2.21048	46.57
2.22715	46.91
2.24382	47.22
2.26048	47.55
2.27715	47.90
2.29382	48.24
2.31048	48.57
2.32715	48.90
2.34382	49.18
2.36048	49.49
2.37715	49.66
2.39382	49.73
2.41048	49.71
2.42715	49.73
2.44382	49.73
2.46048	49.74
2.47715	49.75
2.49382	49.77
2.51048	49.78
2.52715	49.80
2.54382	49.80
2.56048	49.80
2.57715	49.82
2.59382	49.84
2.61048	49.84
2.62715	49.83
2.64382	49.84
2.66048	49.84
2.67715	49.85
2.69382	49.86
2.71048	49.85
2.72715	49.85
2.74382	49.87
2.76048	49.89
2.77715	49.90
2.79382	49.90
2.81048	49.89
2.82715	49.90
2.84382	49.92
2.86048	49.93
2.87715	49.93
2.89382	49.94
2.91048	49.95
2.92715	49.97
2.94382	50.00
2.96048	50.01
2.97715	50.01
2.99382	50.03
3.01048	50.05
3.02715	50.06
3.04382	50.08
3.06048	50.08
3.07715	50.09
3.09382	50.10
3.11048	50.10
3.12715	50.11
3.14382	50.09
3.16048	50.09
3.17715	50.09
3.19382	50.07
3.21048	50.05
3.22715	50.06
3.24382	50.07
3.26048	50.06
3.27715	50.06
3.29382	50.07
3.31048	50.07
3.32715	50.07
3.34382	50.08
3.36048	50.09
3.37715	50.10
3.39382	50.10
3.41048	50.09
3.42715	50.08
3.44382	50.07
3.46048	50.07
3.47715	50.07
3.49382	50.09
3.51048	50.11
3.52715	50.11
3.54382	50.09
3.56048	50.07
3.57715	50.05
3.59382	50.04
3.61048	50.02
3.62715	50.00
3.64382	49.99
3.66048	49.99
3.67715	49.99
3.69382	49.99
3.71048	50.00
3.72715	50.01
3.74382	50.02
3.76048	50.03
3.77715	50.04
3.79382	50.04
3.81048	50.04
3.82715	50.02
3.84382	50.02
3.86048	50.01
3.87715	50.01
3.89382	50.01
3.91048	50.00
3.92715	50.01
3.94382	50.01
3.96048	50.02
3.97715	50.02
3.99382	50.02

[Status Trace (Injection Unit Temperature)]
Interval(msec)	1000
# of Points	240
Start Time(min)	0.010
End Time(min)	3.994
Intensity Units	
Intensity Multiplier	1
R.Time (min)	Intensity
0.01048	99.99
0.02715	99.98
0.04382	99.98
0.06048	99.99
0.07715	99.99
0.09382	99.99
0.11048	99.98
0.12715	99.98
0.14382	99.98
0.16048	99.98
0.17715	99.98
0.19382	99.99
0.21048	99.98
0.22715	99.98
0.24382	99.98
0.26048	99.98
0.27715	99.99
0.29382	99.98
0.31048	99.99
0.32715	99.99
0.34382	99.99
0.36048	99.98
0.37715	99.98
0.39382	99.99
0.41048	99.98
0.42715	99.99
0.44382	99.99
0.46048	99.99
0.47715	99.98
0.49382	99.98
0.51048	99.99
0.52715	99.98
0.54382	99.99
0.56048	99.99
0.57715	99.99
0.59382	99.99
0.61048	99.99
0.62715	99.99
0.64382	99.99
0.66048	99.99
0.67715	99.99
0.69382	99.98
0.71048	99.99
0.72715	99.99
0.74382	99.98
0.76048	99.99
0.77715	99.99
0.79382	99.99
0.81048	99.99
0.82715	99.99
0.84382	99.99
0.86048	99.99
0.87715	99.99
0.89382	99.99
0.91048	99.99
0.92715	99.99
0.94382	99.99
0.96048	99.99
0.97715	99.99
0.99382	99.99
1.01048	99.99
1.02715	99.99
1.04382	99.99
1.06048	100.00
1.07715	99.99
1.09382	99.99
1.11048	99.99
1.12715	99.99
1.14382	99.99
1.16048	99.99
1.17715	99.99
1.19382	99.99
1.21048	100.00
1.22715	99.99
1.24382	99.99
1.26048	99.99
1.27715	99.99
1.29382	99.99
1.31048	99.99
1.32715	99.99
1.34382	99.99
1.36048	99.99
1.37715	99.99
1.39382	99.99
1.41048	99.99
1.42715	99.99
1.44382	99.99
1.46048	99.99
1.47715	99.99
1.49382	99.99
1.51048	99.99
1.52715	99.99
1.54382	99.99
1.56048	99.99
1.57715	99.99
1.59382	99.99
1.61048	99.99
1.62715	99.99
1.64382	99.99
1.66048	99.99
1.67715	100.00
1.69382	99.99
1.71048	99.99
1.72715	100.00
1.74382	100.00
1.76048	99.99
1.77715	99.99
1.79382	99.99
1.81048	99.98
1.82715	99.99
1.84382	99.99
1.86048	99.99
1.87715	99.98
1.89382	99.99
1.91048	99.99
1.92715	99.98
1.94382	99.99
1.96048	99.98
1.97715	99.98
1.99382	99.99
2.01048	99.98
2.02715	99.98
2.04382	99.98
2.06048	99.98
2.07715	99.98
2.09382	99.98
2.11048	99.97
2.12715	99.98
2.14382	99.98
2.16048	99.97
2.17715	99.97
2.19382	99.97
2.21048	99.97
2.22715	99.97
2.24382	99.97
2.26048	99.97
2.27715	99.97
2.29382	99.97
2.31048	99.97
2.32715	99.97
2.34382	99.97
2.36048	99.97
2.37715	99.97
2.39382	99.97
2.41048	99.97
2.42715	99.97
2.44382	99.97
2.46048	99.97
2.47715	99.97
2.49382	99.98
2.51048	99.97
2.52715	99.98
2.54382	99.98
2.56048	99.98
2.57715	99.98
2.59382	99.98
2.61048	99.98
2.62715	99.98
2.64382	99.98
2.66048	99.99
2.67715	99.99
2.69382	99.99
2.71048	99.99
2.72715	99.99
2.74382	99.99
2.76048	99.99
2.77715	99.99
2.79382	99.99
2.81048	100.00
2.82715	100.00
2.84382	100.00
2.86048	100.00
2.87715	100.00
2.89382	100.01
2.91048	100.01
2.92715	100.00
2.94382	100.01
2.96048	100.01
2.97715	100.01
2.99382	100.02
3.01048	100.01
3.02715	100.02
3.04382	100.02
3.06048	100.01
3.07715	100.02
3.09382	100.02
3.11048	100.02
3.12715	100.02
3.14382	100.03
3.16048	100.02
3.17715	100.02
3.19382	100.03
3.21048	100.03
3.22715	100.03
3.24382	100.03
3.26048	100.03
3.27715	100.03
3.29382	100.03
3.31048	100.03
3.32715	100.03
3.34382	100.04
3.36048	100.03
3.37715	100.04
3.39382	100.04
3.41048	100.04
3.42715	100.04
3.44382	100.04
3.46048	100.04
3.47715	100.05
3.49382	100.04
3.51048	100.04
3.52715	100.05
3.54382	100.04
3.56048	100.05
3.57715	100.05
3.59382	100.05
3.61048	100.05
3.62715	100.05
3.64382	100.05
3.66048	100.05
3.67715	100.05
3.69382	100.05
3.71048	100.05
3.72715	100.05
3.74382	100.05
3.76048	100.05
3.77715	100.05
3.79382	100.05
3.81048	100.05
3.82715	100.05
3.84382	100.05
3.86048	100.05
3.87715	100.06
3.89382	100.05
3.91048	100.05
3.92715	100.05
3.94382	100.05
3.96048	100.05
3.97715	100.05
3.99382	100.05

[Status Trace (Carrier Gas Pressure)]
Interval(msec)	1000
# of Points	240
Start Time(min)	0.010
End Time(min)	3.994
Intensity Units	
Intensity Multiplier	1
R.Time (min)	Intensity
0.01048	58.00
0.02715	55.10
0.04382	57.41
0.06048	59.53
0.07715	59.24
0.09382	58.03
0.11048	57.99
0.12715	58.01
0.14382	58.01
0.16048	58.00
0.17715	58.00
0.19382	58.00
0.21048	58.00
0.22715	58.00
0.24382	58.00
0.26048	58.00
0.27715	58.00
0.29382	58.00
0.31048	58.00
0.32715	58.00
0.34382	58.00
0.36048	58.00
0.37715	58.00
0.39382	58.00
0.41048	58.00
0.42715	58.00
0.44382	58.00
0.46048	58.00
0.47715	58.00
0.49382	58.00
0.51048	58.00
0.52715	58.00
0.54382	58.00
0.56048	58.00
0.57715	58.00
0.59382	58.00
0.61048	58.00
0.62715	58.00
0.64382	58.00
0.66048	58.00
0.67715	58.00
0.69382	58.00
0.71048	58.00
0.72715	58.00
0.74382	58.00
0.76048	58.00
0.77715	58.00
0.79382	58.00
0.81048	58.00
0.82715	58.00
0.84382	58.00
0.86048	58.00
0.87715	58.00
0.89382	58.00
0.91048	58.00
0.92715	58.00
0.94382	58.00
0.96048	58.00
0.97715	58.00
0.99382	58.00
1.01048	58.00
1.02715	58.00
1.04382	58.00
1.06048	58.00
1.07715	58.00
1.09382	58.00
1.11048	58.00
1.12715	58.00
1.14382	58.00
1.16048	58.00
1.17715	58.00
1.19382	58.00
1.21048	58.00
1.22715	58.00
1.24382	58.00
1.26048	58.00
1.27715	58.00
1.29382	58.00
1.31048	58.00
1.32715	58.00
1.34382	58.00
1.36048	58.00
1.37715	58.00
1.39382	58.00
1.41048	58.00
1.42715	58.00
1.44382	58.00
1.46048	58.00
1.47715	58.00
1.49382	58.00
1.51048	58.00
1.52715	58.00
1.54382	58.00
1.56048	58.00
1.57715	58.00
1.59382	58.00
1.61048	58.00
1.62715	58.01
1.64382	58.00
1.66048	58.01
1.67715	58.01
1.69382	58.00
1.71048	58.00
1.72715	58.00
1.74382	58.00
1.76048	58.00
1.77715	58.00
1.79382	58.00
1.81048	58.00
1.82715	58.00
1.84382	58.00
1.86048	58.00
1.87715	58.00
1.89382	58.00
1.91048	58.00
1.92715	58.00
1.94382	58.00
1.96048	58.00
1.97715	58.00
1.99382	58.00
2.01048	58.00
2.02715	58.00
2.04382	58.00
2.06048	58.00
2.07715	58.00
2.09382	58.00
2.11048	58.00
2.12715	58.00
2.14382	58.00
2.16048	58.00
2.17715	58.00
2.19382	58.00
2.21048	58.00
2.22715	58.00
2.24382	58.00
2.26048	58.00
2.27715	58.00
2.29382	58.00
2.31048	58.00
2.32715	58.00
2.34382	58.00
2.36048	58.00
2.37715	58.00
2.39382	57.99
2.41048	57.99
2.42715	58.00
2.44382	58.00
2.46048	58.00
2.47715	58.00
2.49382	58.00
2.51048	57.99
2.52715	57.98
2.54382	58.00
2.56048	58.00
2.57715	58.00
2.59382	58.00
2.61048	58.00
2.62715	58.00
2.64382	58.00
2.66048	58.00
2.67715	58.00
2.69382	58.00
2.71048	58.00
2.72715	58.00
2.74382	58.00
2.76048	58.00
2.77715	58.00
2.79382	58.00
2.81048	58.00
2.82715	58.00
2.84382	58.00
2.86048	58.00
2.87715	58.00
2.89382	58.00
2.91048	58.00
2.92715	58.00
2.94382	58.00
2.96048	58.00
2.97715	58.00
2.99382	58.00
3.01048	58.00
3.02715	58.00
3.04382	58.00
3.06048	58.00
3.07715	58.00
3.09382	58.00
3.11048	58.00
3.12715	58.00
3.14382	58.00
3.16048	58.00
3.17715	58.00
3.19382	58.00
3.21048	58.00
3.22715	58.00
3.24382	58.00
3.26048	58.00
3.27715	58.00
3.29382	58.00
3.31048	58.00
3.32715	58.00
3.34382	58.00
3.36048	58.00
3.37715	58.00
3.39382	58.00
3.41048	58.00
3.42715	58.00
3.44382	58.00
3.46048	58.00
3.47715	58.00
3.49382	58.00
3.51048	58.00
3.52715	58.00
3.54382	58.00
3.56048	58.00
3.57715	58.00
3.59382	58.00
3.61048	58.00
3.62715	58.00
3.64382	58.00
3.66048	58.00
3.67715	58.00
3.69382	58.00
3.71048	58.00
3.72715	58.00
3.74382	58.00
3.76048	58.00
3.77715	58.00
3.79382	58.00
3.81048	58.00
3.82715	58.00
3.84382	58.00
3.86048	58.00
3.87715	58.00
3.89382	58.00
3.91048	58.00
3.92715	58.00
3.94382	58.00
3.96048	58.00
3.97715	58.00
3.99382	58.00

[Status Trace (Carrier Gas Flow)]
Interval(msec)	1000
# of Points	240
Start Time(min)	0.010
End Time(min)	3.994
Intensity Units	
Intensity Multiplier	1
R.Time (min)	Intensity
0.01048	34.52
0.02715	34.54
0.04382	34.55
0.06048	34.55
0.07715	34.51
0.09382	34.50
0.11048	34.52
0.12715	34.52
0.14382	34.52
0.16048	34.52
0.17715	34.52
0.19382	34.52
0.21048	34.52
0.22715	34.52
0.24382	34.51
0.26048	34.52
0.27715	34.52
0.29382	34.52
0.31048	34.52
0.32715	34.52
0.34382	34.52
0.36048	34.52
0.37715	34.52
0.39382	34.52
0.41048	34.52
0.42715	34.51
0.44382	34.53
0.46048	34.52
0.47715	34.52
0.49382	34.52
0.51048	34.53
0.52715	34.51
0.54382	34.51
0.56048	34.52
0.57715	34.53
0.59382	34.52
0.61048	34.51
0.62715	34.52
0.64382	34.51
0.66048	34.51
0.67715	34.51
0.69382	34.52
0.71048	34.52
0.72715	34.52
0.74382	34.52
0.76048	34.52
0.77715	34.52
0.79382	34.51
0.81048	34.53
0.82715	34.52
0.84382	34.52
0.86048	34.52
0.87715	34.52
0.89382	34.52
0.91048	34.52
0.92715	34.52
0.94382	34.52
0.96048	34.52
0.97715	34.52
0.99382	34.52
1.01048	34.52
1.02715	34.52
1.04382	34.52
1.06048	34.52
1.07715	34.52
1.09382	34.52
1.11048	34.52
1.12715	34.52
1.14382	34.52
1.16048	34.52
1.17715	34.52
1.19382	34.52
1.21048	34.52
1.22715	34.52
1.24382	34.52
1.26048	34.52
1.27715	34.52
1.29382	34.52
1.31048	34.52
1.32715	34.52
1.34382	34.52
1.36048	34.52
1.37715	34.52
1.39382	34.52
1.41048	34.52
1.42715	34.52
1.44382	34.52
1.46048	34.52
1.47715	34.52
1.49382	34.52
1.51048	34.52
1.52715	34.52
1.54382	34.52
1.56048	34.52
1.57715	34.52
1.59382	34.52
1.61048	34.52
1.62715	34.52
1.64382	34.52
1.66048	34.52
1.67715	34.52
1.69382	34.52
1.71048	34.52
1.72715	34.52
1.74382	34.52
1.76048	34.52
1.77715	34.52
1.79382	34.52
1.81048	34.52
1.82715	34.52
1.84382	34.52
1.86048	34.52
1.87715	34.52
1.89382	34.52
1.91048	34.52
1.92715	34.52
1.94382	34.52
1.96048	34.52
1.97715	34.52
1.99382	34.52
2.01048	34.52
2.02715	34.52
2.04382	34.52
2.06048	34.52
2.07715	34.52
2.09382	34.52
2.11048	34.52
2.12715	34.52
2.14382	34.52
2.16048	34.52
2.17715	34.52
2.19382	34.52
2.21048	34.52
2.22715	34.52
2.24382	34.52
2.26048	34.52
2.27715	34.52
2.29382	34.52
2.31048	34.52
2.32715	34.52
2.34382	34.52
2.36048	34.52
2.37715	34.52
2.39382	34.52
2.41048	34.52
2.42715	34.52
2.44382	34.52
2.46048	34.52
2.47715	34.52
2.49382	34.52
2.51048	34.53
2.52715	34.53
2.54382	34.51
2.56048	34.52
2.57715	34.52
2.59382	34.52
2.61048	34.52
2.62715	34.52
2.64382	34.52
2.66048	34.52
2.67715	34.52
2.69382	34.52
2.71048	34.52
2.72715	34.52
2.74382	34.52
2.76048	34.51
2.77715	34.52
2.79382	34.51
2.81048	34.52
2.82715	34.52
2.84382	34.51
2.86048	34.50
2.87715	34.52
2.89382	34.53
2.91048	34.52
2.92715	34.51
2.94382	34.52
2.96048	34.52
2.97715	34.52
2.99382	34.52
3.01048	34.52
3.02715	34.52
3.04382	34.52
3.06048	34.52
3.07715	34.52
3.09382	34.52
3.11048	34.52
3.12715	34.52
3.14382	34.52
3.16048	34.52
3.17715	34.52
3.19382	34.52
3.21048	34.52
3.22715	34.52
3.24382	34.52
3.26048	34.52
3.27715	34.52
3.29382	34.52
3.31048	34.52
3.32715	34.52
3.34382	34.52
3.36048	34.52
3.37715	34.52
3.39382	34.52
3.41048	34.52
3.42715	34.52
3.44382	34.52
3.46048	34.52
3.47715	34.52
3.49382	34.52
3.51048	34.52
3.52715	34.52
3.54382	34.52
3.56048	34.52
3.57715	34.52
3.59382	34.52
3.61048	34.52
3.62715	34.52
3.64382	34.52
3.66048	34.52
3.67715	34.52
3.69382	34.52
3.71048	34.52
3.72715	34.52
3.74382	34.52
3.76048	34.52
3.77715	34.52
3.79382	34.52
3.81048	34.52
3.82715	34.51
3.84382	34.52
3.86048	34.53
3.87715	34.52
3.89382	34.51
3.91048	34.51
3.92715	34.52
3.94382	34.50
3.96048	34.52
3.97715	34.52
3.99382	34.51

[Status Trace (Column Flow)]
Interval(msec)	1000
# of Points	240
Start Time(min)	0.010
End Time(min)	3.994
Intensity Units	
Intensity Multiplier	1
R.Time (min)	Intensity
0.01048	5.46
0.02715	5.12
0.04382	5.39
0.06048	5.64
0.07715	5.60
0.09382	5.46
0.11048	5.46
0.12715	5.46
0.14382	5.46
0.16048	5.46
0.17715	5.46
0.19382	5.46
0.21048	5.46
0.22715	5.46
0.24382	5.46
0.26048	5.46
0.27715	5.46
0.29382	5.46
0.31048	5.46
0.32715	5.46
0.34382	5.46
0.36048	5.46
0.37715	5.46
0.39382	5.46
0.41048	5.46
0.42715	5.46
0.44382	5.46
0.46048	5.46
0.47715	5.46
0.49382	5.46
0.51048	5.46
0.52715	5.46
0.54382	5.46
0.56048	5.46
0.57715	5.46
0.59382	5.46
0.61048	5.46
0.62715	5.46
0.64382	5.46
0.66048	5.46
0.67715	5.46
0.69382	5.46
0.71048	5.46
0.72715	5.46
0.74382	5.46
0.76048	5.46
0.77715	5.46
0.79382	5.46
0.81048	5.46
0.82715	5.46
0.84382	5.46
0.86048	5.46
0.87715	5.46
0.89382	5.46
0.91048	5.46
0.92715	5.46
0.94382	5.46
0.96048	5.46
0.97715	5.46
0.99382	5.46
1.01048	5.46
1.02715	5.46
1.04382	5.46
1.06048	5.46
1.07715	5.46
1.09382	5.46
1.11048	5.46
1.12715	5.46
1.14382	5.46
1.16048	5.46
1.17715	5.46
1.19382	5.46
1.21048	5.46
1.22715	5.46
1.24382	5.46
1.26048	5.46
1.27715	5.46
1.29382	5.46
1.31048	5.46
1.32715	5.46
1.34382	5.46
1.36048	5.46
1.37715	5.46
1.39382	5.46
1.41048	5.46
1.42715	5.46
1.44382	5.46
1.46048	5.46
1.47715	5.46
1.49382	5.46
1.51048	5.46
1.52715	5.46
1.54382	5.46
1.56048	5.46
1.57715	5.46
1.59382	5.46
1.61048	5.46
1.62715	5.45
1.64382	5.45
1.66048	5.44
1.67715	5.43
1.69382	5.42
1.71048	5.40
1.72715	5.39
1.74382	5.38
1.76048	5.37
1.77715	5.36
1.79382	5.35
1.81048	5.34
1.82715	5.33
1.84382	5.32
1.86048	5.31
1.87715	5.30
1.89382	5.29
1.91048	5.28
1.92715	5.27
1.94382	5.27
1.96048	5.26
1.97715	5.25
1.99382	5.24
2.01048	5.23
2.02715	5.22
2.04382	5.21
2.06048	5.20
2.07715	5.19
2.09382	5.18
2.11048	5.17
2.12715	5.16
2.14382	5.15
2.16048	5.14
2.17715	5.13
2.19382	5.12
2.21048	5.11
2.22715	5.10
2.24382	5.10
2.26048	5.09
2.27715	5.08
2.29382	5.07
2.31048	5.06
2.32715	5.05
2.34382	5.04
2.36048	5.03
2.37715	5.03
2.39382	5.03
2.41048	5.03
2.42715	5.03
2.44382	5.03
2.46048	5.03
2.47715	5.03
2.49382	5.03
2.51048	5.02
2.52715	5.02
2.54382	5.02
2.56048	5.02
2.57715	5.02
2.59382	5.02
2.61048	5.02
2.62715	5.02
2.64382	5.02
2.66048	5.02
2.67715	5.02
2.69382	5.02
2.71048	5.02
2.72715	5.02
2.74382	5.02
2.76048	5.02
2.77715	5.02
2.79382	5.02
2.81048	5.02
2.82715	5.02
2.84382	5.02
2.86048	5.02
2.87715	5.02
2.89382	5.02
2.91048	5.02
2.92715	5.02
2.94382	5.02
2.96048	5.02
2.97715	5.02
2.99382	5.02
3.01048	5.02
3.02715	5.02
3.04382	5.02
3.06048	5.02
3.07715	5.02
3.09382	5.02
3.11048	5.02
3.12715	5.02
3.14382	5.02
3.16048	5.02
3.17715	5.02
3.19382	5.02
3.21048	5.02
3.22715	5.02
3.24382	5.02
3.26048	5.02
3.27715	5.02
3.29382	5.02
3.31048	5.02
3.32715	5.02
3.34382	5.02
3.36048	5.02
3.37715	5.02
3.39382	5.02
3.41048	5.02
3.42715	5.02
3.44382	5.02
3.46048	5.02
3.47715	5.02
3.49382	5.02
3.51048	5.02
3.52715	5.02
3.54382	5.02
3.56048	5.02
3.57715	5.02
3.59382	5.02
3.61048	5.02
3.62715	5.02
3.64382	5.02
3.66048	5.02
3.67715	5.02
3.69382	5.02
3.71048	5.02
3.72715	5.02
3.74382	5.02
3.76048	5.02
3.77715	5.02
3.79382	5.02
3.81048	5.02
3.82715	5.02
3.84382	5.02
3.86048	5.02
3.87715	5.02
3.89382	5.02
3.91048	5.02
3.92715	5.02
3.94382	5.02
3.96048	5.02
3.97715	5.02
3.99382	5.02

[Status Trace (Linear Velocity)]
Interval(msec)	1000
# of Points	240
Start Time(min)	0.010
End Time(min)	3.994
Intensity Units	
Intensity Multiplier	1
R.Time (min)	Intensity
0.01048	39.00
0.02715	37.10
0.04382	38.62
0.06048	40.01
0.07715	39.82
0.09382	39.02
0.11048	38.99
0.12715	39.01
0.14382	39.00
0.16048	39.00
0.17715	39.00
0.19382	39.00
0.21048	39.00
0.22715	39.00
0.24382	39.00
0.26048	39.00
0.27715	39.01
0.29382	39.01
0.31048	39.01
0.32715	39.01
0.34382	39.00
0.36048	39.00
0.37715	39.00
0.39382	39.00
0.41048	39.00
0.42715	39.01
0.44382	39.01
0.46048	39.01
0.47715	39.01
0.49382	39.00
0.51048	39.00
0.52715	39.00
0.54382	39.00
0.56048	39.00
0.57715	39.00
0.59382	39.00
0.61048	39.00
0.62715	39.00
0.64382	39.00
0.66048	39.00
0.67715	39.00
0.69382	39.00
0.71048	39.00
0.72715	39.00
0.74382	39.00
0.76048	39.00
0.77715	39.00
0.79382	39.00
0.81048	39.00
0.82715	39.00
0.84382	39.00
0.86048	39.01
0.87715	39.01
0.89382	39.01
0.91048	39.01
0.92715	39.00
0.94382	39.00
0.96048	39.00
0.97715	39.00
0.99382	39.00
1.01048	39.00
1.02715	39.00
1.04382	39.00
1.06048	39.00
1.07715	39.00
1.09382	39.00
1.11048	39.00
1.12715	39.00
1.14382	39.00
1.16048	39.00
1.17715	39.00
1.19382	39.00
1.21048	39.00
1.22715	39.00
1.24382	39.00
1.26048	39.00
1.27715	39.00
1.29382	39.00
1.31048	39.00
1.32715	39.00
1.34382	39.00
1.36048	39.00
1.37715	39.00
1.39382	39.00
1.41048	39.00
1.42715	39.00
1.44382	39.00
1.46048	39.00
1.47715	39.00
1.49382	39.00
1.51048	39.00
1.52715	39.00
1.54382	39.00
1.56048	39.00
1.57715	39.00
1.59382	39.00
1.61048	39.00
1.62715	38.99
1.64382	38.97
1.66048	38.94
1.67715	38.91
1.69382	38.87
1.71048	38.84
1.72715	38.81
1.74382	38.78
1.76048	38.74
1.77715	38.71
1.79382	38.68
1.81048	38.65
1.82715	38.62
1.84382	38.59
1.86048	38.56
1.87715	38.53
1.89382	38.49
1.91048	38.46
1.92715	38.43
1.94382	38.40
1.96048	38.37
1.97715	38.34
1.99382	38.31
2.01048	38.28
2.02715	38.25
2.04382	38.22
2.06048	38.19
2.07715	38.16
2.09382	38.13
2.11048	38.10
2.12715	38.07
2.14382	38.04
2.16048	38.01
2.17715	37.98
2.19382	37.95
2.21048	37.92
2.22715	37.89
2.24382	37.86
2.26048	37.84
2.27715	37.80
2.29382	37.77
2.31048	37.74
2.32715	37.71
2.34382	37.69
2.36048	37.66
2.37715	37.64
2.39382	37.64
2.41048	37.64
2.42715	37.64
2.44382	37.64
2.46048	37.64
2.47715	37.64
2.49382	37.64
2.51048	37.63
2.52715	37.62
2.54382	37.64
2.56048	37.64
2.57715	37.63
2.59382	37.63
2.61048	37.63
2.62715	37.63
2.64382	37.63
2.66048	37.63
2.67715	37.63
2.69382	37.63
2.71048	37.63
2.72715	37.63
2.74382	37.63
2.76048	37.63
2.77715	37.63
2.79382	37.63
2.81048	37.63
2.82715	37.63
2.84382	37.63
2.86048	37.62
2.87715	37.62
2.89382	37.62
2.91048	37.62
2.92715	37.62
2.94382	37.62
2.96048	37.62
2.97715	37.62
2.99382	37.62
3.01048	37.61
3.02715	37.61
3.04382	37.61
3.06048	37.61
3.07715	37.61
3.09382	37.61
3.11048	37.61
3.12715	37.61
3.14382	37.61
3.16048	37.61
3.17715	37.61
3.19382	37.61
3.21048	37.61
3.22715	37.61
3.24382	37.61
3.26048	37.61
3.27715	37.61
3.29382	37.61
3.31048	37.61
3.32715	37.61
3.34382	37.61
3.36048	37.61
3.37715	37.61
3.39382	37.61
3.41048	37.61
3.42715	37.61
3.44382	37.61
3.46048	37.61
3.47715	37.61
3.49382	37.61
3.51048	37.61
3.52715	37.61
3.54382	37.61
3.56048	37.61
3.57715	37.61
3.59382	37.61
3.61048	37.62
3.62715	37.62
3.64382	37.62
3.66048	37.62
3.67715	37.62
3.69382	37.62
3.71048	37.62
3.72715	37.62
3.74382	37.62
3.76048	37.62
3.77715	37.61
3.79382	37.61
3.81048	37.61
3.82715	37.62
3.84382	37.62
3.86048	37.62
3.87715	37.62
3.89382	37.62
3.91048	37.62
3.92715	37.62
3.94382	37.62
3.96048	37.62
3.97715	37.62
3.99382	37.62

