[Header]
Application Name	LabSolutions
Version	5.110
Data File Name	C:\Users\User\Desktop\GC Analyses\Jack\UIC Prairie Sampling\8.12.22\220812_047.gcd
Output Date	10/14/2022
Output Time	2:33:53 PM

[File Information]
Type	Data File
Generated	10/11/2022 10:04:41 AM
Generated by	System Administrator
Modified	10/11/2022 10:09:16 AM
Modified by	System Administrator

[Sample Information]
Operator Name	System Administrator
Acquired	10/11/2022 10:05:15 AM
Sample Type	1:Standard
Level	1
Sample Name	220812_UICPrairie
Sample ID	220812_UICPrairie
ISTD Amount1	1
ISTD Amount2	1
ISTD Amount3	1
ISTD Amount4	1
ISTD Amount5	1
ISTD Amount6	1
ISTD Amount7	1
ISTD Amount8	1
ISTD Amount9	1
ISTD Amount10	1
ISTD Amount11	1
ISTD Amount12	1
ISTD Amount13	1
ISTD Amount14	1
ISTD Amount15	1
ISTD Amount16	1
ISTD Amount17	1
ISTD Amount18	1
ISTD Amount19	1
ISTD Amount20	1
ISTD Amount21	1
ISTD Amount22	1
ISTD Amount23	1
ISTD Amount24	1
ISTD Amount25	1
ISTD Amount26	1
ISTD Amount27	1
ISTD Amount28	1
ISTD Amount29	1
ISTD Amount30	1
ISTD Amount31	1
ISTD Amount32	1
Sample Amount	1
Dilution Factor	1
Vial#	1
Injection Volume	1
Injection Count	1
Bar Code	

[Original Files]
Data File	C:\Users\User\Desktop\GC Analyses\Jack\UIC Prairie Sampling\8.12.22\220812_047.gcd
Method File	C:\LabSolutions\Data\GHG_4min_2022\ghg3_togas_w_acet_4 min_new_int.gcm
Batch File	
Report Format File	c:\LabSolutions\System\DEFAULT.lsr

[File Description]


[Configuration]
Instrument Name	C0B7VH3-Instrument1
Instrument #	1
Line #	1
# of Detectors	3
Detector ID	DET#1	DET#2	DET#3
Detector Name	FID	PTCD	ECD
# of Channels	1	1	1

[Peak Table(Ch1)]
# of Peaks	3
Peak#	R.Time	I.Time	F.Time	Area	Height	A/H	Conc.	Mark	ID#	Name	k'	Plate #	Plate Ht.	Tailing	Resolution	Sep.Factor	Area Ratio	Height Ratio	Conc. %	Norm Conc.
1	1.468	1.439	1.534	4508	1626	2.772	100.000	   	1	CO	0.000	6141	24.427	1.677	0.000	0.000	0	0	16.667	16.667
2	1.571	1.534	1.637	20632	10456	1.973	100.000	 V 	2	CH4	0.070	11513	13.029	1.144	1.538	0.000	0	0	16.667	16.667
3	2.000	1.952	2.319	2146873	1037267	2.070	400.000	   	3	CO2	0.362	17621	8.513	1.167	7.220	5.179	0	0	66.667	66.667

[Peak Table(Ch2)]
# of Peaks	0

[Peak Table(Ch3)]
# of Peaks	4
Peak#	R.Time	I.Time	F.Time	Area	Height	A/H	Conc.	Mark	ID#	Name	k'	Plate #	Plate Ht.	Tailing	Resolution	Sep.Factor	Area Ratio	Height Ratio	Conc. %	Norm Conc.
1	2.455	2.154	2.645	7255	438	16.551	0.000	   			0.000	438	342.192	0.825	0.000	0.000	0	0	0.000	0.000
2	2.785	2.660	2.814	1132	171	6.623	0.018	   	1	N2O	0.134	681	220.177	0.000	0.737	0.000	0	0	0.906	0.906
3	2.880	2.814	3.100	61350	15710	3.905	0.982	 V 	1	N2O	0.173	12485	12.014	1.617	0.360	1.289	0	0	49.094	49.094
4	3.353	3.217	3.965	15311	627	24.420	1.000	   	2	SF6	0.366	418	359.196	2.715	1.246	2.112	0	0	50.000	50.000

[Compound Results(Ch1)]
# of IDs	6
ID#	Name	R.Time	Area	Height	Conc.	Curve	3rd	2nd	1st	Constant	Area Ratio	Height Ratio	Conc. %	Norm Conc.
1	CO	1.468	4508	1626	100.000	Linear	0.000000e+00	0.000000e+00	4.507910e+001	0.000000e+00	0	0	16.667	16.667
2	CH4	1.571	20632	10456	100.000	Linear	0.000000e+00	0.000000e+00	2.063200e+002	0.000000e+00	0	0	16.667	16.667
3	CO2	2.000	2146873	1037267	400.000	Linear	0.000000e+00	0.000000e+00	5.367182e+003	0.000000e+00	0	0	66.667	66.667
4	Ethylene	0.000	0	0	0.000	Linear	0.000000e+00	0.000000e+00	0.000000e+00	0.000000e+00	0	0	0.000	0.000
5	Acetylene	0.000	0	0	0.000	Linear	0.000000e+00	0.000000e+00	0.000000e+00	0.000000e+00	0	0	0.000	0.000
6	Ethane	0.000	0	0	0.000	Linear	0.000000e+00	0.000000e+00	0.000000e+00	0.000000e+00	0	0	0.000	0.000

[Compound Results(Ch2)]
# of IDs	5
ID#	Name	R.Time	Area	Height	Conc.	Curve	3rd	2nd	1st	Constant	Area Ratio	Height Ratio	Conc. %	Norm Conc.
1	Hydrogen	0.000	0	0	0.000	Linear	0.000000e+00	0.000000e+00	0.000000e+00	0.000000e+00	0	0	0.000	0.000
2	Oxygen	0.000	0	0	0.000	Linear	0.000000e+00	0.000000e+00	0.000000e+00	0.000000e+00	0	0	0.000	0.000
3	Nitrogen	0.000	0	0	0.000	Linear	0.000000e+00	0.000000e+00	0.000000e+00	0.000000e+00	0	0	0.000	0.000
4	Methane	0.000	0	0	0.000	Linear	0.000000e+00	0.000000e+00	0.000000e+00	0.000000e+00	0	0	0.000	0.000
5	Carbon Monoxide	0.000	0	0	0.000	Linear	0.000000e+00	0.000000e+00	0.000000e+00	0.000000e+00	0	0	0.000	0.000

[Compound Results(Ch3)]
# of IDs	2
ID#	Name	R.Time	Area	Height	Conc.	Curve	3rd	2nd	1st	Constant	Area Ratio	Height Ratio	Conc. %	Norm Conc.
1	N2O	2.880	62482	15881	1.000	Linear	0.000000e+00	0.000000e+00	6.248162e+004	0.000000e+00	0	0	50.000	50.000
2	SF6	3.353	15311	627	1.000	Linear	0.000000e+00	0.000000e+00	1.531053e+004	0.000000e+00	0	0	50.000	50.000

[Group Results(Ch1)]
# of Groups	0

[Group Results(Ch2)]
# of Groups	0

[Group Results(Ch3)]
# of Groups	0

[Chromatogram (Ch1)]
Interval(msec)	220
# of Points	1091
Start Time(min)	0.002
End Time(min)	3.998
R.Time (min)	Intensity
0.00167	-3
0.00533	-10
0.00900	-15
0.01267	-17
0.01633	-17
0.02000	-15
0.02367	-12
0.02733	-8
0.03100	-2
0.03467	8
0.03833	16
0.04200	17
0.04567	9
0.04933	-4
0.05300	-17
0.05667	-28
0.06033	-32
0.06400	-33
0.06767	-29
0.07133	-25
0.07500	-23
0.07867	-23
0.08233	-22
0.08600	-16
0.08967	-6
0.09333	2
0.09700	7
0.10067	7
0.10433	0
0.10800	-7
0.11167	-8
0.11533	-5
0.11900	-2
0.12267	-4
0.12633	-10
0.13000	-17
0.13367	-25
0.13733	-31
0.14100	-36
0.14467	-40
0.14833	-45
0.15200	-45
0.15567	-43
0.15933	-41
0.16300	-38
0.16667	-34
0.17033	-32
0.17400	-29
0.17767	-25
0.18133	-22
0.18500	-20
0.18867	-22
0.19233	-24
0.19600	-23
0.19967	-19
0.20333	-14
0.20700	-12
0.21067	-12
0.21433	-11
0.21800	-8
0.22167	-3
0.22533	2
0.22900	7
0.23267	6
0.23633	0
0.24000	-8
0.24367	-17
0.24733	-24
0.25100	-30
0.25467	-34
0.25833	-37
0.26200	-37
0.26567	-36
0.26933	-32
0.27300	-31
0.27667	-28
0.28033	-24
0.28400	-21
0.28767	-18
0.29133	-12
0.29500	-7
0.29867	-3
0.30233	-1
0.30600	-5
0.30967	-12
0.31333	-18
0.31700	-21
0.32067	-23
0.32433	-22
0.32800	-22
0.33167	-25
0.33533	-30
0.33900	-36
0.34267	-40
0.34633	-37
0.35000	-32
0.35367	-26
0.35733	-21
0.36100	-21
0.36467	-26
0.36833	-31
0.37200	-33
0.37567	-34
0.37933	-31
0.38300	-28
0.38667	-29
0.39033	-32
0.39400	-33
0.39767	-32
0.40133	-25
0.40500	-14
0.40867	-4
0.41233	-1
0.41600	-2
0.41967	-11
0.42333	-23
0.42700	-32
0.43067	-39
0.43433	-46
0.43800	-54
0.44167	-61
0.44533	-65
0.44900	-66
0.45267	-61
0.45633	-52
0.46000	-43
0.46367	-38
0.46733	-35
0.47100	-32
0.47467	-30
0.47833	-35
0.48200	-43
0.48567	-50
0.48933	-54
0.49300	-52
0.49667	-49
0.50033	-48
0.50400	-52
0.50767	-59
0.51133	-66
0.51500	-69
0.51867	-67
0.52233	-63
0.52600	-56
0.52967	-50
0.53333	-48
0.53700	-50
0.54067	-55
0.54433	-58
0.54800	-59
0.55167	-59
0.55533	-56
0.55900	-49
0.56267	-43
0.56633	-40
0.57000	-43
0.57367	-48
0.57733	-50
0.58100	-48
0.58467	-41
0.58833	-33
0.59200	-31
0.59567	-36
0.59933	-43
0.60300	-48
0.60667	-51
0.61033	-50
0.61400	-49
0.61767	-49
0.62133	-50
0.62500	-56
0.62867	-60
0.63233	-57
0.63600	-49
0.63967	-44
0.64333	-43
0.64700	-46
0.65067	-51
0.65433	-56
0.65800	-60
0.66167	-62
0.66533	-59
0.66900	-54
0.67267	-49
0.67633	-44
0.68000	-40
0.68367	-41
0.68733	-45
0.69100	-53
0.69467	-61
0.69833	-68
0.70200	-73
0.70567	-73
0.70933	-70
0.71300	-70
0.71667	-70
0.72033	-68
0.72400	-69
0.72767	-72
0.73133	-75
0.73500	-77
0.73867	-73
0.74233	-65
0.74600	-59
0.74967	-57
0.75333	-56
0.75700	-58
0.76067	-60
0.76433	-61
0.76800	-63
0.77167	-65
0.77533	-65
0.77900	-64
0.78267	-62
0.78633	-61
0.79000	-62
0.79367	-63
0.79733	-66
0.80100	-68
0.80467	-72
0.80833	-75
0.81200	-78
0.81567	-80
0.81933	-79
0.82300	-78
0.82667	-76
0.83033	-70
0.83400	-62
0.83767	-56
0.84133	-52
0.84500	-50
0.84867	-53
0.85233	-57
0.85600	-61
0.85967	-65
0.86333	-68
0.86700	-67
0.87067	-68
0.87433	-70
0.87800	-73
0.88167	-76
0.88533	-81
0.88900	-84
0.89267	-85
0.89633	-87
0.90000	-89
0.90367	-87
0.90733	-81
0.91100	-71
0.91467	-58
0.91833	-43
0.92200	-33
0.92567	-36
0.92933	-52
0.93300	-74
0.93667	-91
0.94033	-103
0.94400	-109
0.94767	-111
0.95133	-112
0.95500	-110
0.95867	-106
0.96233	-100
0.96600	-94
0.96967	-89
0.97333	-87
0.97700	-85
0.98067	-83
0.98433	-82
0.98800	-82
0.99167	-85
0.99533	-89
0.99900	-92
1.00267	-92
1.00633	-89
1.01000	-82
1.01367	-69
1.01733	-58
1.02100	-59
1.02467	-68
1.02833	-77
1.03200	-82
1.03567	-87
1.03933	-95
1.04300	-101
1.04667	-104
1.05033	-104
1.05400	-100
1.05767	-93
1.06133	-90
1.06500	-89
1.06867	-92
1.07233	-99
1.07600	-107
1.07967	-112
1.08333	-115
1.08700	-113
1.09067	-112
1.09433	-110
1.09800	-103
1.10167	-91
1.10533	-81
1.10900	-79
1.11267	-85
1.11633	-93
1.12000	-98
1.12367	-97
1.12733	-92
1.13100	-87
1.13467	-79
1.13833	-68
1.14200	-57
1.14567	-51
1.14933	-48
1.15300	-46
1.15667	-44
1.16033	-42
1.16400	-43
1.16767	-45
1.17133	-46
1.17500	-47
1.17867	-48
1.18233	-47
1.18600	-50
1.18967	-55
1.19333	-61
1.19700	-66
1.20067	-69
1.20433	-67
1.20800	-63
1.21167	-59
1.21533	-59
1.21900	-63
1.22267	-69
1.22633	-71
1.23000	-66
1.23367	-61
1.23733	-58
1.24100	-58
1.24467	-58
1.24833	-60
1.25200	-61
1.25567	-64
1.25933	-66
1.26300	-66
1.26667	-64
1.27033	-62
1.27400	-61
1.27767	-62
1.28133	-64
1.28500	-67
1.28867	-71
1.29233	-69
1.29600	-61
1.29967	-51
1.30333	-45
1.30700	-43
1.31067	-46
1.31433	-51
1.31800	-57
1.32167	-63
1.32533	-70
1.32900	-75
1.33267	-78
1.33633	-77
1.34000	-73
1.34367	-70
1.34733	-68
1.35100	-66
1.35467	-64
1.35833	-59
1.36200	-53
1.36567	-50
1.36933	-52
1.37300	-58
1.37667	-64
1.38033	-69
1.38400	-74
1.38767	-77
1.39133	-77
1.39500	-78
1.39867	-81
1.40233	-82
1.40600	-79
1.40967	-75
1.41333	-73
1.41700	-73
1.42067	-76
1.42433	-80
1.42800	-84
1.43167	-86
1.43533	-85
1.43900	-67
1.44267	18
1.44633	245
1.45000	589
1.45367	947
1.45733	1237
1.46100	1427
1.46467	1526
1.46833	1560
1.47200	1547
1.47567	1500
1.47933	1426
1.48300	1324
1.48667	1187
1.49033	1020
1.49400	842
1.49767	670
1.50133	519
1.50500	394
1.50867	291
1.51233	210
1.51600	147
1.51967	97
1.52333	58
1.52700	28
1.53067	9
1.53433	-1
1.53800	24
1.54167	212
1.54533	835
1.54900	2134
1.55267	4010
1.55633	6061
1.56000	7894
1.56367	9300
1.56733	10176
1.57100	10393
1.57467	9837
1.57833	8581
1.58200	6922
1.58567	5223
1.58933	3738
1.59300	2566
1.59667	1700
1.60033	1090
1.60400	676
1.60767	404
1.61133	229
1.61500	119
1.61867	50
1.62233	6
1.62600	-23
1.62967	-43
1.63333	-55
1.63700	-61
1.64067	-63
1.64433	-65
1.64800	-68
1.65167	-73
1.65533	-80
1.65900	-93
1.66267	-107
1.66633	-118
1.67000	-123
1.67367	-122
1.67733	-119
1.68100	-114
1.68467	-111
1.68833	-108
1.69200	-107
1.69567	-108
1.69933	-111
1.70300	-112
1.70667	-112
1.71033	-112
1.71400	-112
1.71767	-114
1.72133	-116
1.72500	-115
1.72867	-114
1.73233	-112
1.73600	-109
1.73967	-105
1.74333	-101
1.74700	-100
1.75067	-100
1.75433	-99
1.75800	-96
1.76167	-94
1.76533	-92
1.76900	-87
1.77267	-82
1.77633	-80
1.78000	-79
1.78367	-76
1.78733	-72
1.79100	-72
1.79467	-79
1.79833	-88
1.80200	-99
1.80567	-108
1.80933	-113
1.81300	-118
1.81667	-122
1.82033	-124
1.82400	-125
1.82767	-124
1.83133	-119
1.83500	-110
1.83867	-103
1.84233	-103
1.84600	-108
1.84967	-116
1.85333	-120
1.85700	-121
1.86067	-117
1.86433	-112
1.86800	-108
1.87167	-104
1.87533	-102
1.87900	-102
1.88267	-103
1.88633	-102
1.89000	-102
1.89367	-104
1.89733	-106
1.90100	-109
1.90467	-112
1.90833	-111
1.91200	-110
1.91567	-109
1.91933	-109
1.92300	-109
1.92667	-108
1.93033	-105
1.93400	-97
1.93767	-85
1.94133	-73
1.94500	-67
1.94867	-67
1.95233	-61
1.95600	18
1.95967	569
1.96333	3401
1.96700	14322
1.97067	46415
1.97433	118994
1.97800	246515
1.98167	423716
1.98533	623315
1.98900	809618
1.99267	952066
1.99633	1031008
2.00000	1037232
2.00367	972974
2.00733	853119
2.01100	702003
2.01467	545721
2.01833	404487
2.02200	288901
2.02567	200957
2.02933	137474
2.03300	93304
2.03667	63313
2.04033	43254
2.04400	29937
2.04767	21108
2.05133	15231
2.05500	11281
2.05867	8588
2.06233	6717
2.06600	5390
2.06967	4429
2.07333	3716
2.07700	3176
2.08067	2756
2.08433	2419
2.08800	2145
2.09167	1925
2.09533	1746
2.09900	1595
2.10267	1463
2.10633	1344
2.11000	1236
2.11367	1141
2.11733	1059
2.12100	991
2.12467	932
2.12833	881
2.13200	833
2.13567	788
2.13933	749
2.14300	713
2.14667	681
2.15033	651
2.15400	620
2.15767	590
2.16133	563
2.16500	540
2.16867	522
2.17233	505
2.17600	490
2.17967	473
2.18333	452
2.18700	430
2.19067	413
2.19433	398
2.19800	382
2.20167	363
2.20533	345
2.20900	331
2.21267	321
2.21633	311
2.22000	302
2.22367	294
2.22733	287
2.23100	281
2.23467	276
2.23833	269
2.24200	263
2.24567	261
2.24933	258
2.25300	254
2.25667	246
2.26033	236
2.26400	226
2.26767	217
2.27133	210
2.27500	205
2.27867	202
2.28233	197
2.28600	191
2.28967	185
2.29333	178
2.29700	172
2.30067	168
2.30433	165
2.30800	163
2.31167	157
2.31533	149
2.31900	139
2.32267	132
2.32633	131
2.33000	133
2.33367	135
2.33733	138
2.34100	141
2.34467	143
2.34833	142
2.35200	140
2.35567	136
2.35933	129
2.36300	120
2.36667	114
2.37033	113
2.37400	116
2.37767	121
2.38133	123
2.38500	121
2.38867	118
2.39233	111
2.39600	104
2.39967	105
2.40333	106
2.40700	106
2.41067	108
2.41433	111
2.41800	110
2.42167	106
2.42533	102
2.42900	100
2.43267	98
2.43633	97
2.44000	96
2.44367	94
2.44733	92
2.45100	92
2.45467	90
2.45833	81
2.46200	70
2.46567	61
2.46933	60
2.47300	66
2.47667	75
2.48033	81
2.48400	81
2.48767	77
2.49133	71
2.49500	67
2.49867	65
2.50233	63
2.50600	62
2.50967	63
2.51333	66
2.51700	68
2.52067	66
2.52433	59
2.52800	54
2.53167	49
2.53533	44
2.53900	42
2.54267	41
2.54633	41
2.55000	40
2.55367	39
2.55733	43
2.56100	46
2.56467	49
2.56833	49
2.57200	47
2.57567	43
2.57933	38
2.58300	36
2.58667	35
2.59033	37
2.59400	36
2.59767	29
2.60133	18
2.60500	11
2.60867	8
2.61233	10
2.61600	14
2.61967	18
2.62333	21
2.62700	21
2.63067	21
2.63433	19
2.63800	15
2.64167	8
2.64533	4
2.64900	3
2.65267	8
2.65633	17
2.66000	23
2.66367	25
2.66733	23
2.67100	18
2.67467	15
2.67833	15
2.68200	14
2.68567	11
2.68933	10
2.69300	11
2.69667	10
2.70033	7
2.70400	4
2.70767	4
2.71133	4
2.71500	4
2.71867	4
2.72233	4
2.72600	3
2.72967	6
2.73333	11
2.73700	16
2.74067	20
2.74433	21
2.74800	20
2.75167	15
2.75533	7
2.75900	-1
2.76267	-6
2.76633	-13
2.77000	-19
2.77367	-21
2.77733	-23
2.78100	-27
2.78467	-31
2.78833	-35
2.79200	-36
2.79567	-37
2.79933	-38
2.80300	-40
2.80667	-40
2.81033	-36
2.81400	-26
2.81767	-17
2.82133	-9
2.82500	-4
2.82867	-2
2.83233	2
2.83600	7
2.83967	9
2.84333	7
2.84700	3
2.85067	1
2.85433	2
2.85800	2
2.86167	1
2.86533	-3
2.86900	-12
2.87267	-21
2.87633	-28
2.88000	-32
2.88367	-33
2.88733	-30
2.89100	-24
2.89467	-17
2.89833	-8
2.90200	-1
2.90567	-1
2.90933	-8
2.91300	-15
2.91667	-17
2.92033	-14
2.92400	-15
2.92767	-17
2.93133	-19
2.93500	-21
2.93867	-23
2.94233	-26
2.94600	-26
2.94967	-21
2.95333	-17
2.95700	-17
2.96067	-21
2.96433	-25
2.96800	-29
2.97167	-34
2.97533	-35
2.97900	-33
2.98267	-31
2.98633	-31
2.99000	-33
2.99367	-36
2.99733	-37
3.00100	-35
3.00467	-31
3.00833	-28
3.01200	-27
3.01567	-26
3.01933	-27
3.02300	-28
3.02667	-30
3.03033	-34
3.03400	-41
3.03767	-50
3.04133	-55
3.04500	-54
3.04867	-47
3.05233	-44
3.05600	-44
3.05967	-47
3.06333	-50
3.06700	-50
3.07067	-44
3.07433	-37
3.07800	-35
3.08167	-39
3.08533	-45
3.08900	-51
3.09267	-56
3.09633	-58
3.10000	-56
3.10367	-52
3.10733	-52
3.11100	-55
3.11467	-58
3.11833	-56
3.12200	-52
3.12567	-48
3.12933	-44
3.13300	-41
3.13667	-40
3.14033	-39
3.14400	-38
3.14767	-35
3.15133	-35
3.15500	-39
3.15867	-42
3.16233	-43
3.16600	-45
3.16967	-48
3.17333	-49
3.17700	-49
3.18067	-48
3.18433	-49
3.18800	-51
3.19167	-52
3.19533	-51
3.19900	-50
3.20267	-51
3.20633	-52
3.21000	-50
3.21367	-49
3.21733	-51
3.22100	-53
3.22467	-56
3.22833	-59
3.23200	-60
3.23567	-58
3.23933	-56
3.24300	-57
3.24667	-58
3.25033	-59
3.25400	-58
3.25767	-56
3.26133	-53
3.26500	-51
3.26867	-51
3.27233	-53
3.27600	-53
3.27967	-51
3.28333	-49
3.28700	-48
3.29067	-46
3.29433	-46
3.29800	-51
3.30167	-60
3.30533	-66
3.30900	-69
3.31267	-68
3.31633	-65
3.32000	-60
3.32367	-55
3.32733	-50
3.33100	-46
3.33467	-43
3.33833	-38
3.34200	-36
3.34567	-37
3.34933	-38
3.35300	-39
3.35667	-42
3.36033	-49
3.36400	-56
3.36767	-64
3.37133	-69
3.37500	-71
3.37867	-71
3.38233	-69
3.38600	-65
3.38967	-62
3.39333	-59
3.39700	-55
3.40067	-54
3.40433	-56
3.40800	-60
3.41167	-65
3.41533	-69
3.41900	-72
3.42267	-71
3.42633	-67
3.43000	-62
3.43367	-58
3.43733	-55
3.44100	-55
3.44467	-55
3.44833	-56
3.45200	-55
3.45567	-55
3.45933	-58
3.46300	-62
3.46667	-65
3.47033	-69
3.47400	-71
3.47767	-70
3.48133	-66
3.48500	-61
3.48867	-55
3.49233	-48
3.49600	-44
3.49967	-44
3.50333	-45
3.50700	-48
3.51067	-51
3.51433	-54
3.51800	-54
3.52167	-51
3.52533	-48
3.52900	-48
3.53267	-46
3.53633	-45
3.54000	-46
3.54367	-48
3.54733	-51
3.55100	-56
3.55467	-61
3.55833	-65
3.56200	-64
3.56567	-57
3.56933	-49
3.57300	-44
3.57667	-43
3.58033	-44
3.58400	-47
3.58767	-52
3.59133	-56
3.59500	-60
3.59867	-64
3.60233	-68
3.60600	-70
3.60967	-70
3.61333	-69
3.61700	-68
3.62067	-68
3.62433	-67
3.62800	-64
3.63167	-63
3.63533	-63
3.63900	-65
3.64267	-68
3.64633	-69
3.65000	-69
3.65367	-67
3.65733	-65
3.66100	-65
3.66467	-67
3.66833	-64
3.67200	-59
3.67567	-56
3.67933	-57
3.68300	-60
3.68667	-62
3.69033	-62
3.69400	-59
3.69767	-55
3.70133	-53
3.70500	-56
3.70867	-60
3.71233	-63
3.71600	-65
3.71967	-64
3.72333	-64
3.72700	-64
3.73067	-63
3.73433	-62
3.73800	-59
3.74167	-57
3.74533	-55
3.74900	-51
3.75267	-49
3.75633	-49
3.76000	-50
3.76367	-50
3.76733	-50
3.77100	-50
3.77467	-48
3.77833	-45
3.78200	-43
3.78567	-44
3.78933	-47
3.79300	-51
3.79667	-54
3.80033	-55
3.80400	-54
3.80767	-54
3.81133	-58
3.81500	-62
3.81867	-66
3.82233	-69
3.82600	-72
3.82967	-71
3.83333	-67
3.83700	-66
3.84067	-68
3.84433	-68
3.84800	-66
3.85167	-65
3.85533	-65
3.85900	-65
3.86267	-65
3.86633	-65
3.87000	-63
3.87367	-60
3.87733	-59
3.88100	-61
3.88467	-65
3.88833	-70
3.89200	-75
3.89567	-75
3.89933	-74
3.90300	-73
3.90667	-72
3.91033	-71
3.91400	-69
3.91767	-65
3.92133	-60
3.92500	-56
3.92867	-54
3.93233	-54
3.93600	-53
3.93967	-53
3.94333	-53
3.94700	-55
3.95067	-57
3.95433	-59
3.95800	-64
3.96167	-67
3.96533	-66
3.96900	-65
3.97267	-65
3.97633	-62
3.98000	-61
3.98367	-63
3.98733	-66
3.99100	-67
3.99467	-66
3.99833	-65

[Chromatogram (Ch2)]
Interval(msec)	220
# of Points	1091
Start Time(min)	0.002
End Time(min)	3.998
R.Time (min)	Intensity
0.00167	1
0.00533	1
0.00900	1
0.01267	1
0.01633	1
0.02000	1
0.02367	0
0.02733	0
0.03100	-0
0.03467	-0
0.03833	-0
0.04200	-1
0.04567	-1
0.04933	-1
0.05300	-1
0.05667	-1
0.06033	-1
0.06400	-1
0.06767	-0
0.07133	-0
0.07500	0
0.07867	0
0.08233	-0
0.08600	-0
0.08967	-0
0.09333	0
0.09700	0
0.10067	0
0.10433	0
0.10800	-0
0.11167	-0
0.11533	-1
0.11900	-1
0.12267	-1
0.12633	-2
0.13000	-2
0.13367	-2
0.13733	-2
0.14100	-2
0.14467	-1
0.14833	-1
0.15200	-1
0.15567	-1
0.15933	-1
0.16300	-1
0.16667	-2
0.17033	-2
0.17400	-2
0.17767	-2
0.18133	-2
0.18500	-2
0.18867	-2
0.19233	-2
0.19600	-2
0.19967	-2
0.20333	-2
0.20700	-1
0.21067	-1
0.21433	-1
0.21800	-1
0.22167	-1
0.22533	-1
0.22900	-1
0.23267	-1
0.23633	-1
0.24000	-1
0.24367	-1
0.24733	-1
0.25100	-0
0.25467	-0
0.25833	0
0.26200	0
0.26567	0
0.26933	0
0.27300	-0
0.27667	-0
0.28033	-0
0.28400	-0
0.28767	-0
0.29133	-0
0.29500	-1
0.29867	-1
0.30233	-1
0.30600	-1
0.30967	-1
0.31333	-1
0.31700	-1
0.32067	-1
0.32433	-1
0.32800	-1
0.33167	-0
0.33533	-0
0.33900	-0
0.34267	-0
0.34633	-0
0.35000	-0
0.35367	-1
0.35733	-1
0.36100	-1
0.36467	-1
0.36833	-1
0.37200	-1
0.37567	-1
0.37933	-1
0.38300	-1
0.38667	-2
0.39033	-2
0.39400	-2
0.39767	-3
0.40133	-3
0.40500	-3
0.40867	-3
0.41233	-3
0.41600	-3
0.41967	-3
0.42333	-3
0.42700	-3
0.43067	-3
0.43433	-3
0.43800	-2
0.44167	-2
0.44533	-2
0.44900	-2
0.45267	-2
0.45633	-2
0.46000	-2
0.46367	-2
0.46733	-2
0.47100	-2
0.47467	-3
0.47833	-3
0.48200	-3
0.48567	-3
0.48933	-3
0.49300	-3
0.49667	-3
0.50033	-3
0.50400	-3
0.50767	-4
0.51133	-4
0.51500	-4
0.51867	-5
0.52233	-5
0.52600	-5
0.52967	-5
0.53333	-6
0.53700	-6
0.54067	-6
0.54433	-6
0.54800	-6
0.55167	-6
0.55533	-6
0.55900	-6
0.56267	-6
0.56633	-6
0.57000	-6
0.57367	-6
0.57733	-5
0.58100	-5
0.58467	-5
0.58833	-5
0.59200	-5
0.59567	-5
0.59933	-4
0.60300	-4
0.60667	-4
0.61033	-4
0.61400	-4
0.61767	-4
0.62133	-4
0.62500	-3
0.62867	-3
0.63233	-2
0.63600	-2
0.63967	-1
0.64333	-1
0.64700	-0
0.65067	-0
0.65433	0
0.65800	0
0.66167	1
0.66533	1
0.66900	1
0.67267	1
0.67633	1
0.68000	0
0.68367	0
0.68733	-0
0.69100	-0
0.69467	-1
0.69833	-1
0.70200	-2
0.70567	-2
0.70933	-3
0.71300	-3
0.71667	-3
0.72033	-4
0.72400	-4
0.72767	-4
0.73133	-4
0.73500	-4
0.73867	-4
0.74233	-4
0.74600	-4
0.74967	-4
0.75333	-4
0.75700	-4
0.76067	-4
0.76433	-4
0.76800	-4
0.77167	-4
0.77533	-4
0.77900	-4
0.78267	-4
0.78633	-4
0.79000	-4
0.79367	-4
0.79733	-4
0.80100	-4
0.80467	-4
0.80833	-4
0.81200	-4
0.81567	-4
0.81933	-4
0.82300	-4
0.82667	-4
0.83033	-4
0.83400	-4
0.83767	-4
0.84133	-4
0.84500	-4
0.84867	-4
0.85233	-4
0.85600	-4
0.85967	-4
0.86333	-4
0.86700	-3
0.87067	-3
0.87433	-3
0.87800	-3
0.88167	-3
0.88533	-3
0.88900	-3
0.89267	-3
0.89633	-4
0.90000	-4
0.90367	-4
0.90733	-4
0.91100	-4
0.91467	-4
0.91833	-4
0.92200	-4
0.92567	-4
0.92933	-4
0.93300	-4
0.93667	-4
0.94033	-4
0.94400	-4
0.94767	-4
0.95133	-4
0.95500	-5
0.95867	-5
0.96233	-5
0.96600	-5
0.96967	-5
0.97333	-5
0.97700	-5
0.98067	-5
0.98433	-5
0.98800	-4
0.99167	-4
0.99533	-4
0.99900	-5
1.00267	-5
1.00633	-5
1.01000	-5
1.01367	-5
1.01733	-5
1.02100	-5
1.02467	-5
1.02833	-6
1.03200	-6
1.03567	-6
1.03933	-6
1.04300	-6
1.04667	-6
1.05033	-7
1.05400	-7
1.05767	-7
1.06133	-7
1.06500	-7
1.06867	-7
1.07233	-7
1.07600	-7
1.07967	-7
1.08333	-7
1.08700	-7
1.09067	-7
1.09433	-7
1.09800	-7
1.10167	-7
1.10533	-7
1.10900	-6
1.11267	-6
1.11633	-6
1.12000	-6
1.12367	-6
1.12733	-6
1.13100	-6
1.13467	-6
1.13833	-6
1.14200	-5
1.14567	-5
1.14933	-5
1.15300	-4
1.15667	-4
1.16033	-4
1.16400	-4
1.16767	-4
1.17133	-4
1.17500	-4
1.17867	-4
1.18233	-4
1.18600	-4
1.18967	-4
1.19333	-4
1.19700	-4
1.20067	-4
1.20433	-3
1.20800	-4
1.21167	-4
1.21533	-4
1.21900	-4
1.22267	-4
1.22633	-5
1.23000	-5
1.23367	-6
1.23733	-6
1.24100	-6
1.24467	-6
1.24833	-7
1.25200	-7
1.25567	-7
1.25933	-7
1.26300	-7
1.26667	-7
1.27033	-7
1.27400	-7
1.27767	-6
1.28133	-5
1.28500	-5
1.28867	-4
1.29233	-3
1.29600	-3
1.29967	-3
1.30333	-3
1.30700	-3
1.31067	-3
1.31433	-4
1.31800	-4
1.32167	-5
1.32533	-5
1.32900	-5
1.33267	-6
1.33633	-6
1.34000	-6
1.34367	-6
1.34733	-6
1.35100	-7
1.35467	-7
1.35833	-7
1.36200	-8
1.36567	-8
1.36933	-8
1.37300	-8
1.37667	-8
1.38033	-7
1.38400	-7
1.38767	-6
1.39133	-6
1.39500	-6
1.39867	-6
1.40233	-6
1.40600	-5
1.40967	-5
1.41333	-5
1.41700	-5
1.42067	-6
1.42433	-6
1.42800	-6
1.43167	-6
1.43533	-6
1.43900	-6
1.44267	-6
1.44633	-6
1.45000	-6
1.45367	-6
1.45733	-6
1.46100	-6
1.46467	-6
1.46833	-6
1.47200	-6
1.47567	-6
1.47933	-6
1.48300	-6
1.48667	-6
1.49033	-6
1.49400	-6
1.49767	-6
1.50133	-5
1.50500	-5
1.50867	-5
1.51233	-4
1.51600	-4
1.51967	-4
1.52333	-4
1.52700	-4
1.53067	-3
1.53433	-3
1.53800	-3
1.54167	-3
1.54533	-3
1.54900	-3
1.55267	-3
1.55633	-3
1.56000	-3
1.56367	-3
1.56733	-3
1.57100	-2
1.57467	-2
1.57833	-2
1.58200	-2
1.58567	-2
1.58933	-3
1.59300	-3
1.59667	-4
1.60033	-5
1.60400	-6
1.60767	-7
1.61133	-9
1.61500	-11
1.61867	-13
1.62233	-15
1.62600	-18
1.62967	-21
1.63333	-24
1.63700	-28
1.64067	-31
1.64433	-35
1.64800	-39
1.65167	-43
1.65533	-47
1.65900	-51
1.66267	-56
1.66633	-61
1.67000	-67
1.67367	-72
1.67733	-78
1.68100	-83
1.68467	-88
1.68833	-92
1.69200	-96
1.69567	-99
1.69933	-102
1.70300	-104
1.70667	-106
1.71033	-108
1.71400	-109
1.71767	-111
1.72133	-112
1.72500	-113
1.72867	-114
1.73233	-115
1.73600	-117
1.73967	-118
1.74333	-119
1.74700	-120
1.75067	-120
1.75433	-120
1.75800	-120
1.76167	-120
1.76533	-119
1.76900	-119
1.77267	-119
1.77633	-119
1.78000	-120
1.78367	-121
1.78733	-123
1.79100	-124
1.79467	-126
1.79833	-127
1.80200	-128
1.80567	-128
1.80933	-128
1.81300	-127
1.81667	-127
1.82033	-126
1.82400	-125
1.82767	-124
1.83133	-123
1.83500	-123
1.83867	-123
1.84233	-123
1.84600	-124
1.84967	-124
1.85333	-124
1.85700	-124
1.86067	-124
1.86433	-124
1.86800	-124
1.87167	-125
1.87533	-125
1.87900	-125
1.88267	-125
1.88633	-125
1.89000	-126
1.89367	-126
1.89733	-126
1.90100	-126
1.90467	-125
1.90833	-125
1.91200	-125
1.91567	-124
1.91933	-124
1.92300	-124
1.92667	-124
1.93033	-124
1.93400	-124
1.93767	-123
1.94133	-122
1.94500	-122
1.94867	-121
1.95233	-121
1.95600	-121
1.95967	-121
1.96333	-120
1.96700	-120
1.97067	-120
1.97433	-120
1.97800	-120
1.98167	-120
1.98533	-120
1.98900	-120
1.99267	-120
1.99633	-119
2.00000	-119
2.00367	-119
2.00733	-119
2.01100	-119
2.01467	-119
2.01833	-119
2.02200	-119
2.02567	-119
2.02933	-119
2.03300	-119
2.03667	-118
2.04033	-118
2.04400	-118
2.04767	-117
2.05133	-117
2.05500	-117
2.05867	-117
2.06233	-116
2.06600	-116
2.06967	-115
2.07333	-115
2.07700	-114
2.08067	-113
2.08433	-113
2.08800	-112
2.09167	-111
2.09533	-110
2.09900	-110
2.10267	-110
2.10633	-110
2.11000	-109
2.11367	-109
2.11733	-108
2.12100	-108
2.12467	-107
2.12833	-107
2.13200	-107
2.13567	-107
2.13933	-106
2.14300	-106
2.14667	-106
2.15033	-105
2.15400	-105
2.15767	-105
2.16133	-105
2.16500	-105
2.16867	-105
2.17233	-105
2.17600	-105
2.17967	-104
2.18333	-104
2.18700	-104
2.19067	-103
2.19433	-103
2.19800	-102
2.20167	-102
2.20533	-102
2.20900	-102
2.21267	-102
2.21633	-101
2.22000	-101
2.22367	-101
2.22733	-100
2.23100	-100
2.23467	-100
2.23833	-100
2.24200	-99
2.24567	-99
2.24933	-99
2.25300	-99
2.25667	-98
2.26033	-98
2.26400	-98
2.26767	-98
2.27133	-98
2.27500	-98
2.27867	-97
2.28233	-97
2.28600	-96
2.28967	-95
2.29333	-95
2.29700	-95
2.30067	-95
2.30433	-95
2.30800	-95
2.31167	-95
2.31533	-95
2.31900	-94
2.32267	-94
2.32633	-94
2.33000	-94
2.33367	-94
2.33733	-93
2.34100	-93
2.34467	-92
2.34833	-91
2.35200	-90
2.35567	-89
2.35933	-89
2.36300	-89
2.36667	-88
2.37033	-87
2.37400	-86
2.37767	-84
2.38133	-81
2.38500	-78
2.38867	-74
2.39233	-70
2.39600	-65
2.39967	-60
2.40333	-55
2.40700	-50
2.41067	-45
2.41433	-40
2.41800	-36
2.42167	-32
2.42533	-29
2.42900	-27
2.43267	-24
2.43633	-22
2.44000	-19
2.44367	-17
2.44733	-15
2.45100	-13
2.45467	-11
2.45833	-9
2.46200	-8
2.46567	-7
2.46933	-7
2.47300	-6
2.47667	-6
2.48033	-5
2.48400	-4
2.48767	-3
2.49133	-2
2.49500	-1
2.49867	-1
2.50233	0
2.50600	1
2.50967	2
2.51333	2
2.51700	3
2.52067	3
2.52433	4
2.52800	5
2.53167	5
2.53533	6
2.53900	7
2.54267	8
2.54633	8
2.55000	9
2.55367	9
2.55733	10
2.56100	10
2.56467	10
2.56833	9
2.57200	9
2.57567	9
2.57933	9
2.58300	10
2.58667	10
2.59033	11
2.59400	11
2.59767	12
2.60133	12
2.60500	13
2.60867	13
2.61233	14
2.61600	14
2.61967	14
2.62333	15
2.62700	16
2.63067	16
2.63433	17
2.63800	17
2.64167	17
2.64533	17
2.64900	17
2.65267	17
2.65633	17
2.66000	17
2.66367	17
2.66733	17
2.67100	17
2.67467	17
2.67833	17
2.68200	17
2.68567	17
2.68933	17
2.69300	17
2.69667	17
2.70033	17
2.70400	17
2.70767	17
2.71133	17
2.71500	17
2.71867	17
2.72233	17
2.72600	17
2.72967	17
2.73333	17
2.73700	18
2.74067	18
2.74433	18
2.74800	19
2.75167	19
2.75533	19
2.75900	19
2.76267	20
2.76633	20
2.77000	20
2.77367	21
2.77733	21
2.78100	21
2.78467	21
2.78833	21
2.79200	21
2.79567	21
2.79933	20
2.80300	20
2.80667	20
2.81033	19
2.81400	19
2.81767	19
2.82133	19
2.82500	19
2.82867	18
2.83233	18
2.83600	18
2.83967	17
2.84333	16
2.84700	14
2.85067	10
2.85433	3
2.85800	-6
2.86167	-19
2.86533	-37
2.86900	-60
2.87267	-87
2.87633	-120
2.88000	-158
2.88367	-201
2.88733	-250
2.89100	-303
2.89467	-360
2.89833	-421
2.90200	-486
2.90567	-554
2.90933	-626
2.91300	-700
2.91667	-776
2.92033	-855
2.92400	-935
2.92767	-1018
2.93133	-1103
2.93500	-1188
2.93867	-1276
2.94233	-1364
2.94600	-1447
2.94967	-1512
2.95333	-1548
2.95700	-1549
2.96067	-1514
2.96433	-1449
2.96800	-1362
2.97167	-1260
2.97533	-1150
2.97900	-1038
2.98267	-928
2.98633	-823
2.99000	-725
2.99367	-635
2.99733	-554
3.00100	-481
3.00467	-416
3.00833	-358
3.01200	-308
3.01567	-265
3.01933	-227
3.02300	-194
3.02667	-165
3.03033	-141
3.03400	-120
3.03767	-102
3.04133	-87
3.04500	-74
3.04867	-63
3.05233	-53
3.05600	-45
3.05967	-38
3.06333	-32
3.06700	-26
3.07067	-22
3.07433	-18
3.07800	-15
3.08167	-12
3.08533	-10
3.08900	-8
3.09267	-6
3.09633	-5
3.10000	-3
3.10367	-2
3.10733	-0
3.11100	1
3.11467	2
3.11833	2
3.12200	3
3.12567	4
3.12933	4
3.13300	5
3.13667	5
3.14033	6
3.14400	6
3.14767	7
3.15133	8
3.15500	8
3.15867	8
3.16233	9
3.16600	9
3.16967	9
3.17333	10
3.17700	10
3.18067	10
3.18433	10
3.18800	10
3.19167	10
3.19533	11
3.19900	11
3.20267	11
3.20633	11
3.21000	11
3.21367	12
3.21733	12
3.22100	12
3.22467	12
3.22833	12
3.23200	13
3.23567	13
3.23933	13
3.24300	13
3.24667	14
3.25033	14
3.25400	14
3.25767	14
3.26133	14
3.26500	14
3.26867	14
3.27233	14
3.27600	14
3.27967	14
3.28333	14
3.28700	14
3.29067	15
3.29433	15
3.29800	15
3.30167	16
3.30533	16
3.30900	16
3.31267	17
3.31633	17
3.32000	18
3.32367	18
3.32733	19
3.33100	19
3.33467	20
3.33833	20
3.34200	20
3.34567	21
3.34933	21
3.35300	21
3.35667	22
3.36033	22
3.36400	22
3.36767	22
3.37133	22
3.37500	22
3.37867	22
3.38233	22
3.38600	22
3.38967	22
3.39333	22
3.39700	23
3.40067	23
3.40433	23
3.40800	23
3.41167	23
3.41533	23
3.41900	23
3.42267	23
3.42633	23
3.43000	23
3.43367	22
3.43733	22
3.44100	22
3.44467	22
3.44833	22
3.45200	22
3.45567	22
3.45933	22
3.46300	22
3.46667	22
3.47033	22
3.47400	22
3.47767	22
3.48133	22
3.48500	22
3.48867	22
3.49233	21
3.49600	21
3.49967	21
3.50333	21
3.50700	21
3.51067	21
3.51433	21
3.51800	20
3.52167	20
3.52533	20
3.52900	20
3.53267	20
3.53633	20
3.54000	20
3.54367	20
3.54733	20
3.55100	20
3.55467	20
3.55833	20
3.56200	20
3.56567	20
3.56933	20
3.57300	20
3.57667	20
3.58033	20
3.58400	20
3.58767	21
3.59133	21
3.59500	21
3.59867	21
3.60233	20
3.60600	20
3.60967	20
3.61333	20
3.61700	20
3.62067	20
3.62433	19
3.62800	19
3.63167	19
3.63533	19
3.63900	19
3.64267	19
3.64633	19
3.65000	19
3.65367	19
3.65733	19
3.66100	18
3.66467	18
3.66833	18
3.67200	18
3.67567	18
3.67933	19
3.68300	19
3.68667	19
3.69033	19
3.69400	19
3.69767	19
3.70133	19
3.70500	19
3.70867	19
3.71233	19
3.71600	18
3.71967	18
3.72333	18
3.72700	18
3.73067	18
3.73433	18
3.73800	18
3.74167	18
3.74533	18
3.74900	18
3.75267	18
3.75633	17
3.76000	17
3.76367	17
3.76733	17
3.77100	17
3.77467	17
3.77833	17
3.78200	17
3.78567	17
3.78933	17
3.79300	17
3.79667	18
3.80033	18
3.80400	18
3.80767	18
3.81133	18
3.81500	19
3.81867	19
3.82233	20
3.82600	20
3.82967	20
3.83333	20
3.83700	20
3.84067	20
3.84433	20
3.84800	20
3.85167	20
3.85533	20
3.85900	19
3.86267	19
3.86633	19
3.87000	19
3.87367	18
3.87733	18
3.88100	18
3.88467	18
3.88833	17
3.89200	17
3.89567	17
3.89933	17
3.90300	17
3.90667	17
3.91033	17
3.91400	18
3.91767	18
3.92133	18
3.92500	19
3.92867	19
3.93233	19
3.93600	20
3.93967	20
3.94333	20
3.94700	20
3.95067	20
3.95433	20
3.95800	20
3.96167	20
3.96533	20
3.96900	20
3.97267	20
3.97633	20
3.98000	20
3.98367	21
3.98733	21
3.99100	21
3.99467	21
3.99833	21

[Chromatogram (Ch3)]
Interval(msec)	220
# of Points	1091
Start Time(min)	0.002
End Time(min)	3.998
R.Time (min)	Intensity
0.00167	-1
0.00533	-0
0.00900	2
0.01267	7
0.01633	6
0.02000	4
0.02367	4
0.02733	4
0.03100	2
0.03467	3
0.03833	2
0.04200	1
0.04567	2
0.04933	3
0.05300	4
0.05667	3
0.06033	1
0.06400	1
0.06767	2
0.07133	1
0.07500	0
0.07867	-0
0.08233	0
0.08600	0
0.08967	1
0.09333	3
0.09700	5
0.10067	3
0.10433	1
0.10800	1
0.11167	1
0.11533	3
0.11900	4
0.12267	6
0.12633	5
0.13000	2
0.13367	-0
0.13733	-0
0.14100	1
0.14467	1
0.14833	-1
0.15200	-1
0.15567	-2
0.15933	1
0.16300	2
0.16667	5
0.17033	7
0.17400	7
0.17767	7
0.18133	6
0.18500	4
0.18867	5
0.19233	7
0.19600	8
0.19967	9
0.20333	10
0.20700	10
0.21067	12
0.21433	15
0.21800	17
0.22167	17
0.22533	14
0.22900	10
0.23267	8
0.23633	11
0.24000	15
0.24367	14
0.24733	13
0.25100	11
0.25467	10
0.25833	10
0.26200	10
0.26567	11
0.26933	13
0.27300	13
0.27667	12
0.28033	11
0.28400	11
0.28767	12
0.29133	15
0.29500	14
0.29867	13
0.30233	13
0.30600	14
0.30967	13
0.31333	11
0.31700	10
0.32067	11
0.32433	13
0.32800	13
0.33167	13
0.33533	14
0.33900	14
0.34267	15
0.34633	15
0.35000	14
0.35367	13
0.35733	14
0.36100	13
0.36467	13
0.36833	13
0.37200	12
0.37567	13
0.37933	14
0.38300	15
0.38667	17
0.39033	16
0.39400	13
0.39767	12
0.40133	14
0.40500	16
0.40867	19
0.41233	19
0.41600	18
0.41967	19
0.42333	18
0.42700	17
0.43067	15
0.43433	12
0.43800	11
0.44167	11
0.44533	11
0.44900	10
0.45267	9
0.45633	11
0.46000	14
0.46367	16
0.46733	17
0.47100	17
0.47467	16
0.47833	18
0.48200	19
0.48567	18
0.48933	17
0.49300	18
0.49667	16
0.50033	16
0.50400	16
0.50767	16
0.51133	18
0.51500	19
0.51867	19
0.52233	19
0.52600	20
0.52967	20
0.53333	19
0.53700	18
0.54067	19
0.54433	20
0.54800	20
0.55167	20
0.55533	20
0.55900	17
0.56267	14
0.56633	15
0.57000	19
0.57367	21
0.57733	21
0.58100	21
0.58467	22
0.58833	23
0.59200	22
0.59567	20
0.59933	20
0.60300	21
0.60667	19
0.61033	18
0.61400	18
0.61767	20
0.62133	21
0.62500	21
0.62867	20
0.63233	18
0.63600	20
0.63967	22
0.64333	23
0.64700	23
0.65067	23
0.65433	23
0.65800	23
0.66167	24
0.66533	26
0.66900	29
0.67267	31
0.67633	30
0.68000	30
0.68367	27
0.68733	25
0.69100	26
0.69467	27
0.69833	27
0.70200	27
0.70567	28
0.70933	31
0.71300	30
0.71667	29
0.72033	29
0.72400	29
0.72767	30
0.73133	32
0.73500	31
0.73867	27
0.74233	27
0.74600	26
0.74967	25
0.75333	26
0.75700	27
0.76067	27
0.76433	26
0.76800	28
0.77167	28
0.77533	28
0.77900	28
0.78267	28
0.78633	31
0.79000	33
0.79367	32
0.79733	31
0.80100	30
0.80467	29
0.80833	30
0.81200	32
0.81567	32
0.81933	33
0.82300	33
0.82667	32
0.83033	32
0.83400	32
0.83767	32
0.84133	31
0.84500	31
0.84867	30
0.85233	30
0.85600	32
0.85967	32
0.86333	31
0.86700	30
0.87067	31
0.87433	30
0.87800	28
0.88167	25
0.88533	23
0.88900	21
0.89267	21
0.89633	23
0.90000	24
0.90367	26
0.90733	30
0.91100	30
0.91467	30
0.91833	31
0.92200	33
0.92567	34
0.92933	34
0.93300	35
0.93667	35
0.94033	33
0.94400	33
0.94767	33
0.95133	35
0.95500	36
0.95867	36
0.96233	35
0.96600	33
0.96967	31
0.97333	32
0.97700	34
0.98067	34
0.98433	34
0.98800	35
0.99167	36
0.99533	37
0.99900	36
1.00267	35
1.00633	35
1.01000	35
1.01367	34
1.01733	34
1.02100	35
1.02467	35
1.02833	37
1.03200	38
1.03567	38
1.03933	39
1.04300	39
1.04667	38
1.05033	38
1.05400	41
1.05767	41
1.06133	40
1.06500	40
1.06867	39
1.07233	39
1.07600	39
1.07967	38
1.08333	36
1.08700	36
1.09067	38
1.09433	38
1.09800	40
1.10167	40
1.10533	40
1.10900	39
1.11267	39
1.11633	39
1.12000	39
1.12367	38
1.12733	38
1.13100	37
1.13467	37
1.13833	39
1.14200	39
1.14567	38
1.14933	38
1.15300	40
1.15667	43
1.16033	43
1.16400	43
1.16767	41
1.17133	41
1.17500	41
1.17867	40
1.18233	39
1.18600	41
1.18967	41
1.19333	41
1.19700	40
1.20067	41
1.20433	41
1.20800	42
1.21167	44
1.21533	44
1.21900	43
1.22267	43
1.22633	47
1.23000	50
1.23367	53
1.23733	54
1.24100	53
1.24467	52
1.24833	51
1.25200	51
1.25567	51
1.25933	51
1.26300	51
1.26667	49
1.27033	47
1.27400	45
1.27767	45
1.28133	45
1.28500	42
1.28867	39
1.29233	39
1.29600	41
1.29967	43
1.30333	45
1.30700	47
1.31067	48
1.31433	49
1.31800	48
1.32167	45
1.32533	41
1.32900	41
1.33267	40
1.33633	40
1.34000	39
1.34367	40
1.34733	40
1.35100	39
1.35467	40
1.35833	41
1.36200	40
1.36567	39
1.36933	38
1.37300	38
1.37667	39
1.38033	41
1.38400	43
1.38767	41
1.39133	41
1.39500	42
1.39867	45
1.40233	48
1.40600	48
1.40967	46
1.41333	47
1.41700	46
1.42067	44
1.42433	42
1.42800	42
1.43167	43
1.43533	45
1.43900	44
1.44267	43
1.44633	41
1.45000	39
1.45367	41
1.45733	43
1.46100	44
1.46467	44
1.46833	44
1.47200	45
1.47567	43
1.47933	42
1.48300	40
1.48667	39
1.49033	41
1.49400	42
1.49767	42
1.50133	42
1.50500	43
1.50867	43
1.51233	41
1.51600	39
1.51967	39
1.52333	41
1.52700	42
1.53067	42
1.53433	42
1.53800	41
1.54167	41
1.54533	39
1.54900	39
1.55267	40
1.55633	40
1.56000	37
1.56367	38
1.56733	41
1.57100	42
1.57467	43
1.57833	43
1.58200	42
1.58567	41
1.58933	40
1.59300	39
1.59667	37
1.60033	34
1.60400	32
1.60767	33
1.61133	35
1.61500	35
1.61867	33
1.62233	35
1.62600	37
1.62967	39
1.63333	40
1.63700	41
1.64067	41
1.64433	40
1.64800	41
1.65167	41
1.65533	40
1.65900	40
1.66267	40
1.66633	41
1.67000	42
1.67367	42
1.67733	45
1.68100	46
1.68467	45
1.68833	47
1.69200	49
1.69567	49
1.69933	52
1.70300	53
1.70667	53
1.71033	51
1.71400	51
1.71767	50
1.72133	49
1.72500	49
1.72867	50
1.73233	49
1.73600	49
1.73967	48
1.74333	49
1.74700	51
1.75067	53
1.75433	53
1.75800	52
1.76167	52
1.76533	51
1.76900	51
1.77267	51
1.77633	54
1.78000	56
1.78367	59
1.78733	59
1.79100	59
1.79467	59
1.79833	59
1.80200	59
1.80567	61
1.80933	64
1.81300	66
1.81667	67
1.82033	68
1.82400	68
1.82767	67
1.83133	67
1.83500	68
1.83867	67
1.84233	67
1.84600	67
1.84967	67
1.85333	71
1.85700	74
1.86067	74
1.86433	74
1.86800	73
1.87167	71
1.87533	70
1.87900	71
1.88267	70
1.88633	71
1.89000	70
1.89367	70
1.89733	69
1.90100	68
1.90467	70
1.90833	71
1.91200	73
1.91567	75
1.91933	77
1.92300	78
1.92667	78
1.93033	78
1.93400	78
1.93767	78
1.94133	78
1.94500	76
1.94867	75
1.95233	76
1.95600	78
1.95967	81
1.96333	82
1.96700	81
1.97067	82
1.97433	85
1.97800	88
1.98167	89
1.98533	90
1.98900	88
1.99267	87
1.99633	88
2.00000	90
2.00367	91
2.00733	90
2.01100	89
2.01467	90
2.01833	92
2.02200	92
2.02567	95
2.02933	97
2.03300	99
2.03667	99
2.04033	99
2.04400	100
2.04767	103
2.05133	106
2.05500	109
2.05867	110
2.06233	109
2.06600	109
2.06967	109
2.07333	110
2.07700	113
2.08067	114
2.08433	115
2.08800	118
2.09167	122
2.09533	122
2.09900	120
2.10267	121
2.10633	120
2.11000	119
2.11367	121
2.11733	121
2.12100	122
2.12467	122
2.12833	124
2.13200	128
2.13567	130
2.13933	131
2.14300	131
2.14667	134
2.15033	133
2.15400	134
2.15767	137
2.16133	137
2.16500	137
2.16867	135
2.17233	135
2.17600	135
2.17967	136
2.18333	134
2.18700	133
2.19067	135
2.19433	137
2.19800	139
2.20167	144
2.20533	147
2.20900	150
2.21267	151
2.21633	150
2.22000	150
2.22367	150
2.22733	149
2.23100	149
2.23467	149
2.23833	150
2.24200	153
2.24567	156
2.24933	159
2.25300	160
2.25667	162
2.26033	164
2.26400	167
2.26767	168
2.27133	169
2.27500	170
2.27867	170
2.28233	171
2.28600	174
2.28967	174
2.29333	174
2.29700	174
2.30067	175
2.30433	177
2.30800	179
2.31167	179
2.31533	179
2.31900	181
2.32267	184
2.32633	184
2.33000	182
2.33367	183
2.33733	187
2.34100	189
2.34467	190
2.34833	192
2.35200	193
2.35567	193
2.35933	193
2.36300	195
2.36667	196
2.37033	197
2.37400	197
2.37767	199
2.38133	200
2.38500	201
2.38867	204
2.39233	205
2.39600	203
2.39967	202
2.40333	203
2.40700	205
2.41067	206
2.41433	207
2.41800	209
2.42167	210
2.42533	211
2.42900	212
2.43267	215
2.43633	218
2.44000	220
2.44367	226
2.44733	236
2.45100	246
2.45467	249
2.45833	244
2.46200	233
2.46567	224
2.46933	216
2.47300	210
2.47667	204
2.48033	197
2.48400	187
2.48767	176
2.49133	164
2.49500	152
2.49867	143
2.50233	133
2.50600	123
2.50967	112
2.51333	104
2.51700	98
2.52067	90
2.52433	82
2.52800	75
2.53167	71
2.53533	65
2.53900	60
2.54267	54
2.54633	47
2.55000	44
2.55367	40
2.55733	36
2.56100	31
2.56467	25
2.56833	20
2.57200	17
2.57567	15
2.57933	14
2.58300	13
2.58667	10
2.59033	6
2.59400	1
2.59767	-7
2.60133	-22
2.60500	-46
2.60867	-77
2.61233	-115
2.61600	-158
2.61967	-202
2.62333	-246
2.62700	-285
2.63067	-318
2.63433	-345
2.63800	-367
2.64167	-383
2.64533	-394
2.64900	-399
2.65267	-399
2.65633	-396
2.66000	-392
2.66367	-386
2.66733	-377
2.67100	-365
2.67467	-354
2.67833	-343
2.68200	-331
2.68567	-319
2.68933	-310
2.69300	-303
2.69667	-294
2.70033	-284
2.70400	-273
2.70767	-262
2.71133	-251
2.71500	-245
2.71867	-237
2.72233	-227
2.72600	-220
2.72967	-213
2.73333	-208
2.73700	-203
2.74067	-198
2.74433	-191
2.74800	-183
2.75167	-177
2.75533	-173
2.75900	-170
2.76267	-169
2.76633	-166
2.77000	-164
2.77367	-162
2.77733	-159
2.78100	-157
2.78467	-154
2.78833	-152
2.79200	-152
2.79567	-152
2.79933	-152
2.80300	-153
2.80667	-153
2.81033	-152
2.81400	-153
2.81767	-151
2.82133	-140
2.82500	-107
2.82867	-30
2.83233	130
2.83600	430
2.83967	939
2.84333	1722
2.84700	2813
2.85067	4213
2.85433	5874
2.85800	7710
2.86167	9598
2.86533	11402
2.86900	12979
2.87267	14220
2.87633	15050
2.88000	15437
2.88367	15407
2.88733	15009
2.89100	14319
2.89467	13421
2.89833	12398
2.90200	11313
2.90567	10214
2.90933	9149
2.91300	8141
2.91667	7204
2.92033	6345
2.92400	5564
2.92767	4862
2.93133	4233
2.93500	3673
2.93867	3179
2.94233	2744
2.94600	2362
2.94967	2026
2.95333	1735
2.95700	1479
2.96067	1257
2.96433	1065
2.96800	898
2.97167	752
2.97533	624
2.97900	515
2.98267	421
2.98633	339
2.99000	269
2.99367	211
2.99733	161
3.00100	118
3.00467	78
3.00833	43
3.01200	14
3.01567	-11
3.01933	-32
3.02300	-51
3.02667	-67
3.03033	-81
3.03400	-93
3.03767	-103
3.04133	-110
3.04500	-117
3.04867	-123
3.05233	-128
3.05600	-133
3.05967	-134
3.06333	-135
3.06700	-139
3.07067	-144
3.07433	-148
3.07800	-152
3.08167	-154
3.08533	-155
3.08900	-155
3.09267	-153
3.09633	-153
3.10000	-154
3.10367	-155
3.10733	-154
3.11100	-154
3.11467	-155
3.11833	-157
3.12200	-159
3.12567	-161
3.12933	-161
3.13300	-162
3.13667	-163
3.14033	-165
3.14400	-169
3.14767	-172
3.15133	-174
3.15500	-174
3.15867	-173
3.16233	-173
3.16600	-176
3.16967	-178
3.17333	-176
3.17700	-174
3.18067	-174
3.18433	-175
3.18800	-176
3.19167	-176
3.19533	-176
3.19900	-176
3.20267	-195
3.20633	-240
3.21000	-279
3.21367	-289
3.21733	-275
3.22100	-241
3.22467	-198
3.22833	-154
3.23200	-110
3.23567	-70
3.23933	-30
3.24300	10
3.24667	45
3.25033	77
3.25400	105
3.25767	130
3.26133	156
3.26500	181
3.26867	203
3.27233	224
3.27600	243
3.27967	262
3.28333	279
3.28700	293
3.29067	307
3.29433	319
3.29800	332
3.30167	344
3.30533	356
3.30900	367
3.31267	377
3.31633	384
3.32000	391
3.32367	398
3.32733	404
3.33100	409
3.33467	414
3.33833	419
3.34200	424
3.34567	430
3.34933	436
3.35300	440
3.35667	441
3.36033	440
3.36400	442
3.36767	445
3.37133	446
3.37500	444
3.37867	443
3.38233	444
3.38600	445
3.38967	444
3.39333	442
3.39700	442
3.40067	442
3.40433	441
3.40800	440
3.41167	437
3.41533	434
3.41900	432
3.42267	430
3.42633	429
3.43000	428
3.43367	427
3.43733	426
3.44100	425
3.44467	421
3.44833	418
3.45200	416
3.45567	415
3.45933	413
3.46300	411
3.46667	411
3.47033	409
3.47400	406
3.47767	404
3.48133	402
3.48500	402
3.48867	400
3.49233	397
3.49600	392
3.49967	390
3.50333	391
3.50700	392
3.51067	391
3.51433	390
3.51800	389
3.52167	389
3.52533	386
3.52900	382
3.53267	379
3.53633	377
3.54000	374
3.54367	371
3.54733	372
3.55100	372
3.55467	372
3.55833	370
3.56200	366
3.56567	362
3.56933	360
3.57300	359
3.57667	361
3.58033	361
3.58400	360
3.58767	356
3.59133	352
3.59500	349
3.59867	347
3.60233	345
3.60600	343
3.60967	342
3.61333	342
3.61700	340
3.62067	339
3.62433	339
3.62800	338
3.63167	336
3.63533	336
3.63900	335
3.64267	333
3.64633	331
3.65000	331
3.65367	330
3.65733	329
3.66100	328
3.66467	326
3.66833	324
3.67200	323
3.67567	321
3.67933	317
3.68300	315
3.68667	313
3.69033	312
3.69400	311
3.69767	309
3.70133	305
3.70500	304
3.70867	303
3.71233	301
3.71600	299
3.71967	298
3.72333	299
3.72700	298
3.73067	294
3.73433	291
3.73800	287
3.74167	283
3.74533	284
3.74900	285
3.75267	286
3.75633	285
3.76000	286
3.76367	286
3.76733	285
3.77100	283
3.77467	280
3.77833	278
3.78200	277
3.78567	274
3.78933	272
3.79300	270
3.79667	268
3.80033	268
3.80400	267
3.80767	265
3.81133	266
3.81500	268
3.81867	264
3.82233	261
3.82600	259
3.82967	259
3.83333	257
3.83700	255
3.84067	254
3.84433	253
3.84800	252
3.85167	252
3.85533	254
3.85900	253
3.86267	250
3.86633	247
3.87000	247
3.87367	249
3.87733	250
3.88100	249
3.88467	246
3.88833	242
3.89200	241
3.89567	242
3.89933	243
3.90300	242
3.90667	241
3.91033	239
3.91400	237
3.91767	236
3.92133	232
3.92500	229
3.92867	227
3.93233	225
3.93600	224
3.93967	222
3.94333	220
3.94700	217
3.95067	215
3.95433	213
3.95800	213
3.96167	211
3.96533	210
3.96900	208
3.97267	208
3.97633	207
3.98000	207
3.98367	208
3.98733	205
3.99100	201
3.99467	200
3.99833	200

[Status Trace (Column Oven Temperature)]
Interval(msec)	1000
# of Points	240
Start Time(min)	0.003
End Time(min)	3.986
Intensity Units	
Intensity Multiplier	1
R.Time (min)	Intensity
0.00270	35.02
0.01937	35.01
0.03603	35.01
0.05270	35.01
0.06937	35.00
0.08603	34.99
0.10270	35.00
0.11937	35.00
0.13603	35.01
0.15270	35.00
0.16937	34.99
0.18603	34.99
0.20270	34.99
0.21937	34.99
0.23603	34.98
0.25270	34.98
0.26937	34.98
0.28603	34.98
0.30270	34.97
0.31937	34.97
0.33603	34.95
0.35270	34.95
0.36937	34.95
0.38603	34.96
0.40270	34.96
0.41937	34.96
0.43603	34.97
0.45270	34.96
0.46937	34.95
0.48603	34.96
0.50270	34.97
0.51937	34.99
0.53603	35.00
0.55270	35.00
0.56937	34.99
0.58603	35.01
0.60270	35.01
0.61937	35.01
0.63603	35.00
0.65270	34.97
0.66937	34.97
0.68603	34.97
0.70270	34.96
0.71937	34.98
0.73603	34.98
0.75270	34.98
0.76937	34.98
0.78603	34.99
0.80270	34.98
0.81937	34.98
0.83603	34.98
0.85270	34.98
0.86937	34.97
0.88603	34.96
0.90270	34.96
0.91937	34.96
0.93603	34.96
0.95270	34.96
0.96937	34.96
0.98603	34.96
1.00270	34.97
1.01937	34.96
1.03603	34.97
1.05270	34.98
1.06937	34.99
1.08603	35.00
1.10270	35.01
1.11937	35.01
1.13603	35.01
1.15270	35.00
1.16937	34.99
1.18603	34.99
1.20270	34.98
1.21937	34.98
1.23603	35.00
1.25270	35.01
1.26937	35.01
1.28603	34.99
1.30270	34.99
1.31937	35.00
1.33603	35.00
1.35270	35.01
1.36937	35.02
1.38603	35.01
1.40270	35.01
1.41937	35.01
1.43603	35.02
1.45270	35.03
1.46937	35.03
1.48603	35.02
1.50270	35.02
1.51937	35.01
1.53603	35.00
1.55270	35.00
1.56937	34.99
1.58603	34.98
1.60270	35.02
1.61937	35.12
1.63603	35.28
1.65270	35.51
1.66937	35.85
1.68603	36.21
1.70270	36.57
1.71937	36.91
1.73603	37.26
1.75270	37.58
1.76937	37.89
1.78603	38.25
1.80270	38.59
1.81937	38.89
1.83603	39.22
1.85270	39.56
1.86937	39.87
1.88603	40.21
1.90270	40.53
1.91937	40.87
1.93603	41.19
1.95270	41.52
1.96937	41.83
1.98603	42.17
2.00270	42.49
2.01937	42.83
2.03603	43.16
2.05270	43.50
2.06937	43.82
2.08603	44.15
2.10270	44.47
2.11937	44.79
2.13603	45.13
2.15270	45.46
2.16937	45.79
2.18603	46.12
2.20270	46.45
2.21937	46.77
2.23603	47.10
2.25270	47.42
2.26937	47.75
2.28603	48.06
2.30270	48.40
2.31937	48.74
2.33603	49.06
2.35270	49.36
2.36937	49.62
2.38603	49.73
2.40270	49.73
2.41937	49.72
2.43603	49.72
2.45270	49.71
2.46937	49.75
2.48603	49.75
2.50270	49.76
2.51937	49.79
2.53603	49.79
2.55270	49.80
2.56937	49.83
2.58603	49.83
2.60270	49.83
2.61937	49.83
2.63603	49.83
2.65270	49.84
2.66937	49.85
2.68603	49.85
2.70270	49.86
2.71937	49.87
2.73603	49.87
2.75270	49.86
2.76937	49.85
2.78603	49.85
2.80270	49.86
2.81937	49.87
2.83603	49.89
2.85270	49.90
2.86937	49.92
2.88603	49.94
2.90270	49.95
2.91937	49.96
2.93603	49.99
2.95270	50.00
2.96937	49.99
2.98603	49.99
3.00270	50.00
3.01937	50.01
3.03603	50.01
3.05270	50.01
3.06937	50.01
3.08603	50.02
3.10270	50.02
3.11937	50.04
3.13603	50.04
3.15270	50.04
3.16937	50.04
3.18603	50.05
3.20270	50.06
3.21937	50.07
3.23603	50.08
3.25270	50.09
3.26937	50.11
3.28603	50.12
3.30270	50.12
3.31937	50.10
3.33603	50.08
3.35270	50.07
3.36937	50.05
3.38603	50.05
3.40270	50.03
3.41937	50.02
3.43603	50.01
3.45270	50.00
3.46937	49.99
3.48603	50.00
3.50270	50.00
3.51937	50.01
3.53603	50.01
3.55270	50.01
3.56937	50.00
3.58603	50.00
3.60270	50.01
3.61937	50.00
3.63603	50.01
3.65270	50.01
3.66937	50.02
3.68603	50.02
3.70270	50.02
3.71937	50.03
3.73603	50.05
3.75270	50.05
3.76937	50.07
3.78603	50.08
3.80270	50.07
3.81937	50.06
3.83603	50.06
3.85270	50.06
3.86937	50.07
3.88603	50.09
3.90270	50.09
3.91937	50.08
3.93603	50.08
3.95270	50.08
3.96937	50.08
3.98603	50.07

[Status Trace (Injection Unit Temperature)]
Interval(msec)	1000
# of Points	240
Start Time(min)	0.003
End Time(min)	3.986
Intensity Units	
Intensity Multiplier	1
R.Time (min)	Intensity
0.00270	99.98
0.01937	99.98
0.03603	99.98
0.05270	99.98
0.06937	99.98
0.08603	99.98
0.10270	99.98
0.11937	99.98
0.13603	99.98
0.15270	99.98
0.16937	99.97
0.18603	99.98
0.20270	99.98
0.21937	99.97
0.23603	99.98
0.25270	99.97
0.26937	99.97
0.28603	99.98
0.30270	99.97
0.31937	99.98
0.33603	99.98
0.35270	99.98
0.36937	99.98
0.38603	99.98
0.40270	99.98
0.41937	99.98
0.43603	99.98
0.45270	99.98
0.46937	99.97
0.48603	99.98
0.50270	99.98
0.51937	99.98
0.53603	99.98
0.55270	99.98
0.56937	99.98
0.58603	99.98
0.60270	99.98
0.61937	99.98
0.63603	99.98
0.65270	99.98
0.66937	99.98
0.68603	99.99
0.70270	99.98
0.71937	99.98
0.73603	99.98
0.75270	99.98
0.76937	99.99
0.78603	99.98
0.80270	99.99
0.81937	99.99
0.83603	99.99
0.85270	99.99
0.86937	99.99
0.88603	99.99
0.90270	99.99
0.91937	99.99
0.93603	99.99
0.95270	99.99
0.96937	99.99
0.98603	99.99
1.00270	99.99
1.01937	99.99
1.03603	99.99
1.05270	99.99
1.06937	99.99
1.08603	99.99
1.10270	100.00
1.11937	99.99
1.13603	99.99
1.15270	99.99
1.16937	100.00
1.18603	99.99
1.20270	99.99
1.21937	99.99
1.23603	99.99
1.25270	99.99
1.26937	99.99
1.28603	99.99
1.30270	99.99
1.31937	99.99
1.33603	99.99
1.35270	99.99
1.36937	99.99
1.38603	99.99
1.40270	99.99
1.41937	99.99
1.43603	99.99
1.45270	99.99
1.46937	99.98
1.48603	99.99
1.50270	99.99
1.51937	99.98
1.53603	99.99
1.55270	99.99
1.56937	99.99
1.58603	99.98
1.60270	99.99
1.61937	99.99
1.63603	99.99
1.65270	99.99
1.66937	99.99
1.68603	99.99
1.70270	99.98
1.71937	99.98
1.73603	99.99
1.75270	99.98
1.76937	99.98
1.78603	99.98
1.80270	99.98
1.81937	99.98
1.83603	99.98
1.85270	99.98
1.86937	99.98
1.88603	99.98
1.90270	99.98
1.91937	99.98
1.93603	99.98
1.95270	99.98
1.96937	99.97
1.98603	99.98
2.00270	99.98
2.01937	99.97
2.03603	99.97
2.05270	99.97
2.06937	99.97
2.08603	99.97
2.10270	99.97
2.11937	99.97
2.13603	99.97
2.15270	99.97
2.16937	99.97
2.18603	99.97
2.20270	99.97
2.21937	99.97
2.23603	99.97
2.25270	99.97
2.26937	99.97
2.28603	99.97
2.30270	99.97
2.31937	99.97
2.33603	99.97
2.35270	99.97
2.36937	99.97
2.38603	99.97
2.40270	99.97
2.41937	99.97
2.43603	99.98
2.45270	99.98
2.46937	99.97
2.48603	99.98
2.50270	99.98
2.51937	99.98
2.53603	99.97
2.55270	99.98
2.56937	99.98
2.58603	99.98
2.60270	99.98
2.61937	99.98
2.63603	99.99
2.65270	99.98
2.66937	99.99
2.68603	99.99
2.70270	99.99
2.71937	99.99
2.73603	99.99
2.75270	99.99
2.76937	100.00
2.78603	99.99
2.80270	100.00
2.81937	100.00
2.83603	100.00
2.85270	100.00
2.86937	100.00
2.88603	100.00
2.90270	100.01
2.91937	100.01
2.93603	100.00
2.95270	100.01
2.96937	100.01
2.98603	100.01
3.00270	100.01
3.01937	100.01
3.03603	100.01
3.05270	100.01
3.06937	100.02
3.08603	100.02
3.10270	100.02
3.11937	100.02
3.13603	100.02
3.15270	100.02
3.16937	100.02
3.18603	100.03
3.20270	100.02
3.21937	100.02
3.23603	100.03
3.25270	100.03
3.26937	100.03
3.28603	100.03
3.30270	100.03
3.31937	100.03
3.33603	100.03
3.35270	100.03
3.36937	100.03
3.38603	100.03
3.40270	100.04
3.41937	100.03
3.43603	100.03
3.45270	100.04
3.46937	100.03
3.48603	100.03
3.50270	100.03
3.51937	100.03
3.53603	100.04
3.55270	100.04
3.56937	100.04
3.58603	100.04
3.60270	100.04
3.61937	100.04
3.63603	100.04
3.65270	100.04
3.66937	100.04
3.68603	100.04
3.70270	100.04
3.71937	100.04
3.73603	100.04
3.75270	100.04
3.76937	100.04
3.78603	100.04
3.80270	100.04
3.81937	100.04
3.83603	100.04
3.85270	100.04
3.86937	100.04
3.88603	100.05
3.90270	100.04
3.91937	100.04
3.93603	100.04
3.95270	100.04
3.96937	100.05
3.98603	100.04

[Status Trace (Carrier Gas Pressure)]
Interval(msec)	1000
# of Points	240
Start Time(min)	0.003
End Time(min)	3.986
Intensity Units	
Intensity Multiplier	1
R.Time (min)	Intensity
0.00270	58.00
0.01937	56.19
0.03603	56.25
0.05270	58.54
0.06937	59.88
0.08603	58.34
0.10270	57.97
0.11937	58.01
0.13603	58.01
0.15270	58.01
0.16937	58.00
0.18603	58.00
0.20270	58.00
0.21937	58.00
0.23603	58.00
0.25270	58.00
0.26937	58.00
0.28603	58.00
0.30270	58.00
0.31937	58.00
0.33603	58.00
0.35270	58.00
0.36937	58.00
0.38603	58.00
0.40270	58.00
0.41937	58.00
0.43603	58.00
0.45270	58.00
0.46937	58.00
0.48603	58.00
0.50270	58.00
0.51937	58.00
0.53603	58.00
0.55270	58.00
0.56937	58.00
0.58603	58.00
0.60270	58.00
0.61937	58.00
0.63603	58.00
0.65270	58.00
0.66937	58.00
0.68603	58.00
0.70270	58.00
0.71937	58.00
0.73603	58.00
0.75270	58.00
0.76937	58.00
0.78603	58.00
0.80270	58.00
0.81937	58.00
0.83603	58.00
0.85270	58.00
0.86937	58.00
0.88603	58.00
0.90270	58.00
0.91937	58.00
0.93603	58.00
0.95270	58.00
0.96937	58.00
0.98603	58.00
1.00270	58.00
1.01937	58.00
1.03603	58.00
1.05270	58.00
1.06937	58.00
1.08603	58.00
1.10270	58.00
1.11937	58.00
1.13603	58.00
1.15270	58.00
1.16937	58.00
1.18603	58.00
1.20270	58.00
1.21937	58.00
1.23603	58.00
1.25270	58.00
1.26937	58.00
1.28603	58.00
1.30270	58.00
1.31937	58.00
1.33603	58.00
1.35270	58.00
1.36937	58.00
1.38603	58.00
1.40270	58.00
1.41937	58.00
1.43603	58.00
1.45270	58.00
1.46937	58.00
1.48603	58.00
1.50270	58.00
1.51937	58.00
1.53603	58.00
1.55270	58.00
1.56937	58.00
1.58603	58.00
1.60270	58.00
1.61937	58.00
1.63603	58.00
1.65270	58.00
1.66937	58.01
1.68603	58.01
1.70270	58.00
1.71937	58.00
1.73603	58.00
1.75270	58.00
1.76937	58.00
1.78603	58.00
1.80270	58.00
1.81937	58.00
1.83603	58.00
1.85270	58.00
1.86937	58.00
1.88603	58.00
1.90270	58.00
1.91937	58.00
1.93603	58.00
1.95270	58.00
1.96937	58.00
1.98603	58.00
2.00270	58.00
2.01937	58.00
2.03603	58.00
2.05270	58.00
2.06937	58.00
2.08603	58.00
2.10270	58.00
2.11937	58.00
2.13603	58.00
2.15270	58.00
2.16937	58.00
2.18603	58.00
2.20270	58.00
2.21937	58.00
2.23603	58.00
2.25270	58.00
2.26937	58.00
2.28603	58.00
2.30270	58.00
2.31937	58.00
2.33603	58.00
2.35270	58.00
2.36937	58.00
2.38603	57.99
2.40270	57.99
2.41937	58.00
2.43603	58.00
2.45270	58.00
2.46937	58.00
2.48603	58.00
2.50270	57.98
2.51937	58.01
2.53603	57.99
2.55270	58.00
2.56937	58.00
2.58603	58.00
2.60270	58.00
2.61937	58.00
2.63603	58.00
2.65270	58.00
2.66937	58.00
2.68603	58.00
2.70270	58.00
2.71937	58.00
2.73603	58.00
2.75270	58.00
2.76937	58.00
2.78603	58.00
2.80270	58.00
2.81937	58.00
2.83603	58.00
2.85270	58.00
2.86937	58.00
2.88603	58.00
2.90270	58.00
2.91937	58.00
2.93603	58.00
2.95270	58.00
2.96937	58.00
2.98603	58.00
3.00270	58.00
3.01937	58.00
3.03603	58.00
3.05270	58.00
3.06937	58.00
3.08603	58.00
3.10270	58.00
3.11937	58.00
3.13603	58.00
3.15270	58.00
3.16937	58.00
3.18603	58.00
3.20270	58.00
3.21937	58.00
3.23603	58.00
3.25270	58.00
3.26937	58.00
3.28603	58.00
3.30270	58.00
3.31937	58.00
3.33603	58.00
3.35270	58.00
3.36937	58.00
3.38603	58.00
3.40270	58.00
3.41937	58.00
3.43603	58.00
3.45270	58.00
3.46937	58.00
3.48603	58.00
3.50270	58.00
3.51937	58.00
3.53603	58.00
3.55270	58.00
3.56937	58.00
3.58603	58.00
3.60270	58.00
3.61937	58.00
3.63603	58.00
3.65270	58.00
3.66937	58.00
3.68603	58.00
3.70270	58.00
3.71937	58.00
3.73603	58.00
3.75270	58.00
3.76937	58.00
3.78603	58.00
3.80270	58.00
3.81937	58.00
3.83603	58.00
3.85270	58.00
3.86937	58.00
3.88603	58.00
3.90270	58.00
3.91937	58.00
3.93603	58.00
3.95270	58.00
3.96937	58.00
3.98603	58.00

[Status Trace (Carrier Gas Flow)]
Interval(msec)	1000
# of Points	240
Start Time(min)	0.003
End Time(min)	3.986
Intensity Units	
Intensity Multiplier	1
R.Time (min)	Intensity
0.00270	34.52
0.01937	34.61
0.03603	34.55
0.05270	34.55
0.06937	34.49
0.08603	34.52
0.10270	34.52
0.11937	34.52
0.13603	34.52
0.15270	34.51
0.16937	34.52
0.18603	34.52
0.20270	34.53
0.21937	34.52
0.23603	34.52
0.25270	34.51
0.26937	34.52
0.28603	34.54
0.30270	34.52
0.31937	34.52
0.33603	34.52
0.35270	34.52
0.36937	34.52
0.38603	34.51
0.40270	34.50
0.41937	34.53
0.43603	34.52
0.45270	34.53
0.46937	34.52
0.48603	34.52
0.50270	34.52
0.51937	34.51
0.53603	34.52
0.55270	34.52
0.56937	34.52
0.58603	34.52
0.60270	34.52
0.61937	34.52
0.63603	34.52
0.65270	34.52
0.66937	34.52
0.68603	34.52
0.70270	34.52
0.71937	34.52
0.73603	34.52
0.75270	34.52
0.76937	34.52
0.78603	34.52
0.80270	34.52
0.81937	34.52
0.83603	34.52
0.85270	34.52
0.86937	34.52
0.88603	34.52
0.90270	34.52
0.91937	34.52
0.93603	34.52
0.95270	34.52
0.96937	34.52
0.98603	34.52
1.00270	34.52
1.01937	34.52
1.03603	34.52
1.05270	34.52
1.06937	34.52
1.08603	34.52
1.10270	34.52
1.11937	34.52
1.13603	34.52
1.15270	34.52
1.16937	34.52
1.18603	34.52
1.20270	34.52
1.21937	34.52
1.23603	34.52
1.25270	34.52
1.26937	34.52
1.28603	34.52
1.30270	34.52
1.31937	34.52
1.33603	34.52
1.35270	34.52
1.36937	34.52
1.38603	34.52
1.40270	34.52
1.41937	34.52
1.43603	34.52
1.45270	34.52
1.46937	34.52
1.48603	34.52
1.50270	34.52
1.51937	34.52
1.53603	34.52
1.55270	34.52
1.56937	34.52
1.58603	34.52
1.60270	34.52
1.61937	34.53
1.63603	34.52
1.65270	34.53
1.66937	34.53
1.68603	34.53
1.70270	34.52
1.71937	34.53
1.73603	34.52
1.75270	34.51
1.76937	34.52
1.78603	34.52
1.80270	34.52
1.81937	34.51
1.83603	34.53
1.85270	34.51
1.86937	34.52
1.88603	34.52
1.90270	34.52
1.91937	34.52
1.93603	34.52
1.95270	34.52
1.96937	34.52
1.98603	34.52
2.00270	34.52
2.01937	34.52
2.03603	34.52
2.05270	34.52
2.06937	34.52
2.08603	34.52
2.10270	34.52
2.11937	34.52
2.13603	34.52
2.15270	34.52
2.16937	34.52
2.18603	34.52
2.20270	34.52
2.21937	34.52
2.23603	34.52
2.25270	34.52
2.26937	34.52
2.28603	34.52
2.30270	34.52
2.31937	34.52
2.33603	34.52
2.35270	34.52
2.36937	34.52
2.38603	34.52
2.40270	34.52
2.41937	34.52
2.43603	34.52
2.45270	34.52
2.46937	34.52
2.48603	34.52
2.50270	34.59
2.51937	34.52
2.53603	34.52
2.55270	34.52
2.56937	34.52
2.58603	34.52
2.60270	34.52
2.61937	34.52
2.63603	34.51
2.65270	34.53
2.66937	34.52
2.68603	34.50
2.70270	34.52
2.71937	34.52
2.73603	34.51
2.75270	34.52
2.76937	34.52
2.78603	34.52
2.80270	34.52
2.81937	34.52
2.83603	34.52
2.85270	34.52
2.86937	34.52
2.88603	34.52
2.90270	34.52
2.91937	34.52
2.93603	34.52
2.95270	34.52
2.96937	34.52
2.98603	34.52
3.00270	34.52
3.01937	34.52
3.03603	34.52
3.05270	34.52
3.06937	34.52
3.08603	34.52
3.10270	34.52
3.11937	34.52
3.13603	34.52
3.15270	34.52
3.16937	34.52
3.18603	34.52
3.20270	34.52
3.21937	34.52
3.23603	34.52
3.25270	34.52
3.26937	34.52
3.28603	34.52
3.30270	34.52
3.31937	34.52
3.33603	34.52
3.35270	34.52
3.36937	34.52
3.38603	34.52
3.40270	34.52
3.41937	34.51
3.43603	34.52
3.45270	34.52
3.46937	34.52
3.48603	34.52
3.50270	34.52
3.51937	34.52
3.53603	34.52
3.55270	34.52
3.56937	34.52
3.58603	34.52
3.60270	34.52
3.61937	34.52
3.63603	34.52
3.65270	34.52
3.66937	34.52
3.68603	34.52
3.70270	34.52
3.71937	34.52
3.73603	34.52
3.75270	34.52
3.76937	34.52
3.78603	34.52
3.80270	34.52
3.81937	34.52
3.83603	34.52
3.85270	34.52
3.86937	34.52
3.88603	34.52
3.90270	34.52
3.91937	34.52
3.93603	34.52
3.95270	34.52
3.96937	34.52
3.98603	34.52

[Status Trace (Column Flow)]
Interval(msec)	1000
# of Points	240
Start Time(min)	0.003
End Time(min)	3.986
Intensity Units	
Intensity Multiplier	1
R.Time (min)	Intensity
0.00270	5.52
0.01937	5.31
0.03603	5.32
0.05270	5.58
0.06937	5.74
0.08603	5.56
0.10270	5.52
0.11937	5.52
0.13603	5.52
0.15270	5.52
0.16937	5.52
0.18603	5.52
0.20270	5.52
0.21937	5.52
0.23603	5.52
0.25270	5.52
0.26937	5.52
0.28603	5.52
0.30270	5.52
0.31937	5.52
0.33603	5.52
0.35270	5.52
0.36937	5.52
0.38603	5.52
0.40270	5.52
0.41937	5.52
0.43603	5.52
0.45270	5.52
0.46937	5.52
0.48603	5.52
0.50270	5.52
0.51937	5.52
0.53603	5.52
0.55270	5.52
0.56937	5.52
0.58603	5.52
0.60270	5.52
0.61937	5.52
0.63603	5.52
0.65270	5.52
0.66937	5.52
0.68603	5.52
0.70270	5.52
0.71937	5.52
0.73603	5.52
0.75270	5.52
0.76937	5.52
0.78603	5.52
0.80270	5.52
0.81937	5.52
0.83603	5.52
0.85270	5.52
0.86937	5.52
0.88603	5.52
0.90270	5.52
0.91937	5.52
0.93603	5.52
0.95270	5.52
0.96937	5.52
0.98603	5.52
1.00270	5.52
1.01937	5.52
1.03603	5.52
1.05270	5.52
1.06937	5.52
1.08603	5.52
1.10270	5.52
1.11937	5.52
1.13603	5.52
1.15270	5.52
1.16937	5.52
1.18603	5.52
1.20270	5.52
1.21937	5.52
1.23603	5.52
1.25270	5.52
1.26937	5.52
1.28603	5.52
1.30270	5.52
1.31937	5.52
1.33603	5.52
1.35270	5.52
1.36937	5.52
1.38603	5.52
1.40270	5.52
1.41937	5.52
1.43603	5.52
1.45270	5.52
1.46937	5.52
1.48603	5.52
1.50270	5.52
1.51937	5.52
1.53603	5.52
1.55270	5.52
1.56937	5.52
1.58603	5.52
1.60270	5.52
1.61937	5.52
1.63603	5.51
1.65270	5.51
1.66937	5.49
1.68603	5.48
1.70270	5.47
1.71937	5.46
1.73603	5.45
1.75270	5.44
1.76937	5.43
1.78603	5.42
1.80270	5.41
1.81937	5.40
1.83603	5.39
1.85270	5.38
1.86937	5.37
1.88603	5.36
1.90270	5.35
1.91937	5.34
1.93603	5.33
1.95270	5.32
1.96937	5.31
1.98603	5.30
2.00270	5.29
2.01937	5.28
2.03603	5.27
2.05270	5.26
2.06937	5.25
2.08603	5.24
2.10270	5.24
2.11937	5.22
2.13603	5.22
2.15270	5.21
2.16937	5.20
2.18603	5.19
2.20270	5.18
2.21937	5.17
2.23603	5.16
2.25270	5.15
2.26937	5.14
2.28603	5.13
2.30270	5.12
2.31937	5.11
2.33603	5.10
2.35270	5.10
2.36937	5.09
2.38603	5.08
2.40270	5.08
2.41937	5.09
2.43603	5.09
2.45270	5.09
2.46937	5.08
2.48603	5.08
2.50270	5.08
2.51937	5.08
2.53603	5.08
2.55270	5.08
2.56937	5.08
2.58603	5.08
2.60270	5.08
2.61937	5.08
2.63603	5.08
2.65270	5.08
2.66937	5.08
2.68603	5.08
2.70270	5.08
2.71937	5.08
2.73603	5.08
2.75270	5.08
2.76937	5.08
2.78603	5.08
2.80270	5.08
2.81937	5.08
2.83603	5.08
2.85270	5.08
2.86937	5.08
2.88603	5.08
2.90270	5.08
2.91937	5.08
2.93603	5.08
2.95270	5.08
2.96937	5.08
2.98603	5.08
3.00270	5.08
3.01937	5.08
3.03603	5.08
3.05270	5.08
3.06937	5.08
3.08603	5.08
3.10270	5.08
3.11937	5.08
3.13603	5.08
3.15270	5.08
3.16937	5.08
3.18603	5.08
3.20270	5.08
3.21937	5.08
3.23603	5.08
3.25270	5.08
3.26937	5.07
3.28603	5.07
3.30270	5.07
3.31937	5.07
3.33603	5.08
3.35270	5.08
3.36937	5.08
3.38603	5.08
3.40270	5.08
3.41937	5.08
3.43603	5.08
3.45270	5.08
3.46937	5.08
3.48603	5.08
3.50270	5.08
3.51937	5.08
3.53603	5.08
3.55270	5.08
3.56937	5.08
3.58603	5.08
3.60270	5.08
3.61937	5.08
3.63603	5.08
3.65270	5.08
3.66937	5.08
3.68603	5.08
3.70270	5.08
3.71937	5.08
3.73603	5.08
3.75270	5.08
3.76937	5.08
3.78603	5.08
3.80270	5.08
3.81937	5.08
3.83603	5.08
3.85270	5.08
3.86937	5.08
3.88603	5.08
3.90270	5.08
3.91937	5.08
3.93603	5.08
3.95270	5.08
3.96937	5.08
3.98603	5.08

[Status Trace (Linear Velocity)]
Interval(msec)	1000
# of Points	240
Start Time(min)	0.003
End Time(min)	3.986
Intensity Units	
Intensity Multiplier	1
R.Time (min)	Intensity
0.00270	39.02
0.01937	37.83
0.03603	37.87
0.05270	39.37
0.06937	40.24
0.08603	39.24
0.10270	39.00
0.11937	39.02
0.13603	39.02
0.15270	39.02
0.16937	39.02
0.18603	39.02
0.20270	39.02
0.21937	39.02
0.23603	39.02
0.25270	39.02
0.26937	39.02
0.28603	39.02
0.30270	39.02
0.31937	39.02
0.33603	39.02
0.35270	39.02
0.36937	39.02
0.38603	39.02
0.40270	39.02
0.41937	39.02
0.43603	39.02
0.45270	39.02
0.46937	39.02
0.48603	39.02
0.50270	39.02
0.51937	39.02
0.53603	39.02
0.55270	39.02
0.56937	39.02
0.58603	39.02
0.60270	39.02
0.61937	39.02
0.63603	39.02
0.65270	39.02
0.66937	39.02
0.68603	39.02
0.70270	39.02
0.71937	39.02
0.73603	39.02
0.75270	39.02
0.76937	39.02
0.78603	39.02
0.80270	39.02
0.81937	39.02
0.83603	39.02
0.85270	39.02
0.86937	39.02
0.88603	39.02
0.90270	39.02
0.91937	39.02
0.93603	39.02
0.95270	39.02
0.96937	39.02
0.98603	39.02
1.00270	39.02
1.01937	39.02
1.03603	39.02
1.05270	39.02
1.06937	39.02
1.08603	39.02
1.10270	39.02
1.11937	39.02
1.13603	39.02
1.15270	39.02
1.16937	39.02
1.18603	39.02
1.20270	39.02
1.21937	39.02
1.23603	39.02
1.25270	39.02
1.26937	39.02
1.28603	39.02
1.30270	39.02
1.31937	39.02
1.33603	39.02
1.35270	39.02
1.36937	39.01
1.38603	39.01
1.40270	39.02
1.41937	39.02
1.43603	39.02
1.45270	39.01
1.46937	39.01
1.48603	39.01
1.50270	39.01
1.51937	39.02
1.53603	39.02
1.55270	39.02
1.56937	39.02
1.58603	39.02
1.60270	39.02
1.61937	39.01
1.63603	38.99
1.65270	38.97
1.66937	38.94
1.68603	38.91
1.70270	38.87
1.71937	38.83
1.73603	38.80
1.75270	38.77
1.76937	38.74
1.78603	38.71
1.80270	38.68
1.81937	38.64
1.83603	38.62
1.85270	38.59
1.86937	38.55
1.88603	38.53
1.90270	38.49
1.91937	38.46
1.93603	38.43
1.95270	38.40
1.96937	38.37
1.98603	38.34
2.00270	38.31
2.01937	38.28
2.03603	38.25
2.05270	38.22
2.06937	38.19
2.08603	38.16
2.10270	38.13
2.11937	38.10
2.13603	38.07
2.15270	38.04
2.16937	38.01
2.18603	37.98
2.20270	37.95
2.21937	37.92
2.23603	37.89
2.25270	37.86
2.26937	37.83
2.28603	37.81
2.30270	37.78
2.31937	37.74
2.33603	37.71
2.35270	37.69
2.36937	37.66
2.38603	37.65
2.40270	37.65
2.41937	37.66
2.43603	37.66
2.45270	37.66
2.46937	37.65
2.48603	37.65
2.50270	37.64
2.51937	37.66
2.53603	37.65
2.55270	37.65
2.56937	37.65
2.58603	37.65
2.60270	37.65
2.61937	37.65
2.63603	37.65
2.65270	37.65
2.66937	37.65
2.68603	37.65
2.70270	37.65
2.71937	37.64
2.73603	37.64
2.75270	37.64
2.76937	37.65
2.78603	37.65
2.80270	37.65
2.81937	37.64
2.83603	37.64
2.85270	37.64
2.86937	37.64
2.88603	37.64
2.90270	37.64
2.91937	37.64
2.93603	37.63
2.95270	37.63
2.96937	37.63
2.98603	37.63
3.00270	37.63
3.01937	37.63
3.03603	37.63
3.05270	37.63
3.06937	37.63
3.08603	37.63
3.10270	37.63
3.11937	37.63
3.13603	37.63
3.15270	37.63
3.16937	37.63
3.18603	37.63
3.20270	37.63
3.21937	37.63
3.23603	37.63
3.25270	37.62
3.26937	37.62
3.28603	37.62
3.30270	37.62
3.31937	37.62
3.33603	37.62
3.35270	37.63
3.36937	37.63
3.38603	37.63
3.40270	37.63
3.41937	37.63
3.43603	37.63
3.45270	37.63
3.46937	37.63
3.48603	37.63
3.50270	37.63
3.51937	37.63
3.53603	37.63
3.55270	37.63
3.56937	37.63
3.58603	37.63
3.60270	37.63
3.61937	37.63
3.63603	37.63
3.65270	37.63
3.66937	37.63
3.68603	37.63
3.70270	37.63
3.71937	37.63
3.73603	37.63
3.75270	37.63
3.76937	37.63
3.78603	37.63
3.80270	37.63
3.81937	37.63
3.83603	37.63
3.85270	37.63
3.86937	37.63
3.88603	37.63
3.90270	37.62
3.91937	37.62
3.93603	37.62
3.95270	37.63
3.96937	37.63
3.98603	37.63

