[Header]
Application Name	LabSolutions
Version	5.110
Data File Name	C:\Users\User\Desktop\GC Analyses\Jack\UIC Prairie Sampling\8.12.22\220812_083.gcd
Output Date	10/14/2022
Output Time	2:33:55 PM

[File Information]
Type	Data File
Generated	10/12/2022 1:28:55 PM
Generated by	System Administrator
Modified	10/12/2022 1:33:45 PM
Modified by	System Administrator

[Sample Information]
Operator Name	System Administrator
Acquired	10/12/2022 1:29:44 PM
Sample Type	1:Standard
Level	1
Sample Name	220812_UICPrairie
Sample ID	220812_UICPrairie
ISTD Amount1	1
ISTD Amount2	1
ISTD Amount3	1
ISTD Amount4	1
ISTD Amount5	1
ISTD Amount6	1
ISTD Amount7	1
ISTD Amount8	1
ISTD Amount9	1
ISTD Amount10	1
ISTD Amount11	1
ISTD Amount12	1
ISTD Amount13	1
ISTD Amount14	1
ISTD Amount15	1
ISTD Amount16	1
ISTD Amount17	1
ISTD Amount18	1
ISTD Amount19	1
ISTD Amount20	1
ISTD Amount21	1
ISTD Amount22	1
ISTD Amount23	1
ISTD Amount24	1
ISTD Amount25	1
ISTD Amount26	1
ISTD Amount27	1
ISTD Amount28	1
ISTD Amount29	1
ISTD Amount30	1
ISTD Amount31	1
ISTD Amount32	1
Sample Amount	1
Dilution Factor	1
Vial#	1
Injection Volume	1
Injection Count	1
Bar Code	

[Original Files]
Data File	C:\Users\User\Desktop\GC Analyses\Jack\UIC Prairie Sampling\8.12.22\220812_083.gcd
Method File	C:\LabSolutions\Data\GHG_4min_2022\ghg3_togas_w_acet_4 min_new_int.gcm
Batch File	
Report Format File	c:\LabSolutions\System\DEFAULT.lsr

[File Description]


[Configuration]
Instrument Name	C0B7VH3-Instrument1
Instrument #	1
Line #	1
# of Detectors	3
Detector ID	DET#1	DET#2	DET#3
Detector Name	FID	PTCD	ECD
# of Channels	1	1	1

[Peak Table(Ch1)]
# of Peaks	3
Peak#	R.Time	I.Time	F.Time	Area	Height	A/H	Conc.	Mark	ID#	Name	k'	Plate #	Plate Ht.	Tailing	Resolution	Sep.Factor	Area Ratio	Height Ratio	Conc. %	Norm Conc.
1	1.476	1.424	1.534	10892	4777	2.280	100.000	   	1	CO	0.000	8059	18.612	1.185	0.000	0.000	0	0	16.667	16.667
2	1.567	1.534	1.619	4483	2278	1.968	100.000	 V 	2	CH4	0.062	11394	13.165	1.182	1.473	0.000	0	0	16.667	16.667
3	1.996	1.941	2.297	1830215	904392	2.024	400.000	   	3	CO2	0.353	17752	8.450	1.233	7.230	5.680	0	0	66.667	66.667

[Peak Table(Ch2)]
# of Peaks	0

[Peak Table(Ch3)]
# of Peaks	3
Peak#	R.Time	I.Time	F.Time	Area	Height	A/H	Conc.	Mark	ID#	Name	k'	Plate #	Plate Ht.	Tailing	Resolution	Sep.Factor	Area Ratio	Height Ratio	Conc. %	Norm Conc.
1	2.458	1.853	2.572	4959	265	18.701	0.000	   			0.000	175	856.612	0.604	0.000	0.000	0	0	0.000	0.000
2	2.752	2.576	2.821	7754	643	12.055	0.225	   	1	N2O	0.119	160	937.026	0.000	0.364	0.000	0	0	22.512	22.512
3	2.880	2.821	3.243	26691	5600	4.766	0.775	 V 	1	N2O	0.172	11473	13.074	0.000	0.263	1.438	0	0	77.488	77.488

[Compound Results(Ch1)]
# of IDs	6
ID#	Name	R.Time	Area	Height	Conc.	Curve	3rd	2nd	1st	Constant	Area Ratio	Height Ratio	Conc. %	Norm Conc.
1	CO	1.476	10892	4777	100.000	Linear	0.000000e+00	0.000000e+00	1.089217e+002	0.000000e+00	0	0	16.667	16.667
2	CH4	1.567	4483	2278	100.000	Linear	0.000000e+00	0.000000e+00	4.482713e+001	0.000000e+00	0	0	16.667	16.667
3	CO2	1.996	1830215	904392	400.000	Linear	0.000000e+00	0.000000e+00	4.575538e+003	0.000000e+00	0	0	66.667	66.667
4	Ethylene	0.000	0	0	0.000	Linear	0.000000e+00	0.000000e+00	0.000000e+00	0.000000e+00	0	0	0.000	0.000
5	Acetylene	0.000	0	0	0.000	Linear	0.000000e+00	0.000000e+00	0.000000e+00	0.000000e+00	0	0	0.000	0.000
6	Ethane	0.000	0	0	0.000	Linear	0.000000e+00	0.000000e+00	0.000000e+00	0.000000e+00	0	0	0.000	0.000

[Compound Results(Ch2)]
# of IDs	5
ID#	Name	R.Time	Area	Height	Conc.	Curve	3rd	2nd	1st	Constant	Area Ratio	Height Ratio	Conc. %	Norm Conc.
1	Hydrogen	0.000	0	0	0.000	Linear	0.000000e+00	0.000000e+00	0.000000e+00	0.000000e+00	0	0	0.000	0.000
2	Oxygen	0.000	0	0	0.000	Linear	0.000000e+00	0.000000e+00	0.000000e+00	0.000000e+00	0	0	0.000	0.000
3	Nitrogen	0.000	0	0	0.000	Linear	0.000000e+00	0.000000e+00	0.000000e+00	0.000000e+00	0	0	0.000	0.000
4	Methane	0.000	0	0	0.000	Linear	0.000000e+00	0.000000e+00	0.000000e+00	0.000000e+00	0	0	0.000	0.000
5	Carbon Monoxide	0.000	0	0	0.000	Linear	0.000000e+00	0.000000e+00	0.000000e+00	0.000000e+00	0	0	0.000	0.000

[Compound Results(Ch3)]
# of IDs	2
ID#	Name	R.Time	Area	Height	Conc.	Curve	3rd	2nd	1st	Constant	Area Ratio	Height Ratio	Conc. %	Norm Conc.
1	N2O	2.880	34445	6244	1.000	Linear	0.000000e+00	0.000000e+00	3.444540e+004	0.000000e+00	0	0	100.000	100.000
2	SF6	0.000	0	0	0.000	Linear	0.000000e+00	0.000000e+00	0.000000e+00	0.000000e+00	0	0	0.000	0.000

[Group Results(Ch1)]
# of Groups	0

[Group Results(Ch2)]
# of Groups	0

[Group Results(Ch3)]
# of Groups	0

[Chromatogram (Ch1)]
Interval(msec)	220
# of Points	1091
Start Time(min)	0.002
End Time(min)	3.998
R.Time (min)	Intensity
0.00167	6
0.00533	5
0.00900	5
0.01267	6
0.01633	4
0.02000	1
0.02367	-4
0.02733	-6
0.03100	-5
0.03467	-0
0.03833	6
0.04200	7
0.04567	2
0.04933	-2
0.05300	-4
0.05667	-4
0.06033	-5
0.06400	-2
0.06767	5
0.07133	11
0.07500	10
0.07867	6
0.08233	-0
0.08600	-9
0.08967	-18
0.09333	-23
0.09700	-27
0.10067	-29
0.10433	-31
0.10800	-31
0.11167	-28
0.11533	-25
0.11900	-20
0.12267	-14
0.12633	-9
0.13000	-6
0.13367	-5
0.13733	-7
0.14100	-4
0.14467	1
0.14833	6
0.15200	7
0.15567	6
0.15933	3
0.16300	-1
0.16667	-7
0.17033	-15
0.17400	-19
0.17767	-19
0.18133	-18
0.18500	-16
0.18867	-17
0.19233	-22
0.19600	-24
0.19967	-23
0.20333	-24
0.20700	-26
0.21067	-28
0.21433	-29
0.21800	-28
0.22167	-24
0.22533	-20
0.22900	-18
0.23267	-19
0.23633	-21
0.24000	-26
0.24367	-31
0.24733	-33
0.25100	-32
0.25467	-30
0.25833	-29
0.26200	-29
0.26567	-26
0.26933	-21
0.27300	-20
0.27667	-22
0.28033	-25
0.28400	-26
0.28767	-29
0.29133	-34
0.29500	-40
0.29867	-44
0.30233	-43
0.30600	-38
0.30967	-33
0.31333	-28
0.31700	-22
0.32067	-13
0.32433	-6
0.32800	-5
0.33167	-11
0.33533	-25
0.33900	-41
0.34267	-52
0.34633	-57
0.35000	-56
0.35367	-55
0.35733	-54
0.36100	-53
0.36467	-53
0.36833	-53
0.37200	-51
0.37567	-48
0.37933	-46
0.38300	-42
0.38667	-36
0.39033	-30
0.39400	-26
0.39767	-25
0.40133	-24
0.40500	-24
0.40867	-25
0.41233	-27
0.41600	-31
0.41967	-34
0.42333	-40
0.42700	-45
0.43067	-47
0.43433	-47
0.43800	-49
0.44167	-52
0.44533	-50
0.44900	-40
0.45267	-31
0.45633	-26
0.46000	-28
0.46367	-33
0.46733	-40
0.47100	-45
0.47467	-45
0.47833	-45
0.48200	-48
0.48567	-55
0.48933	-61
0.49300	-62
0.49667	-59
0.50033	-52
0.50400	-46
0.50767	-45
0.51133	-49
0.51500	-55
0.51867	-60
0.52233	-63
0.52600	-63
0.52967	-63
0.53333	-61
0.53700	-57
0.54067	-48
0.54433	-39
0.54800	-35
0.55167	-34
0.55533	-38
0.55900	-46
0.56267	-52
0.56633	-57
0.57000	-60
0.57367	-64
0.57733	-70
0.58100	-73
0.58467	-75
0.58833	-77
0.59200	-77
0.59567	-77
0.59933	-78
0.60300	-80
0.60667	-82
0.61033	-76
0.61400	-67
0.61767	-58
0.62133	-52
0.62500	-51
0.62867	-53
0.63233	-56
0.63600	-58
0.63967	-57
0.64333	-55
0.64700	-56
0.65067	-61
0.65433	-67
0.65800	-68
0.66167	-65
0.66533	-60
0.66900	-51
0.67267	-41
0.67633	-31
0.68000	-25
0.68367	-26
0.68733	-36
0.69100	-50
0.69467	-66
0.69833	-73
0.70200	-69
0.70567	-62
0.70933	-58
0.71300	-58
0.71667	-59
0.72033	-60
0.72400	-65
0.72767	-73
0.73133	-80
0.73500	-83
0.73867	-84
0.74233	-86
0.74600	-89
0.74967	-93
0.75333	-99
0.75700	-105
0.76067	-108
0.76433	-109
0.76800	-107
0.77167	-101
0.77533	-92
0.77900	-84
0.78267	-79
0.78633	-76
0.79000	-72
0.79367	-70
0.79733	-70
0.80100	-69
0.80467	-69
0.80833	-72
0.81200	-75
0.81567	-77
0.81933	-81
0.82300	-81
0.82667	-79
0.83033	-77
0.83400	-79
0.83767	-81
0.84133	-82
0.84500	-84
0.84867	-86
0.85233	-87
0.85600	-90
0.85967	-90
0.86333	-83
0.86700	-69
0.87067	-56
0.87433	-49
0.87800	-50
0.88167	-56
0.88533	-62
0.88900	-65
0.89267	-66
0.89633	-67
0.90000	-68
0.90367	-70
0.90733	-76
0.91100	-82
0.91467	-84
0.91833	-84
0.92200	-81
0.92567	-77
0.92933	-72
0.93300	-71
0.93667	-72
0.94033	-74
0.94400	-76
0.94767	-77
0.95133	-80
0.95500	-87
0.95867	-91
0.96233	-87
0.96600	-82
0.96967	-80
0.97333	-80
0.97700	-79
0.98067	-74
0.98433	-75
0.98800	-84
0.99167	-95
0.99533	-106
0.99900	-113
1.00267	-117
1.00633	-121
1.01000	-122
1.01367	-120
1.01733	-123
1.02100	-128
1.02467	-129
1.02833	-127
1.03200	-123
1.03567	-121
1.03933	-121
1.04300	-122
1.04667	-122
1.05033	-117
1.05400	-110
1.05767	-101
1.06133	-95
1.06500	-91
1.06867	-87
1.07233	-85
1.07600	-83
1.07967	-83
1.08333	-86
1.08700	-89
1.09067	-93
1.09433	-97
1.09800	-103
1.10167	-109
1.10533	-111
1.10900	-109
1.11267	-102
1.11633	-92
1.12000	-84
1.12367	-82
1.12733	-87
1.13100	-94
1.13467	-100
1.13833	-104
1.14200	-103
1.14567	-98
1.14933	-94
1.15300	-92
1.15667	-93
1.16033	-96
1.16400	-98
1.16767	-100
1.17133	-103
1.17500	-106
1.17867	-110
1.18233	-110
1.18600	-106
1.18967	-102
1.19333	-101
1.19700	-101
1.20067	-97
1.20433	-88
1.20800	-80
1.21167	-78
1.21533	-83
1.21900	-92
1.22267	-101
1.22633	-109
1.23000	-114
1.23367	-115
1.23733	-113
1.24100	-108
1.24467	-105
1.24833	-106
1.25200	-109
1.25567	-110
1.25933	-111
1.26300	-114
1.26667	-116
1.27033	-122
1.27400	-129
1.27767	-134
1.28133	-135
1.28500	-130
1.28867	-122
1.29233	-114
1.29600	-110
1.29967	-110
1.30333	-111
1.30700	-112
1.31067	-114
1.31433	-120
1.31800	-128
1.32167	-133
1.32533	-134
1.32900	-135
1.33267	-134
1.33633	-134
1.34000	-132
1.34367	-130
1.34733	-128
1.35100	-125
1.35467	-122
1.35833	-122
1.36200	-124
1.36567	-127
1.36933	-130
1.37300	-128
1.37667	-123
1.38033	-119
1.38400	-117
1.38767	-117
1.39133	-115
1.39500	-114
1.39867	-116
1.40233	-119
1.40600	-123
1.40967	-130
1.41333	-134
1.41700	-137
1.42067	-135
1.42433	-130
1.42800	-126
1.43167	-124
1.43533	-121
1.43900	-91
1.44267	35
1.44633	320
1.45000	773
1.45367	1409
1.45733	2206
1.46100	3034
1.46467	3752
1.46833	4281
1.47200	4585
1.47567	4641
1.47933	4435
1.48300	3983
1.48667	3364
1.49033	2686
1.49400	2046
1.49767	1503
1.50133	1074
1.50500	748
1.50867	502
1.51233	319
1.51600	188
1.51967	96
1.52333	33
1.52700	-10
1.53067	-42
1.53433	-60
1.53800	-57
1.54167	1
1.54533	175
1.54900	499
1.55267	927
1.55633	1364
1.56000	1734
1.56367	2000
1.56733	2131
1.57100	2095
1.57467	1890
1.57833	1559
1.58200	1182
1.58567	832
1.58933	546
1.59300	328
1.59667	167
1.60033	53
1.60400	-23
1.60767	-75
1.61133	-113
1.61500	-138
1.61867	-153
1.62233	-159
1.62600	-160
1.62967	-159
1.63333	-157
1.63700	-156
1.64067	-150
1.64433	-139
1.64800	-129
1.65167	-127
1.65533	-134
1.65900	-142
1.66267	-150
1.66633	-159
1.67000	-168
1.67367	-172
1.67733	-172
1.68100	-169
1.68467	-164
1.68833	-161
1.69200	-160
1.69567	-162
1.69933	-165
1.70300	-165
1.70667	-162
1.71033	-157
1.71400	-154
1.71767	-152
1.72133	-150
1.72500	-151
1.72867	-158
1.73233	-166
1.73600	-170
1.73967	-169
1.74333	-166
1.74700	-162
1.75067	-157
1.75433	-154
1.75800	-152
1.76167	-152
1.76533	-149
1.76900	-147
1.77267	-145
1.77633	-145
1.78000	-145
1.78367	-145
1.78733	-148
1.79100	-152
1.79467	-154
1.79833	-152
1.80200	-149
1.80567	-145
1.80933	-142
1.81300	-138
1.81667	-135
1.82033	-138
1.82400	-145
1.82767	-153
1.83133	-160
1.83500	-164
1.83867	-167
1.84233	-167
1.84600	-164
1.84967	-159
1.85333	-159
1.85700	-163
1.86067	-168
1.86433	-172
1.86800	-171
1.87167	-168
1.87533	-164
1.87900	-157
1.88267	-148
1.88633	-140
1.89000	-132
1.89367	-126
1.89733	-124
1.90100	-128
1.90467	-139
1.90833	-152
1.91200	-163
1.91567	-166
1.91933	-162
1.92300	-154
1.92667	-149
1.93033	-150
1.93400	-151
1.93767	-150
1.94133	-146
1.94500	-138
1.94867	-126
1.95233	-94
1.95600	84
1.95967	1103
1.96333	5725
1.96700	21579
1.97067	63129
1.97433	147217
1.97800	280196
1.98167	448249
1.98533	622024
1.98900	770348
1.99267	869212
1.99633	904285
2.00000	872754
2.00367	784251
2.00733	658951
2.01100	521230
2.01467	391734
2.01833	282757
2.02200	198183
2.02567	136263
2.02933	92744
2.03300	62990
2.03667	42997
2.04033	29687
2.04400	20847
2.04767	14953
2.05133	10990
2.05500	8291
2.05867	6423
2.06233	5103
2.06600	4147
2.06967	3441
2.07333	2911
2.07700	2507
2.08067	2192
2.08433	1938
2.08800	1729
2.09167	1554
2.09533	1409
2.09900	1283
2.10267	1172
2.10633	1077
2.11000	996
2.11367	923
2.11733	856
2.12100	795
2.12467	743
2.12833	696
2.13200	650
2.13567	607
2.13933	569
2.14300	538
2.14667	513
2.15033	492
2.15400	475
2.15767	458
2.16133	438
2.16500	416
2.16867	394
2.17233	376
2.17600	363
2.17967	350
2.18333	335
2.18700	321
2.19067	309
2.19433	296
2.19800	285
2.20167	275
2.20533	264
2.20900	253
2.21267	241
2.21633	232
2.22000	228
2.22367	226
2.22733	226
2.23100	222
2.23467	212
2.23833	198
2.24200	183
2.24567	170
2.24933	161
2.25300	156
2.25667	154
2.26033	154
2.26400	155
2.26767	153
2.27133	147
2.27500	141
2.27867	134
2.28233	129
2.28600	126
2.28967	120
2.29333	113
2.29700	106
2.30067	103
2.30433	104
2.30800	105
2.31167	104
2.31533	103
2.31900	107
2.32267	114
2.32633	120
2.33000	123
2.33367	124
2.33733	121
2.34100	112
2.34467	101
2.34833	94
2.35200	91
2.35567	90
2.35933	89
2.36300	90
2.36667	95
2.37033	100
2.37400	102
2.37767	101
2.38133	100
2.38500	96
2.38867	86
2.39233	74
2.39600	60
2.39967	47
2.40333	36
2.40700	32
2.41067	30
2.41433	29
2.41800	30
2.42167	32
2.42533	37
2.42900	45
2.43267	52
2.43633	56
2.44000	58
2.44367	55
2.44733	50
2.45100	45
2.45467	40
2.45833	39
2.46200	42
2.46567	47
2.46933	51
2.47300	52
2.47667	49
2.48033	43
2.48400	39
2.48767	37
2.49133	42
2.49500	50
2.49867	56
2.50233	57
2.50600	55
2.50967	52
2.51333	47
2.51700	39
2.52067	29
2.52433	25
2.52800	30
2.53167	36
2.53533	39
2.53900	37
2.54267	31
2.54633	25
2.55000	21
2.55367	14
2.55733	6
2.56100	1
2.56467	-2
2.56833	-5
2.57200	-5
2.57567	-2
2.57933	0
2.58300	-0
2.58667	-5
2.59033	-10
2.59400	-12
2.59767	-8
2.60133	-5
2.60500	-6
2.60867	-8
2.61233	-7
2.61600	-1
2.61967	4
2.62333	5
2.62700	6
2.63067	9
2.63433	10
2.63800	9
2.64167	6
2.64533	2
2.64900	1
2.65267	-0
2.65633	-2
2.66000	-4
2.66367	-5
2.66733	-5
2.67100	-5
2.67467	-4
2.67833	-1
2.68200	3
2.68567	9
2.68933	13
2.69300	12
2.69667	6
2.70033	-2
2.70400	-11
2.70767	-20
2.71133	-25
2.71500	-27
2.71867	-28
2.72233	-25
2.72600	-17
2.72967	-10
2.73333	-7
2.73700	-12
2.74067	-20
2.74433	-29
2.74800	-32
2.75167	-28
2.75533	-20
2.75900	-17
2.76267	-17
2.76633	-20
2.77000	-19
2.77367	-15
2.77733	-11
2.78100	-10
2.78467	-14
2.78833	-18
2.79200	-24
2.79567	-28
2.79933	-29
2.80300	-28
2.80667	-27
2.81033	-27
2.81400	-25
2.81767	-22
2.82133	-20
2.82500	-16
2.82867	-13
2.83233	-17
2.83600	-25
2.83967	-31
2.84333	-29
2.84700	-22
2.85067	-19
2.85433	-24
2.85800	-30
2.86167	-33
2.86533	-37
2.86900	-45
2.87267	-51
2.87633	-55
2.88000	-58
2.88367	-60
2.88733	-60
2.89100	-56
2.89467	-50
2.89833	-46
2.90200	-46
2.90567	-48
2.90933	-52
2.91300	-58
2.91667	-63
2.92033	-63
2.92400	-60
2.92767	-53
2.93133	-44
2.93500	-36
2.93867	-35
2.94233	-42
2.94600	-51
2.94967	-59
2.95333	-63
2.95700	-62
2.96067	-57
2.96433	-51
2.96800	-48
2.97167	-49
2.97533	-50
2.97900	-46
2.98267	-40
2.98633	-41
2.99000	-47
2.99367	-53
2.99733	-55
3.00100	-57
3.00467	-61
3.00833	-66
3.01200	-72
3.01567	-77
3.01933	-81
3.02300	-84
3.02667	-85
3.03033	-86
3.03400	-82
3.03767	-73
3.04133	-65
3.04500	-61
3.04867	-59
3.05233	-59
3.05600	-58
3.05967	-56
3.06333	-55
3.06700	-56
3.07067	-59
3.07433	-62
3.07800	-66
3.08167	-73
3.08533	-80
3.08900	-85
3.09267	-88
3.09633	-88
3.10000	-84
3.10367	-78
3.10733	-74
3.11100	-73
3.11467	-76
3.11833	-77
3.12200	-76
3.12567	-76
3.12933	-78
3.13300	-84
3.13667	-87
3.14033	-83
3.14400	-78
3.14767	-76
3.15133	-76
3.15500	-75
3.15867	-73
3.16233	-74
3.16600	-79
3.16967	-85
3.17333	-91
3.17700	-98
3.18067	-102
3.18433	-104
3.18800	-103
3.19167	-99
3.19533	-95
3.19900	-94
3.20267	-93
3.20633	-89
3.21000	-82
3.21367	-74
3.21733	-68
3.22100	-68
3.22467	-70
3.22833	-75
3.23200	-83
3.23567	-89
3.23933	-95
3.24300	-98
3.24667	-98
3.25033	-96
3.25400	-95
3.25767	-93
3.26133	-91
3.26500	-92
3.26867	-92
3.27233	-93
3.27600	-98
3.27967	-103
3.28333	-110
3.28700	-116
3.29067	-121
3.29433	-125
3.29800	-125
3.30167	-120
3.30533	-113
3.30900	-108
3.31267	-107
3.31633	-108
3.32000	-106
3.32367	-103
3.32733	-98
3.33100	-93
3.33467	-85
3.33833	-78
3.34200	-79
3.34567	-87
3.34933	-97
3.35300	-103
3.35667	-106
3.36033	-107
3.36400	-104
3.36767	-99
3.37133	-94
3.37500	-92
3.37867	-93
3.38233	-96
3.38600	-105
3.38967	-120
3.39333	-134
3.39700	-143
3.40067	-143
3.40433	-138
3.40800	-129
3.41167	-122
3.41533	-120
3.41900	-121
3.42267	-122
3.42633	-121
3.43000	-122
3.43367	-121
3.43733	-117
3.44100	-111
3.44467	-107
3.44833	-106
3.45200	-105
3.45567	-105
3.45933	-104
3.46300	-100
3.46667	-96
3.47033	-100
3.47400	-113
3.47767	-130
3.48133	-144
3.48500	-154
3.48867	-159
3.49233	-162
3.49600	-164
3.49967	-162
3.50333	-158
3.50700	-151
3.51067	-144
3.51433	-139
3.51800	-139
3.52167	-140
3.52533	-142
3.52900	-141
3.53267	-135
3.53633	-123
3.54000	-112
3.54367	-105
3.54733	-103
3.55100	-104
3.55467	-109
3.55833	-115
3.56200	-122
3.56567	-130
3.56933	-135
3.57300	-133
3.57667	-128
3.58033	-124
3.58400	-127
3.58767	-132
3.59133	-136
3.59500	-134
3.59867	-128
3.60233	-121
3.60600	-120
3.60967	-124
3.61333	-129
3.61700	-134
3.62067	-139
3.62433	-144
3.62800	-147
3.63167	-146
3.63533	-143
3.63900	-138
3.64267	-133
3.64633	-126
3.65000	-121
3.65367	-120
3.65733	-121
3.66100	-125
3.66467	-132
3.66833	-141
3.67200	-147
3.67567	-148
3.67933	-150
3.68300	-150
3.68667	-145
3.69033	-135
3.69400	-120
3.69767	-109
3.70133	-106
3.70500	-112
3.70867	-119
3.71233	-125
3.71600	-131
3.71967	-138
3.72333	-143
3.72700	-148
3.73067	-150
3.73433	-149
3.73800	-146
3.74167	-140
3.74533	-134
3.74900	-131
3.75267	-133
3.75633	-137
3.76000	-139
3.76367	-139
3.76733	-138
3.77100	-138
3.77467	-143
3.77833	-147
3.78200	-146
3.78567	-143
3.78933	-140
3.79300	-141
3.79667	-144
3.80033	-144
3.80400	-141
3.80767	-137
3.81133	-132
3.81500	-127
3.81867	-125
3.82233	-124
3.82600	-122
3.82967	-121
3.83333	-120
3.83700	-121
3.84067	-125
3.84433	-130
3.84800	-128
3.85167	-119
3.85533	-110
3.85900	-107
3.86267	-110
3.86633	-119
3.87000	-131
3.87367	-143
3.87733	-152
3.88100	-154
3.88467	-152
3.88833	-150
3.89200	-149
3.89567	-150
3.89933	-153
3.90300	-159
3.90667	-164
3.91033	-167
3.91400	-169
3.91767	-168
3.92133	-163
3.92500	-156
3.92867	-150
3.93233	-147
3.93600	-145
3.93967	-143
3.94333	-140
3.94700	-136
3.95067	-130
3.95433	-124
3.95800	-120
3.96167	-120
3.96533	-124
3.96900	-130
3.97267	-133
3.97633	-131
3.98000	-127
3.98367	-124
3.98733	-120
3.99100	-113
3.99467	-105
3.99833	-105

[Chromatogram (Ch2)]
Interval(msec)	220
# of Points	1091
Start Time(min)	0.002
End Time(min)	3.998
R.Time (min)	Intensity
0.00167	0
0.00533	1
0.00900	1
0.01267	1
0.01633	0
0.02000	0
0.02367	0
0.02733	0
0.03100	-0
0.03467	-0
0.03833	-0
0.04200	-0
0.04567	-1
0.04933	-1
0.05300	-1
0.05667	-1
0.06033	-1
0.06400	-1
0.06767	-1
0.07133	-1
0.07500	-1
0.07867	-1
0.08233	-2
0.08600	-2
0.08967	-2
0.09333	-2
0.09700	-2
0.10067	-2
0.10433	-2
0.10800	-1
0.11167	-1
0.11533	-1
0.11900	-1
0.12267	-0
0.12633	0
0.13000	1
0.13367	1
0.13733	1
0.14100	1
0.14467	1
0.14833	1
0.15200	1
0.15567	1
0.15933	1
0.16300	1
0.16667	1
0.17033	1
0.17400	1
0.17767	1
0.18133	1
0.18500	1
0.18867	1
0.19233	1
0.19600	0
0.19967	-0
0.20333	-0
0.20700	-1
0.21067	-1
0.21433	-1
0.21800	-1
0.22167	-1
0.22533	-1
0.22900	-1
0.23267	-1
0.23633	-0
0.24000	-0
0.24367	-0
0.24733	-0
0.25100	-0
0.25467	-0
0.25833	-0
0.26200	-0
0.26567	-0
0.26933	-0
0.27300	-1
0.27667	-1
0.28033	-1
0.28400	-1
0.28767	-0
0.29133	-0
0.29500	-0
0.29867	-0
0.30233	-0
0.30600	-0
0.30967	-0
0.31333	-1
0.31700	-1
0.32067	-1
0.32433	-2
0.32800	-2
0.33167	-2
0.33533	-2
0.33900	-2
0.34267	-2
0.34633	-2
0.35000	-2
0.35367	-2
0.35733	-2
0.36100	-2
0.36467	-2
0.36833	-2
0.37200	-2
0.37567	-2
0.37933	-2
0.38300	-2
0.38667	-1
0.39033	-1
0.39400	-1
0.39767	-1
0.40133	-1
0.40500	-1
0.40867	-1
0.41233	-1
0.41600	-1
0.41967	-1
0.42333	-1
0.42700	-1
0.43067	-1
0.43433	-1
0.43800	-1
0.44167	-1
0.44533	-1
0.44900	-1
0.45267	-2
0.45633	-2
0.46000	-2
0.46367	-2
0.46733	-2
0.47100	-2
0.47467	-2
0.47833	-3
0.48200	-3
0.48567	-3
0.48933	-3
0.49300	-2
0.49667	-2
0.50033	-2
0.50400	-2
0.50767	-2
0.51133	-2
0.51500	-2
0.51867	-2
0.52233	-2
0.52600	-2
0.52967	-2
0.53333	-2
0.53700	-2
0.54067	-2
0.54433	-2
0.54800	-2
0.55167	-3
0.55533	-3
0.55900	-3
0.56267	-2
0.56633	-2
0.57000	-2
0.57367	-2
0.57733	-2
0.58100	-2
0.58467	-2
0.58833	-2
0.59200	-2
0.59567	-2
0.59933	-2
0.60300	-2
0.60667	-2
0.61033	-2
0.61400	-2
0.61767	-2
0.62133	-2
0.62500	-2
0.62867	-2
0.63233	-2
0.63600	-2
0.63967	-2
0.64333	-2
0.64700	-2
0.65067	-2
0.65433	-2
0.65800	-2
0.66167	-2
0.66533	-2
0.66900	-3
0.67267	-3
0.67633	-3
0.68000	-3
0.68367	-3
0.68733	-3
0.69100	-3
0.69467	-3
0.69833	-3
0.70200	-3
0.70567	-3
0.70933	-3
0.71300	-3
0.71667	-2
0.72033	-2
0.72400	-2
0.72767	-3
0.73133	-3
0.73500	-3
0.73867	-3
0.74233	-3
0.74600	-3
0.74967	-3
0.75333	-3
0.75700	-3
0.76067	-3
0.76433	-3
0.76800	-4
0.77167	-4
0.77533	-4
0.77900	-4
0.78267	-4
0.78633	-4
0.79000	-4
0.79367	-4
0.79733	-4
0.80100	-4
0.80467	-4
0.80833	-3
0.81200	-3
0.81567	-3
0.81933	-2
0.82300	-2
0.82667	-2
0.83033	-1
0.83400	-1
0.83767	-1
0.84133	-1
0.84500	-1
0.84867	-1
0.85233	-1
0.85600	-1
0.85967	-1
0.86333	-1
0.86700	-1
0.87067	-1
0.87433	-1
0.87800	-1
0.88167	-1
0.88533	-1
0.88900	-1
0.89267	-1
0.89633	-1
0.90000	-1
0.90367	-1
0.90733	-1
0.91100	-1
0.91467	-2
0.91833	-2
0.92200	-2
0.92567	-2
0.92933	-2
0.93300	-2
0.93667	-3
0.94033	-3
0.94400	-3
0.94767	-2
0.95133	-2
0.95500	-2
0.95867	-2
0.96233	-2
0.96600	-2
0.96967	-2
0.97333	-2
0.97700	-2
0.98067	-2
0.98433	-2
0.98800	-2
0.99167	-2
0.99533	-3
0.99900	-2
1.00267	-3
1.00633	-3
1.01000	-3
1.01367	-3
1.01733	-3
1.02100	-3
1.02467	-3
1.02833	-3
1.03200	-3
1.03567	-3
1.03933	-3
1.04300	-3
1.04667	-3
1.05033	-3
1.05400	-3
1.05767	-4
1.06133	-4
1.06500	-4
1.06867	-4
1.07233	-4
1.07600	-4
1.07967	-4
1.08333	-5
1.08700	-5
1.09067	-5
1.09433	-5
1.09800	-6
1.10167	-5
1.10533	-5
1.10900	-5
1.11267	-5
1.11633	-5
1.12000	-5
1.12367	-5
1.12733	-5
1.13100	-5
1.13467	-5
1.13833	-5
1.14200	-5
1.14567	-4
1.14933	-4
1.15300	-4
1.15667	-4
1.16033	-4
1.16400	-4
1.16767	-4
1.17133	-4
1.17500	-4
1.17867	-3
1.18233	-3
1.18600	-3
1.18967	-2
1.19333	-2
1.19700	-2
1.20067	-2
1.20433	-2
1.20800	-2
1.21167	-2
1.21533	-2
1.21900	-3
1.22267	-2
1.22633	-2
1.23000	-2
1.23367	-2
1.23733	-2
1.24100	-2
1.24467	-2
1.24833	-2
1.25200	-2
1.25567	-2
1.25933	-2
1.26300	-2
1.26667	-2
1.27033	-2
1.27400	-3
1.27767	-3
1.28133	-3
1.28500	-3
1.28867	-4
1.29233	-4
1.29600	-4
1.29967	-4
1.30333	-4
1.30700	-4
1.31067	-4
1.31433	-4
1.31800	-4
1.32167	-4
1.32533	-3
1.32900	-3
1.33267	-3
1.33633	-3
1.34000	-3
1.34367	-3
1.34733	-3
1.35100	-3
1.35467	-3
1.35833	-3
1.36200	-3
1.36567	-3
1.36933	-4
1.37300	-4
1.37667	-4
1.38033	-4
1.38400	-3
1.38767	-3
1.39133	-3
1.39500	-3
1.39867	-3
1.40233	-3
1.40600	-3
1.40967	-3
1.41333	-3
1.41700	-3
1.42067	-4
1.42433	-4
1.42800	-4
1.43167	-4
1.43533	-4
1.43900	-4
1.44267	-4
1.44633	-4
1.45000	-5
1.45367	-5
1.45733	-5
1.46100	-5
1.46467	-5
1.46833	-5
1.47200	-5
1.47567	-5
1.47933	-5
1.48300	-5
1.48667	-5
1.49033	-5
1.49400	-5
1.49767	-5
1.50133	-5
1.50500	-5
1.50867	-5
1.51233	-5
1.51600	-5
1.51967	-5
1.52333	-5
1.52700	-5
1.53067	-5
1.53433	-5
1.53800	-5
1.54167	-5
1.54533	-5
1.54900	-5
1.55267	-5
1.55633	-5
1.56000	-5
1.56367	-5
1.56733	-5
1.57100	-5
1.57467	-5
1.57833	-4
1.58200	-4
1.58567	-4
1.58933	-4
1.59300	-5
1.59667	-5
1.60033	-6
1.60400	-6
1.60767	-7
1.61133	-8
1.61500	-10
1.61867	-12
1.62233	-14
1.62600	-17
1.62967	-20
1.63333	-24
1.63700	-28
1.64067	-32
1.64433	-36
1.64800	-40
1.65167	-44
1.65533	-47
1.65900	-51
1.66267	-55
1.66633	-59
1.67000	-63
1.67367	-68
1.67733	-73
1.68100	-77
1.68467	-82
1.68833	-86
1.69200	-90
1.69567	-93
1.69933	-96
1.70300	-99
1.70667	-101
1.71033	-103
1.71400	-104
1.71767	-105
1.72133	-107
1.72500	-109
1.72867	-110
1.73233	-112
1.73600	-114
1.73967	-115
1.74333	-117
1.74700	-118
1.75067	-118
1.75433	-118
1.75800	-118
1.76167	-117
1.76533	-117
1.76900	-116
1.77267	-116
1.77633	-115
1.78000	-115
1.78367	-115
1.78733	-115
1.79100	-116
1.79467	-117
1.79833	-117
1.80200	-118
1.80567	-119
1.80933	-119
1.81300	-120
1.81667	-121
1.82033	-121
1.82400	-122
1.82767	-122
1.83133	-122
1.83500	-122
1.83867	-122
1.84233	-122
1.84600	-122
1.84967	-122
1.85333	-122
1.85700	-122
1.86067	-122
1.86433	-123
1.86800	-123
1.87167	-123
1.87533	-123
1.87900	-123
1.88267	-123
1.88633	-123
1.89000	-123
1.89367	-123
1.89733	-123
1.90100	-122
1.90467	-122
1.90833	-122
1.91200	-122
1.91567	-121
1.91933	-121
1.92300	-120
1.92667	-120
1.93033	-120
1.93400	-120
1.93767	-120
1.94133	-120
1.94500	-120
1.94867	-119
1.95233	-119
1.95600	-118
1.95967	-118
1.96333	-117
1.96700	-117
1.97067	-116
1.97433	-116
1.97800	-116
1.98167	-115
1.98533	-115
1.98900	-115
1.99267	-116
1.99633	-116
2.00000	-115
2.00367	-115
2.00733	-115
2.01100	-114
2.01467	-114
2.01833	-113
2.02200	-113
2.02567	-112
2.02933	-112
2.03300	-111
2.03667	-111
2.04033	-110
2.04400	-110
2.04767	-110
2.05133	-110
2.05500	-110
2.05867	-110
2.06233	-110
2.06600	-110
2.06967	-109
2.07333	-109
2.07700	-109
2.08067	-109
2.08433	-109
2.08800	-109
2.09167	-109
2.09533	-109
2.09900	-109
2.10267	-108
2.10633	-107
2.11000	-106
2.11367	-106
2.11733	-105
2.12100	-105
2.12467	-104
2.12833	-104
2.13200	-104
2.13567	-103
2.13933	-103
2.14300	-103
2.14667	-103
2.15033	-104
2.15400	-104
2.15767	-104
2.16133	-104
2.16500	-103
2.16867	-103
2.17233	-102
2.17600	-101
2.17967	-100
2.18333	-100
2.18700	-99
2.19067	-99
2.19433	-98
2.19800	-98
2.20167	-98
2.20533	-98
2.20900	-98
2.21267	-97
2.21633	-96
2.22000	-96
2.22367	-95
2.22733	-95
2.23100	-95
2.23467	-95
2.23833	-96
2.24200	-96
2.24567	-96
2.24933	-95
2.25300	-95
2.25667	-94
2.26033	-94
2.26400	-94
2.26767	-94
2.27133	-95
2.27500	-95
2.27867	-95
2.28233	-95
2.28600	-94
2.28967	-94
2.29333	-93
2.29700	-93
2.30067	-92
2.30433	-92
2.30800	-91
2.31167	-91
2.31533	-90
2.31900	-90
2.32267	-89
2.32633	-88
2.33000	-88
2.33367	-88
2.33733	-88
2.34100	-88
2.34467	-87
2.34833	-87
2.35200	-86
2.35567	-86
2.35933	-86
2.36300	-86
2.36667	-85
2.37033	-84
2.37400	-83
2.37767	-81
2.38133	-79
2.38500	-76
2.38867	-72
2.39233	-68
2.39600	-64
2.39967	-60
2.40333	-55
2.40700	-50
2.41067	-45
2.41433	-40
2.41800	-36
2.42167	-32
2.42533	-28
2.42900	-25
2.43267	-23
2.43633	-21
2.44000	-18
2.44367	-16
2.44733	-14
2.45100	-13
2.45467	-11
2.45833	-9
2.46200	-8
2.46567	-6
2.46933	-5
2.47300	-3
2.47667	-2
2.48033	-1
2.48400	-0
2.48767	1
2.49133	1
2.49500	2
2.49867	3
2.50233	4
2.50600	5
2.50967	5
2.51333	6
2.51700	6
2.52067	7
2.52433	8
2.52800	8
2.53167	9
2.53533	9
2.53900	9
2.54267	9
2.54633	9
2.55000	9
2.55367	9
2.55733	10
2.56100	11
2.56467	11
2.56833	12
2.57200	13
2.57567	13
2.57933	13
2.58300	13
2.58667	14
2.59033	14
2.59400	14
2.59767	14
2.60133	14
2.60500	14
2.60867	14
2.61233	15
2.61600	15
2.61967	15
2.62333	15
2.62700	16
2.63067	16
2.63433	16
2.63800	16
2.64167	17
2.64533	17
2.64900	17
2.65267	17
2.65633	17
2.66000	17
2.66367	17
2.66733	18
2.67100	18
2.67467	18
2.67833	18
2.68200	18
2.68567	19
2.68933	19
2.69300	20
2.69667	20
2.70033	20
2.70400	20
2.70767	20
2.71133	19
2.71500	19
2.71867	19
2.72233	18
2.72600	19
2.72967	19
2.73333	19
2.73700	20
2.74067	20
2.74433	21
2.74800	21
2.75167	22
2.75533	22
2.75900	22
2.76267	23
2.76633	23
2.77000	23
2.77367	23
2.77733	23
2.78100	23
2.78467	23
2.78833	22
2.79200	22
2.79567	22
2.79933	22
2.80300	22
2.80667	23
2.81033	23
2.81400	23
2.81767	23
2.82133	23
2.82500	23
2.82867	23
2.83233	23
2.83600	23
2.83967	23
2.84333	21
2.84700	19
2.85067	15
2.85433	9
2.85800	0
2.86167	-12
2.86533	-28
2.86900	-47
2.87267	-71
2.87633	-99
2.88000	-131
2.88367	-166
2.88733	-205
2.89100	-247
2.89467	-291
2.89833	-337
2.90200	-385
2.90567	-434
2.90933	-484
2.91300	-534
2.91667	-584
2.92033	-634
2.92400	-683
2.92767	-732
2.93133	-780
2.93500	-830
2.93867	-884
2.94233	-944
2.94600	-1004
2.94967	-1054
2.95333	-1083
2.95700	-1086
2.96067	-1063
2.96433	-1018
2.96800	-956
2.97167	-884
2.97533	-805
2.97900	-725
2.98267	-647
2.98633	-572
2.99000	-502
2.99367	-438
2.99733	-380
3.00100	-328
3.00467	-282
3.00833	-242
3.01200	-206
3.01567	-176
3.01933	-149
3.02300	-126
3.02667	-106
3.03033	-89
3.03400	-74
3.03767	-62
3.04133	-52
3.04500	-43
3.04867	-35
3.05233	-28
3.05600	-23
3.05967	-18
3.06333	-14
3.06700	-10
3.07067	-7
3.07433	-5
3.07800	-3
3.08167	-1
3.08533	1
3.08900	2
3.09267	4
3.09633	5
3.10000	6
3.10367	7
3.10733	8
3.11100	8
3.11467	9
3.11833	9
3.12200	10
3.12567	11
3.12933	11
3.13300	12
3.13667	13
3.14033	13
3.14400	14
3.14767	15
3.15133	15
3.15500	16
3.15867	16
3.16233	16
3.16600	17
3.16967	17
3.17333	18
3.17700	18
3.18067	18
3.18433	18
3.18800	18
3.19167	18
3.19533	18
3.19900	18
3.20267	18
3.20633	19
3.21000	19
3.21367	19
3.21733	19
3.22100	20
3.22467	20
3.22833	20
3.23200	20
3.23567	21
3.23933	21
3.24300	21
3.24667	21
3.25033	21
3.25400	21
3.25767	22
3.26133	22
3.26500	22
3.26867	22
3.27233	22
3.27600	22
3.27967	22
3.28333	22
3.28700	22
3.29067	22
3.29433	22
3.29800	22
3.30167	22
3.30533	22
3.30900	22
3.31267	22
3.31633	22
3.32000	22
3.32367	22
3.32733	22
3.33100	22
3.33467	22
3.33833	22
3.34200	22
3.34567	22
3.34933	21
3.35300	21
3.35667	21
3.36033	21
3.36400	21
3.36767	20
3.37133	20
3.37500	20
3.37867	20
3.38233	20
3.38600	20
3.38967	21
3.39333	21
3.39700	22
3.40067	22
3.40433	22
3.40800	22
3.41167	22
3.41533	22
3.41900	22
3.42267	23
3.42633	23
3.43000	23
3.43367	23
3.43733	23
3.44100	23
3.44467	23
3.44833	23
3.45200	23
3.45567	23
3.45933	23
3.46300	23
3.46667	23
3.47033	23
3.47400	23
3.47767	23
3.48133	24
3.48500	24
3.48867	24
3.49233	24
3.49600	25
3.49967	25
3.50333	25
3.50700	26
3.51067	26
3.51433	26
3.51800	26
3.52167	26
3.52533	26
3.52900	26
3.53267	25
3.53633	25
3.54000	25
3.54367	25
3.54733	24
3.55100	24
3.55467	24
3.55833	24
3.56200	25
3.56567	25
3.56933	25
3.57300	25
3.57667	25
3.58033	25
3.58400	25
3.58767	25
3.59133	25
3.59500	25
3.59867	25
3.60233	25
3.60600	26
3.60967	26
3.61333	26
3.61700	26
3.62067	26
3.62433	26
3.62800	26
3.63167	26
3.63533	26
3.63900	25
3.64267	25
3.64633	25
3.65000	25
3.65367	25
3.65733	24
3.66100	24
3.66467	24
3.66833	24
3.67200	24
3.67567	24
3.67933	24
3.68300	24
3.68667	24
3.69033	24
3.69400	24
3.69767	24
3.70133	24
3.70500	24
3.70867	24
3.71233	24
3.71600	24
3.71967	24
3.72333	24
3.72700	24
3.73067	24
3.73433	24
3.73800	24
3.74167	24
3.74533	24
3.74900	24
3.75267	24
3.75633	24
3.76000	24
3.76367	24
3.76733	24
3.77100	24
3.77467	24
3.77833	23
3.78200	23
3.78567	23
3.78933	23
3.79300	23
3.79667	23
3.80033	23
3.80400	23
3.80767	23
3.81133	23
3.81500	23
3.81867	23
3.82233	23
3.82600	23
3.82967	22
3.83333	22
3.83700	22
3.84067	22
3.84433	22
3.84800	22
3.85167	22
3.85533	22
3.85900	22
3.86267	22
3.86633	22
3.87000	22
3.87367	22
3.87733	22
3.88100	22
3.88467	22
3.88833	22
3.89200	22
3.89567	22
3.89933	22
3.90300	22
3.90667	22
3.91033	22
3.91400	22
3.91767	22
3.92133	22
3.92500	22
3.92867	22
3.93233	22
3.93600	22
3.93967	22
3.94333	22
3.94700	21
3.95067	21
3.95433	21
3.95800	21
3.96167	22
3.96533	22
3.96900	22
3.97267	22
3.97633	22
3.98000	22
3.98367	22
3.98733	23
3.99100	23
3.99467	22
3.99833	22

[Chromatogram (Ch3)]
Interval(msec)	220
# of Points	1091
Start Time(min)	0.002
End Time(min)	3.998
R.Time (min)	Intensity
0.00167	0
0.00533	-0
0.00900	-2
0.01267	-4
0.01633	-5
0.02000	-6
0.02367	-8
0.02733	-8
0.03100	-7
0.03467	-7
0.03833	-6
0.04200	-6
0.04567	-5
0.04933	-5
0.05300	-4
0.05667	-3
0.06033	-2
0.06400	-1
0.06767	-0
0.07133	1
0.07500	2
0.07867	4
0.08233	4
0.08600	5
0.08967	5
0.09333	5
0.09700	6
0.10067	5
0.10433	2
0.10800	-0
0.11167	-1
0.11533	-0
0.11900	1
0.12267	-0
0.12633	1
0.13000	1
0.13367	2
0.13733	3
0.14100	4
0.14467	5
0.14833	5
0.15200	5
0.15567	6
0.15933	7
0.16300	7
0.16667	6
0.17033	7
0.17400	7
0.17767	9
0.18133	11
0.18500	11
0.18867	10
0.19233	8
0.19600	7
0.19967	8
0.20333	9
0.20700	9
0.21067	9
0.21433	9
0.21800	10
0.22167	13
0.22533	11
0.22900	7
0.23267	7
0.23633	8
0.24000	9
0.24367	10
0.24733	9
0.25100	9
0.25467	8
0.25833	8
0.26200	8
0.26567	10
0.26933	11
0.27300	10
0.27667	9
0.28033	9
0.28400	9
0.28767	8
0.29133	9
0.29500	10
0.29867	11
0.30233	14
0.30600	15
0.30967	14
0.31333	11
0.31700	12
0.32067	12
0.32433	13
0.32800	16
0.33167	21
0.33533	23
0.33900	23
0.34267	25
0.34633	25
0.35000	24
0.35367	24
0.35733	22
0.36100	20
0.36467	20
0.36833	21
0.37200	22
0.37567	22
0.37933	22
0.38300	22
0.38667	23
0.39033	23
0.39400	22
0.39767	23
0.40133	23
0.40500	24
0.40867	26
0.41233	24
0.41600	22
0.41967	24
0.42333	26
0.42700	24
0.43067	22
0.43433	22
0.43800	22
0.44167	24
0.44533	24
0.44900	25
0.45267	27
0.45633	27
0.46000	26
0.46367	25
0.46733	22
0.47100	22
0.47467	23
0.47833	26
0.48200	29
0.48567	29
0.48933	28
0.49300	27
0.49667	28
0.50033	28
0.50400	29
0.50767	28
0.51133	27
0.51500	27
0.51867	28
0.52233	29
0.52600	32
0.52967	33
0.53333	32
0.53700	32
0.54067	33
0.54433	34
0.54800	35
0.55167	34
0.55533	32
0.55900	31
0.56267	31
0.56633	31
0.57000	33
0.57367	34
0.57733	34
0.58100	36
0.58467	37
0.58833	37
0.59200	37
0.59567	36
0.59933	36
0.60300	36
0.60667	34
0.61033	34
0.61400	32
0.61767	31
0.62133	30
0.62500	32
0.62867	35
0.63233	39
0.63600	41
0.63967	41
0.64333	42
0.64700	41
0.65067	39
0.65433	39
0.65800	37
0.66167	36
0.66533	37
0.66900	39
0.67267	43
0.67633	44
0.68000	43
0.68367	43
0.68733	41
0.69100	42
0.69467	41
0.69833	41
0.70200	43
0.70567	45
0.70933	44
0.71300	43
0.71667	43
0.72033	45
0.72400	46
0.72767	48
0.73133	48
0.73500	48
0.73867	49
0.74233	48
0.74600	47
0.74967	47
0.75333	47
0.75700	46
0.76067	46
0.76433	48
0.76800	50
0.77167	51
0.77533	51
0.77900	48
0.78267	47
0.78633	46
0.79000	46
0.79367	47
0.79733	47
0.80100	44
0.80467	45
0.80833	47
0.81200	50
0.81567	52
0.81933	53
0.82300	54
0.82667	53
0.83033	52
0.83400	50
0.83767	48
0.84133	50
0.84500	50
0.84867	49
0.85233	50
0.85600	52
0.85967	53
0.86333	52
0.86700	51
0.87067	50
0.87433	51
0.87800	53
0.88167	54
0.88533	54
0.88900	54
0.89267	55
0.89633	55
0.90000	55
0.90367	56
0.90733	58
0.91100	59
0.91467	59
0.91833	58
0.92200	56
0.92567	55
0.92933	57
0.93300	59
0.93667	58
0.94033	58
0.94400	59
0.94767	58
0.95133	56
0.95500	57
0.95867	56
0.96233	56
0.96600	57
0.96967	57
0.97333	59
0.97700	63
0.98067	63
0.98433	62
0.98800	63
0.99167	62
0.99533	62
0.99900	62
1.00267	65
1.00633	65
1.01000	65
1.01367	63
1.01733	63
1.02100	63
1.02467	63
1.02833	64
1.03200	63
1.03567	61
1.03933	61
1.04300	62
1.04667	63
1.05033	62
1.05400	61
1.05767	58
1.06133	58
1.06500	58
1.06867	61
1.07233	64
1.07600	67
1.07967	68
1.08333	67
1.08700	65
1.09067	63
1.09433	65
1.09800	68
1.10167	68
1.10533	66
1.10900	67
1.11267	68
1.11633	68
1.12000	68
1.12367	69
1.12733	69
1.13100	70
1.13467	72
1.13833	72
1.14200	72
1.14567	73
1.14933	72
1.15300	73
1.15667	75
1.16033	75
1.16400	75
1.16767	72
1.17133	69
1.17500	68
1.17867	67
1.18233	66
1.18600	67
1.18967	68
1.19333	67
1.19700	66
1.20067	69
1.20433	72
1.20800	72
1.21167	70
1.21533	71
1.21900	71
1.22267	72
1.22633	71
1.23000	69
1.23367	67
1.23733	67
1.24100	70
1.24467	71
1.24833	71
1.25200	72
1.25567	73
1.25933	72
1.26300	73
1.26667	72
1.27033	70
1.27400	68
1.27767	67
1.28133	69
1.28500	72
1.28867	74
1.29233	75
1.29600	75
1.29967	75
1.30333	74
1.30700	73
1.31067	72
1.31433	72
1.31800	70
1.32167	70
1.32533	73
1.32900	74
1.33267	75
1.33633	77
1.34000	77
1.34367	74
1.34733	70
1.35100	68
1.35467	67
1.35833	69
1.36200	73
1.36567	75
1.36933	76
1.37300	77
1.37667	78
1.38033	77
1.38400	76
1.38767	76
1.39133	78
1.39500	79
1.39867	79
1.40233	78
1.40600	78
1.40967	78
1.41333	77
1.41700	74
1.42067	73
1.42433	73
1.42800	73
1.43167	71
1.43533	73
1.43900	75
1.44267	77
1.44633	79
1.45000	81
1.45367	81
1.45733	79
1.46100	75
1.46467	73
1.46833	73
1.47200	74
1.47567	76
1.47933	77
1.48300	76
1.48667	75
1.49033	76
1.49400	77
1.49767	78
1.50133	80
1.50500	81
1.50867	79
1.51233	77
1.51600	76
1.51967	77
1.52333	77
1.52700	77
1.53067	78
1.53433	78
1.53800	78
1.54167	78
1.54533	79
1.54900	82
1.55267	83
1.55633	83
1.56000	83
1.56367	83
1.56733	80
1.57100	79
1.57467	77
1.57833	75
1.58200	78
1.58567	81
1.58933	80
1.59300	79
1.59667	78
1.60033	77
1.60400	76
1.60767	80
1.61133	81
1.61500	81
1.61867	82
1.62233	83
1.62600	83
1.62967	84
1.63333	85
1.63700	86
1.64067	87
1.64433	86
1.64800	86
1.65167	85
1.65533	86
1.65900	88
1.66267	90
1.66633	90
1.67000	90
1.67367	90
1.67733	91
1.68100	92
1.68467	93
1.68833	95
1.69200	97
1.69567	99
1.69933	101
1.70300	105
1.70667	108
1.71033	110
1.71400	110
1.71767	109
1.72133	109
1.72500	110
1.72867	112
1.73233	112
1.73600	111
1.73967	111
1.74333	112
1.74700	114
1.75067	116
1.75433	116
1.75800	116
1.76167	114
1.76533	113
1.76900	114
1.77267	115
1.77633	118
1.78000	121
1.78367	124
1.78733	126
1.79100	127
1.79467	126
1.79833	124
1.80200	123
1.80567	120
1.80933	117
1.81300	116
1.81667	118
1.82033	120
1.82400	120
1.82767	122
1.83133	125
1.83500	125
1.83867	123
1.84233	124
1.84600	126
1.84967	125
1.85333	123
1.85700	123
1.86067	124
1.86433	127
1.86800	131
1.87167	132
1.87533	129
1.87900	127
1.88267	127
1.88633	128
1.89000	129
1.89367	131
1.89733	131
1.90100	130
1.90467	129
1.90833	128
1.91200	128
1.91567	128
1.91933	128
1.92300	129
1.92667	129
1.93033	128
1.93400	129
1.93767	130
1.94133	130
1.94500	129
1.94867	133
1.95233	135
1.95600	136
1.95967	138
1.96333	139
1.96700	141
1.97067	142
1.97433	142
1.97800	142
1.98167	143
1.98533	144
1.98900	147
1.99267	147
1.99633	148
2.00000	149
2.00367	154
2.00733	157
2.01100	160
2.01467	162
2.01833	162
2.02200	164
2.02567	163
2.02933	161
2.03300	160
2.03667	161
2.04033	163
2.04400	162
2.04767	162
2.05133	163
2.05500	164
2.05867	167
2.06233	168
2.06600	171
2.06967	172
2.07333	172
2.07700	175
2.08067	178
2.08433	179
2.08800	178
2.09167	177
2.09533	175
2.09900	177
2.10267	179
2.10633	180
2.11000	180
2.11367	181
2.11733	185
2.12100	189
2.12467	192
2.12833	194
2.13200	196
2.13567	198
2.13933	199
2.14300	198
2.14667	198
2.15033	202
2.15400	204
2.15767	203
2.16133	202
2.16500	200
2.16867	196
2.17233	193
2.17600	194
2.17967	196
2.18333	200
2.18700	203
2.19067	204
2.19433	204
2.19800	204
2.20167	204
2.20533	205
2.20900	208
2.21267	207
2.21633	207
2.22000	206
2.22367	203
2.22733	203
2.23100	205
2.23467	208
2.23833	210
2.24200	211
2.24567	209
2.24933	211
2.25300	213
2.25667	212
2.26033	212
2.26400	215
2.26767	219
2.27133	223
2.27500	223
2.27867	223
2.28233	221
2.28600	221
2.28967	222
2.29333	222
2.29700	223
2.30067	226
2.30433	228
2.30800	227
2.31167	226
2.31533	226
2.31900	228
2.32267	230
2.32633	229
2.33000	229
2.33367	229
2.33733	229
2.34100	229
2.34467	229
2.34833	229
2.35200	229
2.35567	230
2.35933	232
2.36300	235
2.36667	236
2.37033	237
2.37400	238
2.37767	238
2.38133	237
2.38500	237
2.38867	237
2.39233	236
2.39600	235
2.39967	234
2.40333	234
2.40700	236
2.41067	235
2.41433	235
2.41800	237
2.42167	240
2.42533	244
2.42900	246
2.43267	247
2.43633	246
2.44000	245
2.44367	252
2.44733	272
2.45100	294
2.45467	308
2.45833	308
2.46200	300
2.46567	289
2.46933	278
2.47300	267
2.47667	260
2.48033	254
2.48400	247
2.48767	237
2.49133	225
2.49500	216
2.49867	208
2.50233	204
2.50600	196
2.50967	189
2.51333	182
2.51700	178
2.52067	176
2.52433	174
2.52800	174
2.53167	174
2.53533	172
2.53900	165
2.54267	156
2.54633	150
2.55000	146
2.55367	143
2.55733	139
2.56100	134
2.56467	124
2.56833	81
2.57200	28
2.57567	10
2.57933	34
2.58300	87
2.58667	153
2.59033	209
2.59400	254
2.59767	297
2.60133	342
2.60500	384
2.60867	421
2.61233	455
2.61600	484
2.61967	505
2.62333	518
2.62700	528
2.63067	534
2.63433	538
2.63800	543
2.64167	548
2.64533	555
2.64900	565
2.65267	579
2.65633	590
2.66000	604
2.66367	619
2.66733	633
2.67100	647
2.67467	659
2.67833	672
2.68200	685
2.68567	694
2.68933	702
2.69300	710
2.69667	718
2.70033	726
2.70400	734
2.70767	741
2.71133	748
2.71500	755
2.71867	762
2.72233	770
2.72600	775
2.72967	778
2.73333	783
2.73700	786
2.74067	788
2.74433	793
2.74800	798
2.75167	801
2.75533	801
2.75900	800
2.76267	799
2.76633	797
2.77000	797
2.77367	798
2.77733	800
2.78100	802
2.78467	804
2.78833	804
2.79200	802
2.79567	800
2.79933	800
2.80300	802
2.80667	803
2.81033	804
2.81400	806
2.81767	804
2.82133	805
2.82500	811
2.82867	832
2.83233	879
2.83600	965
2.83967	1113
2.84333	1350
2.84700	1694
2.85067	2146
2.85433	2696
2.85800	3314
2.86167	3956
2.86533	4566
2.86900	5093
2.87267	5499
2.87633	5757
2.88000	5866
2.88367	5829
2.88733	5668
2.89100	5412
2.89467	5093
2.89833	4737
2.90200	4364
2.90567	3994
2.90933	3641
2.91300	3309
2.91667	3003
2.92033	2727
2.92400	2479
2.92767	2257
2.93133	2059
2.93500	1887
2.93867	1734
2.94233	1601
2.94600	1486
2.94967	1385
2.95333	1298
2.95700	1224
2.96067	1159
2.96433	1104
2.96800	1054
2.97167	1009
2.97533	970
2.97900	937
2.98267	908
2.98633	882
2.99000	857
2.99367	836
2.99733	820
3.00100	805
3.00467	792
3.00833	782
3.01200	774
3.01567	766
3.01933	758
3.02300	749
3.02667	743
3.03033	736
3.03400	729
3.03767	725
3.04133	722
3.04500	718
3.04867	713
3.05233	708
3.05600	702
3.05967	698
3.06333	696
3.06700	696
3.07067	696
3.07433	695
3.07800	691
3.08167	688
3.08533	686
3.08900	683
3.09267	680
3.09633	675
3.10000	668
3.10367	666
3.10733	664
3.11100	664
3.11467	663
3.11833	659
3.12200	652
3.12567	644
3.12933	637
3.13300	636
3.13667	636
3.14033	637
3.14400	636
3.14767	634
3.15133	632
3.15500	629
3.15867	624
3.16233	622
3.16600	620
3.16967	619
3.17333	618
3.17700	614
3.18067	611
3.18433	609
3.18800	609
3.19167	606
3.19533	602
3.19900	600
3.20267	599
3.20633	597
3.21000	595
3.21367	592
3.21733	590
3.22100	591
3.22467	591
3.22833	589
3.23200	583
3.23567	579
3.23933	575
3.24300	572
3.24667	570
3.25033	572
3.25400	574
3.25767	576
3.26133	575
3.26500	573
3.26867	569
3.27233	563
3.27600	555
3.27967	551
3.28333	551
3.28700	550
3.29067	548
3.29433	545
3.29800	543
3.30167	540
3.30533	537
3.30900	536
3.31267	534
3.31633	531
3.32000	528
3.32367	527
3.32733	525
3.33100	521
3.33467	518
3.33833	517
3.34200	515
3.34567	513
3.34933	508
3.35300	506
3.35667	503
3.36033	500
3.36400	497
3.36767	495
3.37133	492
3.37500	490
3.37867	488
3.38233	486
3.38600	486
3.38967	483
3.39333	481
3.39700	477
3.40067	473
3.40433	470
3.40800	467
3.41167	466
3.41533	465
3.41900	464
3.42267	461
3.42633	458
3.43000	456
3.43367	452
3.43733	449
3.44100	446
3.44467	444
3.44833	442
3.45200	440
3.45567	438
3.45933	437
3.46300	436
3.46667	433
3.47033	432
3.47400	430
3.47767	427
3.48133	424
3.48500	421
3.48867	420
3.49233	418
3.49600	418
3.49967	416
3.50333	416
3.50700	415
3.51067	413
3.51433	409
3.51800	404
3.52167	401
3.52533	398
3.52900	397
3.53267	395
3.53633	393
3.54000	392
3.54367	392
3.54733	394
3.55100	394
3.55467	391
3.55833	387
3.56200	382
3.56567	379
3.56933	376
3.57300	374
3.57667	370
3.58033	369
3.58400	370
3.58767	369
3.59133	367
3.59500	363
3.59867	359
3.60233	356
3.60600	355
3.60967	356
3.61333	355
3.61700	353
3.62067	351
3.62433	348
3.62800	345
3.63167	341
3.63533	338
3.63900	337
3.64267	338
3.64633	338
3.65000	336
3.65367	333
3.65733	330
3.66100	327
3.66467	325
3.66833	324
3.67200	323
3.67567	321
3.67933	319
3.68300	318
3.68667	316
3.69033	315
3.69400	313
3.69767	310
3.70133	309
3.70500	308
3.70867	307
3.71233	307
3.71600	304
3.71967	301
3.72333	298
3.72700	299
3.73067	300
3.73433	299
3.73800	296
3.74167	293
3.74533	291
3.74900	290
3.75267	291
3.75633	290
3.76000	288
3.76367	286
3.76733	282
3.77100	280
3.77467	279
3.77833	278
3.78200	276
3.78567	275
3.78933	275
3.79300	273
3.79667	270
3.80033	270
3.80400	271
3.80767	271
3.81133	272
3.81500	270
3.81867	267
3.82233	265
3.82600	265
3.82967	266
3.83333	264
3.83700	262
3.84067	260
3.84433	258
3.84800	258
3.85167	258
3.85533	256
3.85900	253
3.86267	253
3.86633	252
3.87000	251
3.87367	249
3.87733	245
3.88100	243
3.88467	243
3.88833	241
3.89200	238
3.89567	237
3.89933	235
3.90300	235
3.90667	235
3.91033	234
3.91400	234
3.91767	231
3.92133	230
3.92500	231
3.92867	232
3.93233	233
3.93600	230
3.93967	228
3.94333	231
3.94700	232
3.95067	230
3.95433	225
3.95800	222
3.96167	221
3.96533	220
3.96900	220
3.97267	218
3.97633	217
3.98000	216
3.98367	217
3.98733	217
3.99100	217
3.99467	216
3.99833	213

[Status Trace (Column Oven Temperature)]
Interval(msec)	1000
# of Points	240
Start Time(min)	0.011
End Time(min)	3.994
Intensity Units	
Intensity Multiplier	1
R.Time (min)	Intensity
0.01098	35.00
0.02765	34.99
0.04432	34.98
0.06098	34.98
0.07765	34.99
0.09432	35.00
0.11098	34.99
0.12765	34.98
0.14432	34.98
0.16098	34.98
0.17765	34.98
0.19432	34.98
0.21098	34.98
0.22765	34.98
0.24432	34.97
0.26098	34.97
0.27765	34.97
0.29432	34.97
0.31098	34.97
0.32765	34.98
0.34432	34.99
0.36098	34.99
0.37765	34.99
0.39432	35.00
0.41098	34.99
0.42765	34.98
0.44432	34.98
0.46098	34.98
0.47765	34.99
0.49432	34.99
0.51098	34.98
0.52765	34.99
0.54432	34.99
0.56098	34.99
0.57765	35.00
0.59432	34.99
0.61098	35.00
0.62765	34.99
0.64432	34.99
0.66098	34.98
0.67765	34.98
0.69432	34.98
0.71098	34.99
0.72765	34.99
0.74432	34.99
0.76098	34.99
0.77765	35.00
0.79432	35.01
0.81098	35.01
0.82765	35.00
0.84432	34.99
0.86098	34.98
0.87765	34.97
0.89432	34.97
0.91098	34.97
0.92765	34.97
0.94432	34.98
0.96098	34.98
0.97765	34.98
0.99432	34.99
1.01098	34.99
1.02765	34.99
1.04432	34.99
1.06098	34.99
1.07765	35.00
1.09432	35.01
1.11098	35.01
1.12765	35.02
1.14432	35.01
1.16098	35.00
1.17765	35.00
1.19432	35.00
1.21098	34.99
1.22765	34.99
1.24432	34.99
1.26098	34.99
1.27765	34.99
1.29432	35.00
1.31098	34.99
1.32765	35.00
1.34432	35.00
1.36098	35.00
1.37765	35.01
1.39432	35.00
1.41098	35.00
1.42765	35.00
1.44432	35.00
1.46098	35.01
1.47765	35.01
1.49432	35.01
1.51098	35.01
1.52765	35.02
1.54432	35.02
1.56098	35.02
1.57765	35.02
1.59432	35.02
1.61098	35.08
1.62765	35.22
1.64432	35.42
1.66098	35.68
1.67765	36.03
1.69432	36.38
1.71098	36.72
1.72765	37.08
1.74432	37.43
1.76098	37.73
1.77765	38.03
1.79432	38.38
1.81098	38.71
1.82765	39.05
1.84432	39.39
1.86098	39.72
1.87765	40.06
1.89432	40.39
1.91098	40.71
1.92765	41.05
1.94432	41.38
1.96098	41.70
1.97765	42.03
1.99432	42.36
2.01098	42.68
2.02765	42.98
2.04432	43.31
2.06098	43.65
2.07765	43.96
2.09432	44.29
2.11098	44.61
2.12765	44.92
2.14432	45.27
2.16098	45.60
2.17765	45.92
2.19432	46.24
2.21098	46.56
2.22765	46.89
2.24432	47.22
2.26098	47.55
2.27765	47.89
2.29432	48.21
2.31098	48.55
2.32765	48.88
2.34432	49.19
2.36098	49.49
2.37765	49.66
2.39432	49.73
2.41098	49.72
2.42765	49.73
2.44432	49.75
2.46098	49.75
2.47765	49.76
2.49432	49.77
2.51098	49.79
2.52765	49.79
2.54432	49.82
2.56098	49.82
2.57765	49.82
2.59432	49.82
2.61098	49.83
2.62765	49.83
2.64432	49.84
2.66098	49.85
2.67765	49.85
2.69432	49.85
2.71098	49.89
2.72765	49.89
2.74432	49.89
2.76098	49.89
2.77765	49.89
2.79432	49.89
2.81098	49.88
2.82765	49.89
2.84432	49.91
2.86098	49.93
2.87765	49.95
2.89432	49.96
2.91098	49.97
2.92765	49.97
2.94432	49.97
2.96098	49.98
2.97765	49.99
2.99432	50.00
3.01098	50.01
3.02765	50.03
3.04432	50.04
3.06098	50.05
3.07765	50.06
3.09432	50.07
3.11098	50.09
3.12765	50.10
3.14432	50.09
3.16098	50.07
3.17765	50.08
3.19432	50.09
3.21098	50.09
3.22765	50.09
3.24432	50.08
3.26098	50.08
3.27765	50.08
3.29432	50.07
3.31098	50.08
3.32765	50.07
3.34432	50.09
3.36098	50.10
3.37765	50.11
3.39432	50.11
3.41098	50.10
3.42765	50.10
3.44432	50.09
3.46098	50.08
3.47765	50.07
3.49432	50.06
3.51098	50.05
3.52765	50.05
3.54432	50.04
3.56098	50.04
3.57765	50.04
3.59432	50.03
3.61098	50.03
3.62765	50.02
3.64432	50.02
3.66098	50.02
3.67765	50.02
3.69432	50.02
3.71098	50.02
3.72765	50.02
3.74432	50.02
3.76098	50.02
3.77765	50.02
3.79432	50.03
3.81098	50.03
3.82765	50.04
3.84432	50.05
3.86098	50.06
3.87765	50.06
3.89432	50.06
3.91098	50.06
3.92765	50.05
3.94432	50.07
3.96098	50.07
3.97765	50.08
3.99432	50.08

[Status Trace (Injection Unit Temperature)]
Interval(msec)	1000
# of Points	240
Start Time(min)	0.011
End Time(min)	3.994
Intensity Units	
Intensity Multiplier	1
R.Time (min)	Intensity
0.01098	99.97
0.02765	99.98
0.04432	99.98
0.06098	99.98
0.07765	99.98
0.09432	99.98
0.11098	99.98
0.12765	99.98
0.14432	99.98
0.16098	99.98
0.17765	99.98
0.19432	99.98
0.21098	99.98
0.22765	99.98
0.24432	99.98
0.26098	99.98
0.27765	99.98
0.29432	99.99
0.31098	99.98
0.32765	99.98
0.34432	99.98
0.36098	99.98
0.37765	99.99
0.39432	99.98
0.41098	99.98
0.42765	99.98
0.44432	99.99
0.46098	99.99
0.47765	99.99
0.49432	99.99
0.51098	99.98
0.52765	99.98
0.54432	99.99
0.56098	99.98
0.57765	99.99
0.59432	99.99
0.61098	99.99
0.62765	99.99
0.64432	99.99
0.66098	99.99
0.67765	99.99
0.69432	99.99
0.71098	99.99
0.72765	99.98
0.74432	99.98
0.76098	99.99
0.77765	99.99
0.79432	99.99
0.81098	99.99
0.82765	99.99
0.84432	99.99
0.86098	99.99
0.87765	99.99
0.89432	99.99
0.91098	99.98
0.92765	99.99
0.94432	99.99
0.96098	99.98
0.97765	99.99
0.99432	99.99
1.01098	99.99
1.02765	99.99
1.04432	99.99
1.06098	99.99
1.07765	99.99
1.09432	99.98
1.11098	99.99
1.12765	99.98
1.14432	99.99
1.16098	99.99
1.17765	99.98
1.19432	99.99
1.21098	99.99
1.22765	99.99
1.24432	99.98
1.26098	99.98
1.27765	99.99
1.29432	99.98
1.31098	99.98
1.32765	99.98
1.34432	99.98
1.36098	99.99
1.37765	99.98
1.39432	99.98
1.41098	99.98
1.42765	99.99
1.44432	99.98
1.46098	99.99
1.47765	99.99
1.49432	99.99
1.51098	99.99
1.52765	99.99
1.54432	99.99
1.56098	99.99
1.57765	99.99
1.59432	99.99
1.61098	99.99
1.62765	99.99
1.64432	99.99
1.66098	99.99
1.67765	99.99
1.69432	99.99
1.71098	99.99
1.72765	99.99
1.74432	99.99
1.76098	99.99
1.77765	99.99
1.79432	99.99
1.81098	99.99
1.82765	99.99
1.84432	99.99
1.86098	99.99
1.87765	99.99
1.89432	99.99
1.91098	99.99
1.92765	99.99
1.94432	99.99
1.96098	99.99
1.97765	99.99
1.99432	99.98
2.01098	99.99
2.02765	99.99
2.04432	99.99
2.06098	99.98
2.07765	99.98
2.09432	99.98
2.11098	99.97
2.12765	99.98
2.14432	99.97
2.16098	99.97
2.17765	99.97
2.19432	99.97
2.21098	99.97
2.22765	99.97
2.24432	99.97
2.26098	99.97
2.27765	99.97
2.29432	99.97
2.31098	99.97
2.32765	99.97
2.34432	99.97
2.36098	99.97
2.37765	99.96
2.39432	99.97
2.41098	99.97
2.42765	99.97
2.44432	99.97
2.46098	99.97
2.47765	99.97
2.49432	99.97
2.51098	99.97
2.52765	99.96
2.54432	99.97
2.56098	99.97
2.57765	99.97
2.59432	99.97
2.61098	99.98
2.62765	99.97
2.64432	99.98
2.66098	99.98
2.67765	99.98
2.69432	99.98
2.71098	99.99
2.72765	99.98
2.74432	99.98
2.76098	99.99
2.77765	99.99
2.79432	99.99
2.81098	99.99
2.82765	100.00
2.84432	99.99
2.86098	100.00
2.87765	100.00
2.89432	100.00
2.91098	100.00
2.92765	100.00
2.94432	100.01
2.96098	100.01
2.97765	100.01
2.99432	100.01
3.01098	100.01
3.02765	100.01
3.04432	100.01
3.06098	100.01
3.07765	100.01
3.09432	100.02
3.11098	100.01
3.12765	100.02
3.14432	100.02
3.16098	100.02
3.17765	100.02
3.19432	100.02
3.21098	100.02
3.22765	100.02
3.24432	100.02
3.26098	100.03
3.27765	100.02
3.29432	100.03
3.31098	100.03
3.32765	100.03
3.34432	100.03
3.36098	100.03
3.37765	100.02
3.39432	100.03
3.41098	100.03
3.42765	100.03
3.44432	100.03
3.46098	100.03
3.47765	100.03
3.49432	100.03
3.51098	100.04
3.52765	100.04
3.54432	100.04
3.56098	100.04
3.57765	100.04
3.59432	100.04
3.61098	100.04
3.62765	100.04
3.64432	100.04
3.66098	100.04
3.67765	100.04
3.69432	100.04
3.71098	100.04
3.72765	100.05
3.74432	100.04
3.76098	100.04
3.77765	100.05
3.79432	100.04
3.81098	100.05
3.82765	100.04
3.84432	100.05
3.86098	100.05
3.87765	100.05
3.89432	100.05
3.91098	100.05
3.92765	100.05
3.94432	100.05
3.96098	100.04
3.97765	100.04
3.99432	100.05

[Status Trace (Carrier Gas Pressure)]
Interval(msec)	1000
# of Points	240
Start Time(min)	0.011
End Time(min)	3.994
Intensity Units	
Intensity Multiplier	1
R.Time (min)	Intensity
0.01098	58.00
0.02765	55.05
0.04432	57.47
0.06098	59.57
0.07765	59.19
0.09432	58.02
0.11098	57.99
0.12765	58.01
0.14432	58.01
0.16098	58.01
0.17765	58.00
0.19432	58.00
0.21098	58.00
0.22765	58.00
0.24432	58.00
0.26098	58.00
0.27765	58.00
0.29432	58.00
0.31098	58.00
0.32765	58.00
0.34432	58.00
0.36098	58.00
0.37765	58.00
0.39432	58.00
0.41098	58.00
0.42765	58.00
0.44432	58.00
0.46098	58.00
0.47765	58.00
0.49432	58.00
0.51098	58.00
0.52765	58.00
0.54432	58.00
0.56098	58.00
0.57765	58.00
0.59432	58.00
0.61098	58.00
0.62765	58.00
0.64432	58.00
0.66098	58.00
0.67765	58.00
0.69432	58.00
0.71098	58.00
0.72765	58.00
0.74432	58.00
0.76098	58.00
0.77765	58.00
0.79432	58.00
0.81098	58.00
0.82765	58.00
0.84432	58.00
0.86098	58.00
0.87765	58.00
0.89432	58.00
0.91098	58.00
0.92765	58.00
0.94432	58.00
0.96098	58.00
0.97765	58.00
0.99432	58.00
1.01098	58.00
1.02765	58.00
1.04432	58.00
1.06098	58.00
1.07765	58.00
1.09432	58.00
1.11098	58.00
1.12765	58.00
1.14432	58.00
1.16098	58.00
1.17765	58.00
1.19432	58.00
1.21098	58.00
1.22765	58.00
1.24432	58.00
1.26098	58.00
1.27765	58.00
1.29432	58.00
1.31098	58.00
1.32765	58.00
1.34432	58.00
1.36098	58.00
1.37765	58.00
1.39432	58.00
1.41098	58.00
1.42765	58.00
1.44432	58.00
1.46098	58.00
1.47765	58.00
1.49432	58.00
1.51098	58.00
1.52765	58.00
1.54432	58.00
1.56098	58.00
1.57765	58.00
1.59432	58.00
1.61098	58.00
1.62765	58.01
1.64432	58.01
1.66098	58.00
1.67765	58.01
1.69432	58.00
1.71098	58.00
1.72765	58.00
1.74432	58.00
1.76098	58.00
1.77765	58.00
1.79432	58.00
1.81098	58.00
1.82765	58.00
1.84432	58.00
1.86098	58.00
1.87765	58.00
1.89432	58.00
1.91098	58.00
1.92765	58.00
1.94432	58.00
1.96098	58.00
1.97765	58.00
1.99432	58.00
2.01098	58.00
2.02765	58.00
2.04432	58.00
2.06098	58.00
2.07765	58.00
2.09432	58.00
2.11098	58.00
2.12765	58.00
2.14432	58.00
2.16098	58.00
2.17765	58.00
2.19432	58.00
2.21098	58.00
2.22765	58.00
2.24432	58.00
2.26098	58.00
2.27765	58.00
2.29432	58.00
2.31098	58.00
2.32765	58.00
2.34432	58.00
2.36098	58.00
2.37765	58.00
2.39432	57.99
2.41098	57.99
2.42765	58.00
2.44432	58.00
2.46098	58.00
2.47765	58.00
2.49432	58.00
2.51098	57.99
2.52765	57.98
2.54432	58.00
2.56098	58.00
2.57765	58.00
2.59432	58.00
2.61098	58.00
2.62765	58.00
2.64432	58.00
2.66098	58.00
2.67765	58.00
2.69432	58.00
2.71098	58.00
2.72765	58.00
2.74432	58.00
2.76098	58.00
2.77765	58.00
2.79432	58.00
2.81098	58.00
2.82765	58.00
2.84432	58.00
2.86098	58.00
2.87765	58.00
2.89432	58.00
2.91098	58.00
2.92765	58.00
2.94432	58.00
2.96098	58.00
2.97765	58.00
2.99432	58.00
3.01098	58.00
3.02765	58.00
3.04432	58.00
3.06098	58.00
3.07765	58.00
3.09432	58.00
3.11098	58.00
3.12765	58.00
3.14432	58.00
3.16098	58.00
3.17765	58.00
3.19432	58.00
3.21098	58.00
3.22765	58.00
3.24432	58.00
3.26098	58.00
3.27765	58.00
3.29432	58.00
3.31098	58.00
3.32765	58.00
3.34432	58.00
3.36098	58.00
3.37765	58.00
3.39432	58.00
3.41098	58.00
3.42765	58.00
3.44432	58.00
3.46098	58.00
3.47765	58.00
3.49432	58.00
3.51098	58.00
3.52765	58.00
3.54432	58.00
3.56098	58.00
3.57765	58.00
3.59432	58.00
3.61098	58.00
3.62765	58.00
3.64432	58.00
3.66098	58.00
3.67765	58.00
3.69432	58.00
3.71098	58.00
3.72765	58.00
3.74432	58.00
3.76098	58.00
3.77765	58.00
3.79432	58.00
3.81098	58.00
3.82765	58.00
3.84432	58.00
3.86098	58.00
3.87765	58.00
3.89432	58.00
3.91098	58.00
3.92765	58.00
3.94432	58.00
3.96098	58.00
3.97765	58.00
3.99432	58.00

[Status Trace (Carrier Gas Flow)]
Interval(msec)	1000
# of Points	240
Start Time(min)	0.011
End Time(min)	3.994
Intensity Units	
Intensity Multiplier	1
R.Time (min)	Intensity
0.01098	34.52
0.02765	34.54
0.04432	34.55
0.06098	34.54
0.07765	34.52
0.09432	34.52
0.11098	34.52
0.12765	34.52
0.14432	34.52
0.16098	34.52
0.17765	34.52
0.19432	34.52
0.21098	34.52
0.22765	34.52
0.24432	34.52
0.26098	34.52
0.27765	34.52
0.29432	34.52
0.31098	34.52
0.32765	34.52
0.34432	34.52
0.36098	34.52
0.37765	34.52
0.39432	34.52
0.41098	34.52
0.42765	34.52
0.44432	34.52
0.46098	34.52
0.47765	34.52
0.49432	34.52
0.51098	34.52
0.52765	34.52
0.54432	34.52
0.56098	34.52
0.57765	34.52
0.59432	34.52
0.61098	34.52
0.62765	34.52
0.64432	34.52
0.66098	34.52
0.67765	34.52
0.69432	34.52
0.71098	34.52
0.72765	34.52
0.74432	34.52
0.76098	34.52
0.77765	34.52
0.79432	34.52
0.81098	34.52
0.82765	34.52
0.84432	34.52
0.86098	34.52
0.87765	34.52
0.89432	34.52
0.91098	34.52
0.92765	34.52
0.94432	34.52
0.96098	34.52
0.97765	34.52
0.99432	34.52
1.01098	34.52
1.02765	34.52
1.04432	34.52
1.06098	34.52
1.07765	34.52
1.09432	34.52
1.11098	34.52
1.12765	34.52
1.14432	34.52
1.16098	34.52
1.17765	34.52
1.19432	34.52
1.21098	34.52
1.22765	34.52
1.24432	34.52
1.26098	34.52
1.27765	34.52
1.29432	34.52
1.31098	34.52
1.32765	34.52
1.34432	34.52
1.36098	34.52
1.37765	34.52
1.39432	34.52
1.41098	34.52
1.42765	34.52
1.44432	34.52
1.46098	34.52
1.47765	34.52
1.49432	34.52
1.51098	34.52
1.52765	34.52
1.54432	34.52
1.56098	34.52
1.57765	34.52
1.59432	34.52
1.61098	34.52
1.62765	34.52
1.64432	34.52
1.66098	34.52
1.67765	34.52
1.69432	34.52
1.71098	34.52
1.72765	34.52
1.74432	34.52
1.76098	34.51
1.77765	34.51
1.79432	34.52
1.81098	34.52
1.82765	34.52
1.84432	34.51
1.86098	34.52
1.87765	34.52
1.89432	34.52
1.91098	34.53
1.92765	34.52
1.94432	34.51
1.96098	34.52
1.97765	34.51
1.99432	34.52
2.01098	34.51
2.02765	34.52
2.04432	34.52
2.06098	34.52
2.07765	34.52
2.09432	34.53
2.11098	34.52
2.12765	34.52
2.14432	34.52
2.16098	34.52
2.17765	34.52
2.19432	34.52
2.21098	34.52
2.22765	34.51
2.24432	34.52
2.26098	34.51
2.27765	34.52
2.29432	34.54
2.31098	34.52
2.32765	34.52
2.34432	34.52
2.36098	34.52
2.37765	34.52
2.39432	34.52
2.41098	34.52
2.42765	34.52
2.44432	34.52
2.46098	34.52
2.47765	34.52
2.49432	34.52
2.51098	34.52
2.52765	34.52
2.54432	34.52
2.56098	34.51
2.57765	34.52
2.59432	34.52
2.61098	34.52
2.62765	34.52
2.64432	34.52
2.66098	34.52
2.67765	34.52
2.69432	34.52
2.71098	34.52
2.72765	34.52
2.74432	34.52
2.76098	34.52
2.77765	34.51
2.79432	34.52
2.81098	34.52
2.82765	34.52
2.84432	34.52
2.86098	34.52
2.87765	34.52
2.89432	34.52
2.91098	34.52
2.92765	34.52
2.94432	34.52
2.96098	34.52
2.97765	34.52
2.99432	34.52
3.01098	34.52
3.02765	34.52
3.04432	34.52
3.06098	34.52
3.07765	34.52
3.09432	34.52
3.11098	34.52
3.12765	34.52
3.14432	34.52
3.16098	34.52
3.17765	34.52
3.19432	34.52
3.21098	34.52
3.22765	34.52
3.24432	34.52
3.26098	34.52
3.27765	34.52
3.29432	34.52
3.31098	34.52
3.32765	34.52
3.34432	34.52
3.36098	34.52
3.37765	34.52
3.39432	34.52
3.41098	34.52
3.42765	34.52
3.44432	34.52
3.46098	34.52
3.47765	34.52
3.49432	34.52
3.51098	34.52
3.52765	34.52
3.54432	34.52
3.56098	34.52
3.57765	34.52
3.59432	34.52
3.61098	34.52
3.62765	34.52
3.64432	34.52
3.66098	34.52
3.67765	34.52
3.69432	34.52
3.71098	34.52
3.72765	34.52
3.74432	34.52
3.76098	34.52
3.77765	34.52
3.79432	34.52
3.81098	34.52
3.82765	34.52
3.84432	34.52
3.86098	34.52
3.87765	34.52
3.89432	34.52
3.91098	34.52
3.92765	34.52
3.94432	34.52
3.96098	34.52
3.97765	34.52
3.99432	34.52

[Status Trace (Column Flow)]
Interval(msec)	1000
# of Points	240
Start Time(min)	0.011
End Time(min)	3.994
Intensity Units	
Intensity Multiplier	1
R.Time (min)	Intensity
0.01098	5.45
0.02765	5.12
0.04432	5.39
0.06098	5.64
0.07765	5.59
0.09432	5.46
0.11098	5.45
0.12765	5.46
0.14432	5.46
0.16098	5.46
0.17765	5.46
0.19432	5.46
0.21098	5.46
0.22765	5.46
0.24432	5.46
0.26098	5.46
0.27765	5.46
0.29432	5.46
0.31098	5.46
0.32765	5.46
0.34432	5.45
0.36098	5.45
0.37765	5.45
0.39432	5.45
0.41098	5.45
0.42765	5.45
0.44432	5.45
0.46098	5.45
0.47765	5.45
0.49432	5.45
0.51098	5.45
0.52765	5.45
0.54432	5.45
0.56098	5.45
0.57765	5.45
0.59432	5.45
0.61098	5.45
0.62765	5.45
0.64432	5.46
0.66098	5.46
0.67765	5.46
0.69432	5.46
0.71098	5.46
0.72765	5.46
0.74432	5.45
0.76098	5.45
0.77765	5.45
0.79432	5.45
0.81098	5.45
0.82765	5.45
0.84432	5.45
0.86098	5.45
0.87765	5.46
0.89432	5.46
0.91098	5.46
0.92765	5.46
0.94432	5.45
0.96098	5.45
0.97765	5.45
0.99432	5.45
1.01098	5.45
1.02765	5.45
1.04432	5.45
1.06098	5.45
1.07765	5.45
1.09432	5.45
1.11098	5.45
1.12765	5.45
1.14432	5.45
1.16098	5.45
1.17765	5.45
1.19432	5.45
1.21098	5.45
1.22765	5.45
1.24432	5.46
1.26098	5.45
1.27765	5.45
1.29432	5.45
1.31098	5.45
1.32765	5.45
1.34432	5.45
1.36098	5.45
1.37765	5.45
1.39432	5.45
1.41098	5.45
1.42765	5.45
1.44432	5.45
1.46098	5.45
1.47765	5.45
1.49432	5.45
1.51098	5.45
1.52765	5.45
1.54432	5.45
1.56098	5.45
1.57765	5.45
1.59432	5.45
1.61098	5.45
1.62765	5.45
1.64432	5.44
1.66098	5.43
1.67765	5.42
1.69432	5.41
1.71098	5.40
1.72765	5.39
1.74432	5.38
1.76098	5.37
1.77765	5.36
1.79432	5.35
1.81098	5.34
1.82765	5.33
1.84432	5.32
1.86098	5.31
1.87765	5.30
1.89432	5.29
1.91098	5.28
1.92765	5.27
1.94432	5.26
1.96098	5.25
1.97765	5.24
1.99432	5.23
2.01098	5.22
2.02765	5.21
2.04432	5.20
2.06098	5.19
2.07765	5.19
2.09432	5.18
2.11098	5.17
2.12765	5.16
2.14432	5.15
2.16098	5.14
2.17765	5.13
2.19432	5.12
2.21098	5.11
2.22765	5.10
2.24432	5.09
2.26098	5.08
2.27765	5.07
2.29432	5.07
2.31098	5.06
2.32765	5.05
2.34432	5.04
2.36098	5.03
2.37765	5.03
2.39432	5.02
2.41098	5.02
2.42765	5.02
2.44432	5.02
2.46098	5.02
2.47765	5.02
2.49432	5.02
2.51098	5.02
2.52765	5.02
2.54432	5.02
2.56098	5.02
2.57765	5.02
2.59432	5.02
2.61098	5.02
2.62765	5.02
2.64432	5.02
2.66098	5.02
2.67765	5.02
2.69432	5.02
2.71098	5.02
2.72765	5.02
2.74432	5.02
2.76098	5.02
2.77765	5.02
2.79432	5.02
2.81098	5.02
2.82765	5.02
2.84432	5.02
2.86098	5.02
2.87765	5.02
2.89432	5.02
2.91098	5.02
2.92765	5.02
2.94432	5.02
2.96098	5.02
2.97765	5.02
2.99432	5.02
3.01098	5.02
3.02765	5.02
3.04432	5.02
3.06098	5.02
3.07765	5.02
3.09432	5.01
3.11098	5.01
3.12765	5.01
3.14432	5.01
3.16098	5.01
3.17765	5.01
3.19432	5.01
3.21098	5.01
3.22765	5.01
3.24432	5.01
3.26098	5.01
3.27765	5.01
3.29432	5.01
3.31098	5.01
3.32765	5.01
3.34432	5.01
3.36098	5.01
3.37765	5.01
3.39432	5.01
3.41098	5.01
3.42765	5.01
3.44432	5.01
3.46098	5.01
3.47765	5.01
3.49432	5.01
3.51098	5.02
3.52765	5.02
3.54432	5.02
3.56098	5.02
3.57765	5.02
3.59432	5.02
3.61098	5.02
3.62765	5.02
3.64432	5.02
3.66098	5.02
3.67765	5.02
3.69432	5.02
3.71098	5.02
3.72765	5.02
3.74432	5.02
3.76098	5.02
3.77765	5.02
3.79432	5.02
3.81098	5.02
3.82765	5.02
3.84432	5.02
3.86098	5.01
3.87765	5.01
3.89432	5.01
3.91098	5.01
3.92765	5.01
3.94432	5.01
3.96098	5.01
3.97765	5.01
3.99432	5.01

[Status Trace (Linear Velocity)]
Interval(msec)	1000
# of Points	240
Start Time(min)	0.011
End Time(min)	3.994
Intensity Units	
Intensity Multiplier	1
R.Time (min)	Intensity
0.01098	39.00
0.02765	37.07
0.04432	38.66
0.06098	40.03
0.07765	39.78
0.09432	39.01
0.11098	38.99
0.12765	39.01
0.14432	39.01
0.16098	39.01
0.17765	39.01
0.19432	39.00
0.21098	39.00
0.22765	39.00
0.24432	39.00
0.26098	39.00
0.27765	39.00
0.29432	39.00
0.31098	39.01
0.32765	39.00
0.34432	39.00
0.36098	39.00
0.37765	39.00
0.39432	39.00
0.41098	39.00
0.42765	39.00
0.44432	39.00
0.46098	39.00
0.47765	39.00
0.49432	39.00
0.51098	39.00
0.52765	39.00
0.54432	39.00
0.56098	39.00
0.57765	39.00
0.59432	39.00
0.61098	39.00
0.62765	39.00
0.64432	39.00
0.66098	39.00
0.67765	39.00
0.69432	39.00
0.71098	39.00
0.72765	39.00
0.74432	39.00
0.76098	39.00
0.77765	39.00
0.79432	39.00
0.81098	39.00
0.82765	39.00
0.84432	39.00
0.86098	39.00
0.87765	39.00
0.89432	39.00
0.91098	39.00
0.92765	39.00
0.94432	39.00
0.96098	39.00
0.97765	39.00
0.99432	39.00
1.01098	39.00
1.02765	39.00
1.04432	39.00
1.06098	39.00
1.07765	39.00
1.09432	39.00
1.11098	39.00
1.12765	39.00
1.14432	39.00
1.16098	39.00
1.17765	39.00
1.19432	39.00
1.21098	39.00
1.22765	39.00
1.24432	39.00
1.26098	39.00
1.27765	39.00
1.29432	39.00
1.31098	39.00
1.32765	39.00
1.34432	39.00
1.36098	39.00
1.37765	39.00
1.39432	39.00
1.41098	39.00
1.42765	39.00
1.44432	39.00
1.46098	39.00
1.47765	39.00
1.49432	39.00
1.51098	39.00
1.52765	39.00
1.54432	39.00
1.56098	39.00
1.57765	39.00
1.59432	39.00
1.61098	38.99
1.62765	38.98
1.64432	38.96
1.66098	38.94
1.67765	38.91
1.69432	38.87
1.71098	38.84
1.72765	38.80
1.74432	38.77
1.76098	38.74
1.77765	38.71
1.79432	38.68
1.81098	38.65
1.82765	38.61
1.84432	38.58
1.86098	38.55
1.87765	38.52
1.89432	38.49
1.91098	38.46
1.92765	38.43
1.94432	38.40
1.96098	38.37
1.97765	38.34
1.99432	38.31
2.01098	38.28
2.02765	38.25
2.04432	38.22
2.06098	38.19
2.07765	38.16
2.09432	38.13
2.11098	38.10
2.12765	38.07
2.14432	38.04
2.16098	38.01
2.17765	37.98
2.19432	37.95
2.21098	37.92
2.22765	37.89
2.24432	37.87
2.26098	37.84
2.27765	37.81
2.29432	37.77
2.31098	37.75
2.32765	37.72
2.34432	37.69
2.36098	37.66
2.37765	37.64
2.39432	37.64
2.41098	37.64
2.42765	37.64
2.44432	37.64
2.46098	37.64
2.47765	37.64
2.49432	37.64
2.51098	37.63
2.52765	37.62
2.54432	37.63
2.56098	37.63
2.57765	37.63
2.59432	37.63
2.61098	37.63
2.62765	37.63
2.64432	37.63
2.66098	37.63
2.67765	37.63
2.69432	37.63
2.71098	37.63
2.72765	37.63
2.74432	37.63
2.76098	37.63
2.77765	37.63
2.79432	37.63
2.81098	37.63
2.82765	37.63
2.84432	37.63
2.86098	37.62
2.87765	37.62
2.89432	37.62
2.91098	37.62
2.92765	37.62
2.94432	37.62
2.96098	37.62
2.97765	37.62
2.99432	37.62
3.01098	37.62
3.02765	37.62
3.04432	37.61
3.06098	37.61
3.07765	37.61
3.09432	37.61
3.11098	37.61
3.12765	37.61
3.14432	37.61
3.16098	37.61
3.17765	37.61
3.19432	37.61
3.21098	37.61
3.22765	37.61
3.24432	37.61
3.26098	37.61
3.27765	37.61
3.29432	37.61
3.31098	37.61
3.32765	37.61
3.34432	37.61
3.36098	37.61
3.37765	37.61
3.39432	37.61
3.41098	37.61
3.42765	37.61
3.44432	37.61
3.46098	37.61
3.47765	37.61
3.49432	37.61
3.51098	37.61
3.52765	37.61
3.54432	37.61
3.56098	37.61
3.57765	37.61
3.59432	37.61
3.61098	37.61
3.62765	37.62
3.64432	37.62
3.66098	37.62
3.67765	37.62
3.69432	37.62
3.71098	37.62
3.72765	37.62
3.74432	37.62
3.76098	37.62
3.77765	37.62
3.79432	37.61
3.81098	37.61
3.82765	37.61
3.84432	37.61
3.86098	37.61
3.87765	37.61
3.89432	37.61
3.91098	37.61
3.92765	37.61
3.94432	37.61
3.96098	37.61
3.97765	37.61
3.99432	37.61

