[Header]
Application Name	LabSolutions
Version	5.110
Data File Name	C:\Users\User\Desktop\GC Analyses\Jack\UIC Prairie Sampling\8.12.22\220812_057.gcd
Output Date	10/14/2022
Output Time	2:33:53 PM

[File Information]
Type	Data File
Generated	10/11/2022 11:31:51 AM
Generated by	System Administrator
Modified	10/11/2022 11:36:16 AM
Modified by	System Administrator

[Sample Information]
Operator Name	System Administrator
Acquired	10/11/2022 11:32:14 AM
Sample Type	1:Standard
Level	1
Sample Name	220812_UICPrairie
Sample ID	220812_UICPrairie
ISTD Amount1	1
ISTD Amount2	1
ISTD Amount3	1
ISTD Amount4	1
ISTD Amount5	1
ISTD Amount6	1
ISTD Amount7	1
ISTD Amount8	1
ISTD Amount9	1
ISTD Amount10	1
ISTD Amount11	1
ISTD Amount12	1
ISTD Amount13	1
ISTD Amount14	1
ISTD Amount15	1
ISTD Amount16	1
ISTD Amount17	1
ISTD Amount18	1
ISTD Amount19	1
ISTD Amount20	1
ISTD Amount21	1
ISTD Amount22	1
ISTD Amount23	1
ISTD Amount24	1
ISTD Amount25	1
ISTD Amount26	1
ISTD Amount27	1
ISTD Amount28	1
ISTD Amount29	1
ISTD Amount30	1
ISTD Amount31	1
ISTD Amount32	1
Sample Amount	1
Dilution Factor	1
Vial#	1
Injection Volume	1
Injection Count	1
Bar Code	

[Original Files]
Data File	C:\Users\User\Desktop\GC Analyses\Jack\UIC Prairie Sampling\8.12.22\220812_057.gcd
Method File	C:\LabSolutions\Data\GHG_4min_2022\ghg3_togas_w_acet_4 min_new_int.gcm
Batch File	
Report Format File	c:\LabSolutions\System\DEFAULT.lsr

[File Description]


[Configuration]
Instrument Name	C0B7VH3-Instrument1
Instrument #	1
Line #	1
# of Detectors	3
Detector ID	DET#1	DET#2	DET#3
Detector Name	FID	PTCD	ECD
# of Channels	1	1	1

[Peak Table(Ch1)]
# of Peaks	3
Peak#	R.Time	I.Time	F.Time	Area	Height	A/H	Conc.	Mark	ID#	Name	k'	Plate #	Plate Ht.	Tailing	Resolution	Sep.Factor	Area Ratio	Height Ratio	Conc. %	Norm Conc.
1	1.476	1.428	1.538	16936	7757	2.183	100.000	   	1	CO	0.000	8830	16.988	1.250	0.000	0.000	0	0	16.667	16.667
2	1.571	1.538	1.626	4115	2054	2.003	100.000	 V 	2	CH4	0.065	11287	13.290	1.062	1.563	0.000	0	0	16.667	16.667
3	1.996	1.949	2.370	2553221	1240656	2.058	400.000	   	3	CO2	0.353	17624	8.511	1.300	7.130	5.462	0	0	66.667	66.667

[Peak Table(Ch2)]
# of Peaks	0

[Peak Table(Ch3)]
# of Peaks	3
Peak#	R.Time	I.Time	F.Time	Area	Height	A/H	Conc.	Mark	ID#	Name	k'	Plate #	Plate Ht.	Tailing	Resolution	Sep.Factor	Area Ratio	Height Ratio	Conc. %	Norm Conc.
1	2.550	2.444	2.653	6745	775	8.707	0.000	   			0.000	2431	61.708	0.000	0.000	0.000	0	0	0.000	0.000
2	2.777	2.653	2.821	3797	411	9.243	0.138	 V 	1	N2O	0.089	60	2486.623	0.000	0.278	0.000	0	0	13.816	13.816
3	2.880	2.821	3.225	23688	5410	4.379	0.862	 V 	1	N2O	0.129	12049	12.449	0.000	0.134	1.452	0	0	86.184	86.184

[Compound Results(Ch1)]
# of IDs	6
ID#	Name	R.Time	Area	Height	Conc.	Curve	3rd	2nd	1st	Constant	Area Ratio	Height Ratio	Conc. %	Norm Conc.
1	CO	1.476	16936	7757	100.000	Linear	0.000000e+00	0.000000e+00	1.693624e+002	0.000000e+00	0	0	16.667	16.667
2	CH4	1.571	4115	2054	100.000	Linear	0.000000e+00	0.000000e+00	4.114977e+001	0.000000e+00	0	0	16.667	16.667
3	CO2	1.996	2553221	1240656	400.000	Linear	0.000000e+00	0.000000e+00	6.383053e+003	0.000000e+00	0	0	66.667	66.667
4	Ethylene	0.000	0	0	0.000	Linear	0.000000e+00	0.000000e+00	0.000000e+00	0.000000e+00	0	0	0.000	0.000
5	Acetylene	0.000	0	0	0.000	Linear	0.000000e+00	0.000000e+00	0.000000e+00	0.000000e+00	0	0	0.000	0.000
6	Ethane	0.000	0	0	0.000	Linear	0.000000e+00	0.000000e+00	0.000000e+00	0.000000e+00	0	0	0.000	0.000

[Compound Results(Ch2)]
# of IDs	5
ID#	Name	R.Time	Area	Height	Conc.	Curve	3rd	2nd	1st	Constant	Area Ratio	Height Ratio	Conc. %	Norm Conc.
1	Hydrogen	0.000	0	0	0.000	Linear	0.000000e+00	0.000000e+00	0.000000e+00	0.000000e+00	0	0	0.000	0.000
2	Oxygen	0.000	0	0	0.000	Linear	0.000000e+00	0.000000e+00	0.000000e+00	0.000000e+00	0	0	0.000	0.000
3	Nitrogen	0.000	0	0	0.000	Linear	0.000000e+00	0.000000e+00	0.000000e+00	0.000000e+00	0	0	0.000	0.000
4	Methane	0.000	0	0	0.000	Linear	0.000000e+00	0.000000e+00	0.000000e+00	0.000000e+00	0	0	0.000	0.000
5	Carbon Monoxide	0.000	0	0	0.000	Linear	0.000000e+00	0.000000e+00	0.000000e+00	0.000000e+00	0	0	0.000	0.000

[Compound Results(Ch3)]
# of IDs	2
ID#	Name	R.Time	Area	Height	Conc.	Curve	3rd	2nd	1st	Constant	Area Ratio	Height Ratio	Conc. %	Norm Conc.
1	N2O	2.880	27486	5820	1.000	Linear	0.000000e+00	0.000000e+00	2.748574e+004	0.000000e+00	0	0	100.000	100.000
2	SF6	0.000	0	0	0.000	Linear	0.000000e+00	0.000000e+00	0.000000e+00	0.000000e+00	0	0	0.000	0.000

[Group Results(Ch1)]
# of Groups	0

[Group Results(Ch2)]
# of Groups	0

[Group Results(Ch3)]
# of Groups	0

[Chromatogram (Ch1)]
Interval(msec)	220
# of Points	1091
Start Time(min)	0.002
End Time(min)	3.998
R.Time (min)	Intensity
0.00167	-31
0.00533	-31
0.00900	-32
0.01267	-35
0.01633	-36
0.02000	-35
0.02367	-32
0.02733	-26
0.03100	-23
0.03467	-25
0.03833	-30
0.04200	-30
0.04567	-26
0.04933	-24
0.05300	-27
0.05667	-32
0.06033	-36
0.06400	-34
0.06767	-28
0.07133	-18
0.07500	-11
0.07867	-6
0.08233	-6
0.08600	-11
0.08967	-17
0.09333	-24
0.09700	-30
0.10067	-35
0.10433	-38
0.10800	-41
0.11167	-43
0.11533	-43
0.11900	-39
0.12267	-34
0.12633	-28
0.13000	-21
0.13367	-12
0.13733	-8
0.14100	-16
0.14467	-28
0.14833	-38
0.15200	-43
0.15567	-46
0.15933	-49
0.16300	-51
0.16667	-50
0.17033	-46
0.17400	-42
0.17767	-39
0.18133	-38
0.18500	-40
0.18867	-43
0.19233	-42
0.19600	-41
0.19967	-45
0.20333	-52
0.20700	-59
0.21067	-61
0.21433	-58
0.21800	-53
0.22167	-48
0.22533	-45
0.22900	-44
0.23267	-43
0.23633	-40
0.24000	-39
0.24367	-38
0.24733	-37
0.25100	-41
0.25467	-49
0.25833	-54
0.26200	-53
0.26567	-52
0.26933	-54
0.27300	-59
0.27667	-62
0.28033	-61
0.28400	-57
0.28767	-53
0.29133	-50
0.29500	-45
0.29867	-41
0.30233	-40
0.30600	-45
0.30967	-50
0.31333	-53
0.31700	-55
0.32067	-57
0.32433	-60
0.32800	-59
0.33167	-55
0.33533	-50
0.33900	-45
0.34267	-42
0.34633	-43
0.35000	-45
0.35367	-44
0.35733	-42
0.36100	-42
0.36467	-45
0.36833	-46
0.37200	-46
0.37567	-46
0.37933	-46
0.38300	-44
0.38667	-41
0.39033	-42
0.39400	-43
0.39767	-44
0.40133	-46
0.40500	-48
0.40867	-51
0.41233	-54
0.41600	-54
0.41967	-53
0.42333	-50
0.42700	-47
0.43067	-44
0.43433	-42
0.43800	-44
0.44167	-47
0.44533	-53
0.44900	-60
0.45267	-64
0.45633	-62
0.46000	-59
0.46367	-55
0.46733	-55
0.47100	-58
0.47467	-65
0.47833	-69
0.48200	-69
0.48567	-66
0.48933	-62
0.49300	-54
0.49667	-45
0.50033	-40
0.50400	-40
0.50767	-44
0.51133	-51
0.51500	-57
0.51867	-63
0.52233	-68
0.52600	-71
0.52967	-72
0.53333	-73
0.53700	-72
0.54067	-69
0.54433	-66
0.54800	-64
0.55167	-63
0.55533	-63
0.55900	-63
0.56267	-64
0.56633	-66
0.57000	-72
0.57367	-79
0.57733	-84
0.58100	-85
0.58467	-83
0.58833	-82
0.59200	-80
0.59567	-75
0.59933	-70
0.60300	-70
0.60667	-71
0.61033	-72
0.61400	-71
0.61767	-70
0.62133	-72
0.62500	-73
0.62867	-77
0.63233	-84
0.63600	-90
0.63967	-96
0.64333	-96
0.64700	-94
0.65067	-94
0.65433	-93
0.65800	-91
0.66167	-88
0.66533	-86
0.66900	-87
0.67267	-88
0.67633	-90
0.68000	-92
0.68367	-94
0.68733	-95
0.69100	-90
0.69467	-80
0.69833	-72
0.70200	-69
0.70567	-68
0.70933	-65
0.71300	-62
0.71667	-64
0.72033	-71
0.72400	-75
0.72767	-76
0.73133	-83
0.73500	-91
0.73867	-95
0.74233	-95
0.74600	-95
0.74967	-95
0.75333	-97
0.75700	-96
0.76067	-93
0.76433	-89
0.76800	-83
0.77167	-75
0.77533	-66
0.77900	-62
0.78267	-66
0.78633	-77
0.79000	-86
0.79367	-92
0.79733	-95
0.80100	-93
0.80467	-89
0.80833	-89
0.81200	-92
0.81567	-93
0.81933	-92
0.82300	-89
0.82667	-84
0.83033	-82
0.83400	-81
0.83767	-82
0.84133	-85
0.84500	-90
0.84867	-91
0.85233	-91
0.85600	-88
0.85967	-87
0.86333	-86
0.86700	-85
0.87067	-82
0.87433	-82
0.87800	-84
0.88167	-87
0.88533	-87
0.88900	-86
0.89267	-86
0.89633	-87
0.90000	-86
0.90367	-85
0.90733	-87
0.91100	-91
0.91467	-94
0.91833	-97
0.92200	-96
0.92567	-92
0.92933	-85
0.93300	-79
0.93667	-76
0.94033	-73
0.94400	-73
0.94767	-74
0.95133	-77
0.95500	-83
0.95867	-88
0.96233	-91
0.96600	-92
0.96967	-92
0.97333	-92
0.97700	-92
0.98067	-88
0.98433	-82
0.98800	-79
0.99167	-81
0.99533	-85
0.99900	-88
1.00267	-92
1.00633	-92
1.01000	-91
1.01367	-89
1.01733	-85
1.02100	-86
1.02467	-92
1.02833	-95
1.03200	-98
1.03567	-93
1.03933	-85
1.04300	-84
1.04667	-90
1.05033	-100
1.05400	-107
1.05767	-110
1.06133	-106
1.06500	-98
1.06867	-91
1.07233	-88
1.07600	-85
1.07967	-88
1.08333	-92
1.08700	-95
1.09067	-98
1.09433	-100
1.09800	-97
1.10167	-88
1.10533	-81
1.10900	-79
1.11267	-80
1.11633	-82
1.12000	-87
1.12367	-95
1.12733	-102
1.13100	-106
1.13467	-104
1.13833	-99
1.14200	-95
1.14567	-94
1.14933	-89
1.15300	-82
1.15667	-78
1.16033	-83
1.16400	-95
1.16767	-108
1.17133	-116
1.17500	-118
1.17867	-116
1.18233	-114
1.18600	-113
1.18967	-112
1.19333	-110
1.19700	-110
1.20067	-111
1.20433	-109
1.20800	-105
1.21167	-103
1.21533	-103
1.21900	-103
1.22267	-102
1.22633	-98
1.23000	-93
1.23367	-92
1.23733	-96
1.24100	-101
1.24467	-104
1.24833	-104
1.25200	-106
1.25567	-112
1.25933	-120
1.26300	-125
1.26667	-128
1.27033	-128
1.27400	-125
1.27767	-121
1.28133	-117
1.28500	-114
1.28867	-112
1.29233	-110
1.29600	-110
1.29967	-107
1.30333	-104
1.30700	-104
1.31067	-106
1.31433	-110
1.31800	-112
1.32167	-109
1.32533	-106
1.32900	-105
1.33267	-105
1.33633	-105
1.34000	-107
1.34367	-106
1.34733	-105
1.35100	-105
1.35467	-106
1.35833	-106
1.36200	-104
1.36567	-102
1.36933	-102
1.37300	-104
1.37667	-106
1.38033	-109
1.38400	-111
1.38767	-113
1.39133	-114
1.39500	-114
1.39867	-113
1.40233	-116
1.40600	-124
1.40967	-131
1.41333	-135
1.41700	-137
1.42067	-138
1.42433	-137
1.42800	-133
1.43167	-129
1.43533	-123
1.43900	-104
1.44267	-15
1.44633	229
1.45000	697
1.45367	1506
1.45733	2719
1.46100	4147
1.46467	5498
1.46833	6579
1.47200	7303
1.47567	7624
1.47933	7495
1.48300	6905
1.48667	5950
1.49033	4810
1.49400	3682
1.49767	2703
1.50133	1923
1.50500	1338
1.50867	914
1.51233	612
1.51600	397
1.51967	244
1.52333	137
1.52700	63
1.53067	15
1.53433	-17
1.53800	-31
1.54167	-1
1.54533	122
1.54900	375
1.55267	734
1.55633	1124
1.56000	1474
1.56367	1742
1.56733	1900
1.57100	1924
1.57467	1795
1.57833	1532
1.58200	1198
1.58567	865
1.58933	580
1.59300	362
1.59667	206
1.60033	97
1.60400	22
1.60767	-26
1.61133	-59
1.61500	-85
1.61867	-102
1.62233	-117
1.62600	-129
1.62967	-132
1.63333	-132
1.63700	-132
1.64067	-133
1.64433	-132
1.64800	-127
1.65167	-123
1.65533	-118
1.65900	-113
1.66267	-110
1.66633	-113
1.67000	-119
1.67367	-127
1.67733	-133
1.68100	-137
1.68467	-142
1.68833	-148
1.69200	-151
1.69567	-148
1.69933	-140
1.70300	-127
1.70667	-115
1.71033	-110
1.71400	-115
1.71767	-125
1.72133	-135
1.72500	-143
1.72867	-148
1.73233	-148
1.73600	-143
1.73967	-137
1.74333	-134
1.74700	-135
1.75067	-141
1.75433	-147
1.75800	-151
1.76167	-153
1.76533	-150
1.76900	-144
1.77267	-141
1.77633	-139
1.78000	-140
1.78367	-139
1.78733	-137
1.79100	-137
1.79467	-135
1.79833	-135
1.80200	-137
1.80567	-139
1.80933	-139
1.81300	-138
1.81667	-138
1.82033	-138
1.82400	-140
1.82767	-145
1.83133	-146
1.83500	-142
1.83867	-136
1.84233	-131
1.84600	-127
1.84967	-125
1.85333	-125
1.85700	-127
1.86067	-130
1.86433	-130
1.86800	-129
1.87167	-130
1.87533	-131
1.87900	-130
1.88267	-126
1.88633	-120
1.89000	-114
1.89367	-111
1.89733	-108
1.90100	-106
1.90467	-105
1.90833	-107
1.91200	-109
1.91567	-115
1.91933	-125
1.92300	-132
1.92667	-133
1.93033	-132
1.93400	-127
1.93767	-119
1.94133	-113
1.94500	-110
1.94867	-107
1.95233	-92
1.95600	40
1.95967	894
1.96333	5108
1.96700	20833
1.97067	65605
1.97433	163507
1.97800	329730
1.98167	552461
1.98533	793917
1.98900	1010134
1.99267	1166058
1.99633	1240574
2.00000	1226549
2.00367	1131093
2.00733	976058
2.01100	791975
2.01467	608629
2.01833	447192
2.02200	317458
2.02567	219998
2.02933	150243
2.03300	101972
2.03667	69310
2.04033	47504
2.04400	33033
2.04767	23424
2.05133	17006
2.05500	12675
2.05867	9706
2.06233	7628
2.06600	6139
2.06967	5049
2.07333	4237
2.07700	3622
2.08067	3146
2.08433	2766
2.08800	2454
2.09167	2197
2.09533	1981
2.09900	1798
2.10267	1643
2.10633	1512
2.11000	1400
2.11367	1304
2.11733	1218
2.12100	1140
2.12467	1066
2.12833	999
2.13200	934
2.13567	874
2.13933	818
2.14300	771
2.14667	733
2.15033	701
2.15400	671
2.15767	642
2.16133	614
2.16500	589
2.16867	566
2.17233	545
2.17600	525
2.17967	503
2.18333	483
2.18700	464
2.19067	442
2.19433	422
2.19800	407
2.20167	396
2.20533	385
2.20900	375
2.21267	362
2.21633	346
2.22000	332
2.22367	320
2.22733	308
2.23100	299
2.23467	293
2.23833	290
2.24200	283
2.24567	274
2.24933	264
2.25300	255
2.25667	249
2.26033	244
2.26400	240
2.26767	235
2.27133	228
2.27500	219
2.27867	209
2.28233	198
2.28600	189
2.28967	184
2.29333	181
2.29700	179
2.30067	178
2.30433	174
2.30800	168
2.31167	166
2.31533	167
2.31900	170
2.32267	171
2.32633	169
2.33000	165
2.33367	159
2.33733	154
2.34100	152
2.34467	152
2.34833	151
2.35200	149
2.35567	145
2.35933	142
2.36300	135
2.36667	124
2.37033	114
2.37400	109
2.37767	107
2.38133	104
2.38500	102
2.38867	104
2.39233	114
2.39600	121
2.39967	124
2.40333	121
2.40700	116
2.41067	114
2.41433	114
2.41800	117
2.42167	118
2.42533	118
2.42900	117
2.43267	112
2.43633	104
2.44000	99
2.44367	98
2.44733	96
2.45100	96
2.45467	96
2.45833	94
2.46200	91
2.46567	90
2.46933	89
2.47300	88
2.47667	90
2.48033	90
2.48400	85
2.48767	79
2.49133	71
2.49500	66
2.49867	65
2.50233	63
2.50600	62
2.50967	63
2.51333	64
2.51700	66
2.52067	66
2.52433	65
2.52800	64
2.53167	66
2.53533	68
2.53900	68
2.54267	66
2.54633	63
2.55000	64
2.55367	66
2.55733	68
2.56100	68
2.56467	65
2.56833	58
2.57200	52
2.57567	44
2.57933	38
2.58300	34
2.58667	32
2.59033	30
2.59400	26
2.59767	17
2.60133	10
2.60500	10
2.60867	15
2.61233	22
2.61600	29
2.61967	34
2.62333	34
2.62700	33
2.63067	35
2.63433	38
2.63800	38
2.64167	33
2.64533	25
2.64900	17
2.65267	14
2.65633	12
2.66000	8
2.66367	2
2.66733	-5
2.67100	-10
2.67467	-12
2.67833	-13
2.68200	-12
2.68567	-10
2.68933	-5
2.69300	-0
2.69667	2
2.70033	4
2.70400	3
2.70767	-3
2.71133	-11
2.71500	-21
2.71867	-26
2.72233	-20
2.72600	-13
2.72967	-6
2.73333	1
2.73700	5
2.74067	4
2.74433	-1
2.74800	-8
2.75167	-14
2.75533	-18
2.75900	-20
2.76267	-16
2.76633	-11
2.77000	-5
2.77367	1
2.77733	5
2.78100	7
2.78467	7
2.78833	6
2.79200	3
2.79567	-5
2.79933	-14
2.80300	-18
2.80667	-20
2.81033	-20
2.81400	-22
2.81767	-24
2.82133	-27
2.82500	-29
2.82867	-29
2.83233	-27
2.83600	-27
2.83967	-27
2.84333	-29
2.84700	-32
2.85067	-35
2.85433	-40
2.85800	-45
2.86167	-45
2.86533	-41
2.86900	-35
2.87267	-33
2.87633	-35
2.88000	-37
2.88367	-38
2.88733	-40
2.89100	-42
2.89467	-42
2.89833	-40
2.90200	-35
2.90567	-33
2.90933	-36
2.91300	-38
2.91667	-38
2.92033	-38
2.92400	-37
2.92767	-32
2.93133	-25
2.93500	-22
2.93867	-24
2.94233	-28
2.94600	-30
2.94967	-32
2.95333	-34
2.95700	-36
2.96067	-39
2.96433	-42
2.96800	-44
2.97167	-46
2.97533	-49
2.97900	-52
2.98267	-49
2.98633	-39
2.99000	-30
2.99367	-23
2.99733	-19
3.00100	-21
3.00467	-26
3.00833	-31
3.01200	-33
3.01567	-34
3.01933	-32
3.02300	-28
3.02667	-28
3.03033	-31
3.03400	-32
3.03767	-31
3.04133	-28
3.04500	-23
3.04867	-21
3.05233	-23
3.05600	-26
3.05967	-32
3.06333	-40
3.06700	-45
3.07067	-47
3.07433	-48
3.07800	-50
3.08167	-48
3.08533	-41
3.08900	-34
3.09267	-31
3.09633	-32
3.10000	-37
3.10367	-42
3.10733	-46
3.11100	-49
3.11467	-49
3.11833	-46
3.12200	-42
3.12567	-36
3.12933	-33
3.13300	-36
3.13667	-30
3.14033	-31
3.14400	-33
3.14767	-37
3.15133	-43
3.15500	-48
3.15867	-48
3.16233	-47
3.16600	-44
3.16967	-39
3.17333	-38
3.17700	-42
3.18067	-47
3.18433	-51
3.18800	-53
3.19167	-54
3.19533	-52
3.19900	-48
3.20267	-45
3.20633	-42
3.21000	-40
3.21367	-37
3.21733	-38
3.22100	-41
3.22467	-45
3.22833	-50
3.23200	-53
3.23567	-54
3.23933	-56
3.24300	-56
3.24667	-54
3.25033	-48
3.25400	-45
3.25767	-48
3.26133	-51
3.26500	-49
3.26867	-47
3.27233	-47
3.27600	-51
3.27967	-57
3.28333	-63
3.28700	-62
3.29067	-58
3.29433	-55
3.29800	-53
3.30167	-51
3.30533	-51
3.30900	-52
3.31267	-56
3.31633	-60
3.32000	-61
3.32367	-55
3.32733	-48
3.33100	-42
3.33467	-40
3.33833	-42
3.34200	-44
3.34567	-43
3.34933	-43
3.35300	-49
3.35667	-58
3.36033	-63
3.36400	-67
3.36767	-71
3.37133	-72
3.37500	-72
3.37867	-71
3.38233	-70
3.38600	-68
3.38967	-66
3.39333	-64
3.39700	-63
3.40067	-62
3.40433	-60
3.40800	-56
3.41167	-53
3.41533	-51
3.41900	-47
3.42267	-46
3.42633	-51
3.43000	-59
3.43367	-67
3.43733	-74
3.44100	-76
3.44467	-77
3.44833	-73
3.45200	-70
3.45567	-68
3.45933	-69
3.46300	-70
3.46667	-66
3.47033	-61
3.47400	-60
3.47767	-61
3.48133	-63
3.48500	-67
3.48867	-72
3.49233	-75
3.49600	-76
3.49967	-74
3.50333	-72
3.50700	-68
3.51067	-60
3.51433	-53
3.51800	-49
3.52167	-52
3.52533	-55
3.52900	-58
3.53267	-61
3.53633	-64
3.54000	-69
3.54367	-75
3.54733	-83
3.55100	-91
3.55467	-94
3.55833	-92
3.56200	-89
3.56567	-87
3.56933	-85
3.57300	-83
3.57667	-80
3.58033	-76
3.58400	-70
3.58767	-66
3.59133	-68
3.59500	-73
3.59867	-78
3.60233	-80
3.60600	-81
3.60967	-82
3.61333	-83
3.61700	-83
3.62067	-80
3.62433	-79
3.62800	-78
3.63167	-80
3.63533	-87
3.63900	-97
3.64267	-107
3.64633	-113
3.65000	-112
3.65367	-107
3.65733	-100
3.66100	-90
3.66467	-80
3.66833	-74
3.67200	-73
3.67567	-78
3.67933	-85
3.68300	-89
3.68667	-89
3.69033	-87
3.69400	-83
3.69767	-81
3.70133	-80
3.70500	-78
3.70867	-75
3.71233	-71
3.71600	-68
3.71967	-66
3.72333	-67
3.72700	-70
3.73067	-74
3.73433	-75
3.73800	-74
3.74167	-72
3.74533	-72
3.74900	-76
3.75267	-79
3.75633	-82
3.76000	-88
3.76367	-93
3.76733	-98
3.77100	-100
3.77467	-102
3.77833	-102
3.78200	-101
3.78567	-100
3.78933	-97
3.79300	-92
3.79667	-87
3.80033	-86
3.80400	-87
3.80767	-89
3.81133	-89
3.81500	-89
3.81867	-91
3.82233	-92
3.82600	-89
3.82967	-81
3.83333	-72
3.83700	-67
3.84067	-67
3.84433	-69
3.84800	-69
3.85167	-69
3.85533	-68
3.85900	-69
3.86267	-69
3.86633	-69
3.87000	-70
3.87367	-75
3.87733	-80
3.88100	-85
3.88467	-87
3.88833	-86
3.89200	-83
3.89567	-83
3.89933	-85
3.90300	-85
3.90667	-84
3.91033	-79
3.91400	-75
3.91767	-75
3.92133	-77
3.92500	-78
3.92867	-79
3.93233	-77
3.93600	-72
3.93967	-69
3.94333	-67
3.94700	-68
3.95067	-73
3.95433	-82
3.95800	-88
3.96167	-90
3.96533	-91
3.96900	-90
3.97267	-88
3.97633	-86
3.98000	-86
3.98367	-86
3.98733	-84
3.99100	-80
3.99467	-76
3.99833	-74

[Chromatogram (Ch2)]
Interval(msec)	220
# of Points	1091
Start Time(min)	0.002
End Time(min)	3.998
R.Time (min)	Intensity
0.00167	1
0.00533	1
0.00900	1
0.01267	2
0.01633	2
0.02000	2
0.02367	2
0.02733	2
0.03100	2
0.03467	2
0.03833	2
0.04200	2
0.04567	2
0.04933	2
0.05300	2
0.05667	3
0.06033	3
0.06400	3
0.06767	4
0.07133	4
0.07500	4
0.07867	5
0.08233	5
0.08600	5
0.08967	5
0.09333	5
0.09700	5
0.10067	5
0.10433	5
0.10800	5
0.11167	4
0.11533	4
0.11900	4
0.12267	4
0.12633	4
0.13000	4
0.13367	4
0.13733	4
0.14100	4
0.14467	4
0.14833	4
0.15200	4
0.15567	5
0.15933	5
0.16300	5
0.16667	5
0.17033	5
0.17400	5
0.17767	5
0.18133	5
0.18500	5
0.18867	5
0.19233	5
0.19600	5
0.19967	5
0.20333	5
0.20700	4
0.21067	4
0.21433	4
0.21800	4
0.22167	3
0.22533	3
0.22900	3
0.23267	3
0.23633	3
0.24000	4
0.24367	4
0.24733	4
0.25100	4
0.25467	3
0.25833	3
0.26200	3
0.26567	3
0.26933	3
0.27300	3
0.27667	3
0.28033	2
0.28400	2
0.28767	2
0.29133	2
0.29500	2
0.29867	2
0.30233	2
0.30600	2
0.30967	2
0.31333	2
0.31700	1
0.32067	1
0.32433	1
0.32800	1
0.33167	1
0.33533	1
0.33900	1
0.34267	1
0.34633	2
0.35000	2
0.35367	2
0.35733	2
0.36100	2
0.36467	2
0.36833	2
0.37200	2
0.37567	2
0.37933	3
0.38300	3
0.38667	3
0.39033	3
0.39400	4
0.39767	4
0.40133	4
0.40500	4
0.40867	3
0.41233	3
0.41600	3
0.41967	4
0.42333	4
0.42700	4
0.43067	4
0.43433	4
0.43800	4
0.44167	4
0.44533	4
0.44900	4
0.45267	4
0.45633	4
0.46000	4
0.46367	4
0.46733	3
0.47100	3
0.47467	3
0.47833	3
0.48200	3
0.48567	3
0.48933	3
0.49300	4
0.49667	4
0.50033	4
0.50400	4
0.50767	4
0.51133	3
0.51500	3
0.51867	3
0.52233	2
0.52600	2
0.52967	2
0.53333	1
0.53700	1
0.54067	1
0.54433	1
0.54800	1
0.55167	1
0.55533	1
0.55900	1
0.56267	1
0.56633	1
0.57000	1
0.57367	1
0.57733	1
0.58100	1
0.58467	1
0.58833	1
0.59200	1
0.59567	1
0.59933	1
0.60300	0
0.60667	0
0.61033	0
0.61400	-0
0.61767	-0
0.62133	-1
0.62500	-1
0.62867	-1
0.63233	-1
0.63600	-1
0.63967	-1
0.64333	-1
0.64700	-2
0.65067	-2
0.65433	-2
0.65800	-3
0.66167	-3
0.66533	-3
0.66900	-4
0.67267	-4
0.67633	-4
0.68000	-4
0.68367	-3
0.68733	-3
0.69100	-3
0.69467	-2
0.69833	-2
0.70200	-1
0.70567	-1
0.70933	-0
0.71300	0
0.71667	0
0.72033	1
0.72400	1
0.72767	1
0.73133	2
0.73500	2
0.73867	2
0.74233	2
0.74600	2
0.74967	2
0.75333	2
0.75700	2
0.76067	3
0.76433	3
0.76800	3
0.77167	3
0.77533	3
0.77900	3
0.78267	2
0.78633	2
0.79000	2
0.79367	2
0.79733	2
0.80100	2
0.80467	2
0.80833	2
0.81200	2
0.81567	1
0.81933	1
0.82300	1
0.82667	1
0.83033	1
0.83400	1
0.83767	1
0.84133	1
0.84500	1
0.84867	1
0.85233	1
0.85600	1
0.85967	1
0.86333	1
0.86700	1
0.87067	1
0.87433	1
0.87800	1
0.88167	1
0.88533	1
0.88900	1
0.89267	1
0.89633	2
0.90000	2
0.90367	2
0.90733	2
0.91100	2
0.91467	2
0.91833	2
0.92200	2
0.92567	2
0.92933	2
0.93300	1
0.93667	1
0.94033	1
0.94400	1
0.94767	1
0.95133	1
0.95500	1
0.95867	1
0.96233	1
0.96600	1
0.96967	1
0.97333	1
0.97700	1
0.98067	1
0.98433	1
0.98800	1
0.99167	1
0.99533	1
0.99900	1
1.00267	1
1.00633	1
1.01000	1
1.01367	1
1.01733	1
1.02100	1
1.02467	0
1.02833	0
1.03200	0
1.03567	0
1.03933	0
1.04300	0
1.04667	0
1.05033	1
1.05400	1
1.05767	0
1.06133	0
1.06500	0
1.06867	0
1.07233	0
1.07600	1
1.07967	1
1.08333	1
1.08700	1
1.09067	1
1.09433	1
1.09800	1
1.10167	1
1.10533	0
1.10900	-0
1.11267	-0
1.11633	-0
1.12000	-0
1.12367	-1
1.12733	-1
1.13100	-1
1.13467	-1
1.13833	-1
1.14200	-1
1.14567	-1
1.14933	-1
1.15300	-1
1.15667	-1
1.16033	-1
1.16400	-1
1.16767	-1
1.17133	-1
1.17500	-1
1.17867	-1
1.18233	-1
1.18600	-1
1.18967	-1
1.19333	-1
1.19700	-1
1.20067	-1
1.20433	-2
1.20800	-2
1.21167	-2
1.21533	-2
1.21900	-2
1.22267	-2
1.22633	-2
1.23000	-2
1.23367	-2
1.23733	-2
1.24100	-2
1.24467	-2
1.24833	-2
1.25200	-2
1.25567	-2
1.25933	-2
1.26300	-2
1.26667	-2
1.27033	-2
1.27400	-1
1.27767	-1
1.28133	-1
1.28500	-1
1.28867	-1
1.29233	-1
1.29600	-1
1.29967	-0
1.30333	-0
1.30700	0
1.31067	1
1.31433	1
1.31800	1
1.32167	1
1.32533	1
1.32900	2
1.33267	2
1.33633	1
1.34000	1
1.34367	2
1.34733	2
1.35100	2
1.35467	2
1.35833	2
1.36200	2
1.36567	1
1.36933	1
1.37300	1
1.37667	1
1.38033	1
1.38400	1
1.38767	0
1.39133	1
1.39500	1
1.39867	1
1.40233	1
1.40600	1
1.40967	1
1.41333	1
1.41700	1
1.42067	0
1.42433	0
1.42800	-0
1.43167	-0
1.43533	-0
1.43900	-1
1.44267	-1
1.44633	-1
1.45000	-1
1.45367	-1
1.45733	-2
1.46100	-2
1.46467	-2
1.46833	-1
1.47200	-1
1.47567	-1
1.47933	-1
1.48300	-1
1.48667	-1
1.49033	-1
1.49400	-1
1.49767	-1
1.50133	-2
1.50500	-2
1.50867	-2
1.51233	-3
1.51600	-3
1.51967	-3
1.52333	-3
1.52700	-4
1.53067	-4
1.53433	-4
1.53800	-4
1.54167	-4
1.54533	-4
1.54900	-3
1.55267	-3
1.55633	-3
1.56000	-3
1.56367	-3
1.56733	-3
1.57100	-2
1.57467	-2
1.57833	-2
1.58200	-2
1.58567	-2
1.58933	-2
1.59300	-2
1.59667	-2
1.60033	-3
1.60400	-3
1.60767	-4
1.61133	-5
1.61500	-7
1.61867	-9
1.62233	-11
1.62600	-14
1.62967	-17
1.63333	-19
1.63700	-23
1.64067	-26
1.64433	-29
1.64800	-33
1.65167	-36
1.65533	-40
1.65900	-43
1.66267	-47
1.66633	-52
1.67000	-57
1.67367	-63
1.67733	-68
1.68100	-74
1.68467	-79
1.68833	-85
1.69200	-89
1.69567	-93
1.69933	-97
1.70300	-100
1.70667	-103
1.71033	-105
1.71400	-107
1.71767	-108
1.72133	-109
1.72500	-110
1.72867	-111
1.73233	-112
1.73600	-112
1.73967	-112
1.74333	-112
1.74700	-112
1.75067	-113
1.75433	-113
1.75800	-114
1.76167	-115
1.76533	-116
1.76900	-117
1.77267	-118
1.77633	-119
1.78000	-119
1.78367	-119
1.78733	-119
1.79100	-119
1.79467	-120
1.79833	-120
1.80200	-120
1.80567	-120
1.80933	-120
1.81300	-120
1.81667	-120
1.82033	-120
1.82400	-119
1.82767	-119
1.83133	-119
1.83500	-119
1.83867	-119
1.84233	-119
1.84600	-120
1.84967	-120
1.85333	-120
1.85700	-120
1.86067	-120
1.86433	-120
1.86800	-120
1.87167	-120
1.87533	-120
1.87900	-120
1.88267	-120
1.88633	-120
1.89000	-120
1.89367	-120
1.89733	-120
1.90100	-121
1.90467	-121
1.90833	-121
1.91200	-120
1.91567	-119
1.91933	-119
1.92300	-118
1.92667	-118
1.93033	-118
1.93400	-118
1.93767	-118
1.94133	-118
1.94500	-118
1.94867	-117
1.95233	-117
1.95600	-117
1.95967	-116
1.96333	-116
1.96700	-115
1.97067	-115
1.97433	-114
1.97800	-114
1.98167	-113
1.98533	-113
1.98900	-113
1.99267	-113
1.99633	-113
2.00000	-113
2.00367	-113
2.00733	-112
2.01100	-112
2.01467	-112
2.01833	-112
2.02200	-112
2.02567	-112
2.02933	-112
2.03300	-112
2.03667	-112
2.04033	-112
2.04400	-111
2.04767	-111
2.05133	-110
2.05500	-109
2.05867	-109
2.06233	-108
2.06600	-108
2.06967	-108
2.07333	-107
2.07700	-107
2.08067	-107
2.08433	-106
2.08800	-105
2.09167	-104
2.09533	-104
2.09900	-104
2.10267	-104
2.10633	-104
2.11000	-104
2.11367	-104
2.11733	-104
2.12100	-104
2.12467	-104
2.12833	-104
2.13200	-103
2.13567	-103
2.13933	-103
2.14300	-103
2.14667	-102
2.15033	-102
2.15400	-101
2.15767	-101
2.16133	-101
2.16500	-101
2.16867	-101
2.17233	-101
2.17600	-101
2.17967	-100
2.18333	-99
2.18700	-98
2.19067	-97
2.19433	-96
2.19800	-95
2.20167	-94
2.20533	-94
2.20900	-93
2.21267	-93
2.21633	-92
2.22000	-92
2.22367	-92
2.22733	-92
2.23100	-93
2.23467	-93
2.23833	-93
2.24200	-93
2.24567	-93
2.24933	-93
2.25300	-93
2.25667	-93
2.26033	-92
2.26400	-92
2.26767	-91
2.27133	-91
2.27500	-90
2.27867	-90
2.28233	-90
2.28600	-90
2.28967	-90
2.29333	-89
2.29700	-89
2.30067	-88
2.30433	-88
2.30800	-88
2.31167	-88
2.31533	-88
2.31900	-89
2.32267	-89
2.32633	-89
2.33000	-88
2.33367	-87
2.33733	-86
2.34100	-86
2.34467	-85
2.34833	-84
2.35200	-84
2.35567	-84
2.35933	-84
2.36300	-84
2.36667	-84
2.37033	-83
2.37400	-82
2.37767	-80
2.38133	-77
2.38500	-74
2.38867	-70
2.39233	-66
2.39600	-62
2.39967	-57
2.40333	-52
2.40700	-47
2.41067	-42
2.41433	-37
2.41800	-32
2.42167	-28
2.42533	-25
2.42900	-22
2.43267	-20
2.43633	-18
2.44000	-16
2.44367	-13
2.44733	-11
2.45100	-9
2.45467	-6
2.45833	-4
2.46200	-3
2.46567	-2
2.46933	-1
2.47300	0
2.47667	1
2.48033	2
2.48400	3
2.48767	4
2.49133	4
2.49500	5
2.49867	6
2.50233	7
2.50600	8
2.50967	9
2.51333	9
2.51700	10
2.52067	10
2.52433	11
2.52800	11
2.53167	11
2.53533	11
2.53900	12
2.54267	13
2.54633	13
2.55000	14
2.55367	14
2.55733	15
2.56100	14
2.56467	14
2.56833	14
2.57200	14
2.57567	14
2.57933	14
2.58300	14
2.58667	15
2.59033	15
2.59400	16
2.59767	16
2.60133	17
2.60500	17
2.60867	17
2.61233	17
2.61600	17
2.61967	17
2.62333	18
2.62700	18
2.63067	18
2.63433	18
2.63800	19
2.64167	19
2.64533	19
2.64900	20
2.65267	20
2.65633	21
2.66000	22
2.66367	22
2.66733	23
2.67100	23
2.67467	24
2.67833	23
2.68200	23
2.68567	22
2.68933	21
2.69300	21
2.69667	20
2.70033	20
2.70400	20
2.70767	20
2.71133	20
2.71500	21
2.71867	21
2.72233	22
2.72600	22
2.72967	23
2.73333	23
2.73700	24
2.74067	24
2.74433	24
2.74800	25
2.75167	25
2.75533	25
2.75900	26
2.76267	26
2.76633	26
2.77000	26
2.77367	26
2.77733	26
2.78100	26
2.78467	26
2.78833	26
2.79200	27
2.79567	27
2.79933	27
2.80300	27
2.80667	26
2.81033	26
2.81400	26
2.81767	25
2.82133	25
2.82500	25
2.82867	25
2.83233	24
2.83600	24
2.83967	24
2.84333	23
2.84700	21
2.85067	17
2.85433	12
2.85800	4
2.86167	-6
2.86533	-21
2.86900	-39
2.87267	-61
2.87633	-88
2.88000	-118
2.88367	-153
2.88733	-191
2.89100	-232
2.89467	-276
2.89833	-322
2.90200	-371
2.90567	-420
2.90933	-471
2.91300	-522
2.91667	-573
2.92033	-623
2.92400	-674
2.92767	-723
2.93133	-772
2.93500	-822
2.93867	-874
2.94233	-933
2.94600	-996
2.94967	-1052
2.95333	-1091
2.95700	-1104
2.96067	-1091
2.96433	-1054
2.96800	-998
2.97167	-928
2.97533	-850
2.97900	-769
2.98267	-689
2.98633	-611
2.99000	-538
2.99367	-470
2.99733	-409
3.00100	-353
3.00467	-304
3.00833	-260
3.01200	-222
3.01567	-188
3.01933	-159
3.02300	-134
3.02667	-113
3.03033	-94
3.03400	-78
3.03767	-65
3.04133	-53
3.04500	-43
3.04867	-34
3.05233	-27
3.05600	-21
3.05967	-15
3.06333	-11
3.06700	-6
3.07067	-3
3.07433	-0
3.07800	2
3.08167	4
3.08533	6
3.08900	7
3.09267	8
3.09633	10
3.10000	10
3.10367	11
3.10733	12
3.11100	13
3.11467	14
3.11833	15
3.12200	15
3.12567	16
3.12933	16
3.13300	16
3.13667	17
3.14033	17
3.14400	18
3.14767	18
3.15133	18
3.15500	19
3.15867	19
3.16233	19
3.16600	19
3.16967	19
3.17333	20
3.17700	20
3.18067	20
3.18433	20
3.18800	21
3.19167	21
3.19533	21
3.19900	21
3.20267	21
3.20633	22
3.21000	22
3.21367	22
3.21733	23
3.22100	23
3.22467	24
3.22833	24
3.23200	24
3.23567	25
3.23933	25
3.24300	26
3.24667	26
3.25033	26
3.25400	27
3.25767	27
3.26133	27
3.26500	27
3.26867	27
3.27233	27
3.27600	27
3.27967	27
3.28333	27
3.28700	27
3.29067	27
3.29433	27
3.29800	27
3.30167	27
3.30533	27
3.30900	27
3.31267	27
3.31633	27
3.32000	27
3.32367	27
3.32733	27
3.33100	27
3.33467	27
3.33833	27
3.34200	27
3.34567	27
3.34933	27
3.35300	27
3.35667	26
3.36033	26
3.36400	26
3.36767	26
3.37133	26
3.37500	26
3.37867	26
3.38233	27
3.38600	27
3.38967	27
3.39333	27
3.39700	27
3.40067	27
3.40433	27
3.40800	27
3.41167	27
3.41533	27
3.41900	28
3.42267	28
3.42633	28
3.43000	28
3.43367	28
3.43733	28
3.44100	28
3.44467	28
3.44833	28
3.45200	28
3.45567	28
3.45933	28
3.46300	28
3.46667	28
3.47033	27
3.47400	28
3.47767	28
3.48133	28
3.48500	28
3.48867	28
3.49233	28
3.49600	28
3.49967	28
3.50333	28
3.50700	28
3.51067	28
3.51433	28
3.51800	28
3.52167	28
3.52533	28
3.52900	28
3.53267	27
3.53633	27
3.54000	27
3.54367	27
3.54733	27
3.55100	27
3.55467	27
3.55833	27
3.56200	27
3.56567	27
3.56933	27
3.57300	27
3.57667	27
3.58033	27
3.58400	27
3.58767	27
3.59133	27
3.59500	27
3.59867	27
3.60233	26
3.60600	26
3.60967	26
3.61333	26
3.61700	27
3.62067	27
3.62433	27
3.62800	27
3.63167	27
3.63533	27
3.63900	26
3.64267	26
3.64633	26
3.65000	26
3.65367	26
3.65733	26
3.66100	26
3.66467	26
3.66833	26
3.67200	26
3.67567	26
3.67933	26
3.68300	26
3.68667	26
3.69033	26
3.69400	26
3.69767	27
3.70133	27
3.70500	27
3.70867	27
3.71233	27
3.71600	27
3.71967	27
3.72333	27
3.72700	27
3.73067	27
3.73433	27
3.73800	27
3.74167	27
3.74533	27
3.74900	27
3.75267	28
3.75633	28
3.76000	28
3.76367	28
3.76733	28
3.77100	28
3.77467	28
3.77833	28
3.78200	28
3.78567	28
3.78933	28
3.79300	27
3.79667	27
3.80033	27
3.80400	27
3.80767	27
3.81133	28
3.81500	28
3.81867	28
3.82233	27
3.82600	27
3.82967	27
3.83333	27
3.83700	27
3.84067	27
3.84433	27
3.84800	28
3.85167	28
3.85533	27
3.85900	27
3.86267	28
3.86633	28
3.87000	28
3.87367	28
3.87733	28
3.88100	28
3.88467	28
3.88833	28
3.89200	28
3.89567	28
3.89933	28
3.90300	28
3.90667	28
3.91033	28
3.91400	29
3.91767	29
3.92133	29
3.92500	29
3.92867	28
3.93233	28
3.93600	28
3.93967	28
3.94333	28
3.94700	28
3.95067	28
3.95433	28
3.95800	28
3.96167	28
3.96533	27
3.96900	27
3.97267	27
3.97633	27
3.98000	27
3.98367	27
3.98733	27
3.99100	27
3.99467	27
3.99833	27

[Chromatogram (Ch3)]
Interval(msec)	220
# of Points	1091
Start Time(min)	0.002
End Time(min)	3.998
R.Time (min)	Intensity
0.00167	-0
0.00533	1
0.00900	3
0.01267	3
0.01633	3
0.02000	2
0.02367	2
0.02733	5
0.03100	8
0.03467	8
0.03833	7
0.04200	7
0.04567	5
0.04933	4
0.05300	6
0.05667	7
0.06033	7
0.06400	7
0.06767	7
0.07133	6
0.07500	5
0.07867	7
0.08233	7
0.08600	6
0.08967	3
0.09333	3
0.09700	7
0.10067	10
0.10433	12
0.10800	12
0.11167	12
0.11533	10
0.11900	9
0.12267	10
0.12633	10
0.13000	9
0.13367	11
0.13733	12
0.14100	11
0.14467	10
0.14833	8
0.15200	8
0.15567	7
0.15933	7
0.16300	7
0.16667	8
0.17033	10
0.17400	11
0.17767	11
0.18133	12
0.18500	13
0.18867	12
0.19233	11
0.19600	10
0.19967	11
0.20333	12
0.20700	11
0.21067	8
0.21433	9
0.21800	10
0.22167	10
0.22533	11
0.22900	13
0.23267	15
0.23633	17
0.24000	17
0.24367	14
0.24733	12
0.25100	13
0.25467	14
0.25833	14
0.26200	12
0.26567	10
0.26933	10
0.27300	10
0.27667	10
0.28033	11
0.28400	11
0.28767	10
0.29133	9
0.29500	11
0.29867	11
0.30233	11
0.30600	13
0.30967	15
0.31333	18
0.31700	19
0.32067	18
0.32433	19
0.32800	17
0.33167	15
0.33533	13
0.33900	13
0.34267	16
0.34633	19
0.35000	19
0.35367	20
0.35733	19
0.36100	19
0.36467	18
0.36833	18
0.37200	20
0.37567	23
0.37933	25
0.38300	26
0.38667	27
0.39033	27
0.39400	26
0.39767	25
0.40133	24
0.40500	23
0.40867	25
0.41233	23
0.41600	20
0.41967	19
0.42333	19
0.42700	19
0.43067	20
0.43433	22
0.43800	23
0.44167	24
0.44533	27
0.44900	28
0.45267	28
0.45633	27
0.46000	25
0.46367	25
0.46733	24
0.47100	23
0.47467	22
0.47833	24
0.48200	27
0.48567	28
0.48933	30
0.49300	31
0.49667	32
0.50033	32
0.50400	33
0.50767	34
0.51133	35
0.51500	35
0.51867	34
0.52233	33
0.52600	33
0.52967	30
0.53333	26
0.53700	25
0.54067	29
0.54433	33
0.54800	35
0.55167	36
0.55533	34
0.55900	32
0.56267	29
0.56633	29
0.57000	29
0.57367	29
0.57733	29
0.58100	28
0.58467	27
0.58833	27
0.59200	26
0.59567	24
0.59933	24
0.60300	27
0.60667	28
0.61033	31
0.61400	33
0.61767	32
0.62133	31
0.62500	30
0.62867	28
0.63233	28
0.63600	29
0.63967	29
0.64333	30
0.64700	29
0.65067	28
0.65433	28
0.65800	29
0.66167	29
0.66533	30
0.66900	29
0.67267	30
0.67633	31
0.68000	28
0.68367	27
0.68733	27
0.69100	27
0.69467	28
0.69833	31
0.70200	33
0.70567	34
0.70933	37
0.71300	36
0.71667	35
0.72033	34
0.72400	33
0.72767	32
0.73133	31
0.73500	30
0.73867	30
0.74233	29
0.74600	30
0.74967	31
0.75333	34
0.75700	35
0.76067	35
0.76433	36
0.76800	37
0.77167	39
0.77533	40
0.77900	40
0.78267	39
0.78633	37
0.79000	36
0.79367	36
0.79733	40
0.80100	42
0.80467	42
0.80833	40
0.81200	39
0.81567	39
0.81933	39
0.82300	39
0.82667	40
0.83033	41
0.83400	39
0.83767	40
0.84133	41
0.84500	42
0.84867	41
0.85233	39
0.85600	38
0.85967	37
0.86333	37
0.86700	36
0.87067	36
0.87433	37
0.87800	37
0.88167	38
0.88533	39
0.88900	38
0.89267	38
0.89633	36
0.90000	35
0.90367	36
0.90733	36
0.91100	37
0.91467	40
0.91833	43
0.92200	43
0.92567	45
0.92933	46
0.93300	48
0.93667	48
0.94033	48
0.94400	47
0.94767	45
0.95133	41
0.95500	40
0.95867	38
0.96233	36
0.96600	36
0.96967	38
0.97333	39
0.97700	40
0.98067	38
0.98433	38
0.98800	40
0.99167	42
0.99533	44
0.99900	44
1.00267	46
1.00633	47
1.01000	45
1.01367	44
1.01733	43
1.02100	43
1.02467	43
1.02833	44
1.03200	43
1.03567	40
1.03933	40
1.04300	40
1.04667	42
1.05033	43
1.05400	45
1.05767	46
1.06133	47
1.06500	47
1.06867	45
1.07233	44
1.07600	42
1.07967	41
1.08333	40
1.08700	39
1.09067	39
1.09433	39
1.09800	40
1.10167	39
1.10533	40
1.10900	40
1.11267	40
1.11633	40
1.12000	39
1.12367	40
1.12733	39
1.13100	40
1.13467	41
1.13833	41
1.14200	41
1.14567	42
1.14933	43
1.15300	41
1.15667	39
1.16033	38
1.16400	40
1.16767	43
1.17133	43
1.17500	42
1.17867	42
1.18233	41
1.18600	41
1.18967	41
1.19333	41
1.19700	40
1.20067	37
1.20433	38
1.20800	37
1.21167	34
1.21533	35
1.21900	37
1.22267	40
1.22633	42
1.23000	43
1.23367	41
1.23733	41
1.24100	40
1.24467	39
1.24833	39
1.25200	41
1.25567	42
1.25933	42
1.26300	39
1.26667	42
1.27033	45
1.27400	46
1.27767	46
1.28133	45
1.28500	44
1.28867	43
1.29233	43
1.29600	42
1.29967	42
1.30333	41
1.30700	38
1.31067	37
1.31433	36
1.31800	34
1.32167	35
1.32533	36
1.32900	40
1.33267	41
1.33633	42
1.34000	43
1.34367	42
1.34733	41
1.35100	40
1.35467	40
1.35833	41
1.36200	43
1.36567	43
1.36933	44
1.37300	44
1.37667	44
1.38033	44
1.38400	42
1.38767	40
1.39133	38
1.39500	37
1.39867	36
1.40233	36
1.40600	37
1.40967	39
1.41333	39
1.41700	40
1.42067	41
1.42433	41
1.42800	42
1.43167	45
1.43533	47
1.43900	46
1.44267	44
1.44633	43
1.45000	44
1.45367	46
1.45733	46
1.46100	44
1.46467	43
1.46833	44
1.47200	45
1.47567	46
1.47933	48
1.48300	48
1.48667	47
1.49033	47
1.49400	48
1.49767	48
1.50133	49
1.50500	48
1.50867	46
1.51233	45
1.51600	46
1.51967	46
1.52333	46
1.52700	47
1.53067	50
1.53433	52
1.53800	52
1.54167	49
1.54533	47
1.54900	47
1.55267	48
1.55633	48
1.56000	48
1.56367	49
1.56733	50
1.57100	50
1.57467	49
1.57833	48
1.58200	48
1.58567	48
1.58933	48
1.59300	48
1.59667	50
1.60033	52
1.60400	52
1.60767	51
1.61133	51
1.61500	52
1.61867	51
1.62233	49
1.62600	46
1.62967	45
1.63333	46
1.63700	47
1.64067	48
1.64433	50
1.64800	54
1.65167	54
1.65533	51
1.65900	50
1.66267	51
1.66633	52
1.67000	55
1.67367	59
1.67733	63
1.68100	65
1.68467	65
1.68833	66
1.69200	65
1.69567	64
1.69933	65
1.70300	65
1.70667	65
1.71033	67
1.71400	69
1.71767	72
1.72133	72
1.72500	73
1.72867	74
1.73233	73
1.73600	74
1.73967	74
1.74333	74
1.74700	74
1.75067	76
1.75433	78
1.75800	78
1.76167	77
1.76533	78
1.76900	77
1.77267	77
1.77633	82
1.78000	85
1.78367	85
1.78733	84
1.79100	87
1.79467	87
1.79833	87
1.80200	86
1.80567	87
1.80933	87
1.81300	85
1.81667	86
1.82033	87
1.82400	88
1.82767	88
1.83133	89
1.83500	91
1.83867	89
1.84233	86
1.84600	85
1.84967	84
1.85333	84
1.85700	88
1.86067	91
1.86433	92
1.86800	92
1.87167	91
1.87533	90
1.87900	88
1.88267	88
1.88633	90
1.89000	91
1.89367	92
1.89733	93
1.90100	94
1.90467	92
1.90833	91
1.91200	92
1.91567	92
1.91933	93
1.92300	96
1.92667	98
1.93033	98
1.93400	100
1.93767	102
1.94133	101
1.94500	100
1.94867	99
1.95233	99
1.95600	100
1.95967	102
1.96333	106
1.96700	108
1.97067	109
1.97433	108
1.97800	107
1.98167	105
1.98533	104
1.98900	106
1.99267	108
1.99633	109
2.00000	108
2.00367	108
2.00733	111
2.01100	114
2.01467	118
2.01833	120
2.02200	119
2.02567	118
2.02933	119
2.03300	118
2.03667	118
2.04033	118
2.04400	117
2.04767	118
2.05133	119
2.05500	122
2.05867	124
2.06233	126
2.06600	126
2.06967	127
2.07333	129
2.07700	130
2.08067	131
2.08433	132
2.08800	132
2.09167	134
2.09533	134
2.09900	134
2.10267	136
2.10633	137
2.11000	137
2.11367	137
2.11733	137
2.12100	138
2.12467	140
2.12833	141
2.13200	142
2.13567	142
2.13933	142
2.14300	141
2.14667	142
2.15033	142
2.15400	142
2.15767	144
2.16133	146
2.16500	146
2.16867	147
2.17233	148
2.17600	147
2.17967	145
2.18333	146
2.18700	147
2.19067	148
2.19433	148
2.19800	150
2.20167	153
2.20533	156
2.20900	157
2.21267	155
2.21633	153
2.22000	152
2.22367	154
2.22733	156
2.23100	156
2.23467	156
2.23833	155
2.24200	155
2.24567	154
2.24933	155
2.25300	159
2.25667	162
2.26033	161
2.26400	160
2.26767	160
2.27133	162
2.27500	162
2.27867	159
2.28233	157
2.28600	156
2.28967	155
2.29333	156
2.29700	157
2.30067	159
2.30433	163
2.30800	165
2.31167	166
2.31533	165
2.31900	165
2.32267	165
2.32633	166
2.33000	167
2.33367	168
2.33733	168
2.34100	170
2.34467	173
2.34833	175
2.35200	176
2.35567	178
2.35933	179
2.36300	179
2.36667	180
2.37033	179
2.37400	177
2.37767	178
2.38133	179
2.38500	179
2.38867	180
2.39233	181
2.39600	181
2.39967	180
2.40333	180
2.40700	181
2.41067	182
2.41433	183
2.41800	185
2.42167	187
2.42533	189
2.42900	191
2.43267	192
2.43633	191
2.44000	189
2.44367	192
2.44733	202
2.45100	217
2.45467	237
2.45833	267
2.46200	309
2.46567	361
2.46933	417
2.47300	474
2.47667	530
2.48033	585
2.48400	634
2.48767	684
2.49133	730
2.49500	770
2.49867	805
2.50233	839
2.50600	868
2.50967	892
2.51333	911
2.51700	926
2.52067	942
2.52433	953
2.52800	963
2.53167	974
2.53533	984
2.53900	992
2.54267	1001
2.54633	1007
2.55000	1008
2.55367	1009
2.55733	1011
2.56100	1011
2.56467	1012
2.56833	1013
2.57200	1012
2.57567	1011
2.57933	1008
2.58300	1003
2.58667	999
2.59033	994
2.59400	988
2.59767	977
2.60133	958
2.60500	932
2.60867	898
2.61233	856
2.61600	809
2.61967	763
2.62333	715
2.62700	669
2.63067	631
2.63433	600
2.63800	575
2.64167	557
2.64533	545
2.64900	538
2.65267	538
2.65633	541
2.66000	547
2.66367	555
2.66733	564
2.67100	575
2.67467	586
2.67833	596
2.68200	608
2.68567	618
2.68933	630
2.69300	643
2.69667	654
2.70033	663
2.70400	672
2.70767	680
2.71133	685
2.71500	688
2.71867	693
2.72233	698
2.72600	702
2.72967	707
2.73333	710
2.73700	714
2.74067	717
2.74433	718
2.74800	718
2.75167	718
2.75533	720
2.75900	725
2.76267	727
2.76633	729
2.77000	731
2.77367	732
2.77733	734
2.78100	732
2.78467	732
2.78833	731
2.79200	729
2.79567	730
2.79933	731
2.80300	733
2.80667	733
2.81033	733
2.81400	733
2.81767	733
2.82133	734
2.82500	742
2.82867	761
2.83233	807
2.83600	894
2.83967	1047
2.84333	1291
2.84700	1641
2.85067	2100
2.85433	2651
2.85800	3264
2.86167	3895
2.86533	4491
2.86900	5008
2.87267	5407
2.87633	5665
2.88000	5773
2.88367	5736
2.88733	5578
2.89100	5323
2.89467	5005
2.89833	4650
2.90200	4279
2.90567	3911
2.90933	3555
2.91300	3221
2.91667	2913
2.92033	2631
2.92400	2381
2.92767	2159
2.93133	1965
2.93500	1794
2.93867	1642
2.94233	1509
2.94600	1394
2.94967	1292
2.95333	1202
2.95700	1123
2.96067	1056
2.96433	999
2.96800	950
2.97167	908
2.97533	870
2.97900	838
2.98267	809
2.98633	783
2.99000	762
2.99367	743
2.99733	724
3.00100	707
3.00467	696
3.00833	686
3.01200	676
3.01567	666
3.01933	657
3.02300	649
3.02667	642
3.03033	637
3.03400	632
3.03767	625
3.04133	620
3.04500	614
3.04867	608
3.05233	605
3.05600	603
3.05967	601
3.06333	599
3.06700	596
3.07067	592
3.07433	588
3.07800	585
3.08167	582
3.08533	581
3.08900	581
3.09267	582
3.09633	580
3.10000	579
3.10367	574
3.10733	570
3.11100	568
3.11467	566
3.11833	562
3.12200	558
3.12567	555
3.12933	552
3.13300	549
3.13667	547
3.14033	545
3.14400	545
3.14767	545
3.15133	542
3.15500	537
3.15867	532
3.16233	530
3.16600	530
3.16967	529
3.17333	529
3.17700	526
3.18067	522
3.18433	519
3.18800	517
3.19167	515
3.19533	515
3.19900	515
3.20267	515
3.20633	512
3.21000	509
3.21367	508
3.21733	506
3.22100	503
3.22467	498
3.22833	494
3.23200	492
3.23567	490
3.23933	490
3.24300	489
3.24667	486
3.25033	482
3.25400	479
3.25767	477
3.26133	475
3.26500	473
3.26867	471
3.27233	469
3.27600	466
3.27967	466
3.28333	464
3.28700	461
3.29067	458
3.29433	454
3.29800	451
3.30167	448
3.30533	445
3.30900	442
3.31267	440
3.31633	439
3.32000	437
3.32367	435
3.32733	431
3.33100	426
3.33467	423
3.33833	421
3.34200	418
3.34567	413
3.34933	411
3.35300	409
3.35667	408
3.36033	410
3.36400	408
3.36767	404
3.37133	402
3.37500	400
3.37867	397
3.38233	393
3.38600	388
3.38967	384
3.39333	380
3.39700	379
3.40067	376
3.40433	372
3.40800	369
3.41167	369
3.41533	367
3.41900	365
3.42267	362
3.42633	359
3.43000	356
3.43367	353
3.43733	351
3.44100	350
3.44467	345
3.44833	342
3.45200	341
3.45567	338
3.45933	334
3.46300	332
3.46667	330
3.47033	327
3.47400	324
3.47767	324
3.48133	324
3.48500	324
3.48867	322
3.49233	321
3.49600	318
3.49967	314
3.50333	312
3.50700	311
3.51067	311
3.51433	310
3.51800	308
3.52167	307
3.52533	306
3.52900	305
3.53267	304
3.53633	301
3.54000	299
3.54367	296
3.54733	292
3.55100	292
3.55467	291
3.55833	289
3.56200	288
3.56567	287
3.56933	286
3.57300	284
3.57667	283
3.58033	281
3.58400	276
3.58767	270
3.59133	267
3.59500	266
3.59867	264
3.60233	263
3.60600	262
3.60967	261
3.61333	260
3.61700	259
3.62067	258
3.62433	256
3.62800	258
3.63167	257
3.63533	256
3.63900	254
3.64267	251
3.64633	249
3.65000	247
3.65367	245
3.65733	246
3.66100	245
3.66467	243
3.66833	241
3.67200	238
3.67567	235
3.67933	233
3.68300	233
3.68667	234
3.69033	233
3.69400	231
3.69767	231
3.70133	230
3.70500	229
3.70867	229
3.71233	231
3.71600	231
3.71967	229
3.72333	229
3.72700	230
3.73067	229
3.73433	226
3.73800	222
3.74167	219
3.74533	217
3.74900	217
3.75267	215
3.75633	213
3.76000	213
3.76367	211
3.76733	210
3.77100	210
3.77467	209
3.77833	205
3.78200	202
3.78567	200
3.78933	200
3.79300	200
3.79667	201
3.80033	201
3.80400	201
3.80767	200
3.81133	198
3.81500	196
3.81867	196
3.82233	195
3.82600	196
3.82967	195
3.83333	194
3.83700	191
3.84067	190
3.84433	189
3.84800	187
3.85167	183
3.85533	182
3.85900	180
3.86267	177
3.86633	175
3.87000	175
3.87367	176
3.87733	177
3.88100	178
3.88467	176
3.88833	175
3.89200	175
3.89567	173
3.89933	173
3.90300	172
3.90667	172
3.91033	173
3.91400	172
3.91767	169
3.92133	169
3.92500	167
3.92867	165
3.93233	163
3.93600	161
3.93967	160
3.94333	158
3.94700	157
3.95067	157
3.95433	157
3.95800	157
3.96167	157
3.96533	158
3.96900	160
3.97267	160
3.97633	157
3.98000	154
3.98367	154
3.98733	155
3.99100	157
3.99467	157
3.99833	155

[Status Trace (Column Oven Temperature)]
Interval(msec)	1000
# of Points	240
Start Time(min)	0.008
End Time(min)	3.991
Intensity Units	
Intensity Multiplier	1
R.Time (min)	Intensity
0.00807	35.06
0.02473	35.07
0.04140	35.06
0.05807	35.06
0.07473	35.04
0.09140	35.03
0.10807	35.03
0.12473	35.04
0.14140	35.02
0.15807	35.02
0.17473	35.01
0.19140	34.99
0.20807	34.99
0.22473	35.00
0.24140	34.99
0.25807	34.99
0.27473	34.98
0.29140	34.98
0.30807	34.99
0.32473	35.00
0.34140	35.00
0.35807	34.99
0.37473	35.00
0.39140	35.00
0.40807	34.99
0.42473	34.98
0.44140	34.96
0.45807	34.95
0.47473	34.96
0.49140	34.95
0.50807	34.95
0.52473	34.95
0.54140	34.96
0.55807	34.95
0.57473	34.95
0.59140	34.96
0.60807	34.97
0.62473	34.98
0.64140	35.00
0.65807	35.01
0.67473	35.03
0.69140	35.03
0.70807	35.02
0.72473	35.01
0.74140	35.01
0.75807	35.00
0.77473	34.98
0.79140	34.98
0.80807	34.98
0.82473	34.98
0.84140	34.99
0.85807	34.99
0.87473	34.98
0.89140	34.98
0.90807	34.97
0.92473	34.97
0.94140	34.98
0.95807	34.97
0.97473	34.97
0.99140	34.97
1.00807	34.98
1.02473	34.97
1.04140	34.96
1.05807	34.97
1.07473	34.97
1.09140	34.97
1.10807	34.96
1.12473	34.97
1.14140	34.98
1.15807	34.99
1.17473	34.98
1.19140	34.99
1.20807	34.99
1.22473	35.00
1.24140	35.01
1.25807	35.01
1.27473	35.00
1.29140	34.99
1.30807	34.98
1.32473	34.98
1.34140	34.97
1.35807	34.97
1.37473	34.96
1.39140	34.96
1.40807	34.96
1.42473	34.97
1.44140	34.98
1.45807	34.98
1.47473	34.98
1.49140	34.98
1.50807	35.00
1.52473	35.02
1.54140	35.03
1.55807	35.03
1.57473	35.03
1.59140	35.04
1.60807	35.09
1.62473	35.20
1.64140	35.37
1.65807	35.60
1.67473	35.95
1.69140	36.31
1.70807	36.66
1.72473	37.01
1.74140	37.34
1.75807	37.69
1.77473	38.02
1.79140	38.33
1.80807	38.67
1.82473	39.00
1.84140	39.33
1.85807	39.67
1.87473	40.00
1.89140	40.34
1.90807	40.67
1.92473	40.99
1.94140	41.33
1.95807	41.65
1.97473	41.96
1.99140	42.29
2.00807	42.60
2.02473	42.93
2.04140	43.27
2.05807	43.60
2.07473	43.93
2.09140	44.24
2.10807	44.56
2.12473	44.89
2.14140	45.22
2.15807	45.55
2.17473	45.88
2.19140	46.19
2.20807	46.52
2.22473	46.84
2.24140	47.18
2.25807	47.50
2.27473	47.83
2.29140	48.16
2.30807	48.51
2.32473	48.85
2.34140	49.16
2.35807	49.46
2.37473	49.67
2.39140	49.75
2.40807	49.73
2.42473	49.74
2.44140	49.75
2.45807	49.75
2.47473	49.76
2.49140	49.78
2.50807	49.78
2.52473	49.81
2.54140	49.80
2.55807	49.82
2.57473	49.84
2.59140	49.84
2.60807	49.85
2.62473	49.86
2.64140	49.86
2.65807	49.84
2.67473	49.84
2.69140	49.87
2.70807	49.88
2.72473	49.88
2.74140	49.87
2.75807	49.86
2.77473	49.86
2.79140	49.86
2.80807	49.87
2.82473	49.89
2.84140	49.91
2.85807	49.94
2.87473	49.97
2.89140	49.99
2.90807	50.02
2.92473	50.03
2.94140	50.06
2.95807	50.07
2.97473	50.08
2.99140	50.09
3.00807	50.08
3.02473	50.07
3.04140	50.07
3.05807	50.07
3.07473	50.07
3.09140	50.08
3.10807	50.08
3.12473	50.08
3.14140	50.08
3.15807	50.09
3.17473	50.10
3.19140	50.11
3.20807	50.11
3.22473	50.09
3.24140	50.08
3.25807	50.07
3.27473	50.06
3.29140	50.05
3.30807	50.04
3.32473	50.04
3.34140	50.05
3.35807	50.04
3.37473	50.05
3.39140	50.04
3.40807	50.04
3.42473	50.04
3.44140	50.04
3.45807	50.04
3.47473	50.05
3.49140	50.04
3.50807	50.04
3.52473	50.04
3.54140	50.04
3.55807	50.03
3.57473	50.03
3.59140	50.03
3.60807	50.04
3.62473	50.04
3.64140	50.05
3.65807	50.05
3.67473	50.06
3.69140	50.06
3.70807	50.05
3.72473	50.06
3.74140	50.06
3.75807	50.06
3.77473	50.05
3.79140	50.06
3.80807	50.07
3.82473	50.07
3.84140	50.07
3.85807	50.07
3.87473	50.07
3.89140	50.06
3.90807	50.07
3.92473	50.06
3.94140	50.06
3.95807	50.07
3.97473	50.07
3.99140	50.07

[Status Trace (Injection Unit Temperature)]
Interval(msec)	1000
# of Points	240
Start Time(min)	0.008
End Time(min)	3.991
Intensity Units	
Intensity Multiplier	1
R.Time (min)	Intensity
0.00807	99.98
0.02473	99.97
0.04140	99.98
0.05807	99.98
0.07473	99.98
0.09140	99.98
0.10807	99.98
0.12473	99.98
0.14140	99.98
0.15807	99.98
0.17473	99.98
0.19140	99.98
0.20807	99.98
0.22473	99.98
0.24140	99.98
0.25807	99.97
0.27473	99.98
0.29140	99.98
0.30807	99.97
0.32473	99.98
0.34140	99.98
0.35807	99.98
0.37473	99.98
0.39140	99.98
0.40807	99.97
0.42473	99.98
0.44140	99.98
0.45807	99.98
0.47473	99.98
0.49140	99.98
0.50807	99.98
0.52473	99.98
0.54140	99.98
0.55807	99.98
0.57473	99.98
0.59140	99.98
0.60807	99.98
0.62473	99.98
0.64140	99.98
0.65807	99.98
0.67473	99.98
0.69140	99.98
0.70807	99.98
0.72473	99.98
0.74140	99.98
0.75807	99.98
0.77473	99.98
0.79140	99.99
0.80807	99.98
0.82473	99.99
0.84140	99.98
0.85807	99.98
0.87473	99.99
0.89140	99.98
0.90807	99.98
0.92473	99.99
0.94140	99.98
0.95807	99.99
0.97473	99.99
0.99140	99.98
1.00807	99.99
1.02473	99.98
1.04140	99.99
1.05807	99.99
1.07473	99.99
1.09140	99.99
1.10807	99.99
1.12473	99.98
1.14140	99.99
1.15807	99.99
1.17473	99.98
1.19140	99.99
1.20807	99.98
1.22473	99.99
1.24140	99.99
1.25807	99.99
1.27473	99.98
1.29140	99.98
1.30807	99.98
1.32473	99.99
1.34140	99.99
1.35807	99.99
1.37473	99.98
1.39140	99.99
1.40807	99.98
1.42473	99.99
1.44140	99.99
1.45807	99.98
1.47473	99.99
1.49140	99.99
1.50807	99.98
1.52473	99.99
1.54140	99.99
1.55807	99.99
1.57473	99.99
1.59140	99.99
1.60807	99.98
1.62473	99.98
1.64140	99.99
1.65807	99.99
1.67473	99.99
1.69140	99.99
1.70807	99.99
1.72473	99.98
1.74140	99.99
1.75807	99.98
1.77473	99.99
1.79140	99.98
1.80807	99.98
1.82473	99.98
1.84140	99.99
1.85807	99.98
1.87473	99.98
1.89140	99.98
1.90807	99.98
1.92473	99.97
1.94140	99.98
1.95807	99.97
1.97473	99.98
1.99140	99.98
2.00807	99.97
2.02473	99.98
2.04140	99.97
2.05807	99.97
2.07473	99.97
2.09140	99.97
2.10807	99.97
2.12473	99.97
2.14140	99.97
2.15807	99.97
2.17473	99.96
2.19140	99.97
2.20807	99.96
2.22473	99.97
2.24140	99.97
2.25807	99.96
2.27473	99.97
2.29140	99.97
2.30807	99.97
2.32473	99.97
2.34140	99.97
2.35807	99.97
2.37473	99.97
2.39140	99.97
2.40807	99.97
2.42473	99.97
2.44140	99.97
2.45807	99.97
2.47473	99.97
2.49140	99.97
2.50807	99.97
2.52473	99.97
2.54140	99.98
2.55807	99.98
2.57473	99.98
2.59140	99.98
2.60807	99.98
2.62473	99.98
2.64140	99.98
2.65807	99.99
2.67473	99.98
2.69140	99.99
2.70807	99.99
2.72473	99.98
2.74140	99.99
2.75807	99.99
2.77473	99.98
2.79140	100.00
2.80807	100.00
2.82473	99.99
2.84140	99.99
2.85807	100.00
2.87473	100.00
2.89140	100.00
2.90807	100.00
2.92473	100.00
2.94140	100.01
2.95807	100.00
2.97473	100.01
2.99140	100.01
3.00807	100.01
3.02473	100.01
3.04140	100.01
3.05807	100.01
3.07473	100.01
3.09140	100.01
3.10807	100.01
3.12473	100.01
3.14140	100.02
3.15807	100.02
3.17473	100.02
3.19140	100.02
3.20807	100.02
3.22473	100.02
3.24140	100.03
3.25807	100.02
3.27473	100.03
3.29140	100.03
3.30807	100.03
3.32473	100.03
3.34140	100.03
3.35807	100.03
3.37473	100.03
3.39140	100.03
3.40807	100.03
3.42473	100.04
3.44140	100.04
3.45807	100.04
3.47473	100.03
3.49140	100.04
3.50807	100.04
3.52473	100.04
3.54140	100.04
3.55807	100.04
3.57473	100.05
3.59140	100.04
3.60807	100.05
3.62473	100.04
3.64140	100.04
3.65807	100.05
3.67473	100.05
3.69140	100.05
3.70807	100.05
3.72473	100.05
3.74140	100.05
3.75807	100.05
3.77473	100.05
3.79140	100.05
3.80807	100.05
3.82473	100.05
3.84140	100.05
3.85807	100.05
3.87473	100.05
3.89140	100.05
3.90807	100.05
3.92473	100.05
3.94140	100.05
3.95807	100.06
3.97473	100.05
3.99140	100.05

[Status Trace (Carrier Gas Pressure)]
Interval(msec)	1000
# of Points	240
Start Time(min)	0.008
End Time(min)	3.991
Intensity Units	
Intensity Multiplier	1
R.Time (min)	Intensity
0.00807	58.00
0.02473	55.33
0.04140	57.02
0.05807	59.18
0.07473	59.49
0.09140	58.10
0.10807	57.98
0.12473	58.01
0.14140	58.01
0.15807	58.01
0.17473	58.00
0.19140	58.00
0.20807	58.00
0.22473	58.00
0.24140	58.00
0.25807	58.00
0.27473	58.00
0.29140	58.00
0.30807	58.00
0.32473	58.00
0.34140	58.00
0.35807	58.00
0.37473	58.00
0.39140	58.00
0.40807	58.00
0.42473	58.00
0.44140	58.00
0.45807	58.00
0.47473	58.00
0.49140	58.00
0.50807	58.00
0.52473	58.00
0.54140	58.00
0.55807	58.00
0.57473	58.00
0.59140	58.00
0.60807	58.00
0.62473	58.00
0.64140	58.00
0.65807	58.00
0.67473	58.00
0.69140	58.00
0.70807	58.00
0.72473	58.00
0.74140	58.00
0.75807	58.00
0.77473	58.00
0.79140	58.00
0.80807	58.00
0.82473	58.00
0.84140	58.00
0.85807	58.00
0.87473	58.00
0.89140	58.00
0.90807	58.00
0.92473	58.00
0.94140	58.00
0.95807	58.00
0.97473	58.00
0.99140	58.00
1.00807	58.00
1.02473	58.00
1.04140	58.00
1.05807	58.00
1.07473	58.00
1.09140	58.00
1.10807	58.00
1.12473	58.00
1.14140	58.00
1.15807	58.00
1.17473	58.00
1.19140	58.00
1.20807	58.00
1.22473	58.00
1.24140	58.00
1.25807	58.00
1.27473	58.00
1.29140	58.00
1.30807	58.00
1.32473	58.00
1.34140	58.00
1.35807	58.00
1.37473	58.00
1.39140	58.00
1.40807	58.00
1.42473	58.00
1.44140	58.00
1.45807	58.00
1.47473	58.00
1.49140	58.00
1.50807	58.00
1.52473	58.00
1.54140	58.00
1.55807	58.00
1.57473	58.00
1.59140	58.00
1.60807	58.00
1.62473	58.00
1.64140	58.00
1.65807	58.00
1.67473	58.01
1.69140	58.00
1.70807	58.00
1.72473	58.00
1.74140	58.00
1.75807	58.00
1.77473	58.00
1.79140	58.00
1.80807	58.00
1.82473	58.00
1.84140	58.00
1.85807	58.00
1.87473	58.00
1.89140	58.00
1.90807	58.00
1.92473	58.00
1.94140	58.00
1.95807	58.00
1.97473	58.00
1.99140	58.00
2.00807	58.00
2.02473	58.00
2.04140	58.00
2.05807	58.00
2.07473	58.00
2.09140	58.00
2.10807	58.00
2.12473	58.00
2.14140	58.00
2.15807	58.00
2.17473	58.00
2.19140	58.00
2.20807	58.00
2.22473	58.00
2.24140	58.00
2.25807	58.00
2.27473	58.00
2.29140	58.00
2.30807	58.00
2.32473	58.00
2.34140	58.00
2.35807	58.00
2.37473	58.00
2.39140	57.99
2.40807	57.99
2.42473	58.00
2.44140	58.00
2.45807	58.00
2.47473	58.00
2.49140	58.00
2.50807	58.00
2.52473	57.99
2.54140	58.00
2.55807	58.00
2.57473	58.00
2.59140	58.00
2.60807	58.00
2.62473	58.00
2.64140	58.00
2.65807	58.00
2.67473	58.00
2.69140	58.00
2.70807	58.00
2.72473	58.00
2.74140	58.00
2.75807	58.00
2.77473	58.00
2.79140	58.00
2.80807	58.00
2.82473	58.00
2.84140	58.00
2.85807	58.00
2.87473	58.00
2.89140	58.00
2.90807	58.00
2.92473	58.00
2.94140	58.00
2.95807	58.00
2.97473	58.00
2.99140	58.00
3.00807	58.00
3.02473	58.00
3.04140	58.00
3.05807	58.00
3.07473	58.00
3.09140	58.00
3.10807	58.00
3.12473	58.00
3.14140	58.00
3.15807	58.00
3.17473	58.00
3.19140	58.00
3.20807	58.00
3.22473	58.00
3.24140	58.00
3.25807	58.00
3.27473	58.00
3.29140	58.00
3.30807	58.00
3.32473	58.00
3.34140	58.00
3.35807	58.00
3.37473	58.00
3.39140	58.00
3.40807	58.00
3.42473	58.00
3.44140	58.00
3.45807	58.00
3.47473	58.00
3.49140	58.00
3.50807	58.00
3.52473	58.00
3.54140	58.00
3.55807	58.00
3.57473	58.00
3.59140	58.00
3.60807	58.00
3.62473	58.00
3.64140	58.00
3.65807	58.00
3.67473	58.00
3.69140	58.00
3.70807	58.00
3.72473	58.00
3.74140	58.00
3.75807	58.00
3.77473	58.00
3.79140	58.00
3.80807	58.00
3.82473	58.00
3.84140	58.00
3.85807	58.00
3.87473	58.00
3.89140	58.00
3.90807	58.00
3.92473	58.00
3.94140	58.00
3.95807	58.00
3.97473	58.00
3.99140	58.00

[Status Trace (Carrier Gas Flow)]
Interval(msec)	1000
# of Points	240
Start Time(min)	0.008
End Time(min)	3.991
Intensity Units	
Intensity Multiplier	1
R.Time (min)	Intensity
0.00807	34.52
0.02473	34.53
0.04140	34.54
0.05807	34.55
0.07473	34.50
0.09140	34.52
0.10807	34.52
0.12473	34.52
0.14140	34.52
0.15807	34.51
0.17473	34.52
0.19140	34.52
0.20807	34.52
0.22473	34.52
0.24140	34.52
0.25807	34.52
0.27473	34.51
0.29140	34.52
0.30807	34.50
0.32473	34.52
0.34140	34.53
0.35807	34.51
0.37473	34.51
0.39140	34.52
0.40807	34.51
0.42473	34.52
0.44140	34.53
0.45807	34.51
0.47473	34.53
0.49140	34.51
0.50807	34.52
0.52473	34.52
0.54140	34.51
0.55807	34.52
0.57473	34.53
0.59140	34.52
0.60807	34.51
0.62473	34.52
0.64140	34.52
0.65807	34.52
0.67473	34.52
0.69140	34.53
0.70807	34.52
0.72473	34.52
0.74140	34.53
0.75807	34.52
0.77473	34.52
0.79140	34.51
0.80807	34.52
0.82473	34.52
0.84140	34.50
0.85807	34.52
0.87473	34.51
0.89140	34.50
0.90807	34.52
0.92473	34.53
0.94140	34.51
0.95807	34.52
0.97473	34.51
0.99140	34.51
1.00807	34.53
1.02473	34.52
1.04140	34.52
1.05807	34.50
1.07473	34.53
1.09140	34.52
1.10807	34.52
1.12473	34.52
1.14140	34.51
1.15807	34.51
1.17473	34.53
1.19140	34.52
1.20807	34.53
1.22473	34.52
1.24140	34.51
1.25807	34.52
1.27473	34.52
1.29140	34.52
1.30807	34.52
1.32473	34.52
1.34140	34.51
1.35807	34.52
1.37473	34.51
1.39140	34.52
1.40807	34.53
1.42473	34.51
1.44140	34.53
1.45807	34.51
1.47473	34.51
1.49140	34.52
1.50807	34.53
1.52473	34.52
1.54140	34.52
1.55807	34.53
1.57473	34.52
1.59140	34.52
1.60807	34.52
1.62473	34.52
1.64140	34.52
1.65807	34.52
1.67473	34.52
1.69140	34.51
1.70807	34.52
1.72473	34.51
1.74140	34.52
1.75807	34.52
1.77473	34.52
1.79140	34.52
1.80807	34.52
1.82473	34.52
1.84140	34.52
1.85807	34.52
1.87473	34.51
1.89140	34.52
1.90807	34.52
1.92473	34.52
1.94140	34.52
1.95807	34.52
1.97473	34.52
1.99140	34.52
2.00807	34.52
2.02473	34.52
2.04140	34.52
2.05807	34.52
2.07473	34.52
2.09140	34.52
2.10807	34.52
2.12473	34.52
2.14140	34.52
2.15807	34.52
2.17473	34.52
2.19140	34.52
2.20807	34.52
2.22473	34.52
2.24140	34.52
2.25807	34.52
2.27473	34.52
2.29140	34.52
2.30807	34.52
2.32473	34.52
2.34140	34.52
2.35807	34.52
2.37473	34.52
2.39140	34.53
2.40807	34.52
2.42473	34.52
2.44140	34.52
2.45807	34.51
2.47473	34.51
2.49140	34.53
2.50807	34.38
2.52473	34.52
2.54140	34.52
2.55807	34.52
2.57473	34.52
2.59140	34.52
2.60807	34.52
2.62473	34.52
2.64140	34.52
2.65807	34.52
2.67473	34.52
2.69140	34.52
2.70807	34.52
2.72473	34.52
2.74140	34.52
2.75807	34.52
2.77473	34.52
2.79140	34.52
2.80807	34.52
2.82473	34.52
2.84140	34.52
2.85807	34.52
2.87473	34.52
2.89140	34.52
2.90807	34.52
2.92473	34.52
2.94140	34.52
2.95807	34.52
2.97473	34.52
2.99140	34.52
3.00807	34.52
3.02473	34.52
3.04140	34.52
3.05807	34.52
3.07473	34.52
3.09140	34.52
3.10807	34.52
3.12473	34.52
3.14140	34.52
3.15807	34.52
3.17473	34.52
3.19140	34.52
3.20807	34.52
3.22473	34.52
3.24140	34.52
3.25807	34.52
3.27473	34.52
3.29140	34.52
3.30807	34.52
3.32473	34.52
3.34140	34.52
3.35807	34.52
3.37473	34.52
3.39140	34.51
3.40807	34.52
3.42473	34.52
3.44140	34.52
3.45807	34.52
3.47473	34.52
3.49140	34.52
3.50807	34.52
3.52473	34.52
3.54140	34.51
3.55807	34.52
3.57473	34.52
3.59140	34.52
3.60807	34.51
3.62473	34.52
3.64140	34.50
3.65807	34.50
3.67473	34.51
3.69140	34.51
3.70807	34.50
3.72473	34.52
3.74140	34.51
3.75807	34.52
3.77473	34.53
3.79140	34.50
3.80807	34.52
3.82473	34.52
3.84140	34.52
3.85807	34.52
3.87473	34.52
3.89140	34.51
3.90807	34.53
3.92473	34.52
3.94140	34.52
3.95807	34.52
3.97473	34.52
3.99140	34.52

[Status Trace (Column Flow)]
Interval(msec)	1000
# of Points	240
Start Time(min)	0.008
End Time(min)	3.991
Intensity Units	
Intensity Multiplier	1
R.Time (min)	Intensity
0.00807	5.52
0.02473	5.21
0.04140	5.40
0.05807	5.65
0.07473	5.69
0.09140	5.53
0.10807	5.51
0.12473	5.52
0.14140	5.52
0.15807	5.52
0.17473	5.52
0.19140	5.52
0.20807	5.52
0.22473	5.52
0.24140	5.52
0.25807	5.52
0.27473	5.52
0.29140	5.52
0.30807	5.52
0.32473	5.52
0.34140	5.52
0.35807	5.52
0.37473	5.52
0.39140	5.52
0.40807	5.52
0.42473	5.52
0.44140	5.52
0.45807	5.52
0.47473	5.52
0.49140	5.52
0.50807	5.52
0.52473	5.52
0.54140	5.52
0.55807	5.52
0.57473	5.52
0.59140	5.52
0.60807	5.52
0.62473	5.52
0.64140	5.52
0.65807	5.52
0.67473	5.52
0.69140	5.52
0.70807	5.52
0.72473	5.52
0.74140	5.52
0.75807	5.52
0.77473	5.52
0.79140	5.52
0.80807	5.52
0.82473	5.52
0.84140	5.52
0.85807	5.52
0.87473	5.52
0.89140	5.52
0.90807	5.52
0.92473	5.52
0.94140	5.52
0.95807	5.52
0.97473	5.52
0.99140	5.52
1.00807	5.52
1.02473	5.52
1.04140	5.52
1.05807	5.52
1.07473	5.52
1.09140	5.52
1.10807	5.52
1.12473	5.52
1.14140	5.52
1.15807	5.52
1.17473	5.52
1.19140	5.52
1.20807	5.52
1.22473	5.52
1.24140	5.52
1.25807	5.52
1.27473	5.52
1.29140	5.52
1.30807	5.52
1.32473	5.52
1.34140	5.52
1.35807	5.52
1.37473	5.52
1.39140	5.52
1.40807	5.52
1.42473	5.52
1.44140	5.52
1.45807	5.52
1.47473	5.52
1.49140	5.52
1.50807	5.52
1.52473	5.52
1.54140	5.52
1.55807	5.52
1.57473	5.52
1.59140	5.52
1.60807	5.52
1.62473	5.51
1.64140	5.51
1.65807	5.50
1.67473	5.49
1.69140	5.48
1.70807	5.47
1.72473	5.46
1.74140	5.45
1.75807	5.44
1.77473	5.42
1.79140	5.42
1.80807	5.41
1.82473	5.39
1.84140	5.39
1.85807	5.37
1.87473	5.36
1.89140	5.35
1.90807	5.34
1.92473	5.33
1.94140	5.33
1.95807	5.32
1.97473	5.31
1.99140	5.30
2.00807	5.29
2.02473	5.28
2.04140	5.27
2.05807	5.26
2.07473	5.25
2.09140	5.24
2.10807	5.23
2.12473	5.22
2.14140	5.21
2.15807	5.20
2.17473	5.19
2.19140	5.18
2.20807	5.17
2.22473	5.16
2.24140	5.15
2.25807	5.15
2.27473	5.14
2.29140	5.13
2.30807	5.12
2.32473	5.11
2.34140	5.10
2.35807	5.09
2.37473	5.08
2.39140	5.08
2.40807	5.08
2.42473	5.08
2.44140	5.08
2.45807	5.08
2.47473	5.08
2.49140	5.08
2.50807	5.08
2.52473	5.08
2.54140	5.08
2.55807	5.08
2.57473	5.08
2.59140	5.08
2.60807	5.08
2.62473	5.08
2.64140	5.08
2.65807	5.08
2.67473	5.08
2.69140	5.08
2.70807	5.08
2.72473	5.08
2.74140	5.08
2.75807	5.08
2.77473	5.08
2.79140	5.08
2.80807	5.08
2.82473	5.08
2.84140	5.08
2.85807	5.08
2.87473	5.08
2.89140	5.08
2.90807	5.07
2.92473	5.07
2.94140	5.07
2.95807	5.07
2.97473	5.07
2.99140	5.07
3.00807	5.07
3.02473	5.07
3.04140	5.07
3.05807	5.07
3.07473	5.07
3.09140	5.07
3.10807	5.07
3.12473	5.07
3.14140	5.07
3.15807	5.07
3.17473	5.07
3.19140	5.07
3.20807	5.07
3.22473	5.07
3.24140	5.07
3.25807	5.07
3.27473	5.07
3.29140	5.07
3.30807	5.07
3.32473	5.07
3.34140	5.07
3.35807	5.07
3.37473	5.07
3.39140	5.07
3.40807	5.07
3.42473	5.07
3.44140	5.07
3.45807	5.07
3.47473	5.07
3.49140	5.07
3.50807	5.07
3.52473	5.07
3.54140	5.07
3.55807	5.07
3.57473	5.07
3.59140	5.07
3.60807	5.07
3.62473	5.07
3.64140	5.07
3.65807	5.07
3.67473	5.07
3.69140	5.07
3.70807	5.07
3.72473	5.07
3.74140	5.07
3.75807	5.07
3.77473	5.07
3.79140	5.07
3.80807	5.07
3.82473	5.07
3.84140	5.07
3.85807	5.07
3.87473	5.07
3.89140	5.07
3.90807	5.07
3.92473	5.07
3.94140	5.07
3.95807	5.07
3.97473	5.07
3.99140	5.07

[Status Trace (Linear Velocity)]
Interval(msec)	1000
# of Points	240
Start Time(min)	0.008
End Time(min)	3.991
Intensity Units	
Intensity Multiplier	1
R.Time (min)	Intensity
0.00807	39.01
0.02473	37.26
0.04140	38.37
0.05807	39.78
0.07473	39.99
0.09140	39.08
0.10807	39.00
0.12473	39.02
0.14140	39.02
0.15807	39.02
0.17473	39.02
0.19140	39.02
0.20807	39.02
0.22473	39.02
0.24140	39.02
0.25807	39.02
0.27473	39.02
0.29140	39.02
0.30807	39.02
0.32473	39.02
0.34140	39.02
0.35807	39.01
0.37473	39.02
0.39140	39.02
0.40807	39.02
0.42473	39.02
0.44140	39.02
0.45807	39.02
0.47473	39.02
0.49140	39.02
0.50807	39.02
0.52473	39.02
0.54140	39.02
0.55807	39.02
0.57473	39.02
0.59140	39.02
0.60807	39.02
0.62473	39.02
0.64140	39.02
0.65807	39.01
0.67473	39.01
0.69140	39.01
0.70807	39.01
0.72473	39.01
0.74140	39.01
0.75807	39.02
0.77473	39.02
0.79140	39.02
0.80807	39.02
0.82473	39.02
0.84140	39.02
0.85807	39.02
0.87473	39.02
0.89140	39.02
0.90807	39.02
0.92473	39.02
0.94140	39.02
0.95807	39.02
0.97473	39.02
0.99140	39.02
1.00807	39.02
1.02473	39.02
1.04140	39.02
1.05807	39.02
1.07473	39.02
1.09140	39.02
1.10807	39.02
1.12473	39.02
1.14140	39.02
1.15807	39.02
1.17473	39.02
1.19140	39.02
1.20807	39.02
1.22473	39.02
1.24140	39.01
1.25807	39.02
1.27473	39.02
1.29140	39.02
1.30807	39.02
1.32473	39.02
1.34140	39.02
1.35807	39.02
1.37473	39.02
1.39140	39.02
1.40807	39.02
1.42473	39.02
1.44140	39.02
1.45807	39.02
1.47473	39.02
1.49140	39.02
1.50807	39.02
1.52473	39.01
1.54140	39.01
1.55807	39.01
1.57473	39.01
1.59140	39.01
1.60807	39.01
1.62473	39.00
1.64140	38.99
1.65807	38.96
1.67473	38.93
1.69140	38.90
1.70807	38.86
1.72473	38.82
1.74140	38.80
1.75807	38.76
1.77473	38.73
1.79140	38.70
1.80807	38.67
1.82473	38.64
1.84140	38.61
1.85807	38.57
1.87473	38.54
1.89140	38.51
1.90807	38.48
1.92473	38.45
1.94140	38.42
1.95807	38.39
1.97473	38.36
1.99140	38.33
2.00807	38.30
2.02473	38.27
2.04140	38.24
2.05807	38.21
2.07473	38.18
2.09140	38.15
2.10807	38.12
2.12473	38.09
2.14140	38.06
2.15807	38.03
2.17473	38.00
2.19140	37.97
2.20807	37.95
2.22473	37.91
2.24140	37.89
2.25807	37.86
2.27473	37.82
2.29140	37.80
2.30807	37.77
2.32473	37.73
2.34140	37.71
2.35807	37.68
2.37473	37.66
2.39140	37.65
2.40807	37.65
2.42473	37.65
2.44140	37.65
2.45807	37.65
2.47473	37.65
2.49140	37.65
2.50807	37.65
2.52473	37.64
2.54140	37.65
2.55807	37.65
2.57473	37.65
2.59140	37.65
2.60807	37.65
2.62473	37.64
2.64140	37.64
2.65807	37.65
2.67473	37.65
2.69140	37.64
2.70807	37.64
2.72473	37.64
2.74140	37.64
2.75807	37.64
2.77473	37.64
2.79140	37.64
2.80807	37.64
2.82473	37.64
2.84140	37.64
2.85807	37.64
2.87473	37.63
2.89140	37.63
2.90807	37.63
2.92473	37.63
2.94140	37.63
2.95807	37.63
2.97473	37.62
2.99140	37.62
3.00807	37.62
3.02473	37.63
3.04140	37.63
3.05807	37.63
3.07473	37.63
3.09140	37.63
3.10807	37.62
3.12473	37.62
3.14140	37.62
3.15807	37.62
3.17473	37.62
3.19140	37.62
3.20807	37.62
3.22473	37.62
3.24140	37.62
3.25807	37.63
3.27473	37.63
3.29140	37.63
3.30807	37.63
3.32473	37.63
3.34140	37.63
3.35807	37.63
3.37473	37.63
3.39140	37.63
3.40807	37.63
3.42473	37.63
3.44140	37.63
3.45807	37.63
3.47473	37.63
3.49140	37.63
3.50807	37.63
3.52473	37.63
3.54140	37.63
3.55807	37.63
3.57473	37.63
3.59140	37.63
3.60807	37.63
3.62473	37.63
3.64140	37.63
3.65807	37.63
3.67473	37.63
3.69140	37.63
3.70807	37.63
3.72473	37.63
3.74140	37.63
3.75807	37.63
3.77473	37.63
3.79140	37.63
3.80807	37.63
3.82473	37.63
3.84140	37.63
3.85807	37.63
3.87473	37.63
3.89140	37.63
3.90807	37.63
3.92473	37.63
3.94140	37.63
3.95807	37.63
3.97473	37.63
3.99140	37.63

