[Header]
Application Name	LabSolutions
Version	5.110
Data File Name	C:\Users\User\Desktop\GC Analyses\Jack\UIC Prairie Sampling\8.12.22\220812_085.gcd
Output Date	10/14/2022
Output Time	2:33:55 PM

[File Information]
Type	Data File
Generated	10/13/2022 1:31:31 PM
Generated by	System Administrator
Modified	10/13/2022 1:37:01 PM
Modified by	System Administrator

[Sample Information]
Operator Name	System Administrator
Acquired	10/13/2022 1:33:00 PM
Sample Type	1:Standard
Level	1
Sample Name	220812_UICPrairie
Sample ID	220812_UICPrairie
ISTD Amount1	1
ISTD Amount2	1
ISTD Amount3	1
ISTD Amount4	1
ISTD Amount5	1
ISTD Amount6	1
ISTD Amount7	1
ISTD Amount8	1
ISTD Amount9	1
ISTD Amount10	1
ISTD Amount11	1
ISTD Amount12	1
ISTD Amount13	1
ISTD Amount14	1
ISTD Amount15	1
ISTD Amount16	1
ISTD Amount17	1
ISTD Amount18	1
ISTD Amount19	1
ISTD Amount20	1
ISTD Amount21	1
ISTD Amount22	1
ISTD Amount23	1
ISTD Amount24	1
ISTD Amount25	1
ISTD Amount26	1
ISTD Amount27	1
ISTD Amount28	1
ISTD Amount29	1
ISTD Amount30	1
ISTD Amount31	1
ISTD Amount32	1
Sample Amount	1
Dilution Factor	1
Vial#	1
Injection Volume	1
Injection Count	1
Bar Code	

[Original Files]
Data File	C:\Users\User\Desktop\GC Analyses\Jack\UIC Prairie Sampling\8.12.22\220812_085.gcd
Method File	C:\LabSolutions\Data\GHG_4min_2022\ghg3_togas_w_acet_4 min_new_int.gcm
Batch File	
Report Format File	c:\LabSolutions\System\DEFAULT.lsr

[File Description]


[Configuration]
Instrument Name	C0B7VH3-Instrument1
Instrument #	1
Line #	1
# of Detectors	3
Detector ID	DET#1	DET#2	DET#3
Detector Name	FID	PTCD	ECD
# of Channels	1	1	1

[Peak Table(Ch1)]
# of Peaks	3
Peak#	R.Time	I.Time	F.Time	Area	Height	A/H	Conc.	Mark	ID#	Name	k'	Plate #	Plate Ht.	Tailing	Resolution	Sep.Factor	Area Ratio	Height Ratio	Conc. %	Norm Conc.
1	1.468	1.439	1.538	5981	2240	2.671	100.000	   	1	CO	0.000	6584	22.782	1.698	0.000	0.000	0	0	16.667	16.667
2	1.571	1.538	1.655	19548	9919	1.971	100.000	 V 	2	CH4	0.070	11142	13.463	1.225	1.557	0.000	0	0	16.667	16.667
3	2.000	1.952	2.429	2077904	1013794	2.050	400.000	   	3	CO2	0.362	17562	8.541	1.243	7.156	5.179	0	0	66.667	66.667

[Peak Table(Ch2)]
# of Peaks	0

[Peak Table(Ch3)]
# of Peaks	2
Peak#	R.Time	I.Time	F.Time	Area	Height	A/H	Conc.	Mark	ID#	Name	k'	Plate #	Plate Ht.	Tailing	Resolution	Sep.Factor	Area Ratio	Height Ratio	Conc. %	Norm Conc.
1	2.469	2.183	2.653	6183	370	16.718	0.000	   			0.000	527	284.899	0.825	0.000	0.000	0	0	0.000	0.000
2	2.887	2.667	3.782	67519	15542	4.344	1.000	   	1	N2O	0.169	12456	12.043	1.591	1.566	0.000	0	0	100.000	100.000

[Compound Results(Ch1)]
# of IDs	6
ID#	Name	R.Time	Area	Height	Conc.	Curve	3rd	2nd	1st	Constant	Area Ratio	Height Ratio	Conc. %	Norm Conc.
1	CO	1.468	5981	2240	100.000	Linear	0.000000e+00	0.000000e+00	5.981004e+001	0.000000e+00	0	0	16.667	16.667
2	CH4	1.571	19548	9919	100.000	Linear	0.000000e+00	0.000000e+00	1.954849e+002	0.000000e+00	0	0	16.667	16.667
3	CO2	2.000	2077904	1013794	400.000	Linear	0.000000e+00	0.000000e+00	5.194760e+003	0.000000e+00	0	0	66.667	66.667
4	Ethylene	0.000	0	0	0.000	Linear	0.000000e+00	0.000000e+00	0.000000e+00	0.000000e+00	0	0	0.000	0.000
5	Acetylene	0.000	0	0	0.000	Linear	0.000000e+00	0.000000e+00	0.000000e+00	0.000000e+00	0	0	0.000	0.000
6	Ethane	0.000	0	0	0.000	Linear	0.000000e+00	0.000000e+00	0.000000e+00	0.000000e+00	0	0	0.000	0.000

[Compound Results(Ch2)]
# of IDs	5
ID#	Name	R.Time	Area	Height	Conc.	Curve	3rd	2nd	1st	Constant	Area Ratio	Height Ratio	Conc. %	Norm Conc.
1	Hydrogen	0.000	0	0	0.000	Linear	0.000000e+00	0.000000e+00	0.000000e+00	0.000000e+00	0	0	0.000	0.000
2	Oxygen	0.000	0	0	0.000	Linear	0.000000e+00	0.000000e+00	0.000000e+00	0.000000e+00	0	0	0.000	0.000
3	Nitrogen	0.000	0	0	0.000	Linear	0.000000e+00	0.000000e+00	0.000000e+00	0.000000e+00	0	0	0.000	0.000
4	Methane	0.000	0	0	0.000	Linear	0.000000e+00	0.000000e+00	0.000000e+00	0.000000e+00	0	0	0.000	0.000
5	Carbon Monoxide	0.000	0	0	0.000	Linear	0.000000e+00	0.000000e+00	0.000000e+00	0.000000e+00	0	0	0.000	0.000

[Compound Results(Ch3)]
# of IDs	2
ID#	Name	R.Time	Area	Height	Conc.	Curve	3rd	2nd	1st	Constant	Area Ratio	Height Ratio	Conc. %	Norm Conc.
1	N2O	2.887	67519	15542	1.000	Linear	0.000000e+00	0.000000e+00	6.751949e+004	0.000000e+00	0	0	100.000	100.000
2	SF6	0.000	0	0	0.000	Linear	0.000000e+00	0.000000e+00	0.000000e+00	0.000000e+00	0	0	0.000	0.000

[Group Results(Ch1)]
# of Groups	0

[Group Results(Ch2)]
# of Groups	0

[Group Results(Ch3)]
# of Groups	0

[Chromatogram (Ch1)]
Interval(msec)	220
# of Points	1091
Start Time(min)	0.002
End Time(min)	3.998
R.Time (min)	Intensity
0.00167	9
0.00533	5
0.00900	3
0.01267	-1
0.01633	-6
0.02000	-11
0.02367	-15
0.02733	-19
0.03100	-22
0.03467	-23
0.03833	-22
0.04200	-20
0.04567	-21
0.04933	-24
0.05300	-27
0.05667	-26
0.06033	-22
0.06400	-17
0.06767	-11
0.07133	-7
0.07500	-7
0.07867	-7
0.08233	-4
0.08600	-1
0.08967	0
0.09333	0
0.09700	-1
0.10067	-4
0.10433	-5
0.10800	-5
0.11167	-5
0.11533	-6
0.11900	-8
0.12267	-11
0.12633	-12
0.13000	-10
0.13367	-8
0.13733	-6
0.14100	-8
0.14467	-11
0.14833	-13
0.15200	-11
0.15567	-9
0.15933	-7
0.16300	-5
0.16667	-3
0.17033	-3
0.17400	-2
0.17767	-3
0.18133	-7
0.18500	-10
0.18867	-13
0.19233	-14
0.19600	-12
0.19967	-7
0.20333	-4
0.20700	-2
0.21067	-2
0.21433	-2
0.21800	-1
0.22167	2
0.22533	3
0.22900	1
0.23267	-2
0.23633	-2
0.24000	1
0.24367	3
0.24733	5
0.25100	7
0.25467	10
0.25833	15
0.26200	19
0.26567	17
0.26933	9
0.27300	2
0.27667	0
0.28033	0
0.28400	-0
0.28767	-1
0.29133	-2
0.29500	-2
0.29867	-3
0.30233	-6
0.30600	-15
0.30967	-29
0.31333	-38
0.31700	-37
0.32067	-28
0.32433	-20
0.32800	-16
0.33167	-19
0.33533	-25
0.33900	-30
0.34267	-31
0.34633	-28
0.35000	-23
0.35367	-18
0.35733	-14
0.36100	-12
0.36467	-8
0.36833	-4
0.37200	1
0.37567	5
0.37933	3
0.38300	-2
0.38667	-8
0.39033	-12
0.39400	-15
0.39767	-14
0.40133	-10
0.40500	-6
0.40867	-1
0.41233	1
0.41600	-0
0.41967	-4
0.42333	-6
0.42700	-8
0.43067	-13
0.43433	-16
0.43800	-15
0.44167	-10
0.44533	-4
0.44900	-2
0.45267	-3
0.45633	-7
0.46000	-8
0.46367	-5
0.46733	-2
0.47100	-3
0.47467	-2
0.47833	2
0.48200	8
0.48567	13
0.48933	12
0.49300	9
0.49667	5
0.50033	2
0.50400	1
0.50767	2
0.51133	3
0.51500	1
0.51867	-4
0.52233	-11
0.52600	-16
0.52967	-21
0.53333	-25
0.53700	-28
0.54067	-29
0.54433	-28
0.54800	-24
0.55167	-18
0.55533	-14
0.55900	-9
0.56267	-6
0.56633	-6
0.57000	-6
0.57367	-7
0.57733	-8
0.58100	-9
0.58467	-12
0.58833	-15
0.59200	-19
0.59567	-20
0.59933	-21
0.60300	-19
0.60667	-17
0.61033	-16
0.61400	-18
0.61767	-18
0.62133	-14
0.62500	-11
0.62867	-10
0.63233	-10
0.63600	-10
0.63967	-10
0.64333	-13
0.64700	-16
0.65067	-19
0.65433	-17
0.65800	-11
0.66167	-5
0.66533	-2
0.66900	-0
0.67267	7
0.67633	10
0.68000	7
0.68367	1
0.68733	-7
0.69100	-13
0.69467	-13
0.69833	-11
0.70200	-10
0.70567	-14
0.70933	-21
0.71300	-25
0.71667	-26
0.72033	-24
0.72400	-19
0.72767	-12
0.73133	-9
0.73500	-7
0.73867	-6
0.74233	-5
0.74600	-6
0.74967	-12
0.75333	-19
0.75700	-20
0.76067	-16
0.76433	-7
0.76800	2
0.77167	9
0.77533	9
0.77900	2
0.78267	-7
0.78633	-11
0.79000	-10
0.79367	-9
0.79733	-10
0.80100	-13
0.80467	-17
0.80833	-21
0.81200	-23
0.81567	-24
0.81933	-26
0.82300	-28
0.82667	-32
0.83033	-35
0.83400	-36
0.83767	-36
0.84133	-30
0.84500	-24
0.84867	-20
0.85233	-20
0.85600	-20
0.85967	-22
0.86333	-23
0.86700	-21
0.87067	-18
0.87433	-15
0.87800	-15
0.88167	-15
0.88533	-14
0.88900	-14
0.89267	-15
0.89633	-16
0.90000	-17
0.90367	-18
0.90733	-16
0.91100	-15
0.91467	-14
0.91833	-26
0.92200	-39
0.92567	-31
0.92933	-18
0.93300	-8
0.93667	-1
0.94033	2
0.94400	5
0.94767	10
0.95133	12
0.95500	9
0.95867	1
0.96233	-11
0.96600	-19
0.96967	-20
0.97333	-16
0.97700	-10
0.98067	-4
0.98433	-2
0.98800	-2
0.99167	-2
0.99533	-4
0.99900	-7
1.00267	-11
1.00633	-12
1.01000	-11
1.01367	-10
1.01733	-12
1.02100	-15
1.02467	-14
1.02833	-12
1.03200	-13
1.03567	-15
1.03933	-11
1.04300	-5
1.04667	-4
1.05033	-5
1.05400	-9
1.05767	-15
1.06133	-24
1.06500	-27
1.06867	-21
1.07233	-19
1.07600	-17
1.07967	-14
1.08333	-4
1.08700	5
1.09067	8
1.09433	4
1.09800	-2
1.10167	-10
1.10533	-19
1.10900	-26
1.11267	-30
1.11633	-30
1.12000	-30
1.12367	-28
1.12733	-25
1.13100	-22
1.13467	-20
1.13833	-15
1.14200	-6
1.14567	2
1.14933	0
1.15300	-8
1.15667	-15
1.16033	-25
1.16400	-36
1.16767	-43
1.17133	-49
1.17500	-49
1.17867	-46
1.18233	-39
1.18600	-30
1.18967	-22
1.19333	-18
1.19700	-19
1.20067	-21
1.20433	-24
1.20800	-25
1.21167	-27
1.21533	-26
1.21900	-22
1.22267	-18
1.22633	-17
1.23000	-15
1.23367	-17
1.23733	-23
1.24100	-28
1.24467	-29
1.24833	-28
1.25200	-22
1.25567	-14
1.25933	-4
1.26300	-2
1.26667	-7
1.27033	-21
1.27400	-35
1.27767	-45
1.28133	-50
1.28500	-48
1.28867	-42
1.29233	-37
1.29600	-32
1.29967	-29
1.30333	-26
1.30700	-24
1.31067	-23
1.31433	-21
1.31800	-18
1.32167	-17
1.32533	-18
1.32900	-17
1.33267	-16
1.33633	-16
1.34000	-16
1.34367	-13
1.34733	-11
1.35100	-9
1.35467	-9
1.35833	-8
1.36200	-7
1.36567	0
1.36933	2
1.37300	-3
1.37667	-9
1.38033	-15
1.38400	-16
1.38767	-15
1.39133	-16
1.39500	-15
1.39867	-11
1.40233	-7
1.40600	-3
1.40967	2
1.41333	6
1.41700	2
1.42067	-4
1.42433	-8
1.42800	-6
1.43167	-4
1.43533	-4
1.43900	1
1.44267	66
1.44633	320
1.45000	795
1.45367	1314
1.45733	1740
1.46100	2026
1.46467	2182
1.46833	2239
1.47200	2224
1.47567	2151
1.47933	2030
1.48300	1861
1.48667	1647
1.49033	1405
1.49400	1158
1.49767	933
1.50133	741
1.50500	582
1.50867	453
1.51233	349
1.51600	269
1.51967	206
1.52333	158
1.52700	118
1.53067	88
1.53433	62
1.53800	58
1.54167	148
1.54533	537
1.54900	1503
1.55267	3103
1.55633	5043
1.56000	6905
1.56367	8421
1.56733	9462
1.57100	9914
1.57467	9649
1.57833	8666
1.58200	7185
1.58567	5553
1.58933	4059
1.59300	2845
1.59667	1936
1.60033	1289
1.60400	848
1.60767	551
1.61133	358
1.61500	234
1.61867	151
1.62233	96
1.62600	60
1.62967	37
1.63333	26
1.63700	19
1.64067	12
1.64433	6
1.64800	-1
1.65167	-7
1.65533	-10
1.65900	-10
1.66267	-10
1.66633	-13
1.67000	-18
1.67367	-22
1.67733	-22
1.68100	-21
1.68467	-19
1.68833	-16
1.69200	-11
1.69567	-9
1.69933	-11
1.70300	-14
1.70667	-21
1.71033	-31
1.71400	-39
1.71767	-38
1.72133	-30
1.72500	-24
1.72867	-25
1.73233	-29
1.73600	-36
1.73967	-42
1.74333	-47
1.74700	-48
1.75067	-47
1.75433	-43
1.75800	-36
1.76167	-29
1.76533	-29
1.76900	-31
1.77267	-30
1.77633	-29
1.78000	-31
1.78367	-32
1.78733	-34
1.79100	-35
1.79467	-35
1.79833	-33
1.80200	-30
1.80567	-27
1.80933	-25
1.81300	-24
1.81667	-19
1.82033	-12
1.82400	-3
1.82767	5
1.83133	6
1.83500	2
1.83867	-3
1.84233	-10
1.84600	-15
1.84967	-14
1.85333	-14
1.85700	-13
1.86067	-12
1.86433	-15
1.86800	-19
1.87167	-21
1.87533	-20
1.87900	-18
1.88267	-16
1.88633	-16
1.89000	-16
1.89367	-10
1.89733	-1
1.90100	5
1.90467	9
1.90833	10
1.91200	12
1.91567	16
1.91933	16
1.92300	14
1.92667	12
1.93033	12
1.93400	5
1.93767	-3
1.94133	-9
1.94500	-14
1.94867	-17
1.95233	-15
1.95600	9
1.95967	194
1.96333	1292
1.96700	6306
1.97067	23630
1.97433	69365
1.97800	162391
1.98167	310058
1.98533	497062
1.98900	690864
1.99267	857026
1.99633	969623
2.00000	1013806
2.00367	985902
2.00733	894347
2.01100	759244
2.01467	606580
2.01833	459792
2.02200	334043
2.02567	235115
2.02933	161979
2.03300	110247
2.03667	74753
2.04033	50874
2.04400	34994
2.04767	24481
2.05133	17512
2.05500	12856
2.05867	9702
2.06233	7533
2.06600	6010
2.06967	4920
2.07333	4122
2.07700	3520
2.08067	3057
2.08433	2694
2.08800	2402
2.09167	2166
2.09533	1970
2.09900	1809
2.10267	1671
2.10633	1550
2.11000	1442
2.11367	1348
2.11733	1267
2.12100	1196
2.12467	1131
2.12833	1070
2.13200	1015
2.13567	964
2.13933	918
2.14300	880
2.14667	846
2.15033	816
2.15400	785
2.15767	758
2.16133	734
2.16500	709
2.16867	690
2.17233	667
2.17600	645
2.17967	621
2.18333	601
2.18700	584
2.19067	569
2.19433	556
2.19800	542
2.20167	530
2.20533	519
2.20900	510
2.21267	500
2.21633	490
2.22000	482
2.22367	476
2.22733	472
2.23100	467
2.23467	457
2.23833	441
2.24200	425
2.24567	415
2.24933	411
2.25300	407
2.25667	407
2.26033	404
2.26400	399
2.26767	392
2.27133	380
2.27500	365
2.27867	359
2.28233	355
2.28600	355
2.28967	355
2.29333	354
2.29700	353
2.30067	354
2.30433	354
2.30800	350
2.31167	343
2.31533	335
2.31900	327
2.32267	318
2.32633	310
2.33000	304
2.33367	300
2.33733	296
2.34100	291
2.34467	285
2.34833	284
2.35200	286
2.35567	289
2.35933	290
2.36300	283
2.36667	273
2.37033	263
2.37400	262
2.37767	265
2.38133	266
2.38500	268
2.38867	272
2.39233	273
2.39600	272
2.39967	269
2.40333	264
2.40700	259
2.41067	255
2.41433	253
2.41800	252
2.42167	253
2.42533	254
2.42900	253
2.43267	254
2.43633	257
2.44000	261
2.44367	263
2.44733	262
2.45100	258
2.45467	253
2.45833	246
2.46200	238
2.46567	234
2.46933	232
2.47300	232
2.47667	234
2.48033	238
2.48400	240
2.48767	240
2.49133	239
2.49500	238
2.49867	236
2.50233	231
2.50600	227
2.50967	226
2.51333	225
2.51700	224
2.52067	225
2.52433	228
2.52800	230
2.53167	232
2.53533	234
2.53900	234
2.54267	232
2.54633	228
2.55000	222
2.55367	219
2.55733	217
2.56100	216
2.56467	216
2.56833	216
2.57200	215
2.57567	210
2.57933	205
2.58300	201
2.58667	199
2.59033	195
2.59400	190
2.59767	185
2.60133	184
2.60500	184
2.60867	181
2.61233	176
2.61600	175
2.61967	177
2.62333	181
2.62700	186
2.63067	188
2.63433	188
2.63800	185
2.64167	178
2.64533	174
2.64900	172
2.65267	176
2.65633	183
2.66000	185
2.66367	182
2.66733	177
2.67100	175
2.67467	173
2.67833	171
2.68200	173
2.68567	179
2.68933	181
2.69300	185
2.69667	191
2.70033	194
2.70400	193
2.70767	188
2.71133	181
2.71500	177
2.71867	173
2.72233	173
2.72600	175
2.72967	179
2.73333	183
2.73700	185
2.74067	185
2.74433	185
2.74800	185
2.75167	184
2.75533	181
2.75900	178
2.76267	175
2.76633	171
2.77000	168
2.77367	165
2.77733	165
2.78100	169
2.78467	175
2.78833	177
2.79200	176
2.79567	170
2.79933	161
2.80300	153
2.80667	151
2.81033	155
2.81400	161
2.81767	169
2.82133	176
2.82500	180
2.82867	180
2.83233	179
2.83600	177
2.83967	174
2.84333	169
2.84700	161
2.85067	156
2.85433	156
2.85800	161
2.86167	170
2.86533	175
2.86900	175
2.87267	171
2.87633	167
2.88000	162
2.88367	159
2.88733	161
2.89100	160
2.89467	151
2.89833	141
2.90200	136
2.90567	137
2.90933	140
2.91300	146
2.91667	151
2.92033	154
2.92400	154
2.92767	150
2.93133	151
2.93500	154
2.93867	161
2.94233	169
2.94600	174
2.94967	175
2.95333	172
2.95700	170
2.96067	170
2.96433	168
2.96800	159
2.97167	151
2.97533	146
2.97900	145
2.98267	148
2.98633	153
2.99000	163
2.99367	174
2.99733	178
3.00100	176
3.00467	171
3.00833	168
3.01200	163
3.01567	159
3.01933	158
3.02300	158
3.02667	158
3.03033	157
3.03400	157
3.03767	159
3.04133	162
3.04500	163
3.04867	161
3.05233	160
3.05600	160
3.05967	162
3.06333	162
3.06700	162
3.07067	163
3.07433	167
3.07800	170
3.08167	171
3.08533	169
3.08900	166
3.09267	166
3.09633	170
3.10000	172
3.10367	171
3.10733	167
3.11100	163
3.11467	160
3.11833	157
3.12200	155
3.12567	152
3.12933	153
3.13300	154
3.13667	154
3.14033	152
3.14400	154
3.14767	158
3.15133	165
3.15500	170
3.15867	172
3.16233	167
3.16600	156
3.16967	144
3.17333	139
3.17700	139
3.18067	143
3.18433	151
3.18800	158
3.19167	160
3.19533	158
3.19900	152
3.20267	142
3.20633	135
3.21000	136
3.21367	143
3.21733	148
3.22100	153
3.22467	154
3.22833	154
3.23200	154
3.23567	149
3.23933	149
3.24300	151
3.24667	155
3.25033	162
3.25400	172
3.25767	179
3.26133	181
3.26500	181
3.26867	179
3.27233	176
3.27600	171
3.27967	165
3.28333	161
3.28700	155
3.29067	151
3.29433	148
3.29800	147
3.30167	147
3.30533	146
3.30900	143
3.31267	141
3.31633	136
3.32000	133
3.32367	139
3.32733	145
3.33100	152
3.33467	153
3.33833	149
3.34200	148
3.34567	151
3.34933	155
3.35300	161
3.35667	165
3.36033	167
3.36400	163
3.36767	158
3.37133	155
3.37500	156
3.37867	157
3.38233	158
3.38600	156
3.38967	156
3.39333	157
3.39700	159
3.40067	160
3.40433	162
3.40800	160
3.41167	158
3.41533	153
3.41900	147
3.42267	145
3.42633	144
3.43000	144
3.43367	144
3.43733	145
3.44100	146
3.44467	146
3.44833	148
3.45200	150
3.45567	151
3.45933	149
3.46300	145
3.46667	142
3.47033	142
3.47400	145
3.47767	149
3.48133	154
3.48500	159
3.48867	162
3.49233	162
3.49600	158
3.49967	152
3.50333	147
3.50700	144
3.51067	144
3.51433	147
3.51800	153
3.52167	157
3.52533	159
3.52900	162
3.53267	161
3.53633	160
3.54000	161
3.54367	162
3.54733	161
3.55100	159
3.55467	159
3.55833	157
3.56200	155
3.56567	156
3.56933	158
3.57300	157
3.57667	155
3.58033	152
3.58400	149
3.58767	147
3.59133	145
3.59500	141
3.59867	137
3.60233	134
3.60600	129
3.60967	125
3.61333	124
3.61700	131
3.62067	141
3.62433	150
3.62800	157
3.63167	158
3.63533	159
3.63900	160
3.64267	159
3.64633	157
3.65000	154
3.65367	155
3.65733	152
3.66100	154
3.66467	158
3.66833	160
3.67200	158
3.67567	153
3.67933	149
3.68300	145
3.68667	144
3.69033	146
3.69400	150
3.69767	152
3.70133	156
3.70500	161
3.70867	165
3.71233	167
3.71600	164
3.71967	160
3.72333	153
3.72700	148
3.73067	148
3.73433	152
3.73800	155
3.74167	154
3.74533	151
3.74900	150
3.75267	149
3.75633	150
3.76000	149
3.76367	146
3.76733	144
3.77100	142
3.77467	138
3.77833	134
3.78200	132
3.78567	133
3.78933	135
3.79300	138
3.79667	142
3.80033	147
3.80400	154
3.80767	162
3.81133	168
3.81500	171
3.81867	171
3.82233	168
3.82600	162
3.82967	154
3.83333	148
3.83700	147
3.84067	151
3.84433	157
3.84800	164
3.85167	169
3.85533	168
3.85900	164
3.86267	159
3.86633	157
3.87000	156
3.87367	159
3.87733	159
3.88100	153
3.88467	148
3.88833	146
3.89200	147
3.89567	148
3.89933	150
3.90300	152
3.90667	154
3.91033	154
3.91400	155
3.91767	157
3.92133	158
3.92500	156
3.92867	153
3.93233	152
3.93600	152
3.93967	153
3.94333	154
3.94700	155
3.95067	156
3.95433	154
3.95800	150
3.96167	143
3.96533	138
3.96900	136
3.97267	137
3.97633	140
3.98000	141
3.98367	141
3.98733	142
3.99100	145
3.99467	148
3.99833	149

[Chromatogram (Ch2)]
Interval(msec)	220
# of Points	1091
Start Time(min)	0.002
End Time(min)	3.998
R.Time (min)	Intensity
0.00167	1
0.00533	1
0.00900	1
0.01267	1
0.01633	2
0.02000	2
0.02367	2
0.02733	2
0.03100	2
0.03467	2
0.03833	2
0.04200	2
0.04567	2
0.04933	2
0.05300	2
0.05667	2
0.06033	2
0.06400	2
0.06767	2
0.07133	2
0.07500	2
0.07867	2
0.08233	2
0.08600	2
0.08967	2
0.09333	2
0.09700	3
0.10067	3
0.10433	4
0.10800	4
0.11167	4
0.11533	4
0.11900	4
0.12267	5
0.12633	5
0.13000	5
0.13367	4
0.13733	4
0.14100	4
0.14467	4
0.14833	3
0.15200	3
0.15567	3
0.15933	3
0.16300	4
0.16667	4
0.17033	5
0.17400	5
0.17767	5
0.18133	5
0.18500	6
0.18867	6
0.19233	6
0.19600	6
0.19967	6
0.20333	6
0.20700	6
0.21067	6
0.21433	5
0.21800	5
0.22167	5
0.22533	4
0.22900	4
0.23267	4
0.23633	4
0.24000	4
0.24367	3
0.24733	3
0.25100	3
0.25467	3
0.25833	3
0.26200	3
0.26567	3
0.26933	3
0.27300	3
0.27667	3
0.28033	3
0.28400	3
0.28767	4
0.29133	4
0.29500	4
0.29867	5
0.30233	5
0.30600	5
0.30967	5
0.31333	5
0.31700	5
0.32067	5
0.32433	5
0.32800	4
0.33167	4
0.33533	4
0.33900	4
0.34267	4
0.34633	3
0.35000	3
0.35367	3
0.35733	3
0.36100	3
0.36467	3
0.36833	3
0.37200	3
0.37567	3
0.37933	3
0.38300	3
0.38667	4
0.39033	4
0.39400	4
0.39767	4
0.40133	5
0.40500	5
0.40867	5
0.41233	5
0.41600	5
0.41967	6
0.42333	6
0.42700	6
0.43067	6
0.43433	7
0.43800	7
0.44167	7
0.44533	7
0.44900	8
0.45267	8
0.45633	8
0.46000	8
0.46367	8
0.46733	7
0.47100	7
0.47467	7
0.47833	6
0.48200	6
0.48567	6
0.48933	6
0.49300	5
0.49667	5
0.50033	4
0.50400	4
0.50767	4
0.51133	3
0.51500	3
0.51867	3
0.52233	2
0.52600	2
0.52967	2
0.53333	2
0.53700	2
0.54067	2
0.54433	1
0.54800	1
0.55167	1
0.55533	2
0.55900	2
0.56267	2
0.56633	2
0.57000	3
0.57367	3
0.57733	3
0.58100	3
0.58467	3
0.58833	3
0.59200	3
0.59567	3
0.59933	3
0.60300	3
0.60667	3
0.61033	3
0.61400	2
0.61767	2
0.62133	2
0.62500	2
0.62867	3
0.63233	3
0.63600	3
0.63967	3
0.64333	3
0.64700	3
0.65067	3
0.65433	3
0.65800	3
0.66167	3
0.66533	3
0.66900	3
0.67267	3
0.67633	3
0.68000	3
0.68367	3
0.68733	2
0.69100	2
0.69467	2
0.69833	2
0.70200	2
0.70567	2
0.70933	2
0.71300	2
0.71667	2
0.72033	2
0.72400	2
0.72767	2
0.73133	2
0.73500	2
0.73867	2
0.74233	2
0.74600	2
0.74967	2
0.75333	2
0.75700	2
0.76067	2
0.76433	2
0.76800	2
0.77167	2
0.77533	2
0.77900	2
0.78267	2
0.78633	2
0.79000	2
0.79367	2
0.79733	2
0.80100	2
0.80467	2
0.80833	2
0.81200	2
0.81567	3
0.81933	3
0.82300	3
0.82667	3
0.83033	3
0.83400	3
0.83767	3
0.84133	3
0.84500	3
0.84867	3
0.85233	3
0.85600	3
0.85967	3
0.86333	2
0.86700	2
0.87067	2
0.87433	2
0.87800	2
0.88167	2
0.88533	2
0.88900	3
0.89267	3
0.89633	3
0.90000	3
0.90367	3
0.90733	3
0.91100	3
0.91467	3
0.91833	3
0.92200	3
0.92567	3
0.92933	3
0.93300	3
0.93667	3
0.94033	4
0.94400	4
0.94767	4
0.95133	4
0.95500	4
0.95867	4
0.96233	5
0.96600	5
0.96967	5
0.97333	5
0.97700	5
0.98067	5
0.98433	4
0.98800	4
0.99167	4
0.99533	3
0.99900	3
1.00267	3
1.00633	3
1.01000	2
1.01367	2
1.01733	2
1.02100	2
1.02467	2
1.02833	2
1.03200	2
1.03567	2
1.03933	2
1.04300	2
1.04667	2
1.05033	2
1.05400	2
1.05767	2
1.06133	2
1.06500	3
1.06867	3
1.07233	3
1.07600	3
1.07967	3
1.08333	4
1.08700	4
1.09067	4
1.09433	4
1.09800	4
1.10167	4
1.10533	4
1.10900	3
1.11267	3
1.11633	3
1.12000	3
1.12367	3
1.12733	3
1.13100	3
1.13467	3
1.13833	3
1.14200	3
1.14567	4
1.14933	4
1.15300	4
1.15667	4
1.16033	4
1.16400	4
1.16767	4
1.17133	3
1.17500	3
1.17867	3
1.18233	3
1.18600	3
1.18967	2
1.19333	2
1.19700	2
1.20067	3
1.20433	2
1.20800	2
1.21167	2
1.21533	2
1.21900	2
1.22267	2
1.22633	2
1.23000	1
1.23367	1
1.23733	1
1.24100	1
1.24467	0
1.24833	0
1.25200	0
1.25567	0
1.25933	0
1.26300	-0
1.26667	-0
1.27033	-1
1.27400	-1
1.27767	-1
1.28133	-1
1.28500	-1
1.28867	-0
1.29233	-0
1.29600	0
1.29967	0
1.30333	1
1.30700	1
1.31067	2
1.31433	2
1.31800	2
1.32167	3
1.32533	3
1.32900	3
1.33267	3
1.33633	3
1.34000	3
1.34367	4
1.34733	3
1.35100	3
1.35467	3
1.35833	3
1.36200	3
1.36567	3
1.36933	3
1.37300	3
1.37667	3
1.38033	3
1.38400	3
1.38767	4
1.39133	4
1.39500	4
1.39867	4
1.40233	4
1.40600	4
1.40967	4
1.41333	4
1.41700	4
1.42067	5
1.42433	5
1.42800	5
1.43167	5
1.43533	5
1.43900	5
1.44267	5
1.44633	5
1.45000	5
1.45367	5
1.45733	5
1.46100	5
1.46467	5
1.46833	5
1.47200	5
1.47567	5
1.47933	5
1.48300	5
1.48667	5
1.49033	5
1.49400	5
1.49767	5
1.50133	4
1.50500	4
1.50867	4
1.51233	4
1.51600	4
1.51967	4
1.52333	3
1.52700	3
1.53067	3
1.53433	3
1.53800	2
1.54167	2
1.54533	2
1.54900	2
1.55267	2
1.55633	2
1.56000	2
1.56367	3
1.56733	3
1.57100	3
1.57467	4
1.57833	4
1.58200	4
1.58567	4
1.58933	4
1.59300	4
1.59667	4
1.60033	3
1.60400	2
1.60767	1
1.61133	-1
1.61500	-3
1.61867	-5
1.62233	-7
1.62600	-10
1.62967	-13
1.63333	-17
1.63700	-20
1.64067	-24
1.64433	-28
1.64800	-32
1.65167	-36
1.65533	-40
1.65900	-44
1.66267	-48
1.66633	-52
1.67000	-57
1.67367	-62
1.67733	-67
1.68100	-72
1.68467	-76
1.68833	-80
1.69200	-84
1.69567	-87
1.69933	-91
1.70300	-93
1.70667	-95
1.71033	-97
1.71400	-99
1.71767	-100
1.72133	-101
1.72500	-101
1.72867	-102
1.73233	-102
1.73600	-102
1.73967	-103
1.74333	-103
1.74700	-104
1.75067	-105
1.75433	-106
1.75800	-107
1.76167	-108
1.76533	-109
1.76900	-110
1.77267	-111
1.77633	-112
1.78000	-112
1.78367	-113
1.78733	-114
1.79100	-114
1.79467	-114
1.79833	-114
1.80200	-113
1.80567	-112
1.80933	-111
1.81300	-111
1.81667	-110
1.82033	-110
1.82400	-110
1.82767	-111
1.83133	-111
1.83500	-112
1.83867	-112
1.84233	-113
1.84600	-113
1.84967	-113
1.85333	-113
1.85700	-113
1.86067	-113
1.86433	-113
1.86800	-114
1.87167	-114
1.87533	-114
1.87900	-115
1.88267	-115
1.88633	-115
1.89000	-114
1.89367	-114
1.89733	-114
1.90100	-113
1.90467	-113
1.90833	-113
1.91200	-113
1.91567	-113
1.91933	-112
1.92300	-111
1.92667	-111
1.93033	-110
1.93400	-110
1.93767	-110
1.94133	-110
1.94500	-110
1.94867	-110
1.95233	-109
1.95600	-109
1.95967	-109
1.96333	-109
1.96700	-108
1.97067	-108
1.97433	-107
1.97800	-107
1.98167	-107
1.98533	-106
1.98900	-106
1.99267	-106
1.99633	-106
2.00000	-106
2.00367	-106
2.00733	-105
2.01100	-105
2.01467	-105
2.01833	-105
2.02200	-105
2.02567	-105
2.02933	-105
2.03300	-106
2.03667	-106
2.04033	-106
2.04400	-105
2.04767	-105
2.05133	-105
2.05500	-104
2.05867	-104
2.06233	-103
2.06600	-102
2.06967	-102
2.07333	-101
2.07700	-101
2.08067	-101
2.08433	-101
2.08800	-100
2.09167	-100
2.09533	-99
2.09900	-98
2.10267	-98
2.10633	-98
2.11000	-98
2.11367	-98
2.11733	-98
2.12100	-98
2.12467	-97
2.12833	-97
2.13200	-97
2.13567	-96
2.13933	-96
2.14300	-96
2.14667	-96
2.15033	-96
2.15400	-96
2.15767	-96
2.16133	-96
2.16500	-96
2.16867	-96
2.17233	-95
2.17600	-95
2.17967	-94
2.18333	-93
2.18700	-92
2.19067	-91
2.19433	-90
2.19800	-89
2.20167	-88
2.20533	-87
2.20900	-86
2.21267	-86
2.21633	-85
2.22000	-85
2.22367	-85
2.22733	-85
2.23100	-85
2.23467	-85
2.23833	-85
2.24200	-85
2.24567	-84
2.24933	-84
2.25300	-83
2.25667	-83
2.26033	-82
2.26400	-82
2.26767	-82
2.27133	-82
2.27500	-82
2.27867	-82
2.28233	-82
2.28600	-81
2.28967	-80
2.29333	-80
2.29700	-80
2.30067	-80
2.30433	-80
2.30800	-80
2.31167	-80
2.31533	-80
2.31900	-80
2.32267	-80
2.32633	-79
2.33000	-78
2.33367	-78
2.33733	-77
2.34100	-77
2.34467	-76
2.34833	-76
2.35200	-75
2.35567	-75
2.35933	-74
2.36300	-74
2.36667	-73
2.37033	-72
2.37400	-71
2.37767	-69
2.38133	-67
2.38500	-64
2.38867	-60
2.39233	-56
2.39600	-52
2.39967	-47
2.40333	-43
2.40700	-38
2.41067	-33
2.41433	-29
2.41800	-25
2.42167	-22
2.42533	-20
2.42900	-17
2.43267	-15
2.43633	-13
2.44000	-11
2.44367	-8
2.44733	-6
2.45100	-4
2.45467	-2
2.45833	-1
2.46200	1
2.46567	2
2.46933	3
2.47300	5
2.47667	6
2.48033	7
2.48400	9
2.48767	10
2.49133	11
2.49500	12
2.49867	12
2.50233	12
2.50600	13
2.50967	14
2.51333	14
2.51700	15
2.52067	16
2.52433	16
2.52800	17
2.53167	17
2.53533	18
2.53900	19
2.54267	20
2.54633	21
2.55000	22
2.55367	22
2.55733	23
2.56100	23
2.56467	22
2.56833	22
2.57200	22
2.57567	21
2.57933	22
2.58300	22
2.58667	22
2.59033	22
2.59400	23
2.59767	23
2.60133	24
2.60500	25
2.60867	25
2.61233	25
2.61600	26
2.61967	26
2.62333	27
2.62700	27
2.63067	27
2.63433	28
2.63800	28
2.64167	28
2.64533	29
2.64900	29
2.65267	29
2.65633	29
2.66000	29
2.66367	28
2.66733	28
2.67100	28
2.67467	28
2.67833	28
2.68200	27
2.68567	27
2.68933	27
2.69300	27
2.69667	28
2.70033	28
2.70400	28
2.70767	29
2.71133	29
2.71500	30
2.71867	30
2.72233	31
2.72600	31
2.72967	31
2.73333	31
2.73700	32
2.74067	32
2.74433	32
2.74800	32
2.75167	32
2.75533	32
2.75900	32
2.76267	32
2.76633	31
2.77000	31
2.77367	31
2.77733	30
2.78100	30
2.78467	31
2.78833	31
2.79200	31
2.79567	31
2.79933	31
2.80300	31
2.80667	31
2.81033	31
2.81400	31
2.81767	31
2.82133	31
2.82500	32
2.82867	32
2.83233	32
2.83600	32
2.83967	33
2.84333	32
2.84700	32
2.85067	30
2.85433	26
2.85800	21
2.86167	12
2.86533	0
2.86900	-16
2.87267	-37
2.87633	-63
2.88000	-95
2.88367	-131
2.88733	-172
2.89100	-219
2.89467	-270
2.89833	-326
2.90200	-385
2.90567	-449
2.90933	-515
2.91300	-584
2.91667	-656
2.92033	-731
2.92400	-807
2.92767	-886
2.93133	-966
2.93500	-1048
2.93867	-1131
2.94233	-1216
2.94600	-1303
2.94967	-1385
2.95333	-1451
2.95700	-1489
2.96067	-1493
2.96433	-1462
2.96800	-1402
2.97167	-1318
2.97533	-1220
2.97900	-1113
2.98267	-1004
2.98633	-897
2.99000	-794
2.99367	-698
2.99733	-609
3.00100	-529
3.00467	-458
3.00833	-394
3.01200	-338
3.01567	-289
3.01933	-246
3.02300	-209
3.02667	-177
3.03033	-149
3.03400	-125
3.03767	-105
3.04133	-87
3.04500	-72
3.04867	-59
3.05233	-48
3.05600	-39
3.05967	-31
3.06333	-24
3.06700	-18
3.07067	-13
3.07433	-8
3.07800	-5
3.08167	-2
3.08533	1
3.08900	4
3.09267	6
3.09633	7
3.10000	9
3.10367	10
3.10733	11
3.11100	12
3.11467	13
3.11833	14
3.12200	14
3.12567	15
3.12933	15
3.13300	16
3.13667	16
3.14033	17
3.14400	17
3.14767	18
3.15133	18
3.15500	18
3.15867	19
3.16233	19
3.16600	20
3.16967	20
3.17333	20
3.17700	21
3.18067	21
3.18433	22
3.18800	22
3.19167	22
3.19533	23
3.19900	23
3.20267	23
3.20633	23
3.21000	23
3.21367	24
3.21733	24
3.22100	24
3.22467	24
3.22833	24
3.23200	25
3.23567	25
3.23933	25
3.24300	25
3.24667	26
3.25033	26
3.25400	26
3.25767	27
3.26133	27
3.26500	27
3.26867	28
3.27233	28
3.27600	28
3.27967	29
3.28333	29
3.28700	29
3.29067	29
3.29433	30
3.29800	30
3.30167	30
3.30533	31
3.30900	31
3.31267	31
3.31633	31
3.32000	31
3.32367	31
3.32733	32
3.33100	32
3.33467	32
3.33833	32
3.34200	32
3.34567	32
3.34933	32
3.35300	32
3.35667	33
3.36033	33
3.36400	33
3.36767	33
3.37133	33
3.37500	33
3.37867	33
3.38233	33
3.38600	33
3.38967	33
3.39333	32
3.39700	32
3.40067	32
3.40433	32
3.40800	32
3.41167	32
3.41533	31
3.41900	31
3.42267	31
3.42633	31
3.43000	31
3.43367	31
3.43733	31
3.44100	31
3.44467	31
3.44833	31
3.45200	31
3.45567	31
3.45933	31
3.46300	31
3.46667	31
3.47033	31
3.47400	31
3.47767	32
3.48133	32
3.48500	32
3.48867	32
3.49233	32
3.49600	31
3.49967	31
3.50333	31
3.50700	31
3.51067	31
3.51433	31
3.51800	31
3.52167	32
3.52533	32
3.52900	32
3.53267	32
3.53633	33
3.54000	33
3.54367	32
3.54733	32
3.55100	32
3.55467	32
3.55833	32
3.56200	32
3.56567	32
3.56933	32
3.57300	32
3.57667	32
3.58033	32
3.58400	32
3.58767	32
3.59133	32
3.59500	32
3.59867	32
3.60233	32
3.60600	32
3.60967	32
3.61333	32
3.61700	32
3.62067	33
3.62433	33
3.62800	33
3.63167	33
3.63533	33
3.63900	33
3.64267	33
3.64633	33
3.65000	33
3.65367	33
3.65733	33
3.66100	33
3.66467	33
3.66833	34
3.67200	34
3.67567	34
3.67933	34
3.68300	34
3.68667	34
3.69033	34
3.69400	33
3.69767	33
3.70133	33
3.70500	33
3.70867	33
3.71233	33
3.71600	33
3.71967	33
3.72333	33
3.72700	33
3.73067	33
3.73433	32
3.73800	32
3.74167	32
3.74533	32
3.74900	32
3.75267	32
3.75633	32
3.76000	32
3.76367	32
3.76733	32
3.77100	32
3.77467	32
3.77833	33
3.78200	33
3.78567	33
3.78933	32
3.79300	32
3.79667	32
3.80033	32
3.80400	32
3.80767	32
3.81133	32
3.81500	32
3.81867	32
3.82233	32
3.82600	32
3.82967	33
3.83333	33
3.83700	33
3.84067	33
3.84433	33
3.84800	33
3.85167	33
3.85533	33
3.85900	33
3.86267	33
3.86633	33
3.87000	33
3.87367	33
3.87733	33
3.88100	33
3.88467	33
3.88833	33
3.89200	33
3.89567	33
3.89933	33
3.90300	33
3.90667	32
3.91033	32
3.91400	32
3.91767	31
3.92133	31
3.92500	31
3.92867	31
3.93233	31
3.93600	31
3.93967	31
3.94333	31
3.94700	32
3.95067	32
3.95433	32
3.95800	32
3.96167	33
3.96533	33
3.96900	33
3.97267	33
3.97633	33
3.98000	34
3.98367	34
3.98733	34
3.99100	34
3.99467	34
3.99833	34

[Chromatogram (Ch3)]
Interval(msec)	220
# of Points	1091
Start Time(min)	0.002
End Time(min)	3.998
R.Time (min)	Intensity
0.00167	0
0.00533	-1
0.00900	-2
0.01267	-4
0.01633	-5
0.02000	-6
0.02367	-6
0.02733	-4
0.03100	-3
0.03467	-2
0.03833	-3
0.04200	-4
0.04567	-6
0.04933	-7
0.05300	-8
0.05667	-10
0.06033	-11
0.06400	-8
0.06767	-5
0.07133	-2
0.07500	-1
0.07867	-1
0.08233	-1
0.08600	-1
0.08967	-1
0.09333	-2
0.09700	-6
0.10067	-7
0.10433	-6
0.10800	-5
0.11167	-3
0.11533	-3
0.11900	-4
0.12267	-3
0.12633	-4
0.13000	-3
0.13367	-1
0.13733	1
0.14100	1
0.14467	0
0.14833	-1
0.15200	-3
0.15567	-3
0.15933	-2
0.16300	-2
0.16667	-2
0.17033	-1
0.17400	-2
0.17767	-3
0.18133	-5
0.18500	-6
0.18867	-4
0.19233	-2
0.19600	-1
0.19967	-2
0.20333	-1
0.20700	0
0.21067	3
0.21433	3
0.21800	1
0.22167	-1
0.22533	-2
0.22900	1
0.23267	3
0.23633	2
0.24000	-1
0.24367	-4
0.24733	-6
0.25100	-5
0.25467	-2
0.25833	0
0.26200	1
0.26567	0
0.26933	-1
0.27300	-2
0.27667	-1
0.28033	2
0.28400	4
0.28767	6
0.29133	7
0.29500	6
0.29867	5
0.30233	4
0.30600	3
0.30967	2
0.31333	2
0.31700	1
0.32067	-0
0.32433	-1
0.32800	-0
0.33167	1
0.33533	0
0.33900	0
0.34267	2
0.34633	2
0.35000	2
0.35367	0
0.35733	-2
0.36100	-1
0.36467	-0
0.36833	-1
0.37200	-2
0.37567	-3
0.37933	-4
0.38300	-3
0.38667	-2
0.39033	-0
0.39400	0
0.39767	-2
0.40133	-2
0.40500	-2
0.40867	-1
0.41233	-1
0.41600	-2
0.41967	-2
0.42333	-4
0.42700	-4
0.43067	-1
0.43433	2
0.43800	4
0.44167	3
0.44533	-2
0.44900	-3
0.45267	-2
0.45633	-3
0.46000	-2
0.46367	-1
0.46733	-1
0.47100	-0
0.47467	-1
0.47833	-1
0.48200	-1
0.48567	-2
0.48933	-3
0.49300	-3
0.49667	1
0.50033	5
0.50400	7
0.50767	6
0.51133	3
0.51500	-1
0.51867	-4
0.52233	-5
0.52600	-5
0.52967	-5
0.53333	-4
0.53700	-1
0.54067	-1
0.54433	-3
0.54800	-4
0.55167	-2
0.55533	-0
0.55900	-1
0.56267	-2
0.56633	-6
0.57000	-8
0.57367	-9
0.57733	-10
0.58100	-12
0.58467	-10
0.58833	-6
0.59200	-5
0.59567	-6
0.59933	-7
0.60300	-8
0.60667	-8
0.61033	-8
0.61400	-5
0.61767	-3
0.62133	-3
0.62500	-4
0.62867	-5
0.63233	-3
0.63600	-1
0.63967	-2
0.64333	-4
0.64700	-4
0.65067	-5
0.65433	-7
0.65800	-6
0.66167	-5
0.66533	-5
0.66900	-5
0.67267	-4
0.67633	-4
0.68000	-5
0.68367	-9
0.68733	-10
0.69100	-11
0.69467	-10
0.69833	-10
0.70200	-11
0.70567	-10
0.70933	-9
0.71300	-9
0.71667	-6
0.72033	-4
0.72400	-1
0.72767	3
0.73133	2
0.73500	1
0.73867	1
0.74233	-1
0.74600	-6
0.74967	-9
0.75333	-8
0.75700	-7
0.76067	-6
0.76433	-3
0.76800	-3
0.77167	-3
0.77533	-3
0.77900	-4
0.78267	-4
0.78633	-3
0.79000	-3
0.79367	-4
0.79733	-5
0.80100	-7
0.80467	-5
0.80833	-4
0.81200	-5
0.81567	-7
0.81933	-7
0.82300	-7
0.82667	-7
0.83033	-6
0.83400	-5
0.83767	-5
0.84133	-7
0.84500	-6
0.84867	-4
0.85233	-5
0.85600	-6
0.85967	-5
0.86333	-4
0.86700	-4
0.87067	-4
0.87433	-5
0.87800	-5
0.88167	-5
0.88533	-7
0.88900	-6
0.89267	-7
0.89633	-9
0.90000	-10
0.90367	-10
0.90733	-10
0.91100	-11
0.91467	-12
0.91833	-13
0.92200	-14
0.92567	-14
0.92933	-13
0.93300	-12
0.93667	-10
0.94033	-8
0.94400	-7
0.94767	-8
0.95133	-10
0.95500	-9
0.95867	-8
0.96233	-8
0.96600	-7
0.96967	-5
0.97333	-4
0.97700	-5
0.98067	-6
0.98433	-7
0.98800	-9
0.99167	-8
0.99533	-8
0.99900	-8
1.00267	-8
1.00633	-8
1.01000	-6
1.01367	-5
1.01733	-5
1.02100	-6
1.02467	-7
1.02833	-9
1.03200	-9
1.03567	-9
1.03933	-10
1.04300	-11
1.04667	-14
1.05033	-15
1.05400	-15
1.05767	-13
1.06133	-11
1.06500	-9
1.06867	-8
1.07233	-7
1.07600	-7
1.07967	-7
1.08333	-5
1.08700	-3
1.09067	-4
1.09433	-5
1.09800	-4
1.10167	-6
1.10533	-7
1.10900	-6
1.11267	-5
1.11633	-6
1.12000	-9
1.12367	-8
1.12733	-8
1.13100	-9
1.13467	-9
1.13833	-8
1.14200	-8
1.14567	-8
1.14933	-8
1.15300	-9
1.15667	-7
1.16033	-7
1.16400	-8
1.16767	-8
1.17133	-9
1.17500	-8
1.17867	-9
1.18233	-7
1.18600	-4
1.18967	-2
1.19333	-3
1.19700	-5
1.20067	-10
1.20433	-15
1.20800	-18
1.21167	-16
1.21533	-13
1.21900	-9
1.22267	-6
1.22633	-6
1.23000	-8
1.23367	-9
1.23733	-8
1.24100	-8
1.24467	-6
1.24833	-6
1.25200	-5
1.25567	-3
1.25933	-3
1.26300	-3
1.26667	-4
1.27033	-5
1.27400	-8
1.27767	-9
1.28133	-9
1.28500	-8
1.28867	-6
1.29233	-4
1.29600	-3
1.29967	-1
1.30333	-0
1.30700	0
1.31067	-2
1.31433	-4
1.31800	-4
1.32167	-6
1.32533	-6
1.32900	-4
1.33267	-2
1.33633	0
1.34000	-0
1.34367	-2
1.34733	-2
1.35100	-1
1.35467	0
1.35833	1
1.36200	3
1.36567	2
1.36933	-0
1.37300	-3
1.37667	-6
1.38033	-8
1.38400	-8
1.38767	-8
1.39133	-7
1.39500	-3
1.39867	-0
1.40233	3
1.40600	3
1.40967	2
1.41333	3
1.41700	1
1.42067	0
1.42433	0
1.42800	0
1.43167	1
1.43533	1
1.43900	1
1.44267	-1
1.44633	-1
1.45000	-1
1.45367	-2
1.45733	-4
1.46100	-5
1.46467	-5
1.46833	-4
1.47200	-5
1.47567	-6
1.47933	-6
1.48300	-6
1.48667	-4
1.49033	-4
1.49400	-4
1.49767	-4
1.50133	-5
1.50500	-6
1.50867	-6
1.51233	-6
1.51600	-5
1.51967	-5
1.52333	-3
1.52700	-3
1.53067	-2
1.53433	-1
1.53800	-1
1.54167	-0
1.54533	-1
1.54900	-2
1.55267	-3
1.55633	-3
1.56000	-3
1.56367	-4
1.56733	-5
1.57100	-3
1.57467	-2
1.57833	-4
1.58200	-6
1.58567	-8
1.58933	-10
1.59300	-12
1.59667	-11
1.60033	-8
1.60400	-5
1.60767	-4
1.61133	-4
1.61500	-5
1.61867	-4
1.62233	-3
1.62600	-1
1.62967	0
1.63333	1
1.63700	1
1.64067	0
1.64433	2
1.64800	3
1.65167	4
1.65533	6
1.65900	8
1.66267	9
1.66633	10
1.67000	11
1.67367	12
1.67733	14
1.68100	14
1.68467	13
1.68833	12
1.69200	12
1.69567	12
1.69933	14
1.70300	16
1.70667	16
1.71033	16
1.71400	18
1.71767	19
1.72133	21
1.72500	22
1.72867	25
1.73233	25
1.73600	25
1.73967	23
1.74333	23
1.74700	23
1.75067	23
1.75433	20
1.75800	20
1.76167	22
1.76533	24
1.76900	26
1.77267	26
1.77633	27
1.78000	28
1.78367	29
1.78733	30
1.79100	31
1.79467	30
1.79833	28
1.80200	26
1.80567	26
1.80933	26
1.81300	27
1.81667	27
1.82033	31
1.82400	35
1.82767	36
1.83133	36
1.83500	36
1.83867	35
1.84233	34
1.84600	35
1.84967	34
1.85333	34
1.85700	36
1.86067	36
1.86433	36
1.86800	38
1.87167	39
1.87533	39
1.87900	42
1.88267	44
1.88633	44
1.89000	42
1.89367	41
1.89733	42
1.90100	43
1.90467	43
1.90833	41
1.91200	40
1.91567	39
1.91933	40
1.92300	41
1.92667	42
1.93033	44
1.93400	43
1.93767	44
1.94133	47
1.94500	48
1.94867	47
1.95233	47
1.95600	50
1.95967	54
1.96333	58
1.96700	56
1.97067	56
1.97433	60
1.97800	61
1.98167	62
1.98533	62
1.98900	63
1.99267	65
1.99633	67
2.00000	68
2.00367	68
2.00733	69
2.01100	70
2.01467	72
2.01833	74
2.02200	76
2.02567	78
2.02933	77
2.03300	76
2.03667	75
2.04033	76
2.04400	76
2.04767	75
2.05133	74
2.05500	74
2.05867	74
2.06233	76
2.06600	79
2.06967	80
2.07333	80
2.07700	81
2.08067	83
2.08433	86
2.08800	90
2.09167	95
2.09533	99
2.09900	101
2.10267	103
2.10633	103
2.11000	102
2.11367	101
2.11733	102
2.12100	103
2.12467	105
2.12833	109
2.13200	110
2.13567	111
2.13933	113
2.14300	115
2.14667	115
2.15033	113
2.15400	114
2.15767	116
2.16133	119
2.16500	121
2.16867	122
2.17233	125
2.17600	127
2.17967	127
2.18333	125
2.18700	125
2.19067	125
2.19433	127
2.19800	131
2.20167	133
2.20533	133
2.20900	133
2.21267	136
2.21633	138
2.22000	141
2.22367	142
2.22733	140
2.23100	139
2.23467	139
2.23833	141
2.24200	143
2.24567	146
2.24933	149
2.25300	150
2.25667	149
2.26033	151
2.26400	154
2.26767	158
2.27133	159
2.27500	161
2.27867	161
2.28233	161
2.28600	161
2.28967	162
2.29333	163
2.29700	165
2.30067	169
2.30433	171
2.30800	173
2.31167	175
2.31533	177
2.31900	179
2.32267	180
2.32633	182
2.33000	182
2.33367	184
2.33733	188
2.34100	191
2.34467	191
2.34833	191
2.35200	192
2.35567	193
2.35933	194
2.36300	195
2.36667	195
2.37033	196
2.37400	197
2.37767	198
2.38133	200
2.38500	203
2.38867	206
2.39233	210
2.39600	210
2.39967	210
2.40333	210
2.40700	208
2.41067	209
2.41433	212
2.41800	216
2.42167	221
2.42533	225
2.42900	229
2.43267	231
2.43633	231
2.44000	232
2.44367	237
2.44733	250
2.45100	266
2.45467	279
2.45833	283
2.46200	283
2.46567	281
2.46933	278
2.47300	275
2.47667	272
2.48033	268
2.48400	262
2.48767	256
2.49133	252
2.49500	250
2.49867	246
2.50233	241
2.50600	236
2.50967	230
2.51333	225
2.51700	221
2.52067	218
2.52433	216
2.52800	216
2.53167	214
2.53533	211
2.53900	207
2.54267	203
2.54633	197
2.55000	192
2.55367	189
2.55733	188
2.56100	186
2.56467	183
2.56833	180
2.57200	179
2.57567	176
2.57933	175
2.58300	172
2.58667	169
2.59033	167
2.59400	166
2.59767	165
2.60133	161
2.60500	149
2.60867	132
2.61233	107
2.61600	75
2.61967	35
2.62333	-7
2.62700	-50
2.63067	-92
2.63433	-130
2.63800	-162
2.64167	-189
2.64533	-210
2.64900	-223
2.65267	-231
2.65633	-236
2.66000	-237
2.66367	-236
2.66733	-234
2.67100	-227
2.67467	-219
2.67833	-208
2.68200	-196
2.68567	-185
2.68933	-175
2.69300	-164
2.69667	-152
2.70033	-144
2.70400	-136
2.70767	-128
2.71133	-121
2.71500	-113
2.71867	-103
2.72233	-95
2.72600	-89
2.72967	-83
2.73333	-76
2.73700	-66
2.74067	-58
2.74433	-51
2.74800	-46
2.75167	-44
2.75533	-41
2.75900	-36
2.76267	-31
2.76633	-27
2.77000	-25
2.77367	-23
2.77733	-19
2.78100	-16
2.78467	-14
2.78833	-13
2.79200	-14
2.79567	-13
2.79933	-12
2.80300	-12
2.80667	-10
2.81033	-7
2.81400	-6
2.81767	-6
2.82133	-1
2.82500	9
2.82867	29
2.83233	73
2.83600	176
2.83967	388
2.84333	775
2.84700	1398
2.85067	2316
2.85433	3547
2.85800	5068
2.86167	6815
2.86533	8676
2.86900	10520
2.87267	12201
2.87633	13595
2.88000	14608
2.88367	15192
2.88733	15346
2.89100	15104
2.89467	14539
2.89833	13737
2.90200	12770
2.90567	11718
2.90933	10639
2.91300	9580
2.91667	8566
2.92033	7614
2.92400	6737
2.92767	5938
2.93133	5215
2.93500	4570
2.93867	3995
2.94233	3485
2.94600	3034
2.94967	2636
2.95333	2290
2.95700	1988
2.96067	1722
2.96433	1491
2.96800	1292
2.97167	1119
2.97533	968
2.97900	837
2.98267	724
2.98633	627
2.99000	542
2.99367	468
2.99733	406
3.00100	350
3.00467	303
3.00833	264
3.01200	231
3.01567	203
3.01933	180
3.02300	159
3.02667	142
3.03033	126
3.03400	111
3.03767	100
3.04133	90
3.04500	80
3.04867	71
3.05233	64
3.05600	58
3.05967	53
3.06333	48
3.06700	45
3.07067	43
3.07433	40
3.07800	37
3.08167	36
3.08533	34
3.08900	32
3.09267	30
3.09633	29
3.10000	29
3.10367	30
3.10733	31
3.11100	32
3.11467	30
3.11833	28
3.12200	27
3.12567	27
3.12933	28
3.13300	28
3.13667	28
3.14033	28
3.14400	28
3.14767	28
3.15133	26
3.15500	25
3.15867	23
3.16233	19
3.16600	17
3.16967	17
3.17333	17
3.17700	20
3.18067	23
3.18433	25
3.18800	26
3.19167	27
3.19533	27
3.19900	26
3.20267	26
3.20633	26
3.21000	27
3.21367	27
3.21733	25
3.22100	26
3.22467	26
3.22833	27
3.23200	29
3.23567	29
3.23933	31
3.24300	31
3.24667	29
3.25033	29
3.25400	31
3.25767	28
3.26133	25
3.26500	25
3.26867	25
3.27233	26
3.27600	27
3.27967	27
3.28333	28
3.28700	28
3.29067	26
3.29433	24
3.29800	23
3.30167	23
3.30533	22
3.30900	22
3.31267	23
3.31633	25
3.32000	27
3.32367	27
3.32733	25
3.33100	24
3.33467	24
3.33833	25
3.34200	25
3.34567	24
3.34933	23
3.35300	23
3.35667	22
3.36033	22
3.36400	21
3.36767	18
3.37133	16
3.37500	14
3.37867	14
3.38233	15
3.38600	17
3.38967	17
3.39333	16
3.39700	15
3.40067	13
3.40433	13
3.40800	13
3.41167	11
3.41533	10
3.41900	9
3.42267	9
3.42633	9
3.43000	9
3.43367	8
3.43733	6
3.44100	5
3.44467	5
3.44833	4
3.45200	3
3.45567	0
3.45933	-3
3.46300	-3
3.46667	-3
3.47033	-4
3.47400	-6
3.47767	-5
3.48133	-5
3.48500	-5
3.48867	-4
3.49233	-3
3.49600	-2
3.49967	-1
3.50333	-2
3.50700	-3
3.51067	-6
3.51433	-8
3.51800	-10
3.52167	-11
3.52533	-10
3.52900	-11
3.53267	-12
3.53633	-12
3.54000	-13
3.54367	-14
3.54733	-15
3.55100	-15
3.55467	-13
3.55833	-13
3.56200	-15
3.56567	-19
3.56933	-21
3.57300	-21
3.57667	-20
3.58033	-18
3.58400	-19
3.58767	-20
3.59133	-19
3.59500	-20
3.59867	-18
3.60233	-17
3.60600	-20
3.60967	-25
3.61333	-26
3.61700	-26
3.62067	-25
3.62433	-22
3.62800	-20
3.63167	-21
3.63533	-24
3.63900	-28
3.64267	-28
3.64633	-28
3.65000	-30
3.65367	-32
3.65733	-31
3.66100	-30
3.66467	-26
3.66833	-24
3.67200	-22
3.67567	-23
3.67933	-25
3.68300	-25
3.68667	-26
3.69033	-27
3.69400	-27
3.69767	-27
3.70133	-29
3.70500	-31
3.70867	-34
3.71233	-34
3.71600	-36
3.71967	-38
3.72333	-36
3.72700	-34
3.73067	-34
3.73433	-33
3.73800	-35
3.74167	-36
3.74533	-36
3.74900	-36
3.75267	-36
3.75633	-37
3.76000	-37
3.76367	-37
3.76733	-37
3.77100	-37
3.77467	-38
3.77833	-41
3.78200	-42
3.78567	-40
3.78933	-38
3.79300	-34
3.79667	-31
3.80033	-31
3.80400	-32
3.80767	-32
3.81133	-32
3.81500	-29
3.81867	-28
3.82233	-28
3.82600	-30
3.82967	-30
3.83333	-32
3.83700	-36
3.84067	-40
3.84433	-42
3.84800	-41
3.85167	-42
3.85533	-44
3.85900	-45
3.86267	-43
3.86633	-42
3.87000	-42
3.87367	-40
3.87733	-40
3.88100	-40
3.88467	-39
3.88833	-40
3.89200	-41
3.89567	-40
3.89933	-39
3.90300	-40
3.90667	-40
3.91033	-40
3.91400	-39
3.91767	-40
3.92133	-40
3.92500	-40
3.92867	-40
3.93233	-39
3.93600	-36
3.93967	-35
3.94333	-35
3.94700	-35
3.95067	-36
3.95433	-37
3.95800	-38
3.96167	-38
3.96533	-37
3.96900	-37
3.97267	-37
3.97633	-39
3.98000	-40
3.98367	-37
3.98733	-34
3.99100	-35
3.99467	-38
3.99833	-41

[Status Trace (Column Oven Temperature)]
Interval(msec)	1000
# of Points	240
Start Time(min)	0.000
End Time(min)	3.984
Intensity Units	
Intensity Multiplier	1
R.Time (min)	Intensity
0.00047	35.03
0.01713	35.03
0.03380	35.04
0.05047	35.05
0.06713	35.05
0.08380	35.04
0.10047	35.05
0.11713	35.04
0.13380	35.04
0.15047	35.05
0.16713	35.04
0.18380	35.03
0.20047	35.01
0.21713	35.02
0.23380	35.02
0.25047	35.02
0.26713	35.02
0.28380	35.01
0.30047	35.00
0.31713	35.00
0.33380	35.01
0.35047	35.00
0.36713	35.00
0.38380	34.98
0.40047	34.98
0.41713	34.97
0.43380	34.96
0.45047	34.95
0.46713	34.95
0.48380	34.95
0.50047	34.97
0.51713	34.97
0.53380	34.98
0.55047	34.99
0.56713	34.99
0.58380	34.98
0.60047	34.99
0.61713	34.98
0.63380	34.99
0.65047	34.98
0.66713	34.98
0.68380	34.99
0.70047	35.00
0.71713	35.00
0.73380	35.01
0.75047	35.01
0.76713	35.01
0.78380	35.01
0.80047	35.01
0.81713	35.00
0.83380	34.99
0.85047	35.00
0.86713	35.01
0.88380	35.01
0.90047	35.01
0.91713	35.00
0.93380	35.00
0.95047	34.98
0.96713	34.96
0.98380	34.97
1.00047	34.98
1.01713	34.98
1.03380	34.99
1.05047	34.99
1.06713	34.99
1.08380	34.99
1.10047	34.98
1.11713	34.98
1.13380	34.98
1.15047	34.97
1.16713	34.98
1.18380	34.98
1.20047	34.99
1.21713	34.99
1.23380	35.00
1.25047	35.01
1.26713	35.02
1.28380	35.03
1.30047	35.02
1.31713	35.02
1.33380	35.02
1.35047	35.02
1.36713	35.01
1.38380	35.00
1.40047	35.00
1.41713	34.99
1.43380	34.99
1.45047	35.00
1.46713	35.00
1.48380	34.99
1.50047	34.99
1.51713	35.00
1.53380	35.00
1.55047	35.01
1.56713	35.00
1.58380	34.99
1.60047	35.02
1.61713	35.11
1.63380	35.27
1.65047	35.50
1.66713	35.82
1.68380	36.18
1.70047	36.54
1.71713	36.87
1.73380	37.20
1.75047	37.54
1.76713	37.87
1.78380	38.22
1.80047	38.52
1.81713	38.85
1.83380	39.19
1.85047	39.51
1.86713	39.85
1.88380	40.19
1.90047	40.51
1.91713	40.84
1.93380	41.17
1.95047	41.50
1.96713	41.81
1.98380	42.14
2.00047	42.46
2.01713	42.78
2.03380	43.13
2.05047	43.45
2.06713	43.78
2.08380	44.10
2.10047	44.42
2.11713	44.76
2.13380	45.08
2.15047	45.42
2.16713	45.77
2.18380	46.09
2.20047	46.39
2.21713	46.72
2.23380	47.06
2.25047	47.38
2.26713	47.72
2.28380	48.04
2.30047	48.38
2.31713	48.68
2.33380	49.02
2.35047	49.32
2.36713	49.57
2.38380	49.70
2.40047	49.71
2.41713	49.71
2.43380	49.74
2.45047	49.74
2.46713	49.75
2.48380	49.76
2.50047	49.78
2.51713	49.79
2.53380	49.80
2.55047	49.79
2.56713	49.83
2.58380	49.84
2.60047	49.83
2.61713	49.84
2.63380	49.84
2.65047	49.85
2.66713	49.86
2.68380	49.87
2.70047	49.87
2.71713	49.86
2.73380	49.85
2.75047	49.85
2.76713	49.88
2.78380	49.89
2.80047	49.89
2.81713	49.89
2.83380	49.89
2.85047	49.88
2.86713	49.89
2.88380	49.91
2.90047	49.92
2.91713	49.93
2.93380	49.95
2.95047	49.97
2.96713	49.98
2.98380	49.99
3.00047	50.00
3.01713	50.01
3.03380	50.01
3.05047	50.01
3.06713	50.02
3.08380	50.02
3.10047	50.03
3.11713	50.05
3.13380	50.07
3.15047	50.08
3.16713	50.08
3.18380	50.08
3.20047	50.09
3.21713	50.10
3.23380	50.10
3.25047	50.10
3.26713	50.10
3.28380	50.09
3.30047	50.08
3.31713	50.07
3.33380	50.07
3.35047	50.06
3.36713	50.05
3.38380	50.04
3.40047	50.04
3.41713	50.04
3.43380	50.05
3.45047	50.05
3.46713	50.07
3.48380	50.07
3.50047	50.08
3.51713	50.07
3.53380	50.08
3.55047	50.08
3.56713	50.09
3.58380	50.09
3.60047	50.09
3.61713	50.09
3.63380	50.09
3.65047	50.08
3.66713	50.08
3.68380	50.07
3.70047	50.07
3.71713	50.07
3.73380	50.07
3.75047	50.08
3.76713	50.09
3.78380	50.09
3.80047	50.09
3.81713	50.10
3.83380	50.09
3.85047	50.08
3.86713	50.07
3.88380	50.07
3.90047	50.09
3.91713	50.10
3.93380	50.11
3.95047	50.10
3.96713	50.10
3.98380	50.08

[Status Trace (Injection Unit Temperature)]
Interval(msec)	1000
# of Points	240
Start Time(min)	0.000
End Time(min)	3.984
Intensity Units	
Intensity Multiplier	1
R.Time (min)	Intensity
0.00047	100.00
0.01713	99.99
0.03380	100.00
0.05047	100.00
0.06713	100.00
0.08380	100.00
0.10047	100.00
0.11713	100.00
0.13380	100.00
0.15047	99.99
0.16713	100.00
0.18380	100.00
0.20047	100.00
0.21713	100.00
0.23380	100.00
0.25047	100.00
0.26713	100.00
0.28380	99.99
0.30047	100.00
0.31713	99.99
0.33380	100.00
0.35047	100.00
0.36713	100.00
0.38380	99.99
0.40047	100.00
0.41713	100.00
0.43380	100.00
0.45047	100.00
0.46713	100.00
0.48380	100.00
0.50047	100.00
0.51713	100.00
0.53380	100.00
0.55047	100.00
0.56713	100.00
0.58380	100.00
0.60047	100.00
0.61713	100.00
0.63380	100.01
0.65047	100.00
0.66713	100.00
0.68380	100.00
0.70047	100.00
0.71713	100.00
0.73380	100.00
0.75047	100.00
0.76713	100.00
0.78380	100.00
0.80047	100.01
0.81713	100.00
0.83380	100.00
0.85047	100.00
0.86713	100.00
0.88380	100.00
0.90047	100.00
0.91713	100.00
0.93380	100.00
0.95047	100.00
0.96713	100.00
0.98380	100.01
1.00047	100.00
1.01713	100.00
1.03380	99.99
1.05047	100.00
1.06713	100.00
1.08380	100.00
1.10047	100.00
1.11713	100.00
1.13380	100.00
1.15047	100.00
1.16713	100.00
1.18380	100.00
1.20047	100.00
1.21713	100.00
1.23380	100.00
1.25047	100.00
1.26713	99.99
1.28380	100.00
1.30047	100.00
1.31713	100.00
1.33380	100.00
1.35047	100.00
1.36713	100.00
1.38380	100.00
1.40047	100.00
1.41713	100.00
1.43380	100.00
1.45047	100.00
1.46713	100.00
1.48380	100.00
1.50047	100.00
1.51713	100.00
1.53380	100.00
1.55047	100.00
1.56713	100.00
1.58380	100.01
1.60047	100.00
1.61713	100.00
1.63380	100.00
1.65047	100.00
1.66713	100.00
1.68380	100.00
1.70047	100.00
1.71713	100.00
1.73380	100.00
1.75047	100.00
1.76713	100.00
1.78380	100.00
1.80047	100.00
1.81713	99.99
1.83380	100.00
1.85047	100.00
1.86713	100.00
1.88380	100.00
1.90047	100.00
1.91713	99.99
1.93380	99.99
1.95047	99.99
1.96713	99.99
1.98380	99.99
2.00047	99.99
2.01713	99.99
2.03380	99.99
2.05047	99.98
2.06713	99.99
2.08380	99.99
2.10047	99.99
2.11713	99.99
2.13380	99.99
2.15047	99.98
2.16713	99.99
2.18380	99.98
2.20047	99.98
2.21713	99.98
2.23380	99.98
2.25047	99.98
2.26713	99.98
2.28380	99.99
2.30047	99.98
2.31713	99.98
2.33380	99.98
2.35047	99.98
2.36713	99.99
2.38380	99.98
2.40047	99.99
2.41713	99.98
2.43380	99.99
2.45047	99.99
2.46713	99.99
2.48380	99.98
2.50047	99.99
2.51713	99.98
2.53380	99.99
2.55047	99.99
2.56713	99.99
2.58380	99.99
2.60047	99.99
2.61713	99.99
2.63380	100.00
2.65047	100.00
2.66713	100.00
2.68380	100.00
2.70047	100.00
2.71713	100.00
2.73380	100.00
2.75047	100.00
2.76713	100.00
2.78380	100.00
2.80047	100.00
2.81713	100.01
2.83380	100.01
2.85047	100.01
2.86713	100.01
2.88380	100.01
2.90047	100.01
2.91713	100.01
2.93380	100.02
2.95047	100.02
2.96713	100.02
2.98380	100.02
3.00047	100.02
3.01713	100.02
3.03380	100.02
3.05047	100.02
3.06713	100.02
3.08380	100.02
3.10047	100.03
3.11713	100.03
3.13380	100.02
3.15047	100.03
3.16713	100.03
3.18380	100.03
3.20047	100.03
3.21713	100.03
3.23380	100.04
3.25047	100.03
3.26713	100.03
3.28380	100.04
3.30047	100.04
3.31713	100.04
3.33380	100.04
3.35047	100.04
3.36713	100.04
3.38380	100.04
3.40047	100.04
3.41713	100.04
3.43380	100.04
3.45047	100.04
3.46713	100.05
3.48380	100.04
3.50047	100.05
3.51713	100.04
3.53380	100.04
3.55047	100.05
3.56713	100.04
3.58380	100.05
3.60047	100.05
3.61713	100.05
3.63380	100.05
3.65047	100.05
3.66713	100.05
3.68380	100.05
3.70047	100.05
3.71713	100.05
3.73380	100.05
3.75047	100.05
3.76713	100.05
3.78380	100.05
3.80047	100.05
3.81713	100.06
3.83380	100.06
3.85047	100.06
3.86713	100.05
3.88380	100.06
3.90047	100.06
3.91713	100.06
3.93380	100.06
3.95047	100.06
3.96713	100.05
3.98380	100.06

[Status Trace (Carrier Gas Pressure)]
Interval(msec)	1000
# of Points	240
Start Time(min)	0.000
End Time(min)	3.984
Intensity Units	
Intensity Multiplier	1
R.Time (min)	Intensity
0.00047	58.00
0.01713	56.61
0.03380	55.94
0.05047	58.32
0.06713	59.86
0.08380	58.40
0.10047	57.98
0.11713	58.00
0.13380	58.01
0.15047	58.01
0.16713	58.00
0.18380	58.00
0.20047	58.00
0.21713	58.00
0.23380	58.00
0.25047	58.00
0.26713	58.00
0.28380	58.00
0.30047	58.00
0.31713	58.00
0.33380	58.00
0.35047	58.00
0.36713	58.00
0.38380	58.00
0.40047	58.00
0.41713	58.00
0.43380	58.00
0.45047	58.00
0.46713	58.00
0.48380	58.00
0.50047	58.00
0.51713	58.00
0.53380	58.00
0.55047	58.00
0.56713	58.00
0.58380	58.00
0.60047	58.00
0.61713	58.00
0.63380	58.00
0.65047	58.00
0.66713	58.00
0.68380	58.00
0.70047	58.00
0.71713	58.00
0.73380	58.00
0.75047	58.00
0.76713	58.00
0.78380	58.00
0.80047	58.00
0.81713	58.00
0.83380	58.00
0.85047	58.00
0.86713	58.00
0.88380	58.00
0.90047	58.00
0.91713	58.00
0.93380	58.00
0.95047	58.00
0.96713	58.00
0.98380	58.00
1.00047	58.00
1.01713	58.00
1.03380	58.00
1.05047	58.00
1.06713	58.00
1.08380	58.00
1.10047	58.00
1.11713	58.00
1.13380	58.00
1.15047	58.00
1.16713	58.00
1.18380	58.00
1.20047	58.00
1.21713	58.00
1.23380	58.00
1.25047	58.00
1.26713	58.00
1.28380	58.00
1.30047	58.00
1.31713	58.00
1.33380	58.00
1.35047	58.00
1.36713	58.00
1.38380	58.00
1.40047	58.00
1.41713	58.00
1.43380	58.00
1.45047	58.00
1.46713	58.00
1.48380	58.00
1.50047	58.00
1.51713	58.00
1.53380	58.00
1.55047	58.00
1.56713	58.00
1.58380	58.00
1.60047	58.00
1.61713	58.00
1.63380	58.00
1.65047	58.00
1.66713	58.01
1.68380	58.01
1.70047	58.00
1.71713	58.00
1.73380	58.00
1.75047	58.00
1.76713	58.00
1.78380	58.00
1.80047	58.00
1.81713	58.00
1.83380	58.00
1.85047	58.00
1.86713	58.00
1.88380	58.00
1.90047	58.00
1.91713	58.00
1.93380	58.00
1.95047	58.00
1.96713	58.00
1.98380	58.00
2.00047	58.00
2.01713	58.00
2.03380	58.00
2.05047	58.00
2.06713	58.00
2.08380	58.00
2.10047	58.00
2.11713	58.00
2.13380	58.00
2.15047	58.00
2.16713	58.00
2.18380	58.00
2.20047	58.00
2.21713	58.00
2.23380	58.00
2.25047	58.00
2.26713	58.00
2.28380	58.00
2.30047	58.00
2.31713	58.00
2.33380	58.00
2.35047	58.00
2.36713	58.00
2.38380	57.99
2.40047	57.99
2.41713	58.00
2.43380	58.00
2.45047	58.00
2.46713	58.00
2.48380	58.00
2.50047	58.00
2.51713	57.98
2.53380	57.99
2.55047	58.00
2.56713	58.00
2.58380	58.00
2.60047	58.00
2.61713	58.00
2.63380	58.00
2.65047	58.00
2.66713	58.00
2.68380	58.00
2.70047	58.00
2.71713	58.00
2.73380	58.00
2.75047	58.00
2.76713	58.00
2.78380	58.00
2.80047	58.00
2.81713	58.00
2.83380	58.00
2.85047	58.00
2.86713	58.00
2.88380	58.00
2.90047	58.00
2.91713	58.00
2.93380	58.00
2.95047	58.00
2.96713	58.00
2.98380	58.00
3.00047	58.00
3.01713	58.00
3.03380	58.00
3.05047	58.00
3.06713	58.00
3.08380	58.00
3.10047	58.00
3.11713	58.00
3.13380	58.00
3.15047	58.00
3.16713	58.00
3.18380	58.00
3.20047	58.00
3.21713	58.00
3.23380	58.00
3.25047	58.00
3.26713	58.00
3.28380	58.00
3.30047	58.00
3.31713	58.00
3.33380	58.00
3.35047	58.00
3.36713	58.00
3.38380	58.00
3.40047	58.00
3.41713	58.00
3.43380	58.00
3.45047	58.00
3.46713	58.00
3.48380	58.00
3.50047	58.00
3.51713	58.00
3.53380	58.00
3.55047	58.00
3.56713	58.00
3.58380	58.00
3.60047	58.00
3.61713	58.00
3.63380	58.00
3.65047	58.00
3.66713	58.00
3.68380	58.00
3.70047	58.00
3.71713	58.00
3.73380	58.00
3.75047	58.00
3.76713	58.00
3.78380	58.00
3.80047	58.00
3.81713	58.00
3.83380	58.00
3.85047	58.00
3.86713	58.00
3.88380	58.00
3.90047	58.00
3.91713	58.00
3.93380	58.00
3.95047	58.00
3.96713	58.00
3.98380	58.00

[Status Trace (Carrier Gas Flow)]
Interval(msec)	1000
# of Points	240
Start Time(min)	0.000
End Time(min)	3.984
Intensity Units	
Intensity Multiplier	1
R.Time (min)	Intensity
0.00047	34.52
0.01713	34.00
0.03380	34.54
0.05047	34.54
0.06713	34.51
0.08380	34.50
0.10047	34.52
0.11713	34.52
0.13380	34.52
0.15047	34.52
0.16713	34.52
0.18380	34.52
0.20047	34.52
0.21713	34.52
0.23380	34.52
0.25047	34.52
0.26713	34.52
0.28380	34.52
0.30047	34.52
0.31713	34.52
0.33380	34.52
0.35047	34.52
0.36713	34.52
0.38380	34.52
0.40047	34.52
0.41713	34.52
0.43380	34.52
0.45047	34.52
0.46713	34.52
0.48380	34.52
0.50047	34.52
0.51713	34.52
0.53380	34.52
0.55047	34.52
0.56713	34.52
0.58380	34.52
0.60047	34.52
0.61713	34.52
0.63380	34.52
0.65047	34.52
0.66713	34.52
0.68380	34.52
0.70047	34.52
0.71713	34.52
0.73380	34.52
0.75047	34.52
0.76713	34.52
0.78380	34.52
0.80047	34.52
0.81713	34.52
0.83380	34.52
0.85047	34.52
0.86713	34.52
0.88380	34.52
0.90047	34.52
0.91713	34.52
0.93380	34.52
0.95047	34.52
0.96713	34.52
0.98380	34.52
1.00047	34.52
1.01713	34.52
1.03380	34.52
1.05047	34.52
1.06713	34.51
1.08380	34.52
1.10047	34.52
1.11713	34.52
1.13380	34.52
1.15047	34.51
1.16713	34.52
1.18380	34.52
1.20047	34.51
1.21713	34.51
1.23380	34.52
1.25047	34.51
1.26713	34.52
1.28380	34.52
1.30047	34.52
1.31713	34.52
1.33380	34.52
1.35047	34.52
1.36713	34.52
1.38380	34.52
1.40047	34.52
1.41713	34.52
1.43380	34.52
1.45047	34.52
1.46713	34.52
1.48380	34.52
1.50047	34.52
1.51713	34.52
1.53380	34.52
1.55047	34.52
1.56713	34.52
1.58380	34.52
1.60047	34.52
1.61713	34.52
1.63380	34.52
1.65047	34.52
1.66713	34.52
1.68380	34.52
1.70047	34.52
1.71713	34.52
1.73380	34.52
1.75047	34.52
1.76713	34.52
1.78380	34.52
1.80047	34.52
1.81713	34.52
1.83380	34.52
1.85047	34.52
1.86713	34.52
1.88380	34.52
1.90047	34.52
1.91713	34.52
1.93380	34.52
1.95047	34.52
1.96713	34.52
1.98380	34.52
2.00047	34.52
2.01713	34.52
2.03380	34.52
2.05047	34.52
2.06713	34.52
2.08380	34.52
2.10047	34.52
2.11713	34.52
2.13380	34.52
2.15047	34.52
2.16713	34.52
2.18380	34.52
2.20047	34.52
2.21713	34.52
2.23380	34.52
2.25047	34.52
2.26713	34.52
2.28380	34.52
2.30047	34.52
2.31713	34.52
2.33380	34.52
2.35047	34.51
2.36713	34.52
2.38380	34.51
2.40047	34.52
2.41713	34.52
2.43380	34.52
2.45047	34.52
2.46713	34.52
2.48380	34.52
2.50047	34.52
2.51713	34.51
2.53380	34.52
2.55047	34.52
2.56713	34.53
2.58380	34.52
2.60047	34.53
2.61713	34.53
2.63380	34.52
2.65047	34.52
2.66713	34.51
2.68380	34.52
2.70047	34.52
2.71713	34.52
2.73380	34.52
2.75047	34.51
2.76713	34.52
2.78380	34.52
2.80047	34.51
2.81713	34.52
2.83380	34.52
2.85047	34.52
2.86713	34.52
2.88380	34.52
2.90047	34.52
2.91713	34.52
2.93380	34.52
2.95047	34.52
2.96713	34.52
2.98380	34.52
3.00047	34.52
3.01713	34.52
3.03380	34.52
3.05047	34.52
3.06713	34.52
3.08380	34.52
3.10047	34.52
3.11713	34.52
3.13380	34.52
3.15047	34.52
3.16713	34.52
3.18380	34.52
3.20047	34.52
3.21713	34.52
3.23380	34.52
3.25047	34.52
3.26713	34.52
3.28380	34.52
3.30047	34.52
3.31713	34.52
3.33380	34.52
3.35047	34.52
3.36713	34.52
3.38380	34.52
3.40047	34.52
3.41713	34.52
3.43380	34.52
3.45047	34.52
3.46713	34.52
3.48380	34.52
3.50047	34.52
3.51713	34.52
3.53380	34.52
3.55047	34.51
3.56713	34.51
3.58380	34.52
3.60047	34.52
3.61713	34.52
3.63380	34.52
3.65047	34.52
3.66713	34.52
3.68380	34.51
3.70047	34.52
3.71713	34.52
3.73380	34.52
3.75047	34.52
3.76713	34.52
3.78380	34.52
3.80047	34.52
3.81713	34.52
3.83380	34.52
3.85047	34.52
3.86713	34.52
3.88380	34.52
3.90047	34.52
3.91713	34.52
3.93380	34.52
3.95047	34.52
3.96713	34.52
3.98380	34.52

[Status Trace (Column Flow)]
Interval(msec)	1000
# of Points	240
Start Time(min)	0.000
End Time(min)	3.984
Intensity Units	
Intensity Multiplier	1
R.Time (min)	Intensity
0.00047	5.45
0.01713	5.29
0.03380	5.22
0.05047	5.49
0.06713	5.67
0.08380	5.50
0.10047	5.45
0.11713	5.45
0.13380	5.45
0.15047	5.45
0.16713	5.45
0.18380	5.45
0.20047	5.45
0.21713	5.45
0.23380	5.45
0.25047	5.45
0.26713	5.45
0.28380	5.45
0.30047	5.45
0.31713	5.45
0.33380	5.45
0.35047	5.45
0.36713	5.45
0.38380	5.45
0.40047	5.45
0.41713	5.45
0.43380	5.45
0.45047	5.45
0.46713	5.45
0.48380	5.45
0.50047	5.45
0.51713	5.45
0.53380	5.45
0.55047	5.45
0.56713	5.45
0.58380	5.45
0.60047	5.45
0.61713	5.45
0.63380	5.45
0.65047	5.45
0.66713	5.45
0.68380	5.45
0.70047	5.45
0.71713	5.45
0.73380	5.45
0.75047	5.45
0.76713	5.45
0.78380	5.45
0.80047	5.45
0.81713	5.45
0.83380	5.45
0.85047	5.45
0.86713	5.45
0.88380	5.45
0.90047	5.45
0.91713	5.45
0.93380	5.45
0.95047	5.45
0.96713	5.45
0.98380	5.45
1.00047	5.45
1.01713	5.45
1.03380	5.45
1.05047	5.45
1.06713	5.45
1.08380	5.45
1.10047	5.45
1.11713	5.45
1.13380	5.45
1.15047	5.45
1.16713	5.45
1.18380	5.45
1.20047	5.45
1.21713	5.45
1.23380	5.45
1.25047	5.45
1.26713	5.45
1.28380	5.45
1.30047	5.45
1.31713	5.45
1.33380	5.45
1.35047	5.45
1.36713	5.45
1.38380	5.45
1.40047	5.45
1.41713	5.45
1.43380	5.45
1.45047	5.45
1.46713	5.45
1.48380	5.45
1.50047	5.45
1.51713	5.45
1.53380	5.45
1.55047	5.45
1.56713	5.45
1.58380	5.45
1.60047	5.45
1.61713	5.45
1.63380	5.45
1.65047	5.44
1.66713	5.43
1.68380	5.42
1.70047	5.41
1.71713	5.39
1.73380	5.39
1.75047	5.38
1.76713	5.36
1.78380	5.35
1.80047	5.35
1.81713	5.33
1.83380	5.33
1.85047	5.32
1.86713	5.30
1.88380	5.30
1.90047	5.29
1.91713	5.28
1.93380	5.27
1.95047	5.26
1.96713	5.25
1.98380	5.24
2.00047	5.23
2.01713	5.22
2.03380	5.21
2.05047	5.20
2.06713	5.19
2.08380	5.18
2.10047	5.17
2.11713	5.16
2.13380	5.15
2.15047	5.14
2.16713	5.13
2.18380	5.12
2.20047	5.12
2.21713	5.11
2.23380	5.10
2.25047	5.09
2.26713	5.08
2.28380	5.07
2.30047	5.06
2.31713	5.05
2.33380	5.04
2.35047	5.03
2.36713	5.03
2.38380	5.02
2.40047	5.02
2.41713	5.02
2.43380	5.02
2.45047	5.02
2.46713	5.02
2.48380	5.02
2.50047	5.02
2.51713	5.02
2.53380	5.02
2.55047	5.02
2.56713	5.02
2.58380	5.02
2.60047	5.02
2.61713	5.02
2.63380	5.02
2.65047	5.02
2.66713	5.02
2.68380	5.02
2.70047	5.02
2.71713	5.02
2.73380	5.02
2.75047	5.02
2.76713	5.02
2.78380	5.02
2.80047	5.02
2.81713	5.02
2.83380	5.02
2.85047	5.02
2.86713	5.02
2.88380	5.02
2.90047	5.02
2.91713	5.02
2.93380	5.02
2.95047	5.02
2.96713	5.02
2.98380	5.02
3.00047	5.02
3.01713	5.01
3.03380	5.01
3.05047	5.01
3.06713	5.01
3.08380	5.01
3.10047	5.01
3.11713	5.01
3.13380	5.01
3.15047	5.01
3.16713	5.01
3.18380	5.01
3.20047	5.01
3.21713	5.01
3.23380	5.01
3.25047	5.01
3.26713	5.01
3.28380	5.01
3.30047	5.01
3.31713	5.01
3.33380	5.01
3.35047	5.01
3.36713	5.01
3.38380	5.01
3.40047	5.01
3.41713	5.01
3.43380	5.01
3.45047	5.01
3.46713	5.01
3.48380	5.01
3.50047	5.01
3.51713	5.01
3.53380	5.01
3.55047	5.01
3.56713	5.01
3.58380	5.01
3.60047	5.01
3.61713	5.01
3.63380	5.01
3.65047	5.01
3.66713	5.01
3.68380	5.01
3.70047	5.01
3.71713	5.01
3.73380	5.01
3.75047	5.01
3.76713	5.01
3.78380	5.01
3.80047	5.01
3.81713	5.01
3.83380	5.01
3.85047	5.01
3.86713	5.01
3.88380	5.01
3.90047	5.01
3.91713	5.01
3.93380	5.01
3.95047	5.01
3.96713	5.01
3.98380	5.01

[Status Trace (Linear Velocity)]
Interval(msec)	1000
# of Points	240
Start Time(min)	0.000
End Time(min)	3.984
Intensity Units	
Intensity Multiplier	1
R.Time (min)	Intensity
0.00047	39.00
0.01713	38.09
0.03380	37.65
0.05047	39.20
0.06713	40.21
0.08380	39.25
0.10047	38.98
0.11713	39.00
0.13380	39.00
0.15047	39.00
0.16713	39.00
0.18380	39.00
0.20047	39.00
0.21713	39.00
0.23380	39.00
0.25047	39.00
0.26713	39.00
0.28380	39.00
0.30047	39.00
0.31713	39.00
0.33380	39.00
0.35047	39.00
0.36713	39.00
0.38380	39.00
0.40047	39.00
0.41713	39.00
0.43380	39.00
0.45047	39.00
0.46713	39.01
0.48380	39.01
0.50047	39.00
0.51713	39.00
0.53380	39.00
0.55047	39.00
0.56713	39.00
0.58380	39.00
0.60047	39.00
0.61713	39.00
0.63380	39.00
0.65047	39.00
0.66713	39.00
0.68380	39.00
0.70047	39.00
0.71713	39.00
0.73380	39.00
0.75047	39.00
0.76713	39.00
0.78380	39.00
0.80047	39.00
0.81713	39.00
0.83380	39.00
0.85047	39.00
0.86713	39.00
0.88380	39.00
0.90047	39.00
0.91713	39.00
0.93380	39.00
0.95047	39.00
0.96713	39.00
0.98380	39.00
1.00047	39.00
1.01713	39.00
1.03380	39.00
1.05047	39.00
1.06713	39.00
1.08380	39.00
1.10047	39.00
1.11713	39.00
1.13380	39.00
1.15047	39.00
1.16713	39.00
1.18380	39.00
1.20047	39.00
1.21713	39.00
1.23380	39.00
1.25047	39.00
1.26713	39.00
1.28380	39.00
1.30047	39.00
1.31713	39.00
1.33380	39.00
1.35047	39.00
1.36713	39.00
1.38380	39.00
1.40047	39.00
1.41713	39.00
1.43380	39.00
1.45047	39.00
1.46713	39.00
1.48380	39.00
1.50047	39.00
1.51713	39.00
1.53380	39.00
1.55047	39.00
1.56713	39.00
1.58380	39.00
1.60047	39.00
1.61713	38.99
1.63380	38.98
1.65047	38.96
1.66713	38.93
1.68380	38.89
1.70047	38.86
1.71713	38.82
1.73380	38.79
1.75047	38.76
1.76713	38.73
1.78380	38.70
1.80047	38.67
1.81713	38.63
1.83380	38.61
1.85047	38.57
1.86713	38.54
1.88380	38.51
1.90047	38.48
1.91713	38.45
1.93380	38.42
1.95047	38.39
1.96713	38.36
1.98380	38.33
2.00047	38.30
2.01713	38.27
2.03380	38.24
2.05047	38.21
2.06713	38.18
2.08380	38.15
2.10047	38.12
2.11713	38.09
2.13380	38.06
2.15047	38.03
2.16713	37.99
2.18380	37.97
2.20047	37.94
2.21713	37.91
2.23380	37.88
2.25047	37.85
2.26713	37.82
2.28380	37.79
2.30047	37.76
2.31713	37.73
2.33380	37.71
2.35047	37.68
2.36713	37.65
2.38380	37.64
2.40047	37.64
2.41713	37.64
2.43380	37.64
2.45047	37.64
2.46713	37.64
2.48380	37.64
2.50047	37.64
2.51713	37.62
2.53380	37.63
2.55047	37.64
2.56713	37.63
2.58380	37.63
2.60047	37.63
2.61713	37.63
2.63380	37.63
2.65047	37.63
2.66713	37.63
2.68380	37.63
2.70047	37.63
2.71713	37.63
2.73380	37.63
2.75047	37.63
2.76713	37.63
2.78380	37.63
2.80047	37.63
2.81713	37.63
2.83380	37.63
2.85047	37.63
2.86713	37.63
2.88380	37.63
2.90047	37.62
2.91713	37.62
2.93380	37.62
2.95047	37.62
2.96713	37.62
2.98380	37.62
3.00047	37.62
3.01713	37.62
3.03380	37.62
3.05047	37.62
3.06713	37.62
3.08380	37.61
3.10047	37.61
3.11713	37.61
3.13380	37.61
3.15047	37.61
3.16713	37.61
3.18380	37.61
3.20047	37.61
3.21713	37.61
3.23380	37.61
3.25047	37.61
3.26713	37.61
3.28380	37.61
3.30047	37.61
3.31713	37.61
3.33380	37.61
3.35047	37.61
3.36713	37.61
3.38380	37.61
3.40047	37.61
3.41713	37.61
3.43380	37.61
3.45047	37.61
3.46713	37.61
3.48380	37.61
3.50047	37.61
3.51713	37.61
3.53380	37.61
3.55047	37.61
3.56713	37.61
3.58380	37.61
3.60047	37.61
3.61713	37.61
3.63380	37.61
3.65047	37.61
3.66713	37.61
3.68380	37.61
3.70047	37.61
3.71713	37.61
3.73380	37.61
3.75047	37.61
3.76713	37.61
3.78380	37.61
3.80047	37.61
3.81713	37.61
3.83380	37.61
3.85047	37.61
3.86713	37.61
3.88380	37.61
3.90047	37.61
3.91713	37.61
3.93380	37.61
3.95047	37.61
3.96713	37.61
3.98380	37.61

