[Header]
Application Name	LabSolutions
Version	5.110
Data File Name	C:\Users\User\Desktop\GC Analyses\Jack\UIC Prairie Sampling\9.30.22\220930_064.gcd
Output Date	1/4/2023
Output Time	2:27:56 PM

[File Information]
Type	Data File
Generated	12/1/2022 2:57:52 PM
Generated by	System Administrator
Modified	12/1/2022 3:02:17 PM
Modified by	System Administrator

[Sample Information]
Operator Name	System Administrator
Acquired	12/1/2022 2:58:15 PM
Sample Type	1:Standard
Level	1
Sample Name	220930_UICPrairie
Sample ID	220930_UICPrairie
ISTD Amount1	1
ISTD Amount2	1
ISTD Amount3	1
ISTD Amount4	1
ISTD Amount5	1
ISTD Amount6	1
ISTD Amount7	1
ISTD Amount8	1
ISTD Amount9	1
ISTD Amount10	1
ISTD Amount11	1
ISTD Amount12	1
ISTD Amount13	1
ISTD Amount14	1
ISTD Amount15	1
ISTD Amount16	1
ISTD Amount17	1
ISTD Amount18	1
ISTD Amount19	1
ISTD Amount20	1
ISTD Amount21	1
ISTD Amount22	1
ISTD Amount23	1
ISTD Amount24	1
ISTD Amount25	1
ISTD Amount26	1
ISTD Amount27	1
ISTD Amount28	1
ISTD Amount29	1
ISTD Amount30	1
ISTD Amount31	1
ISTD Amount32	1
Sample Amount	1
Dilution Factor	1
Vial#	1
Injection Volume	1
Injection Count	1
Bar Code	

[Original Files]
Data File	C:\Users\User\Desktop\GC Analyses\Jack\UIC Prairie Sampling\9.30.22\220930_064.gcd
Method File	C:\LabSolutions\Data\GHG_4min_2022\ghg3_togas_w_acet_4 min_new_int.gcm
Batch File	
Report Format File	c:\LabSolutions\System\DEFAULT.lsr

[File Description]


[Configuration]
Instrument Name	C0B7VH3-Instrument1
Instrument #	1
Line #	1
# of Detectors	3
Detector ID	DET#1	DET#2	DET#3
Detector Name	FID	PTCD	ECD
# of Channels	1	1	1

[Peak Table(Ch1)]
# of Peaks	3
Peak#	R.Time	I.Time	F.Time	Area	Height	A/H	Conc.	Mark	ID#	Name	k'	Plate #	Plate Ht.	Tailing	Resolution	Sep.Factor	Area Ratio	Height Ratio	Conc. %	Norm Conc.
1	1.479	1.435	1.538	13303	5924	2.246	100.000	   	1	CO	0.000	8339	17.988	1.203	0.000	0.000	0	0	16.667	16.667
2	1.571	1.538	1.626	4896	2427	2.018	100.000	 V 	2	CH4	0.062	11018	13.614	1.098	1.471	0.000	0	0	16.667	16.667
3	2.000	1.952	2.480	1510800	716390	2.109	400.000	   	3	CO2	0.352	17313	8.664	1.213	7.110	5.680	0	0	66.667	66.667

[Peak Table(Ch2)]
# of Peaks	0

[Peak Table(Ch3)]
# of Peaks	5
Peak#	R.Time	I.Time	F.Time	Area	Height	A/H	Conc.	Mark	ID#	Name	k'	Plate #	Plate Ht.	Tailing	Resolution	Sep.Factor	Area Ratio	Height Ratio	Conc. %	Norm Conc.
1	0.797	0.379	1.186	375	20	18.898	0.000	   			0.000	70	2140.629	1.999	0.000	0.000	0	0	0.000	0.000
2	2.458	2.290	2.499	1702	366	4.653	0.000	   			2.083	6307	23.782	0.000	6.581	0.000	0	0	0.000	0.000
3	2.517	2.499	2.561	843	251	3.357	0.000	 V 			2.157	738	203.170	0.000	0.237	1.035	0	0	0.000	0.000
4	2.609	2.561	2.645	937	253	3.697	0.000	 V 			2.272	3313	45.282	0.000	0.332	1.053	0	0	0.000	0.000
5	2.887	2.715	3.958	51797	6033	8.585	1.000	   	1	N2O	2.621	10558	14.207	2.656	1.898	1.154	0	0	100.000	100.000

[Compound Results(Ch1)]
# of IDs	6
ID#	Name	R.Time	Area	Height	Conc.	Curve	3rd	2nd	1st	Constant	Area Ratio	Height Ratio	Conc. %	Norm Conc.
1	CO	1.479	13303	5924	100.000	Linear	0.000000e+00	0.000000e+00	1.330322e+002	0.000000e+00	0	0	16.667	16.667
2	CH4	1.571	4896	2427	100.000	Linear	0.000000e+00	0.000000e+00	4.896006e+001	0.000000e+00	0	0	16.667	16.667
3	CO2	2.000	1510800	716390	400.000	Linear	0.000000e+00	0.000000e+00	3.777001e+003	0.000000e+00	0	0	66.667	66.667
4	Ethylene	0.000	0	0	0.000	Linear	0.000000e+00	0.000000e+00	0.000000e+00	0.000000e+00	0	0	0.000	0.000
5	Acetylene	0.000	0	0	0.000	Linear	0.000000e+00	0.000000e+00	0.000000e+00	0.000000e+00	0	0	0.000	0.000
6	Ethane	0.000	0	0	0.000	Linear	0.000000e+00	0.000000e+00	0.000000e+00	0.000000e+00	0	0	0.000	0.000

[Compound Results(Ch2)]
# of IDs	5
ID#	Name	R.Time	Area	Height	Conc.	Curve	3rd	2nd	1st	Constant	Area Ratio	Height Ratio	Conc. %	Norm Conc.
1	Hydrogen	0.000	0	0	0.000	Linear	0.000000e+00	0.000000e+00	0.000000e+00	0.000000e+00	0	0	0.000	0.000
2	Oxygen	0.000	0	0	0.000	Linear	0.000000e+00	0.000000e+00	0.000000e+00	0.000000e+00	0	0	0.000	0.000
3	Nitrogen	0.000	0	0	0.000	Linear	0.000000e+00	0.000000e+00	0.000000e+00	0.000000e+00	0	0	0.000	0.000
4	Methane	0.000	0	0	0.000	Linear	0.000000e+00	0.000000e+00	0.000000e+00	0.000000e+00	0	0	0.000	0.000
5	Carbon Monoxide	0.000	0	0	0.000	Linear	0.000000e+00	0.000000e+00	0.000000e+00	0.000000e+00	0	0	0.000	0.000

[Compound Results(Ch3)]
# of IDs	2
ID#	Name	R.Time	Area	Height	Conc.	Curve	3rd	2nd	1st	Constant	Area Ratio	Height Ratio	Conc. %	Norm Conc.
1	N2O	2.887	51797	6033	1.000	Linear	0.000000e+00	0.000000e+00	5.179695e+004	0.000000e+00	0	0	100.000	100.000
2	SF6	0.000	0	0	0.000	Linear	0.000000e+00	0.000000e+00	0.000000e+00	0.000000e+00	0	0	0.000	0.000

[Group Results(Ch1)]
# of Groups	0

[Group Results(Ch2)]
# of Groups	0

[Group Results(Ch3)]
# of Groups	0

[Chromatogram (Ch1)]
Interval(msec)	220
# of Points	1091
Start Time(min)	0.002
End Time(min)	3.998
R.Time (min)	Intensity
0.00167	9
0.00533	8
0.00900	10
0.01267	9
0.01633	7
0.02000	7
0.02367	7
0.02733	5
0.03100	2
0.03467	0
0.03833	1
0.04200	2
0.04567	0
0.04933	-4
0.05300	-5
0.05667	-4
0.06033	-11
0.06400	-17
0.06767	-12
0.07133	-7
0.07500	-4
0.07867	-1
0.08233	5
0.08600	9
0.08967	9
0.09333	10
0.09700	9
0.10067	6
0.10433	1
0.10800	-7
0.11167	-14
0.11533	-17
0.11900	-18
0.12267	-23
0.12633	-28
0.13000	-31
0.13367	-31
0.13733	-26
0.14100	-21
0.14467	-16
0.14833	-9
0.15200	-4
0.15567	-2
0.15933	1
0.16300	5
0.16667	9
0.17033	12
0.17400	10
0.17767	7
0.18133	3
0.18500	-1
0.18867	-7
0.19233	-15
0.19600	-22
0.19967	-28
0.20333	-32
0.20700	-31
0.21067	-30
0.21433	-30
0.21800	-32
0.22167	-34
0.22533	-36
0.22900	-35
0.23267	-32
0.23633	-28
0.24000	-24
0.24367	-23
0.24733	-22
0.25100	-24
0.25467	-25
0.25833	-27
0.26200	-27
0.26567	-26
0.26933	-26
0.27300	-24
0.27667	-24
0.28033	-22
0.28400	-16
0.28767	-10
0.29133	-6
0.29500	-8
0.29867	-14
0.30233	-25
0.30600	-35
0.30967	-39
0.31333	-40
0.31700	-38
0.32067	-34
0.32433	-32
0.32800	-30
0.33167	-29
0.33533	-29
0.33900	-27
0.34267	-22
0.34633	-12
0.35000	-5
0.35367	-7
0.35733	-13
0.36100	-15
0.36467	-13
0.36833	-15
0.37200	-22
0.37567	-29
0.37933	-31
0.38300	-31
0.38667	-34
0.39033	-38
0.39400	-43
0.39767	-48
0.40133	-54
0.40500	-57
0.40867	-56
0.41233	-53
0.41600	-45
0.41967	-38
0.42333	-30
0.42700	-24
0.43067	-21
0.43433	-23
0.43800	-27
0.44167	-31
0.44533	-36
0.44900	-38
0.45267	-38
0.45633	-36
0.46000	-34
0.46367	-36
0.46733	-38
0.47100	-39
0.47467	-36
0.47833	-30
0.48200	-23
0.48567	-18
0.48933	-16
0.49300	-15
0.49667	-14
0.50033	-15
0.50400	-17
0.50767	-19
0.51133	-21
0.51500	-23
0.51867	-27
0.52233	-35
0.52600	-52
0.52967	-58
0.53333	-56
0.53700	-49
0.54067	-42
0.54433	-36
0.54800	-33
0.55167	-35
0.55533	-45
0.55900	-57
0.56267	-68
0.56633	-73
0.57000	-73
0.57367	-71
0.57733	-67
0.58100	-63
0.58467	-60
0.58833	-56
0.59200	-44
0.59567	-32
0.59933	-27
0.60300	-31
0.60667	-39
0.61033	-46
0.61400	-46
0.61767	-44
0.62133	-46
0.62500	-51
0.62867	-54
0.63233	-53
0.63600	-49
0.63967	-44
0.64333	-43
0.64700	-48
0.65067	-52
0.65433	-53
0.65800	-54
0.66167	-52
0.66533	-49
0.66900	-47
0.67267	-45
0.67633	-44
0.68000	-43
0.68367	-39
0.68733	-38
0.69100	-38
0.69467	-38
0.69833	-39
0.70200	-41
0.70567	-45
0.70933	-48
0.71300	-51
0.71667	-51
0.72033	-48
0.72400	-43
0.72767	-42
0.73133	-45
0.73500	-53
0.73867	-65
0.74233	-71
0.74600	-71
0.74967	-71
0.75333	-75
0.75700	-78
0.76067	-78
0.76433	-76
0.76800	-72
0.77167	-67
0.77533	-66
0.77900	-69
0.78267	-73
0.78633	-68
0.79000	-63
0.79367	-64
0.79733	-69
0.80100	-76
0.80467	-80
0.80833	-82
0.81200	-81
0.81567	-79
0.81933	-78
0.82300	-76
0.82667	-69
0.83033	-59
0.83400	-49
0.83767	-43
0.84133	-42
0.84500	-46
0.84867	-52
0.85233	-60
0.85600	-67
0.85967	-71
0.86333	-76
0.86700	-78
0.87067	-78
0.87433	-75
0.87800	-73
0.88167	-74
0.88533	-71
0.88900	-66
0.89267	-67
0.89633	-71
0.90000	-76
0.90367	-81
0.90733	-85
0.91100	-86
0.91467	-86
0.91833	-87
0.92200	-87
0.92567	-86
0.92933	-82
0.93300	-74
0.93667	-64
0.94033	-59
0.94400	-63
0.94767	-71
0.95133	-78
0.95500	-85
0.95867	-90
0.96233	-91
0.96600	-88
0.96967	-82
0.97333	-73
0.97700	-66
0.98067	-62
0.98433	-61
0.98800	-68
0.99167	-77
0.99533	-86
0.99900	-95
1.00267	-98
1.00633	-95
1.01000	-87
1.01367	-78
1.01733	-75
1.02100	-79
1.02467	-80
1.02833	-81
1.03200	-82
1.03567	-84
1.03933	-85
1.04300	-84
1.04667	-83
1.05033	-86
1.05400	-91
1.05767	-96
1.06133	-99
1.06500	-99
1.06867	-100
1.07233	-100
1.07600	-99
1.07967	-96
1.08333	-95
1.08700	-97
1.09067	-98
1.09433	-97
1.09800	-93
1.10167	-91
1.10533	-91
1.10900	-93
1.11267	-93
1.11633	-93
1.12000	-94
1.12367	-95
1.12733	-95
1.13100	-93
1.13467	-94
1.13833	-99
1.14200	-102
1.14567	-106
1.14933	-111
1.15300	-114
1.15667	-116
1.16033	-115
1.16400	-112
1.16767	-109
1.17133	-105
1.17500	-103
1.17867	-106
1.18233	-110
1.18600	-114
1.18967	-115
1.19333	-112
1.19700	-110
1.20067	-109
1.20433	-107
1.20800	-105
1.21167	-104
1.21533	-104
1.21900	-106
1.22267	-110
1.22633	-112
1.23000	-112
1.23367	-110
1.23733	-105
1.24100	-99
1.24467	-92
1.24833	-91
1.25200	-94
1.25567	-101
1.25933	-110
1.26300	-119
1.26667	-125
1.27033	-123
1.27400	-114
1.27767	-103
1.28133	-95
1.28500	-93
1.28867	-103
1.29233	-117
1.29600	-128
1.29967	-135
1.30333	-139
1.30700	-137
1.31067	-133
1.31433	-129
1.31800	-128
1.32167	-128
1.32533	-125
1.32900	-121
1.33267	-117
1.33633	-115
1.34000	-114
1.34367	-115
1.34733	-122
1.35100	-129
1.35467	-135
1.35833	-138
1.36200	-137
1.36567	-134
1.36933	-133
1.37300	-133
1.37667	-130
1.38033	-123
1.38400	-113
1.38767	-105
1.39133	-101
1.39500	-100
1.39867	-102
1.40233	-107
1.40600	-112
1.40967	-115
1.41333	-119
1.41700	-123
1.42067	-128
1.42433	-132
1.42800	-131
1.43167	-127
1.43533	-120
1.43900	-106
1.44267	-50
1.44633	111
1.45000	404
1.45367	905
1.45733	1714
1.46100	2754
1.46467	3810
1.46833	4711
1.47200	5371
1.47567	5750
1.47933	5807
1.48300	5517
1.48667	4912
1.49033	4102
1.49400	3238
1.49767	2446
1.50133	1793
1.50500	1292
1.50867	924
1.51233	657
1.51600	459
1.51967	313
1.52333	207
1.52700	129
1.53067	69
1.53433	24
1.53800	1
1.54167	21
1.54533	139
1.54900	409
1.55267	819
1.55633	1281
1.56000	1701
1.56367	2029
1.56733	2246
1.57100	2315
1.57467	2210
1.57833	1941
1.58200	1570
1.58567	1177
1.58933	826
1.59300	546
1.59667	340
1.60033	194
1.60400	95
1.60767	29
1.61133	-18
1.61500	-54
1.61867	-79
1.62233	-97
1.62600	-109
1.62967	-115
1.63333	-114
1.63700	-110
1.64067	-108
1.64433	-109
1.64800	-112
1.65167	-120
1.65533	-134
1.65900	-139
1.66267	-140
1.66633	-140
1.67000	-141
1.67367	-143
1.67733	-146
1.68100	-150
1.68467	-152
1.68833	-152
1.69200	-150
1.69567	-149
1.69933	-150
1.70300	-151
1.70667	-148
1.71033	-144
1.71400	-144
1.71767	-147
1.72133	-149
1.72500	-150
1.72867	-149
1.73233	-142
1.73600	-134
1.73967	-127
1.74333	-123
1.74700	-125
1.75067	-129
1.75433	-130
1.75800	-132
1.76167	-140
1.76533	-147
1.76900	-151
1.77267	-152
1.77633	-150
1.78000	-144
1.78367	-141
1.78733	-143
1.79100	-147
1.79467	-146
1.79833	-141
1.80200	-138
1.80567	-139
1.80933	-140
1.81300	-139
1.81667	-141
1.82033	-146
1.82400	-150
1.82767	-155
1.83133	-157
1.83500	-156
1.83867	-151
1.84233	-147
1.84600	-150
1.84967	-157
1.85333	-162
1.85700	-165
1.86067	-162
1.86433	-157
1.86800	-152
1.87167	-145
1.87533	-138
1.87900	-135
1.88267	-137
1.88633	-145
1.89000	-154
1.89367	-156
1.89733	-154
1.90100	-151
1.90467	-150
1.90833	-150
1.91200	-148
1.91567	-144
1.91933	-139
1.92300	-139
1.92667	-142
1.93033	-146
1.93400	-152
1.93767	-155
1.94133	-154
1.94500	-154
1.94867	-156
1.95233	-153
1.95600	-99
1.95967	243
1.96333	1953
1.96700	8576
1.97067	28194
1.97433	73186
1.97800	153990
1.98167	269336
1.98533	403624
1.98900	533629
1.99267	638025
1.99633	701724
2.00000	716270
2.00367	681301
2.00733	605547
2.01100	505088
2.01467	398163
2.01833	299560
2.02200	217540
2.02567	154243
2.02933	107931
2.03300	75266
2.03667	52769
2.04033	37486
2.04400	27158
2.04767	20171
2.05133	15409
2.05500	12125
2.05867	9818
2.06233	8159
2.06600	6931
2.06967	5997
2.07333	5269
2.07700	4689
2.08067	4218
2.08433	3829
2.08800	3505
2.09167	3229
2.09533	2988
2.09900	2778
2.10267	2595
2.10633	2440
2.11000	2307
2.11367	2192
2.11733	2088
2.12100	1990
2.12467	1896
2.12833	1807
2.13200	1724
2.13567	1645
2.13933	1570
2.14300	1498
2.14667	1424
2.15033	1356
2.15400	1296
2.15767	1242
2.16133	1196
2.16500	1161
2.16867	1129
2.17233	1094
2.17600	1056
2.17967	1019
2.18333	985
2.18700	955
2.19067	929
2.19433	907
2.19800	885
2.20167	865
2.20533	843
2.20900	818
2.21267	795
2.21633	775
2.22000	757
2.22367	735
2.22733	711
2.23100	688
2.23467	669
2.23833	654
2.24200	643
2.24567	633
2.24933	623
2.25300	609
2.25667	593
2.26033	572
2.26400	550
2.26767	533
2.27133	519
2.27500	505
2.27867	491
2.28233	477
2.28600	462
2.28967	449
2.29333	441
2.29700	435
2.30067	432
2.30433	429
2.30800	426
2.31167	421
2.31533	413
2.31900	403
2.32267	394
2.32633	388
2.33000	380
2.33367	372
2.33733	362
2.34100	350
2.34467	338
2.34833	327
2.35200	319
2.35567	318
2.35933	321
2.36300	324
2.36667	325
2.37033	322
2.37400	316
2.37767	307
2.38133	294
2.38500	279
2.38867	266
2.39233	258
2.39600	253
2.39967	248
2.40333	244
2.40700	242
2.41067	242
2.41433	242
2.41800	235
2.42167	226
2.42533	220
2.42900	216
2.43267	214
2.43633	211
2.44000	209
2.44367	209
2.44733	211
2.45100	212
2.45467	214
2.45833	216
2.46200	215
2.46567	214
2.46933	218
2.47300	219
2.47667	216
2.48033	209
2.48400	202
2.48767	193
2.49133	184
2.49500	177
2.49867	176
2.50233	180
2.50600	183
2.50967	182
2.51333	182
2.51700	182
2.52067	182
2.52433	182
2.52800	183
2.53167	184
2.53533	182
2.53900	178
2.54267	173
2.54633	167
2.55000	160
2.55367	154
2.55733	152
2.56100	150
2.56467	150
2.56833	147
2.57200	142
2.57567	137
2.57933	133
2.58300	126
2.58667	117
2.59033	111
2.59400	109
2.59767	110
2.60133	115
2.60500	123
2.60867	125
2.61233	121
2.61600	115
2.61967	112
2.62333	110
2.62700	108
2.63067	107
2.63433	109
2.63800	112
2.64167	115
2.64533	117
2.64900	116
2.65267	110
2.65633	103
2.66000	95
2.66367	89
2.66733	81
2.67100	74
2.67467	71
2.67833	71
2.68200	74
2.68567	77
2.68933	79
2.69300	82
2.69667	82
2.70033	75
2.70400	69
2.70767	67
2.71133	68
2.71500	71
2.71867	76
2.72233	85
2.72600	94
2.72967	99
2.73333	94
2.73700	87
2.74067	84
2.74433	80
2.74800	74
2.75167	67
2.75533	58
2.75900	52
2.76267	48
2.76633	46
2.77000	48
2.77367	51
2.77733	58
2.78100	61
2.78467	61
2.78833	59
2.79200	56
2.79567	49
2.79933	42
2.80300	34
2.80667	31
2.81033	33
2.81400	37
2.81767	37
2.82133	35
2.82500	36
2.82867	41
2.83233	44
2.83600	41
2.83967	35
2.84333	30
2.84700	26
2.85067	24
2.85433	25
2.85800	26
2.86167	29
2.86533	35
2.86900	36
2.87267	32
2.87633	27
2.88000	24
2.88367	23
2.88733	23
2.89100	22
2.89467	22
2.89833	24
2.90200	31
2.90567	40
2.90933	45
2.91300	48
2.91667	49
2.92033	48
2.92400	45
2.92767	41
2.93133	33
2.93500	25
2.93867	21
2.94233	16
2.94600	12
2.94967	9
2.95333	7
2.95700	5
2.96067	4
2.96433	6
2.96800	13
2.97167	18
2.97533	18
2.97900	16
2.98267	15
2.98633	17
2.99000	19
2.99367	19
2.99733	18
3.00100	20
3.00467	23
3.00833	27
3.01200	29
3.01567	30
3.01933	28
3.02300	25
3.02667	20
3.03033	14
3.03400	8
3.03767	1
3.04133	-4
3.04500	-10
3.04867	-13
3.05233	-12
3.05600	-7
3.05967	-1
3.06333	2
3.06700	3
3.07067	3
3.07433	5
3.07800	9
3.08167	11
3.08533	11
3.08900	10
3.09267	9
3.09633	7
3.10000	7
3.10367	6
3.10733	-0
3.11100	-10
3.11467	-20
3.11833	-27
3.12200	-29
3.12567	-27
3.12933	-22
3.13300	-17
3.13667	-14
3.14033	-16
3.14400	-20
3.14767	-24
3.15133	-22
3.15500	-17
3.15867	-14
3.16233	-14
3.16600	-13
3.16967	-7
3.17333	-0
3.17700	3
3.18067	2
3.18433	-2
3.18800	-6
3.19167	-10
3.19533	-15
3.19900	-20
3.20267	-24
3.20633	-28
3.21000	-31
3.21367	-34
3.21733	-37
3.22100	-41
3.22467	-45
3.22833	-45
3.23200	-39
3.23567	-31
3.23933	-27
3.24300	-25
3.24667	-27
3.25033	-29
3.25400	-30
3.25767	-32
3.26133	-33
3.26500	-35
3.26867	-37
3.27233	-37
3.27600	-37
3.27967	-36
3.28333	-32
3.28700	-26
3.29067	-23
3.29433	-22
3.29800	-20
3.30167	-17
3.30533	-18
3.30900	-21
3.31267	-25
3.31633	-29
3.32000	-34
3.32367	-39
3.32733	-42
3.33100	-44
3.33467	-46
3.33833	-51
3.34200	-59
3.34567	-69
3.34933	-76
3.35300	-78
3.35667	-78
3.36033	-78
3.36400	-78
3.36767	-80
3.37133	-80
3.37500	-76
3.37867	-70
3.38233	-61
3.38600	-49
3.38967	-36
3.39333	-28
3.39700	-25
3.40067	-26
3.40433	-30
3.40800	-34
3.41167	-35
3.41533	-39
3.41900	-47
3.42267	-55
3.42633	-61
3.43000	-60
3.43367	-55
3.43733	-48
3.44100	-40
3.44467	-37
3.44833	-37
3.45200	-43
3.45567	-52
3.45933	-59
3.46300	-61
3.46667	-61
3.47033	-60
3.47400	-61
3.47767	-64
3.48133	-67
3.48500	-68
3.48867	-67
3.49233	-67
3.49600	-64
3.49967	-60
3.50333	-58
3.50700	-58
3.51067	-63
3.51433	-71
3.51800	-85
3.52167	-86
3.52533	-76
3.52900	-57
3.53267	-45
3.53633	-46
3.54000	-49
3.54367	-52
3.54733	-54
3.55100	-56
3.55467	-56
3.55833	-53
3.56200	-49
3.56567	-48
3.56933	-51
3.57300	-55
3.57667	-59
3.58033	-58
3.58400	-60
3.58767	-62
3.59133	-64
3.59500	-65
3.59867	-67
3.60233	-70
3.60600	-73
3.60967	-76
3.61333	-79
3.61700	-81
3.62067	-84
3.62433	-85
3.62800	-83
3.63167	-81
3.63533	-82
3.63900	-85
3.64267	-85
3.64633	-88
3.65000	-92
3.65367	-94
3.65733	-95
3.66100	-94
3.66467	-90
3.66833	-86
3.67200	-82
3.67567	-78
3.67933	-77
3.68300	-80
3.68667	-84
3.69033	-86
3.69400	-86
3.69767	-85
3.70133	-85
3.70500	-85
3.70867	-82
3.71233	-80
3.71600	-80
3.71967	-81
3.72333	-83
3.72700	-85
3.73067	-83
3.73433	-81
3.73800	-81
3.74167	-82
3.74533	-84
3.74900	-88
3.75267	-90
3.75633	-90
3.76000	-86
3.76367	-78
3.76733	-71
3.77100	-67
3.77467	-70
3.77833	-78
3.78200	-91
3.78567	-100
3.78933	-102
3.79300	-99
3.79667	-97
3.80033	-101
3.80400	-108
3.80767	-113
3.81133	-110
3.81500	-102
3.81867	-95
3.82233	-90
3.82600	-87
3.82967	-86
3.83333	-87
3.83700	-90
3.84067	-92
3.84433	-89
3.84800	-87
3.85167	-89
3.85533	-96
3.85900	-103
3.86267	-109
3.86633	-114
3.87000	-116
3.87367	-114
3.87733	-105
3.88100	-93
3.88467	-82
3.88833	-74
3.89200	-71
3.89567	-75
3.89933	-82
3.90300	-92
3.90667	-100
3.91033	-105
3.91400	-107
3.91767	-107
3.92133	-103
3.92500	-97
3.92867	-93
3.93233	-93
3.93600	-96
3.93967	-98
3.94333	-94
3.94700	-86
3.95067	-79
3.95433	-75
3.95800	-76
3.96167	-83
3.96533	-95
3.96900	-104
3.97267	-110
3.97633	-112
3.98000	-109
3.98367	-106
3.98733	-107
3.99100	-108
3.99467	-107
3.99833	-103

[Chromatogram (Ch2)]
Interval(msec)	220
# of Points	1091
Start Time(min)	0.002
End Time(min)	3.998
R.Time (min)	Intensity
0.00167	-0
0.00533	-0
0.00900	-1
0.01267	-1
0.01633	-1
0.02000	-1
0.02367	-1
0.02733	-0
0.03100	-0
0.03467	-0
0.03833	0
0.04200	0
0.04567	0
0.04933	0
0.05300	0
0.05667	0
0.06033	0
0.06400	0
0.06767	0
0.07133	0
0.07500	1
0.07867	0
0.08233	0
0.08600	0
0.08967	0
0.09333	0
0.09700	0
0.10067	1
0.10433	1
0.10800	1
0.11167	1
0.11533	1
0.11900	1
0.12267	1
0.12633	1
0.13000	1
0.13367	1
0.13733	1
0.14100	1
0.14467	1
0.14833	1
0.15200	1
0.15567	1
0.15933	1
0.16300	0
0.16667	0
0.17033	0
0.17400	0
0.17767	0
0.18133	0
0.18500	0
0.18867	0
0.19233	0
0.19600	1
0.19967	1
0.20333	1
0.20700	1
0.21067	1
0.21433	1
0.21800	1
0.22167	1
0.22533	1
0.22900	0
0.23267	-0
0.23633	-1
0.24000	-1
0.24367	-1
0.24733	-2
0.25100	-2
0.25467	-3
0.25833	-3
0.26200	-3
0.26567	-3
0.26933	-3
0.27300	-2
0.27667	-2
0.28033	-2
0.28400	-2
0.28767	-2
0.29133	-2
0.29500	-1
0.29867	-1
0.30233	-1
0.30600	-1
0.30967	-1
0.31333	-0
0.31700	-0
0.32067	0
0.32433	1
0.32800	1
0.33167	1
0.33533	1
0.33900	1
0.34267	1
0.34633	1
0.35000	1
0.35367	0
0.35733	0
0.36100	-0
0.36467	-0
0.36833	-0
0.37200	-0
0.37567	-1
0.37933	-1
0.38300	-1
0.38667	-1
0.39033	-1
0.39400	-1
0.39767	-0
0.40133	-0
0.40500	0
0.40867	0
0.41233	0
0.41600	0
0.41967	1
0.42333	1
0.42700	1
0.43067	1
0.43433	1
0.43800	1
0.44167	1
0.44533	1
0.44900	1
0.45267	1
0.45633	1
0.46000	1
0.46367	1
0.46733	1
0.47100	1
0.47467	1
0.47833	1
0.48200	0
0.48567	0
0.48933	0
0.49300	0
0.49667	0
0.50033	0
0.50400	0
0.50767	-0
0.51133	-0
0.51500	-0
0.51867	-0
0.52233	0
0.52600	0
0.52967	-0
0.53333	-0
0.53700	-0
0.54067	-0
0.54433	-0
0.54800	-1
0.55167	-1
0.55533	-1
0.55900	-1
0.56267	-1
0.56633	-2
0.57000	-2
0.57367	-2
0.57733	-2
0.58100	-2
0.58467	-2
0.58833	-2
0.59200	-2
0.59567	-2
0.59933	-2
0.60300	-2
0.60667	-2
0.61033	-3
0.61400	-2
0.61767	-2
0.62133	-2
0.62500	-2
0.62867	-2
0.63233	-1
0.63600	-1
0.63967	-1
0.64333	-1
0.64700	-1
0.65067	-1
0.65433	-1
0.65800	-1
0.66167	-1
0.66533	-1
0.66900	-1
0.67267	-1
0.67633	-1
0.68000	-1
0.68367	-1
0.68733	-1
0.69100	-2
0.69467	-2
0.69833	-2
0.70200	-1
0.70567	-1
0.70933	-1
0.71300	-1
0.71667	-1
0.72033	-1
0.72400	-1
0.72767	-1
0.73133	-1
0.73500	-1
0.73867	-1
0.74233	-1
0.74600	-1
0.74967	-1
0.75333	-1
0.75700	-1
0.76067	-1
0.76433	-1
0.76800	-1
0.77167	-1
0.77533	-2
0.77900	-2
0.78267	-2
0.78633	-1
0.79000	-1
0.79367	-2
0.79733	-2
0.80100	-2
0.80467	-2
0.80833	-1
0.81200	-1
0.81567	-1
0.81933	-1
0.82300	-1
0.82667	-1
0.83033	-1
0.83400	-1
0.83767	-1
0.84133	-1
0.84500	-1
0.84867	-1
0.85233	-1
0.85600	-1
0.85967	-1
0.86333	-0
0.86700	0
0.87067	0
0.87433	0
0.87800	0
0.88167	1
0.88533	1
0.88900	1
0.89267	1
0.89633	0
0.90000	0
0.90367	0
0.90733	0
0.91100	-0
0.91467	-0
0.91833	0
0.92200	-0
0.92567	-0
0.92933	-1
0.93300	-1
0.93667	-1
0.94033	-1
0.94400	-1
0.94767	-1
0.95133	-2
0.95500	-2
0.95867	-2
0.96233	-2
0.96600	-2
0.96967	-2
0.97333	-2
0.97700	-2
0.98067	-2
0.98433	-2
0.98800	-2
0.99167	-2
0.99533	-2
0.99900	-2
1.00267	-2
1.00633	-2
1.01000	-2
1.01367	-2
1.01733	-2
1.02100	-3
1.02467	-3
1.02833	-3
1.03200	-3
1.03567	-3
1.03933	-3
1.04300	-3
1.04667	-3
1.05033	-3
1.05400	-3
1.05767	-3
1.06133	-3
1.06500	-3
1.06867	-3
1.07233	-3
1.07600	-2
1.07967	-2
1.08333	-2
1.08700	-1
1.09067	-1
1.09433	-1
1.09800	-0
1.10167	-0
1.10533	-0
1.10900	-0
1.11267	-0
1.11633	-0
1.12000	-0
1.12367	-0
1.12733	-0
1.13100	-0
1.13467	-0
1.13833	-0
1.14200	-0
1.14567	0
1.14933	0
1.15300	0
1.15667	0
1.16033	0
1.16400	0
1.16767	-0
1.17133	-0
1.17500	-0
1.17867	-0
1.18233	-1
1.18600	-1
1.18967	-1
1.19333	-1
1.19700	-1
1.20067	-2
1.20433	-2
1.20800	-2
1.21167	-2
1.21533	-2
1.21900	-3
1.22267	-3
1.22633	-3
1.23000	-3
1.23367	-3
1.23733	-3
1.24100	-3
1.24467	-3
1.24833	-3
1.25200	-3
1.25567	-3
1.25933	-3
1.26300	-3
1.26667	-3
1.27033	-3
1.27400	-3
1.27767	-3
1.28133	-3
1.28500	-3
1.28867	-3
1.29233	-3
1.29600	-3
1.29967	-3
1.30333	-3
1.30700	-3
1.31067	-3
1.31433	-3
1.31800	-2
1.32167	-2
1.32533	-2
1.32900	-1
1.33267	-1
1.33633	-0
1.34000	-0
1.34367	-0
1.34733	-0
1.35100	-0
1.35467	-0
1.35833	-0
1.36200	-0
1.36567	-0
1.36933	-1
1.37300	-1
1.37667	-1
1.38033	-1
1.38400	-1
1.38767	-1
1.39133	-1
1.39500	-1
1.39867	-1
1.40233	-1
1.40600	-1
1.40967	-1
1.41333	-1
1.41700	-1
1.42067	-2
1.42433	-2
1.42800	-3
1.43167	-3
1.43533	-3
1.43900	-3
1.44267	-3
1.44633	-3
1.45000	-3
1.45367	-3
1.45733	-2
1.46100	-2
1.46467	-2
1.46833	-2
1.47200	-3
1.47567	-3
1.47933	-3
1.48300	-3
1.48667	-2
1.49033	-2
1.49400	-2
1.49767	-3
1.50133	-3
1.50500	-3
1.50867	-3
1.51233	-4
1.51600	-4
1.51967	-3
1.52333	-3
1.52700	-2
1.53067	-2
1.53433	-2
1.53800	-2
1.54167	-1
1.54533	-1
1.54900	-1
1.55267	-1
1.55633	-1
1.56000	-1
1.56367	-1
1.56733	-1
1.57100	-1
1.57467	-1
1.57833	-1
1.58200	-2
1.58567	-2
1.58933	-2
1.59300	-3
1.59667	-4
1.60033	-4
1.60400	-5
1.60767	-6
1.61133	-7
1.61500	-9
1.61867	-11
1.62233	-13
1.62600	-16
1.62967	-19
1.63333	-23
1.63700	-26
1.64067	-30
1.64433	-34
1.64800	-38
1.65167	-42
1.65533	-46
1.65900	-50
1.66267	-54
1.66633	-59
1.67000	-64
1.67367	-69
1.67733	-74
1.68100	-79
1.68467	-84
1.68833	-89
1.69200	-93
1.69567	-96
1.69933	-99
1.70300	-102
1.70667	-104
1.71033	-106
1.71400	-108
1.71767	-109
1.72133	-110
1.72500	-111
1.72867	-112
1.73233	-113
1.73600	-113
1.73967	-114
1.74333	-115
1.74700	-116
1.75067	-116
1.75433	-116
1.75800	-116
1.76167	-116
1.76533	-116
1.76900	-116
1.77267	-116
1.77633	-115
1.78000	-116
1.78367	-116
1.78733	-117
1.79100	-118
1.79467	-119
1.79833	-120
1.80200	-120
1.80567	-121
1.80933	-121
1.81300	-121
1.81667	-121
1.82033	-121
1.82400	-120
1.82767	-120
1.83133	-120
1.83500	-120
1.83867	-121
1.84233	-121
1.84600	-122
1.84967	-123
1.85333	-123
1.85700	-123
1.86067	-123
1.86433	-123
1.86800	-122
1.87167	-122
1.87533	-122
1.87900	-122
1.88267	-121
1.88633	-122
1.89000	-122
1.89367	-122
1.89733	-123
1.90100	-123
1.90467	-123
1.90833	-123
1.91200	-123
1.91567	-123
1.91933	-122
1.92300	-121
1.92667	-121
1.93033	-120
1.93400	-120
1.93767	-120
1.94133	-120
1.94500	-119
1.94867	-119
1.95233	-119
1.95600	-118
1.95967	-118
1.96333	-118
1.96700	-117
1.97067	-117
1.97433	-117
1.97800	-118
1.98167	-118
1.98533	-117
1.98900	-117
1.99267	-116
1.99633	-115
2.00000	-115
2.00367	-115
2.00733	-115
2.01100	-115
2.01467	-115
2.01833	-115
2.02200	-114
2.02567	-114
2.02933	-113
2.03300	-113
2.03667	-112
2.04033	-112
2.04400	-111
2.04767	-111
2.05133	-110
2.05500	-110
2.05867	-109
2.06233	-109
2.06600	-110
2.06967	-110
2.07333	-110
2.07700	-109
2.08067	-109
2.08433	-108
2.08800	-108
2.09167	-107
2.09533	-107
2.09900	-106
2.10267	-106
2.10633	-105
2.11000	-104
2.11367	-104
2.11733	-104
2.12100	-104
2.12467	-104
2.12833	-104
2.13200	-103
2.13567	-103
2.13933	-102
2.14300	-102
2.14667	-101
2.15033	-101
2.15400	-101
2.15767	-101
2.16133	-100
2.16500	-100
2.16867	-100
2.17233	-100
2.17600	-100
2.17967	-99
2.18333	-99
2.18700	-98
2.19067	-98
2.19433	-98
2.19800	-97
2.20167	-97
2.20533	-97
2.20900	-97
2.21267	-96
2.21633	-95
2.22000	-94
2.22367	-94
2.22733	-93
2.23100	-93
2.23467	-93
2.23833	-93
2.24200	-93
2.24567	-92
2.24933	-92
2.25300	-92
2.25667	-92
2.26033	-93
2.26400	-94
2.26767	-95
2.27133	-97
2.27500	-98
2.27867	-98
2.28233	-99
2.28600	-98
2.28967	-97
2.29333	-96
2.29700	-95
2.30067	-94
2.30433	-92
2.30800	-90
2.31167	-89
2.31533	-88
2.31900	-87
2.32267	-86
2.32633	-86
2.33000	-86
2.33367	-86
2.33733	-86
2.34100	-85
2.34467	-85
2.34833	-84
2.35200	-83
2.35567	-82
2.35933	-81
2.36300	-80
2.36667	-79
2.37033	-77
2.37400	-75
2.37767	-72
2.38133	-70
2.38500	-66
2.38867	-63
2.39233	-59
2.39600	-55
2.39967	-51
2.40333	-47
2.40700	-43
2.41067	-39
2.41433	-35
2.41800	-32
2.42167	-29
2.42533	-26
2.42900	-24
2.43267	-21
2.43633	-19
2.44000	-16
2.44367	-14
2.44733	-11
2.45100	-9
2.45467	-7
2.45833	-5
2.46200	-4
2.46567	-3
2.46933	-1
2.47300	1
2.47667	2
2.48033	3
2.48400	4
2.48767	5
2.49133	5
2.49500	6
2.49867	7
2.50233	7
2.50600	8
2.50967	9
2.51333	10
2.51700	10
2.52067	11
2.52433	11
2.52800	11
2.53167	12
2.53533	12
2.53900	13
2.54267	13
2.54633	14
2.55000	14
2.55367	15
2.55733	15
2.56100	16
2.56467	16
2.56833	17
2.57200	17
2.57567	16
2.57933	16
2.58300	16
2.58667	16
2.59033	16
2.59400	16
2.59767	15
2.60133	15
2.60500	15
2.60867	15
2.61233	15
2.61600	15
2.61967	16
2.62333	17
2.62700	18
2.63067	19
2.63433	19
2.63800	20
2.64167	20
2.64533	20
2.64900	20
2.65267	19
2.65633	19
2.66000	19
2.66367	19
2.66733	19
2.67100	19
2.67467	19
2.67833	19
2.68200	20
2.68567	20
2.68933	21
2.69300	22
2.69667	22
2.70033	23
2.70400	23
2.70767	24
2.71133	24
2.71500	24
2.71867	24
2.72233	23
2.72600	23
2.72967	23
2.73333	23
2.73700	23
2.74067	23
2.74433	23
2.74800	24
2.75167	24
2.75533	25
2.75900	26
2.76267	26
2.76633	27
2.77000	27
2.77367	28
2.77733	28
2.78100	28
2.78467	28
2.78833	28
2.79200	27
2.79567	27
2.79933	26
2.80300	25
2.80667	25
2.81033	24
2.81400	24
2.81767	24
2.82133	24
2.82500	24
2.82867	25
2.83233	25
2.83600	25
2.83967	26
2.84333	26
2.84700	26
2.85067	26
2.85433	25
2.85800	24
2.86167	21
2.86533	17
2.86900	11
2.87267	3
2.87633	-10
2.88000	-25
2.88367	-45
2.88733	-69
2.89100	-96
2.89467	-127
2.89833	-162
2.90200	-200
2.90567	-241
2.90933	-284
2.91300	-330
2.91667	-377
2.92033	-426
2.92400	-476
2.92767	-526
2.93133	-577
2.93500	-627
2.93867	-678
2.94233	-728
2.94600	-777
2.94967	-826
2.95333	-878
2.95700	-935
2.96067	-997
2.96433	-1054
2.96800	-1095
2.97167	-1114
2.97533	-1105
2.97900	-1072
2.98267	-1019
2.98633	-951
2.99000	-875
2.99367	-794
2.99733	-713
3.00100	-635
3.00467	-561
3.00833	-492
3.01200	-429
3.01567	-372
3.01933	-321
3.02300	-276
3.02667	-236
3.03033	-202
3.03400	-171
3.03767	-145
3.04133	-122
3.04500	-103
3.04867	-86
3.05233	-72
3.05600	-59
3.05967	-49
3.06333	-40
3.06700	-32
3.07067	-26
3.07433	-20
3.07800	-15
3.08167	-11
3.08533	-7
3.08900	-4
3.09267	-2
3.09633	1
3.10000	3
3.10367	4
3.10733	6
3.11100	7
3.11467	8
3.11833	9
3.12200	10
3.12567	11
3.12933	12
3.13300	13
3.13667	13
3.14033	14
3.14400	15
3.14767	15
3.15133	16
3.15500	16
3.15867	16
3.16233	16
3.16600	17
3.16967	17
3.17333	17
3.17700	17
3.18067	18
3.18433	18
3.18800	18
3.19167	18
3.19533	18
3.19900	18
3.20267	18
3.20633	19
3.21000	19
3.21367	19
3.21733	20
3.22100	20
3.22467	20
3.22833	20
3.23200	21
3.23567	21
3.23933	21
3.24300	22
3.24667	22
3.25033	22
3.25400	22
3.25767	22
3.26133	22
3.26500	22
3.26867	22
3.27233	22
3.27600	22
3.27967	22
3.28333	22
3.28700	22
3.29067	22
3.29433	22
3.29800	22
3.30167	22
3.30533	22
3.30900	22
3.31267	23
3.31633	23
3.32000	23
3.32367	23
3.32733	23
3.33100	23
3.33467	23
3.33833	23
3.34200	23
3.34567	23
3.34933	23
3.35300	23
3.35667	23
3.36033	23
3.36400	23
3.36767	23
3.37133	23
3.37500	23
3.37867	23
3.38233	23
3.38600	23
3.38967	23
3.39333	24
3.39700	24
3.40067	24
3.40433	25
3.40800	25
3.41167	26
3.41533	26
3.41900	27
3.42267	27
3.42633	27
3.43000	27
3.43367	28
3.43733	28
3.44100	28
3.44467	27
3.44833	27
3.45200	27
3.45567	27
3.45933	27
3.46300	27
3.46667	28
3.47033	28
3.47400	28
3.47767	28
3.48133	28
3.48500	28
3.48867	28
3.49233	27
3.49600	27
3.49967	27
3.50333	27
3.50700	27
3.51067	27
3.51433	27
3.51800	27
3.52167	27
3.52533	27
3.52900	27
3.53267	27
3.53633	27
3.54000	27
3.54367	27
3.54733	27
3.55100	27
3.55467	27
3.55833	28
3.56200	28
3.56567	27
3.56933	28
3.57300	28
3.57667	28
3.58033	28
3.58400	28
3.58767	28
3.59133	28
3.59500	28
3.59867	28
3.60233	28
3.60600	28
3.60967	28
3.61333	28
3.61700	28
3.62067	28
3.62433	27
3.62800	27
3.63167	27
3.63533	27
3.63900	28
3.64267	28
3.64633	27
3.65000	27
3.65367	27
3.65733	27
3.66100	26
3.66467	26
3.66833	26
3.67200	26
3.67567	26
3.67933	26
3.68300	26
3.68667	26
3.69033	26
3.69400	26
3.69767	26
3.70133	26
3.70500	26
3.70867	26
3.71233	27
3.71600	27
3.71967	27
3.72333	27
3.72700	27
3.73067	27
3.73433	27
3.73800	27
3.74167	27
3.74533	27
3.74900	27
3.75267	26
3.75633	26
3.76000	26
3.76367	26
3.76733	26
3.77100	26
3.77467	26
3.77833	26
3.78200	26
3.78567	26
3.78933	26
3.79300	26
3.79667	26
3.80033	26
3.80400	27
3.80767	26
3.81133	26
3.81500	26
3.81867	26
3.82233	26
3.82600	26
3.82967	26
3.83333	26
3.83700	26
3.84067	25
3.84433	25
3.84800	26
3.85167	26
3.85533	26
3.85900	26
3.86267	26
3.86633	27
3.87000	27
3.87367	26
3.87733	26
3.88100	26
3.88467	26
3.88833	26
3.89200	26
3.89567	26
3.89933	26
3.90300	26
3.90667	26
3.91033	26
3.91400	26
3.91767	27
3.92133	27
3.92500	27
3.92867	27
3.93233	27
3.93600	26
3.93967	26
3.94333	26
3.94700	26
3.95067	26
3.95433	26
3.95800	26
3.96167	26
3.96533	26
3.96900	26
3.97267	26
3.97633	26
3.98000	26
3.98367	26
3.98733	26
3.99100	26
3.99467	26
3.99833	26

[Chromatogram (Ch3)]
Interval(msec)	220
# of Points	1091
Start Time(min)	0.002
End Time(min)	3.998
R.Time (min)	Intensity
0.00167	0
0.00533	1
0.00900	-0
0.01267	-1
0.01633	-2
0.02000	-2
0.02367	-2
0.02733	-3
0.03100	-4
0.03467	-5
0.03833	-2
0.04200	-0
0.04567	-1
0.04933	-1
0.05300	1
0.05667	2
0.06033	3
0.06400	4
0.06767	3
0.07133	3
0.07500	3
0.07867	5
0.08233	3
0.08600	2
0.08967	2
0.09333	1
0.09700	1
0.10067	1
0.10433	2
0.10800	2
0.11167	3
0.11533	4
0.11900	4
0.12267	6
0.12633	7
0.13000	7
0.13367	6
0.13733	7
0.14100	8
0.14467	9
0.14833	9
0.15200	7
0.15567	6
0.15933	7
0.16300	7
0.16667	7
0.17033	7
0.17400	7
0.17767	8
0.18133	7
0.18500	7
0.18867	6
0.19233	6
0.19600	6
0.19967	7
0.20333	9
0.20700	10
0.21067	10
0.21433	9
0.21800	7
0.22167	6
0.22533	7
0.22900	7
0.23267	7
0.23633	9
0.24000	10
0.24367	11
0.24733	13
0.25100	14
0.25467	13
0.25833	13
0.26200	12
0.26567	10
0.26933	7
0.27300	8
0.27667	8
0.28033	6
0.28400	5
0.28767	6
0.29133	8
0.29500	9
0.29867	12
0.30233	15
0.30600	15
0.30967	14
0.31333	12
0.31700	11
0.32067	11
0.32433	12
0.32800	14
0.33167	14
0.33533	13
0.33900	12
0.34267	11
0.34633	11
0.35000	12
0.35367	12
0.35733	12
0.36100	12
0.36467	14
0.36833	13
0.37200	11
0.37567	9
0.37933	11
0.38300	15
0.38667	17
0.39033	18
0.39400	19
0.39767	20
0.40133	18
0.40500	16
0.40867	15
0.41233	15
0.41600	14
0.41967	15
0.42333	16
0.42700	15
0.43067	14
0.43433	13
0.43800	14
0.44167	14
0.44533	14
0.44900	17
0.45267	21
0.45633	21
0.46000	18
0.46367	17
0.46733	17
0.47100	18
0.47467	19
0.47833	20
0.48200	20
0.48567	19
0.48933	20
0.49300	22
0.49667	23
0.50033	23
0.50400	25
0.50767	25
0.51133	23
0.51500	23
0.51867	24
0.52233	25
0.52600	25
0.52967	25
0.53333	23
0.53700	22
0.54067	20
0.54433	19
0.54800	21
0.55167	27
0.55533	31
0.55900	31
0.56267	29
0.56633	28
0.57000	27
0.57367	27
0.57733	25
0.58100	23
0.58467	23
0.58833	24
0.59200	23
0.59567	23
0.59933	23
0.60300	22
0.60667	21
0.61033	21
0.61400	19
0.61767	19
0.62133	21
0.62500	20
0.62867	21
0.63233	22
0.63600	24
0.63967	24
0.64333	24
0.64700	24
0.65067	24
0.65433	25
0.65800	24
0.66167	23
0.66533	20
0.66900	18
0.67267	20
0.67633	24
0.68000	27
0.68367	27
0.68733	27
0.69100	28
0.69467	26
0.69833	26
0.70200	28
0.70567	28
0.70933	27
0.71300	27
0.71667	30
0.72033	33
0.72400	34
0.72767	35
0.73133	34
0.73500	34
0.73867	34
0.74233	34
0.74600	34
0.74967	32
0.75333	31
0.75700	32
0.76067	32
0.76433	34
0.76800	34
0.77167	35
0.77533	34
0.77900	33
0.78267	34
0.78633	36
0.79000	39
0.79367	40
0.79733	40
0.80100	37
0.80467	33
0.80833	33
0.81200	35
0.81567	35
0.81933	37
0.82300	39
0.82667	38
0.83033	36
0.83400	37
0.83767	37
0.84133	36
0.84500	35
0.84867	34
0.85233	30
0.85600	29
0.85967	29
0.86333	29
0.86700	32
0.87067	34
0.87433	33
0.87800	32
0.88167	34
0.88533	35
0.88900	35
0.89267	35
0.89633	35
0.90000	35
0.90367	33
0.90733	30
0.91100	28
0.91467	29
0.91833	32
0.92200	34
0.92567	33
0.92933	33
0.93300	34
0.93667	35
0.94033	34
0.94400	33
0.94767	33
0.95133	33
0.95500	31
0.95867	27
0.96233	26
0.96600	28
0.96967	30
0.97333	30
0.97700	28
0.98067	27
0.98433	27
0.98800	28
0.99167	29
0.99533	31
0.99900	33
1.00267	34
1.00633	34
1.01000	32
1.01367	31
1.01733	30
1.02100	29
1.02467	29
1.02833	30
1.03200	32
1.03567	35
1.03933	35
1.04300	32
1.04667	30
1.05033	29
1.05400	31
1.05767	30
1.06133	30
1.06500	31
1.06867	32
1.07233	32
1.07600	32
1.07967	32
1.08333	31
1.08700	29
1.09067	28
1.09433	28
1.09800	29
1.10167	31
1.10533	33
1.10900	33
1.11267	35
1.11633	37
1.12000	37
1.12367	36
1.12733	36
1.13100	37
1.13467	36
1.13833	33
1.14200	30
1.14567	31
1.14933	30
1.15300	30
1.15667	31
1.16033	31
1.16400	31
1.16767	31
1.17133	31
1.17500	30
1.17867	30
1.18233	31
1.18600	29
1.18967	26
1.19333	26
1.19700	26
1.20067	27
1.20433	29
1.20800	29
1.21167	29
1.21533	29
1.21900	29
1.22267	27
1.22633	26
1.23000	26
1.23367	26
1.23733	29
1.24100	31
1.24467	33
1.24833	35
1.25200	36
1.25567	35
1.25933	32
1.26300	31
1.26667	31
1.27033	32
1.27400	33
1.27767	31
1.28133	30
1.28500	29
1.28867	26
1.29233	23
1.29600	24
1.29967	25
1.30333	24
1.30700	25
1.31067	26
1.31433	26
1.31800	26
1.32167	27
1.32533	27
1.32900	26
1.33267	26
1.33633	28
1.34000	30
1.34367	31
1.34733	29
1.35100	29
1.35467	28
1.35833	26
1.36200	27
1.36567	29
1.36933	28
1.37300	29
1.37667	30
1.38033	30
1.38400	29
1.38767	28
1.39133	26
1.39500	27
1.39867	26
1.40233	23
1.40600	21
1.40967	25
1.41333	27
1.41700	26
1.42067	26
1.42433	25
1.42800	23
1.43167	21
1.43533	19
1.43900	23
1.44267	26
1.44633	27
1.45000	29
1.45367	30
1.45733	31
1.46100	31
1.46467	28
1.46833	28
1.47200	29
1.47567	30
1.47933	30
1.48300	29
1.48667	26
1.49033	24
1.49400	22
1.49767	22
1.50133	22
1.50500	23
1.50867	23
1.51233	24
1.51600	23
1.51967	22
1.52333	21
1.52700	22
1.53067	25
1.53433	27
1.53800	30
1.54167	32
1.54533	32
1.54900	31
1.55267	32
1.55633	33
1.56000	34
1.56367	35
1.56733	33
1.57100	31
1.57467	31
1.57833	31
1.58200	30
1.58567	27
1.58933	27
1.59300	27
1.59667	27
1.60033	27
1.60400	29
1.60767	28
1.61133	28
1.61500	30
1.61867	30
1.62233	30
1.62600	31
1.62967	33
1.63333	35
1.63700	38
1.64067	38
1.64433	36
1.64800	34
1.65167	33
1.65533	31
1.65900	29
1.66267	29
1.66633	32
1.67000	35
1.67367	39
1.67733	40
1.68100	39
1.68467	38
1.68833	38
1.69200	37
1.69567	39
1.69933	40
1.70300	38
1.70667	37
1.71033	37
1.71400	36
1.71767	36
1.72133	35
1.72500	37
1.72867	36
1.73233	36
1.73600	36
1.73967	37
1.74333	40
1.74700	40
1.75067	41
1.75433	42
1.75800	40
1.76167	38
1.76533	38
1.76900	41
1.77267	44
1.77633	46
1.78000	47
1.78367	46
1.78733	47
1.79100	49
1.79467	49
1.79833	48
1.80200	47
1.80567	46
1.80933	46
1.81300	47
1.81667	49
1.82033	51
1.82400	52
1.82767	52
1.83133	55
1.83500	56
1.83867	55
1.84233	53
1.84600	51
1.84967	51
1.85333	51
1.85700	51
1.86067	52
1.86433	51
1.86800	51
1.87167	52
1.87533	54
1.87900	55
1.88267	54
1.88633	55
1.89000	56
1.89367	56
1.89733	54
1.90100	53
1.90467	55
1.90833	59
1.91200	63
1.91567	65
1.91933	64
1.92300	62
1.92667	62
1.93033	63
1.93400	63
1.93767	63
1.94133	64
1.94500	61
1.94867	59
1.95233	60
1.95600	61
1.95967	62
1.96333	63
1.96700	64
1.97067	66
1.97433	65
1.97800	64
1.98167	64
1.98533	64
1.98900	63
1.99267	64
1.99633	65
2.00000	64
2.00367	63
2.00733	66
2.01100	68
2.01467	68
2.01833	69
2.02200	70
2.02567	73
2.02933	75
2.03300	76
2.03667	77
2.04033	80
2.04400	81
2.04767	83
2.05133	83
2.05500	83
2.05867	84
2.06233	82
2.06600	82
2.06967	81
2.07333	83
2.07700	86
2.08067	86
2.08433	84
2.08800	84
2.09167	83
2.09533	81
2.09900	82
2.10267	84
2.10633	86
2.11000	87
2.11367	89
2.11733	91
2.12100	94
2.12467	97
2.12833	97
2.13200	97
2.13567	96
2.13933	96
2.14300	96
2.14667	96
2.15033	97
2.15400	96
2.15767	95
2.16133	96
2.16500	97
2.16867	99
2.17233	101
2.17600	101
2.17967	99
2.18333	99
2.18700	100
2.19067	103
2.19433	105
2.19800	107
2.20167	108
2.20533	108
2.20900	110
2.21267	110
2.21633	110
2.22000	111
2.22367	111
2.22733	112
2.23100	114
2.23467	114
2.23833	113
2.24200	115
2.24567	117
2.24933	118
2.25300	119
2.25667	122
2.26033	124
2.26400	124
2.26767	122
2.27133	123
2.27500	126
2.27867	128
2.28233	127
2.28600	126
2.28967	126
2.29333	123
2.29700	121
2.30067	122
2.30433	125
2.30800	128
2.31167	129
2.31533	128
2.31900	127
2.32267	128
2.32633	131
2.33000	132
2.33367	132
2.33733	133
2.34100	134
2.34467	134
2.34833	133
2.35200	133
2.35567	134
2.35933	136
2.36300	139
2.36667	140
2.37033	141
2.37400	141
2.37767	142
2.38133	142
2.38500	143
2.38867	141
2.39233	143
2.39600	146
2.39967	148
2.40333	150
2.40700	152
2.41067	153
2.41433	153
2.41800	155
2.42167	157
2.42533	156
2.42900	155
2.43267	157
2.43633	161
2.44000	164
2.44367	180
2.44733	232
2.45100	294
2.45467	339
2.45833	353
2.46200	346
2.46567	332
2.46933	320
2.47300	309
2.47667	292
2.48033	270
2.48400	245
2.48767	220
2.49133	201
2.49500	191
2.49867	187
2.50233	186
2.50600	188
2.50967	189
2.51333	190
2.51700	190
2.52067	186
2.52433	179
2.52800	170
2.53167	160
2.53533	149
2.53900	136
2.54267	125
2.54633	116
2.55000	109
2.55367	103
2.55733	99
2.56100	94
2.56467	93
2.56833	93
2.57200	94
2.57567	93
2.57933	92
2.58300	94
2.58667	97
2.59033	101
2.59400	105
2.59767	110
2.60133	114
2.60500	117
2.60867	117
2.61233	108
2.61600	91
2.61967	68
2.62333	37
2.62700	2
2.63067	-37
2.63433	-76
2.63800	-111
2.64167	-141
2.64533	-167
2.64900	-185
2.65267	-197
2.65633	-206
2.66000	-214
2.66367	-217
2.66733	-216
2.67100	-212
2.67467	-208
2.67833	-200
2.68200	-190
2.68567	-180
2.68933	-170
2.69300	-162
2.69667	-152
2.70033	-141
2.70400	-132
2.70767	-135
2.71133	-148
2.71500	-148
2.71867	-125
2.72233	-85
2.72600	-39
2.72967	1
2.73333	33
2.73700	64
2.74067	101
2.74433	148
2.74800	200
2.75167	257
2.75533	311
2.75900	363
2.76267	412
2.76633	458
2.77000	498
2.77367	535
2.77733	569
2.78100	600
2.78467	626
2.78833	650
2.79200	671
2.79567	689
2.79933	705
2.80300	720
2.80667	732
2.81033	741
2.81400	747
2.81767	749
2.82133	752
2.82500	756
2.82867	764
2.83233	773
2.83600	800
2.83967	861
2.84333	975
2.84700	1167
2.85067	1457
2.85433	1859
2.85800	2365
2.86167	2958
2.86533	3602
2.86900	4247
2.87267	4842
2.87633	5338
2.88000	5696
2.88367	5895
2.88733	5939
2.89100	5844
2.89467	5634
2.89833	5339
2.90200	4987
2.90567	4608
2.90933	4224
2.91300	3849
2.91667	3492
2.92033	3161
2.92400	2858
2.92767	2582
2.93133	2334
2.93500	2117
2.93867	1927
2.94233	1762
2.94600	1616
2.94967	1488
2.95333	1376
2.95700	1279
2.96067	1194
2.96433	1123
2.96800	1060
2.97167	1005
2.97533	958
2.97900	919
2.98267	888
2.98633	862
2.99000	837
2.99367	816
2.99733	797
3.00100	780
3.00467	766
3.00833	754
3.01200	743
3.01567	735
3.01933	730
3.02300	722
3.02667	715
3.03033	712
3.03400	711
3.03767	709
3.04133	704
3.04500	703
3.04867	702
3.05233	698
3.05600	695
3.05967	696
3.06333	697
3.06700	694
3.07067	691
3.07433	689
3.07800	688
3.08167	688
3.08533	689
3.08900	689
3.09267	687
3.09633	687
3.10000	689
3.10367	689
3.10733	689
3.11100	689
3.11467	687
3.11833	685
3.12200	683
3.12567	681
3.12933	676
3.13300	674
3.13667	673
3.14033	671
3.14400	669
3.14767	669
3.15133	669
3.15500	666
3.15867	663
3.16233	659
3.16600	658
3.16967	656
3.17333	657
3.17700	659
3.18067	661
3.18433	660
3.18800	656
3.19167	653
3.19533	647
3.19900	642
3.20267	638
3.20633	635
3.21000	631
3.21367	631
3.21733	628
3.22100	624
3.22467	620
3.22833	618
3.23200	616
3.23567	613
3.23933	610
3.24300	606
3.24667	601
3.25033	597
3.25400	595
3.25767	590
3.26133	588
3.26500	588
3.26867	587
3.27233	585
3.27600	584
3.27967	581
3.28333	575
3.28700	569
3.29067	564
3.29433	559
3.29800	553
3.30167	548
3.30533	547
3.30900	546
3.31267	544
3.31633	543
3.32000	542
3.32367	537
3.32733	533
3.33100	530
3.33467	528
3.33833	524
3.34200	519
3.34567	513
3.34933	509
3.35300	504
3.35667	499
3.36033	496
3.36400	493
3.36767	491
3.37133	487
3.37500	485
3.37867	482
3.38233	481
3.38600	482
3.38967	480
3.39333	479
3.39700	475
3.40067	471
3.40433	467
3.40800	465
3.41167	460
3.41533	457
3.41900	456
3.42267	453
3.42633	448
3.43000	444
3.43367	442
3.43733	440
3.44100	435
3.44467	434
3.44833	432
3.45200	429
3.45567	427
3.45933	424
3.46300	423
3.46667	421
3.47033	419
3.47400	415
3.47767	410
3.48133	405
3.48500	403
3.48867	400
3.49233	400
3.49600	400
3.49967	399
3.50333	395
3.50700	391
3.51067	388
3.51433	386
3.51800	382
3.52167	378
3.52533	378
3.52900	377
3.53267	374
3.53633	372
3.54000	371
3.54367	372
3.54733	371
3.55100	368
3.55467	366
3.55833	364
3.56200	363
3.56567	360
3.56933	358
3.57300	357
3.57667	358
3.58033	358
3.58400	359
3.58767	359
3.59133	355
3.59500	350
3.59867	346
3.60233	346
3.60600	344
3.60967	341
3.61333	338
3.61700	337
3.62067	337
3.62433	336
3.62800	335
3.63167	331
3.63533	328
3.63900	325
3.64267	325
3.64633	325
3.65000	326
3.65367	325
3.65733	323
3.66100	322
3.66467	320
3.66833	319
3.67200	319
3.67567	317
3.67933	317
3.68300	316
3.68667	312
3.69033	309
3.69400	306
3.69767	306
3.70133	305
3.70500	304
3.70867	301
3.71233	300
3.71600	301
3.71967	302
3.72333	303
3.72700	304
3.73067	303
3.73433	303
3.73800	300
3.74167	295
3.74533	291
3.74900	289
3.75267	288
3.75633	287
3.76000	286
3.76367	289
3.76733	289
3.77100	286
3.77467	284
3.77833	281
3.78200	279
3.78567	276
3.78933	277
3.79300	277
3.79667	275
3.80033	275
3.80400	275
3.80767	275
3.81133	275
3.81500	275
3.81867	275
3.82233	275
3.82600	274
3.82967	273
3.83333	272
3.83700	273
3.84067	274
3.84433	273
3.84800	271
3.85167	269
3.85533	268
3.85900	267
3.86267	265
3.86633	266
3.87000	267
3.87367	266
3.87733	261
3.88100	260
3.88467	261
3.88833	261
3.89200	260
3.89567	257
3.89933	257
3.90300	256
3.90667	256
3.91033	257
3.91400	256
3.91767	254
3.92133	250
3.92500	248
3.92867	249
3.93233	249
3.93600	248
3.93967	247
3.94333	245
3.94700	243
3.95067	240
3.95433	240
3.95800	241
3.96167	243
3.96533	242
3.96900	241
3.97267	240
3.97633	240
3.98000	241
3.98367	241
3.98733	239
3.99100	236
3.99467	232
3.99833	229

[Status Trace (Column Oven Temperature)]
Interval(msec)	1000
# of Points	240
Start Time(min)	0.009
End Time(min)	3.992
Intensity Units	
Intensity Multiplier	1
R.Time (min)	Intensity
0.00878	35.01
0.02545	35.01
0.04212	35.01
0.05878	35.00
0.07545	35.01
0.09212	35.01
0.10878	35.00
0.12545	35.00
0.14212	34.99
0.15878	34.99
0.17545	34.99
0.19212	34.98
0.20878	34.99
0.22545	34.99
0.24212	35.00
0.25878	35.01
0.27545	35.01
0.29212	35.01
0.30878	35.01
0.32545	35.01
0.34212	35.02
0.35878	35.01
0.37545	35.01
0.39212	35.01
0.40878	35.00
0.42545	35.00
0.44212	34.98
0.45878	34.99
0.47545	34.99
0.49212	34.98
0.50878	34.99
0.52545	34.99
0.54212	34.99
0.55878	35.00
0.57545	35.00
0.59212	35.00
0.60878	35.00
0.62545	35.00
0.64212	35.00
0.65878	35.00
0.67545	35.01
0.69212	35.02
0.70878	35.02
0.72545	35.01
0.74212	35.01
0.75878	35.02
0.77545	35.03
0.79212	35.03
0.80878	35.02
0.82545	35.01
0.84212	35.02
0.85878	35.01
0.87545	35.00
0.89212	34.99
0.90878	34.98
0.92545	34.98
0.94212	34.98
0.95878	34.99
0.97545	34.99
0.99212	35.00
1.00878	35.00
1.02545	35.00
1.04212	35.01
1.05878	35.01
1.07545	35.02
1.09212	35.01
1.10878	35.01
1.12545	35.00
1.14212	34.99
1.15878	34.98
1.17545	35.00
1.19212	34.99
1.20878	35.00
1.22545	35.00
1.24212	35.01
1.25878	35.02
1.27545	35.03
1.29212	35.02
1.30878	35.02
1.32545	35.01
1.34212	35.00
1.35878	34.99
1.37545	34.99
1.39212	35.00
1.40878	34.99
1.42545	35.00
1.44212	35.00
1.45878	35.00
1.47545	34.99
1.49212	34.99
1.50878	34.99
1.52545	34.99
1.54212	34.99
1.55878	34.99
1.57545	34.99
1.59212	35.00
1.60878	35.06
1.62545	35.19
1.64212	35.38
1.65878	35.63
1.67545	35.98
1.69212	36.35
1.70878	36.70
1.72545	37.03
1.74212	37.38
1.75878	37.69
1.77545	38.00
1.79212	38.35
1.80878	38.70
1.82545	39.02
1.84212	39.36
1.85878	39.70
1.87545	40.01
1.89212	40.34
1.90878	40.67
1.92545	40.99
1.94212	41.33
1.95878	41.65
1.97545	41.98
1.99212	42.30
2.00878	42.63
2.02545	42.96
2.04212	43.28
2.05878	43.60
2.07545	43.93
2.09212	44.26
2.10878	44.59
2.12545	44.91
2.14212	45.22
2.15878	45.56
2.17545	45.88
2.19212	46.20
2.20878	46.52
2.22545	46.85
2.24212	47.16
2.25878	47.52
2.27545	47.89
2.29212	48.23
2.30878	48.55
2.32545	48.88
2.34212	49.19
2.35878	49.47
2.37545	49.64
2.39212	49.68
2.40878	49.67
2.42545	49.69
2.44212	49.68
2.45878	49.69
2.47545	49.68
2.49212	49.71
2.50878	49.71
2.52545	49.73
2.54212	49.74
2.55878	49.75
2.57545	49.77
2.59212	49.78
2.60878	49.80
2.62545	49.79
2.64212	49.82
2.65878	49.85
2.67545	49.86
2.69212	49.84
2.70878	49.85
2.72545	49.87
2.74212	49.86
2.75878	49.85
2.77545	49.84
2.79212	49.86
2.80878	49.87
2.82545	49.88
2.84212	49.88
2.85878	49.88
2.87545	49.89
2.89212	49.89
2.90878	49.89
2.92545	49.90
2.94212	49.90
2.95878	49.91
2.97545	49.93
2.99212	49.95
3.00878	49.97
3.02545	49.98
3.04212	49.98
3.05878	49.99
3.07545	49.99
3.09212	50.00
3.10878	50.00
3.12545	50.00
3.14212	50.01
3.15878	50.01
3.17545	50.02
3.19212	50.03
3.20878	50.03
3.22545	50.03
3.24212	50.04
3.25878	50.04
3.27545	50.06
3.29212	50.07
3.30878	50.09
3.32545	50.09
3.34212	50.09
3.35878	50.11
3.37545	50.11
3.39212	50.10
3.40878	50.10
3.42545	50.09
3.44212	50.08
3.45878	50.07
3.47545	50.07
3.49212	50.07
3.50878	50.07
3.52545	50.07
3.54212	50.06
3.55878	50.06
3.57545	50.05
3.59212	50.04
3.60878	50.04
3.62545	50.04
3.64212	50.04
3.65878	50.04
3.67545	50.04
3.69212	50.04
3.70878	50.04
3.72545	50.04
3.74212	50.04
3.75878	50.05
3.77545	50.05
3.79212	50.06
3.80878	50.06
3.82545	50.06
3.84212	50.07
3.85878	50.06
3.87545	50.05
3.89212	50.05
3.90878	50.05
3.92545	50.05
3.94212	50.06
3.95878	50.06
3.97545	50.06
3.99212	50.06

[Status Trace (Injection Unit Temperature)]
Interval(msec)	1000
# of Points	240
Start Time(min)	0.009
End Time(min)	3.992
Intensity Units	
Intensity Multiplier	1
R.Time (min)	Intensity
0.00878	99.99
0.02545	99.99
0.04212	99.98
0.05878	99.98
0.07545	99.99
0.09212	99.99
0.10878	99.98
0.12545	99.99
0.14212	99.98
0.15878	99.98
0.17545	99.98
0.19212	99.99
0.20878	99.99
0.22545	99.98
0.24212	99.98
0.25878	99.98
0.27545	99.98
0.29212	99.98
0.30878	99.99
0.32545	99.98
0.34212	99.98
0.35878	99.98
0.37545	99.98
0.39212	99.98
0.40878	99.98
0.42545	99.98
0.44212	99.98
0.45878	99.98
0.47545	99.98
0.49212	99.98
0.50878	99.98
0.52545	99.98
0.54212	99.98
0.55878	99.99
0.57545	99.98
0.59212	99.98
0.60878	99.98
0.62545	99.98
0.64212	99.98
0.65878	99.98
0.67545	99.98
0.69212	99.99
0.70878	99.98
0.72545	99.98
0.74212	99.98
0.75878	99.98
0.77545	99.98
0.79212	99.98
0.80878	99.98
0.82545	99.98
0.84212	99.98
0.85878	99.99
0.87545	99.99
0.89212	99.98
0.90878	99.98
0.92545	99.99
0.94212	99.99
0.95878	99.99
0.97545	99.99
0.99212	99.99
1.00878	99.99
1.02545	99.99
1.04212	99.99
1.05878	99.98
1.07545	99.99
1.09212	99.98
1.10878	99.99
1.12545	99.99
1.14212	99.99
1.15878	99.99
1.17545	99.99
1.19212	99.99
1.20878	99.99
1.22545	99.99
1.24212	99.99
1.25878	99.99
1.27545	99.99
1.29212	99.99
1.30878	99.99
1.32545	99.99
1.34212	99.99
1.35878	99.99
1.37545	99.99
1.39212	99.99
1.40878	99.99
1.42545	99.99
1.44212	99.99
1.45878	99.99
1.47545	99.99
1.49212	99.99
1.50878	99.99
1.52545	99.99
1.54212	99.99
1.55878	99.99
1.57545	99.99
1.59212	99.99
1.60878	99.99
1.62545	99.98
1.64212	99.99
1.65878	99.99
1.67545	99.99
1.69212	99.99
1.70878	99.99
1.72545	99.99
1.74212	99.99
1.75878	99.99
1.77545	99.99
1.79212	99.99
1.80878	99.98
1.82545	99.98
1.84212	99.99
1.85878	99.98
1.87545	99.98
1.89212	99.98
1.90878	99.98
1.92545	99.98
1.94212	99.98
1.95878	99.98
1.97545	99.98
1.99212	99.98
2.00878	99.98
2.02545	99.98
2.04212	99.98
2.05878	99.98
2.07545	99.98
2.09212	99.97
2.10878	99.97
2.12545	99.97
2.14212	99.97
2.15878	99.97
2.17545	99.97
2.19212	99.97
2.20878	99.97
2.22545	99.97
2.24212	99.97
2.25878	99.97
2.27545	99.97
2.29212	99.97
2.30878	99.96
2.32545	99.97
2.34212	99.97
2.35878	99.97
2.37545	99.97
2.39212	99.97
2.40878	99.97
2.42545	99.97
2.44212	99.97
2.45878	99.97
2.47545	99.97
2.49212	99.97
2.50878	99.97
2.52545	99.97
2.54212	99.97
2.55878	99.98
2.57545	99.98
2.59212	99.98
2.60878	99.98
2.62545	99.98
2.64212	99.98
2.65878	99.98
2.67545	99.98
2.69212	99.99
2.70878	99.99
2.72545	99.99
2.74212	99.99
2.75878	99.99
2.77545	99.99
2.79212	99.99
2.80878	99.99
2.82545	99.99
2.84212	99.99
2.85878	100.00
2.87545	100.00
2.89212	100.00
2.90878	100.00
2.92545	100.00
2.94212	100.01
2.95878	100.01
2.97545	100.01
2.99212	100.01
3.00878	100.01
3.02545	100.02
3.04212	100.01
3.05878	100.01
3.07545	100.02
3.09212	100.02
3.10878	100.02
3.12545	100.02
3.14212	100.02
3.15878	100.02
3.17545	100.02
3.19212	100.02
3.20878	100.03
3.22545	100.03
3.24212	100.03
3.25878	100.03
3.27545	100.03
3.29212	100.03
3.30878	100.02
3.32545	100.03
3.34212	100.03
3.35878	100.04
3.37545	100.04
3.39212	100.04
3.40878	100.04
3.42545	100.04
3.44212	100.04
3.45878	100.04
3.47545	100.04
3.49212	100.04
3.50878	100.04
3.52545	100.04
3.54212	100.04
3.55878	100.04
3.57545	100.04
3.59212	100.04
3.60878	100.04
3.62545	100.04
3.64212	100.04
3.65878	100.04
3.67545	100.04
3.69212	100.04
3.70878	100.04
3.72545	100.03
3.74212	100.04
3.75878	100.04
3.77545	100.04
3.79212	100.04
3.80878	100.04
3.82545	100.04
3.84212	100.04
3.85878	100.04
3.87545	100.04
3.89212	100.04
3.90878	100.04
3.92545	100.04
3.94212	100.04
3.95878	100.04
3.97545	100.04
3.99212	100.04

[Status Trace (Carrier Gas Pressure)]
Interval(msec)	1000
# of Points	240
Start Time(min)	0.009
End Time(min)	3.992
Intensity Units	
Intensity Multiplier	1
R.Time (min)	Intensity
0.00878	58.00
0.02545	55.33
0.04212	57.17
0.05878	59.30
0.07545	59.48
0.09212	58.07
0.10878	57.98
0.12545	58.01
0.14212	58.01
0.15878	58.01
0.17545	58.00
0.19212	58.00
0.20878	58.00
0.22545	58.00
0.24212	58.00
0.25878	58.00
0.27545	58.00
0.29212	58.00
0.30878	58.00
0.32545	58.00
0.34212	58.00
0.35878	58.00
0.37545	58.00
0.39212	58.00
0.40878	58.00
0.42545	58.00
0.44212	58.00
0.45878	58.00
0.47545	58.00
0.49212	58.00
0.50878	58.00
0.52545	58.00
0.54212	58.00
0.55878	58.00
0.57545	58.00
0.59212	58.00
0.60878	58.00
0.62545	58.00
0.64212	58.00
0.65878	58.00
0.67545	58.00
0.69212	58.00
0.70878	58.00
0.72545	58.00
0.74212	58.00
0.75878	58.00
0.77545	58.00
0.79212	58.00
0.80878	58.00
0.82545	58.00
0.84212	58.00
0.85878	58.00
0.87545	58.00
0.89212	58.00
0.90878	58.00
0.92545	58.00
0.94212	58.00
0.95878	58.00
0.97545	58.00
0.99212	58.00
1.00878	58.00
1.02545	58.00
1.04212	58.00
1.05878	58.00
1.07545	58.00
1.09212	58.00
1.10878	58.00
1.12545	58.00
1.14212	58.00
1.15878	58.00
1.17545	58.00
1.19212	58.00
1.20878	58.00
1.22545	58.00
1.24212	58.00
1.25878	58.00
1.27545	58.00
1.29212	58.00
1.30878	58.00
1.32545	58.00
1.34212	58.00
1.35878	58.00
1.37545	58.00
1.39212	58.00
1.40878	58.00
1.42545	58.00
1.44212	58.00
1.45878	58.00
1.47545	58.00
1.49212	58.00
1.50878	58.00
1.52545	58.00
1.54212	58.00
1.55878	58.00
1.57545	58.00
1.59212	58.00
1.60878	58.00
1.62545	58.00
1.64212	58.01
1.65878	58.00
1.67545	58.01
1.69212	58.01
1.70878	58.00
1.72545	58.00
1.74212	58.00
1.75878	58.00
1.77545	58.00
1.79212	58.00
1.80878	58.00
1.82545	58.00
1.84212	58.00
1.85878	58.00
1.87545	58.00
1.89212	58.00
1.90878	58.00
1.92545	58.00
1.94212	58.00
1.95878	58.00
1.97545	58.00
1.99212	58.00
2.00878	58.00
2.02545	58.00
2.04212	58.00
2.05878	58.00
2.07545	58.00
2.09212	58.00
2.10878	58.00
2.12545	58.00
2.14212	58.00
2.15878	58.00
2.17545	58.00
2.19212	58.00
2.20878	58.00
2.22545	58.00
2.24212	58.00
2.25878	58.00
2.27545	58.00
2.29212	58.00
2.30878	58.00
2.32545	58.00
2.34212	58.00
2.35878	58.00
2.37545	58.00
2.39212	57.99
2.40878	57.99
2.42545	58.00
2.44212	58.00
2.45878	58.00
2.47545	58.00
2.49212	58.00
2.50878	58.00
2.52545	57.98
2.54212	58.00
2.55878	58.00
2.57545	58.00
2.59212	58.00
2.60878	58.00
2.62545	58.00
2.64212	58.00
2.65878	58.00
2.67545	58.00
2.69212	58.00
2.70878	58.00
2.72545	58.00
2.74212	58.00
2.75878	58.00
2.77545	58.00
2.79212	58.00
2.80878	58.00
2.82545	58.00
2.84212	58.00
2.85878	58.00
2.87545	58.00
2.89212	58.00
2.90878	58.00
2.92545	58.00
2.94212	58.00
2.95878	58.00
2.97545	58.00
2.99212	58.00
3.00878	58.00
3.02545	58.00
3.04212	58.00
3.05878	58.00
3.07545	58.00
3.09212	58.00
3.10878	58.00
3.12545	58.00
3.14212	58.00
3.15878	58.00
3.17545	58.00
3.19212	58.00
3.20878	58.00
3.22545	58.00
3.24212	58.00
3.25878	58.00
3.27545	58.00
3.29212	58.00
3.30878	58.00
3.32545	58.00
3.34212	58.00
3.35878	58.00
3.37545	58.00
3.39212	58.00
3.40878	58.00
3.42545	58.00
3.44212	58.00
3.45878	58.00
3.47545	58.00
3.49212	58.00
3.50878	58.00
3.52545	58.00
3.54212	58.00
3.55878	58.00
3.57545	58.00
3.59212	58.00
3.60878	58.00
3.62545	58.00
3.64212	58.00
3.65878	58.00
3.67545	58.00
3.69212	58.00
3.70878	58.00
3.72545	58.00
3.74212	58.00
3.75878	58.00
3.77545	58.00
3.79212	58.00
3.80878	58.00
3.82545	58.00
3.84212	58.00
3.85878	58.00
3.87545	58.00
3.89212	58.00
3.90878	58.00
3.92545	58.00
3.94212	58.00
3.95878	58.00
3.97545	58.00
3.99212	58.00

[Status Trace (Carrier Gas Flow)]
Interval(msec)	1000
# of Points	240
Start Time(min)	0.009
End Time(min)	3.992
Intensity Units	
Intensity Multiplier	1
R.Time (min)	Intensity
0.00878	34.52
0.02545	34.54
0.04212	34.54
0.05878	34.55
0.07545	34.51
0.09212	34.52
0.10878	34.52
0.12545	34.52
0.14212	34.52
0.15878	34.52
0.17545	34.52
0.19212	34.52
0.20878	34.52
0.22545	34.52
0.24212	34.52
0.25878	34.52
0.27545	34.52
0.29212	34.52
0.30878	34.52
0.32545	34.52
0.34212	34.52
0.35878	34.52
0.37545	34.52
0.39212	34.52
0.40878	34.52
0.42545	34.52
0.44212	34.52
0.45878	34.52
0.47545	34.52
0.49212	34.52
0.50878	34.52
0.52545	34.52
0.54212	34.52
0.55878	34.52
0.57545	34.52
0.59212	34.52
0.60878	34.52
0.62545	34.52
0.64212	34.52
0.65878	34.52
0.67545	34.52
0.69212	34.52
0.70878	34.52
0.72545	34.52
0.74212	34.52
0.75878	34.52
0.77545	34.52
0.79212	34.52
0.80878	34.52
0.82545	34.52
0.84212	34.52
0.85878	34.52
0.87545	34.52
0.89212	34.52
0.90878	34.52
0.92545	34.52
0.94212	34.52
0.95878	34.52
0.97545	34.52
0.99212	34.52
1.00878	34.52
1.02545	34.52
1.04212	34.52
1.05878	34.52
1.07545	34.52
1.09212	34.52
1.10878	34.52
1.12545	34.52
1.14212	34.52
1.15878	34.52
1.17545	34.52
1.19212	34.52
1.20878	34.52
1.22545	34.52
1.24212	34.52
1.25878	34.52
1.27545	34.52
1.29212	34.52
1.30878	34.52
1.32545	34.52
1.34212	34.52
1.35878	34.52
1.37545	34.52
1.39212	34.52
1.40878	34.52
1.42545	34.52
1.44212	34.52
1.45878	34.52
1.47545	34.52
1.49212	34.52
1.50878	34.52
1.52545	34.52
1.54212	34.52
1.55878	34.52
1.57545	34.52
1.59212	34.52
1.60878	34.52
1.62545	34.52
1.64212	34.52
1.65878	34.52
1.67545	34.52
1.69212	34.52
1.70878	34.52
1.72545	34.52
1.74212	34.52
1.75878	34.52
1.77545	34.52
1.79212	34.52
1.80878	34.52
1.82545	34.52
1.84212	34.52
1.85878	34.52
1.87545	34.52
1.89212	34.52
1.90878	34.52
1.92545	34.52
1.94212	34.52
1.95878	34.52
1.97545	34.52
1.99212	34.52
2.00878	34.52
2.02545	34.52
2.04212	34.52
2.05878	34.52
2.07545	34.52
2.09212	34.52
2.10878	34.52
2.12545	34.52
2.14212	34.52
2.15878	34.52
2.17545	34.52
2.19212	34.52
2.20878	34.52
2.22545	34.52
2.24212	34.52
2.25878	34.52
2.27545	34.52
2.29212	34.52
2.30878	34.52
2.32545	34.52
2.34212	34.52
2.35878	34.52
2.37545	34.52
2.39212	34.52
2.40878	34.52
2.42545	34.52
2.44212	34.52
2.45878	34.51
2.47545	34.51
2.49212	34.51
2.50878	34.48
2.52545	34.52
2.54212	34.52
2.55878	34.52
2.57545	34.52
2.59212	34.52
2.60878	34.53
2.62545	34.51
2.64212	34.52
2.65878	34.52
2.67545	34.52
2.69212	34.52
2.70878	34.52
2.72545	34.52
2.74212	34.52
2.75878	34.52
2.77545	34.53
2.79212	34.52
2.80878	34.52
2.82545	34.52
2.84212	34.52
2.85878	34.52
2.87545	34.53
2.89212	34.52
2.90878	34.52
2.92545	34.52
2.94212	34.52
2.95878	34.52
2.97545	34.52
2.99212	34.52
3.00878	34.52
3.02545	34.52
3.04212	34.52
3.05878	34.52
3.07545	34.52
3.09212	34.52
3.10878	34.52
3.12545	34.52
3.14212	34.52
3.15878	34.52
3.17545	34.52
3.19212	34.52
3.20878	34.52
3.22545	34.52
3.24212	34.52
3.25878	34.52
3.27545	34.52
3.29212	34.52
3.30878	34.52
3.32545	34.52
3.34212	34.52
3.35878	34.52
3.37545	34.52
3.39212	34.52
3.40878	34.52
3.42545	34.52
3.44212	34.52
3.45878	34.52
3.47545	34.52
3.49212	34.52
3.50878	34.52
3.52545	34.52
3.54212	34.52
3.55878	34.52
3.57545	34.52
3.59212	34.52
3.60878	34.52
3.62545	34.52
3.64212	34.52
3.65878	34.52
3.67545	34.52
3.69212	34.52
3.70878	34.52
3.72545	34.52
3.74212	34.52
3.75878	34.52
3.77545	34.52
3.79212	34.52
3.80878	34.52
3.82545	34.52
3.84212	34.52
3.85878	34.52
3.87545	34.52
3.89212	34.52
3.90878	34.52
3.92545	34.52
3.94212	34.52
3.95878	34.52
3.97545	34.52
3.99212	34.52

[Status Trace (Column Flow)]
Interval(msec)	1000
# of Points	240
Start Time(min)	0.009
End Time(min)	3.992
Intensity Units	
Intensity Multiplier	1
R.Time (min)	Intensity
0.00878	5.56
0.02545	5.25
0.04212	5.46
0.05878	5.71
0.07545	5.73
0.09212	5.56
0.10878	5.55
0.12545	5.56
0.14212	5.56
0.15878	5.56
0.17545	5.56
0.19212	5.56
0.20878	5.56
0.22545	5.56
0.24212	5.56
0.25878	5.56
0.27545	5.56
0.29212	5.56
0.30878	5.56
0.32545	5.56
0.34212	5.56
0.35878	5.56
0.37545	5.56
0.39212	5.56
0.40878	5.56
0.42545	5.56
0.44212	5.56
0.45878	5.56
0.47545	5.56
0.49212	5.56
0.50878	5.56
0.52545	5.56
0.54212	5.56
0.55878	5.56
0.57545	5.56
0.59212	5.56
0.60878	5.56
0.62545	5.56
0.64212	5.56
0.65878	5.56
0.67545	5.56
0.69212	5.56
0.70878	5.56
0.72545	5.56
0.74212	5.56
0.75878	5.56
0.77545	5.56
0.79212	5.56
0.80878	5.56
0.82545	5.56
0.84212	5.56
0.85878	5.56
0.87545	5.56
0.89212	5.56
0.90878	5.56
0.92545	5.56
0.94212	5.56
0.95878	5.56
0.97545	5.56
0.99212	5.56
1.00878	5.56
1.02545	5.56
1.04212	5.56
1.05878	5.56
1.07545	5.56
1.09212	5.56
1.10878	5.56
1.12545	5.56
1.14212	5.56
1.15878	5.56
1.17545	5.56
1.19212	5.56
1.20878	5.56
1.22545	5.56
1.24212	5.56
1.25878	5.56
1.27545	5.56
1.29212	5.56
1.30878	5.56
1.32545	5.56
1.34212	5.56
1.35878	5.56
1.37545	5.56
1.39212	5.56
1.40878	5.56
1.42545	5.56
1.44212	5.56
1.45878	5.56
1.47545	5.56
1.49212	5.56
1.50878	5.56
1.52545	5.56
1.54212	5.56
1.55878	5.56
1.57545	5.56
1.59212	5.56
1.60878	5.56
1.62545	5.55
1.64212	5.55
1.65878	5.54
1.67545	5.53
1.69212	5.52
1.70878	5.50
1.72545	5.49
1.74212	5.48
1.75878	5.47
1.77545	5.46
1.79212	5.45
1.80878	5.44
1.82545	5.43
1.84212	5.42
1.85878	5.41
1.87545	5.40
1.89212	5.39
1.90878	5.38
1.92545	5.37
1.94212	5.36
1.95878	5.35
1.97545	5.34
1.99212	5.33
2.00878	5.32
2.02545	5.31
2.04212	5.30
2.05878	5.29
2.07545	5.29
2.09212	5.27
2.10878	5.27
2.12545	5.26
2.14212	5.25
2.15878	5.24
2.17545	5.23
2.19212	5.22
2.20878	5.21
2.22545	5.20
2.24212	5.19
2.25878	5.18
2.27545	5.17
2.29212	5.16
2.30878	5.15
2.32545	5.14
2.34212	5.13
2.35878	5.13
2.37545	5.12
2.39212	5.12
2.40878	5.12
2.42545	5.12
2.44212	5.12
2.45878	5.12
2.47545	5.12
2.49212	5.12
2.50878	5.12
2.52545	5.12
2.54212	5.12
2.55878	5.12
2.57545	5.12
2.59212	5.12
2.60878	5.12
2.62545	5.12
2.64212	5.12
2.65878	5.12
2.67545	5.11
2.69212	5.12
2.70878	5.12
2.72545	5.11
2.74212	5.11
2.75878	5.11
2.77545	5.12
2.79212	5.11
2.80878	5.11
2.82545	5.11
2.84212	5.11
2.85878	5.11
2.87545	5.11
2.89212	5.11
2.90878	5.11
2.92545	5.11
2.94212	5.11
2.95878	5.11
2.97545	5.11
2.99212	5.11
3.00878	5.11
3.02545	5.11
3.04212	5.11
3.05878	5.11
3.07545	5.11
3.09212	5.11
3.10878	5.11
3.12545	5.11
3.14212	5.11
3.15878	5.11
3.17545	5.11
3.19212	5.11
3.20878	5.11
3.22545	5.11
3.24212	5.11
3.25878	5.11
3.27545	5.11
3.29212	5.11
3.30878	5.11
3.32545	5.11
3.34212	5.11
3.35878	5.11
3.37545	5.11
3.39212	5.11
3.40878	5.11
3.42545	5.11
3.44212	5.11
3.45878	5.11
3.47545	5.11
3.49212	5.11
3.50878	5.11
3.52545	5.11
3.54212	5.11
3.55878	5.11
3.57545	5.11
3.59212	5.11
3.60878	5.11
3.62545	5.11
3.64212	5.11
3.65878	5.11
3.67545	5.11
3.69212	5.11
3.70878	5.11
3.72545	5.11
3.74212	5.11
3.75878	5.11
3.77545	5.11
3.79212	5.11
3.80878	5.11
3.82545	5.11
3.84212	5.11
3.85878	5.11
3.87545	5.11
3.89212	5.11
3.90878	5.11
3.92545	5.11
3.94212	5.11
3.95878	5.11
3.97545	5.11
3.99212	5.11

[Status Trace (Linear Velocity)]
Interval(msec)	1000
# of Points	240
Start Time(min)	0.009
End Time(min)	3.992
Intensity Units	
Intensity Multiplier	1
R.Time (min)	Intensity
0.00878	39.02
0.02545	37.27
0.04212	38.48
0.05878	39.88
0.07545	40.00
0.09212	39.07
0.10878	39.01
0.12545	39.03
0.14212	39.03
0.15878	39.03
0.17545	39.03
0.19212	39.03
0.20878	39.03
0.22545	39.03
0.24212	39.03
0.25878	39.03
0.27545	39.02
0.29212	39.02
0.30878	39.02
0.32545	39.03
0.34212	39.02
0.35878	39.02
0.37545	39.02
0.39212	39.02
0.40878	39.02
0.42545	39.03
0.44212	39.03
0.45878	39.03
0.47545	39.03
0.49212	39.03
0.50878	39.03
0.52545	39.03
0.54212	39.03
0.55878	39.03
0.57545	39.03
0.59212	39.03
0.60878	39.02
0.62545	39.02
0.64212	39.02
0.65878	39.03
0.67545	39.02
0.69212	39.02
0.70878	39.02
0.72545	39.02
0.74212	39.02
0.75878	39.02
0.77545	39.02
0.79212	39.02
0.80878	39.02
0.82545	39.02
0.84212	39.02
0.85878	39.02
0.87545	39.02
0.89212	39.03
0.90878	39.03
0.92545	39.03
0.94212	39.03
0.95878	39.03
0.97545	39.03
0.99212	39.03
1.00878	39.03
1.02545	39.02
1.04212	39.02
1.05878	39.02
1.07545	39.02
1.09212	39.02
1.10878	39.02
1.12545	39.02
1.14212	39.03
1.15878	39.03
1.17545	39.03
1.19212	39.03
1.20878	39.03
1.22545	39.02
1.24212	39.02
1.25878	39.02
1.27545	39.02
1.29212	39.02
1.30878	39.02
1.32545	39.02
1.34212	39.03
1.35878	39.03
1.37545	39.03
1.39212	39.03
1.40878	39.03
1.42545	39.03
1.44212	39.02
1.45878	39.02
1.47545	39.03
1.49212	39.03
1.50878	39.03
1.52545	39.03
1.54212	39.02
1.55878	39.03
1.57545	39.03
1.59212	39.02
1.60878	39.02
1.62545	39.01
1.64212	38.99
1.65878	38.97
1.67545	38.94
1.69212	38.90
1.70878	38.86
1.72545	38.83
1.74212	38.80
1.75878	38.77
1.77545	38.74
1.79212	38.71
1.80878	38.67
1.82545	38.64
1.84212	38.61
1.85878	38.58
1.87545	38.55
1.89212	38.52
1.90878	38.49
1.92545	38.46
1.94212	38.43
1.95878	38.40
1.97545	38.37
1.99212	38.34
2.00878	38.31
2.02545	38.28
2.04212	38.25
2.05878	38.22
2.07545	38.19
2.09212	38.16
2.10878	38.13
2.12545	38.10
2.14212	38.07
2.15878	38.04
2.17545	38.01
2.19212	37.98
2.20878	37.95
2.22545	37.92
2.24212	37.89
2.25878	37.86
2.27545	37.83
2.29212	37.80
2.30878	37.77
2.32545	37.74
2.34212	37.71
2.35878	37.69
2.37545	37.67
2.39212	37.66
2.40878	37.67
2.42545	37.67
2.44212	37.67
2.45878	37.67
2.47545	37.67
2.49212	37.67
2.50878	37.66
2.52545	37.65
2.54212	37.66
2.55878	37.66
2.57545	37.66
2.59212	37.66
2.60878	37.66
2.62545	37.66
2.64212	37.66
2.65878	37.65
2.67545	37.65
2.69212	37.65
2.70878	37.65
2.72545	37.65
2.74212	37.65
2.75878	37.65
2.77545	37.66
2.79212	37.65
2.80878	37.65
2.82545	37.65
2.84212	37.65
2.85878	37.65
2.87545	37.65
2.89212	37.65
2.90878	37.65
2.92545	37.65
2.94212	37.65
2.95878	37.65
2.97545	37.65
2.99212	37.65
3.00878	37.64
3.02545	37.64
3.04212	37.64
3.05878	37.64
3.07545	37.64
3.09212	37.64
3.10878	37.64
3.12545	37.64
3.14212	37.64
3.15878	37.64
3.17545	37.64
3.19212	37.64
3.20878	37.64
3.22545	37.64
3.24212	37.64
3.25878	37.64
3.27545	37.64
3.29212	37.63
3.30878	37.63
3.32545	37.63
3.34212	37.63
3.35878	37.63
3.37545	37.63
3.39212	37.63
3.40878	37.63
3.42545	37.63
3.44212	37.63
3.45878	37.63
3.47545	37.63
3.49212	37.63
3.50878	37.63
3.52545	37.63
3.54212	37.64
3.55878	37.64
3.57545	37.64
3.59212	37.64
3.60878	37.64
3.62545	37.64
3.64212	37.64
3.65878	37.64
3.67545	37.64
3.69212	37.64
3.70878	37.64
3.72545	37.64
3.74212	37.64
3.75878	37.64
3.77545	37.64
3.79212	37.64
3.80878	37.64
3.82545	37.63
3.84212	37.63
3.85878	37.64
3.87545	37.64
3.89212	37.64
3.90878	37.64
3.92545	37.64
3.94212	37.64
3.95878	37.64
3.97545	37.64
3.99212	37.64

