[Header]
Application Name	LabSolutions
Version	5.110
Data File Name	C:\Users\User\Desktop\GC Analyses\Jack\UIC Prairie Sampling\9.30.22\220930_052.gcd
Output Date	1/4/2023
Output Time	2:27:57 PM

[File Information]
Type	Data File
Generated	11/30/2022 3:02:16 PM
Generated by	System Administrator
Modified	11/30/2022 3:06:32 PM
Modified by	System Administrator

[Sample Information]
Operator Name	System Administrator
Acquired	11/30/2022 3:02:30 PM
Sample Type	1:Standard
Level	1
Sample Name	220930_UICPrairie
Sample ID	220930_UICPrairie
ISTD Amount1	1
ISTD Amount2	1
ISTD Amount3	1
ISTD Amount4	1
ISTD Amount5	1
ISTD Amount6	1
ISTD Amount7	1
ISTD Amount8	1
ISTD Amount9	1
ISTD Amount10	1
ISTD Amount11	1
ISTD Amount12	1
ISTD Amount13	1
ISTD Amount14	1
ISTD Amount15	1
ISTD Amount16	1
ISTD Amount17	1
ISTD Amount18	1
ISTD Amount19	1
ISTD Amount20	1
ISTD Amount21	1
ISTD Amount22	1
ISTD Amount23	1
ISTD Amount24	1
ISTD Amount25	1
ISTD Amount26	1
ISTD Amount27	1
ISTD Amount28	1
ISTD Amount29	1
ISTD Amount30	1
ISTD Amount31	1
ISTD Amount32	1
Sample Amount	1
Dilution Factor	1
Vial#	1
Injection Volume	1
Injection Count	1
Bar Code	

[Original Files]
Data File	C:\Users\User\Desktop\GC Analyses\Jack\UIC Prairie Sampling\9.30.22\220930_052.gcd
Method File	C:\LabSolutions\Data\GHG_4min_2022\ghg3_togas_w_acet_4 min_new_int.gcm
Batch File	
Report Format File	c:\LabSolutions\System\DEFAULT.lsr

[File Description]


[Configuration]
Instrument Name	C0B7VH3-Instrument1
Instrument #	1
Line #	1
# of Detectors	3
Detector ID	DET#1	DET#2	DET#3
Detector Name	FID	PTCD	ECD
# of Channels	1	1	1

[Peak Table(Ch1)]
# of Peaks	3
Peak#	R.Time	I.Time	F.Time	Area	Height	A/H	Conc.	Mark	ID#	Name	k'	Plate #	Plate Ht.	Tailing	Resolution	Sep.Factor	Area Ratio	Height Ratio	Conc. %	Norm Conc.
1	1.476	1.428	1.538	15643	6670	2.345	100.000	   	1	CO	0.000	7816	19.192	1.258	0.000	0.000	0	0	16.667	16.667
2	1.571	1.538	1.633	5094	2492	2.044	100.000	 V 	2	CH4	0.065	10957	13.690	0.000	1.504	0.000	0	0	16.667	16.667
3	2.000	1.952	2.422	1408632	670466	2.101	400.000	   	3	CO2	0.355	17456	8.593	1.201	7.115	5.500	0	0	66.667	66.667

[Peak Table(Ch2)]
# of Peaks	0

[Peak Table(Ch3)]
# of Peaks	4
Peak#	R.Time	I.Time	F.Time	Area	Height	A/H	Conc.	Mark	ID#	Name	k'	Plate #	Plate Ht.	Tailing	Resolution	Sep.Factor	Area Ratio	Height Ratio	Conc. %	Norm Conc.
1	2.458	2.301	2.502	1397	288	4.846	0.000	   			0.000	5132	29.229	0.000	0.000	0.000	0	0	0.000	0.000
2	2.524	2.502	2.557	680	229	2.965	0.000	 V 			0.027	1617	92.762	0.000	0.340	0.000	0	0	0.000	0.000
3	2.609	2.557	2.653	970	243	3.988	0.000	 V 			0.061	3252	46.127	0.000	0.389	2.278	0	0	0.000	0.000
4	2.887	2.667	3.848	32240	5562	5.796	1.000	   	1	N2O	0.175	12400	12.097	2.219	1.944	2.854	0	0	100.000	100.000

[Compound Results(Ch1)]
# of IDs	6
ID#	Name	R.Time	Area	Height	Conc.	Curve	3rd	2nd	1st	Constant	Area Ratio	Height Ratio	Conc. %	Norm Conc.
1	CO	1.476	15643	6670	100.000	Linear	0.000000e+00	0.000000e+00	1.564262e+002	0.000000e+00	0	0	16.667	16.667
2	CH4	1.571	5094	2492	100.000	Linear	0.000000e+00	0.000000e+00	5.093773e+001	0.000000e+00	0	0	16.667	16.667
3	CO2	2.000	1408632	670466	400.000	Linear	0.000000e+00	0.000000e+00	3.521581e+003	0.000000e+00	0	0	66.667	66.667
4	Ethylene	0.000	0	0	0.000	Linear	0.000000e+00	0.000000e+00	0.000000e+00	0.000000e+00	0	0	0.000	0.000
5	Acetylene	0.000	0	0	0.000	Linear	0.000000e+00	0.000000e+00	0.000000e+00	0.000000e+00	0	0	0.000	0.000
6	Ethane	0.000	0	0	0.000	Linear	0.000000e+00	0.000000e+00	0.000000e+00	0.000000e+00	0	0	0.000	0.000

[Compound Results(Ch2)]
# of IDs	5
ID#	Name	R.Time	Area	Height	Conc.	Curve	3rd	2nd	1st	Constant	Area Ratio	Height Ratio	Conc. %	Norm Conc.
1	Hydrogen	0.000	0	0	0.000	Linear	0.000000e+00	0.000000e+00	0.000000e+00	0.000000e+00	0	0	0.000	0.000
2	Oxygen	0.000	0	0	0.000	Linear	0.000000e+00	0.000000e+00	0.000000e+00	0.000000e+00	0	0	0.000	0.000
3	Nitrogen	0.000	0	0	0.000	Linear	0.000000e+00	0.000000e+00	0.000000e+00	0.000000e+00	0	0	0.000	0.000
4	Methane	0.000	0	0	0.000	Linear	0.000000e+00	0.000000e+00	0.000000e+00	0.000000e+00	0	0	0.000	0.000
5	Carbon Monoxide	0.000	0	0	0.000	Linear	0.000000e+00	0.000000e+00	0.000000e+00	0.000000e+00	0	0	0.000	0.000

[Compound Results(Ch3)]
# of IDs	2
ID#	Name	R.Time	Area	Height	Conc.	Curve	3rd	2nd	1st	Constant	Area Ratio	Height Ratio	Conc. %	Norm Conc.
1	N2O	2.887	32240	5562	1.000	Linear	0.000000e+00	0.000000e+00	3.223958e+004	0.000000e+00	0	0	100.000	100.000
2	SF6	0.000	0	0	0.000	Linear	0.000000e+00	0.000000e+00	0.000000e+00	0.000000e+00	0	0	0.000	0.000

[Group Results(Ch1)]
# of Groups	0

[Group Results(Ch2)]
# of Groups	0

[Group Results(Ch3)]
# of Groups	0

[Chromatogram (Ch1)]
Interval(msec)	220
# of Points	1091
Start Time(min)	0.002
End Time(min)	3.998
R.Time (min)	Intensity
0.00167	-19
0.00533	-11
0.00900	-3
0.01267	2
0.01633	7
0.02000	15
0.02367	26
0.02733	36
0.03100	41
0.03467	42
0.03833	40
0.04200	36
0.04567	33
0.04933	30
0.05300	26
0.05667	23
0.06033	21
0.06400	21
0.06767	19
0.07133	17
0.07500	18
0.07867	15
0.08233	8
0.08600	-1
0.08967	-6
0.09333	-6
0.09700	-0
0.10067	10
0.10433	16
0.10800	12
0.11167	3
0.11533	-5
0.11900	-9
0.12267	-8
0.12633	-3
0.13000	1
0.13367	0
0.13733	-2
0.14100	-5
0.14467	-5
0.14833	-2
0.15200	3
0.15567	9
0.15933	12
0.16300	8
0.16667	5
0.17033	7
0.17400	10
0.17767	11
0.18133	10
0.18500	6
0.18867	0
0.19233	-2
0.19600	-2
0.19967	-0
0.20333	2
0.20700	8
0.21067	13
0.21433	14
0.21800	15
0.22167	14
0.22533	15
0.22900	16
0.23267	16
0.23633	15
0.24000	13
0.24367	9
0.24733	9
0.25100	13
0.25467	19
0.25833	20
0.26200	18
0.26567	14
0.26933	12
0.27300	14
0.27667	14
0.28033	15
0.28400	18
0.28767	22
0.29133	24
0.29500	23
0.29867	18
0.30233	12
0.30600	6
0.30967	3
0.31333	5
0.31700	11
0.32067	16
0.32433	20
0.32800	23
0.33167	23
0.33533	21
0.33900	17
0.34267	14
0.34633	14
0.35000	20
0.35367	25
0.35733	27
0.36100	26
0.36467	25
0.36833	26
0.37200	24
0.37567	23
0.37933	19
0.38300	12
0.38667	8
0.39033	13
0.39400	20
0.39767	23
0.40133	24
0.40500	21
0.40867	14
0.41233	7
0.41600	-0
0.41967	-6
0.42333	-8
0.42700	-9
0.43067	-7
0.43433	-4
0.43800	-1
0.44167	3
0.44533	10
0.44900	20
0.45267	25
0.45633	21
0.46000	13
0.46367	8
0.46733	7
0.47100	9
0.47467	10
0.47833	10
0.48200	9
0.48567	8
0.48933	6
0.49300	6
0.49667	6
0.50033	8
0.50400	10
0.50767	10
0.51133	10
0.51500	11
0.51867	13
0.52233	18
0.52600	23
0.52967	28
0.53333	28
0.53700	23
0.54067	18
0.54433	15
0.54800	12
0.55167	9
0.55533	7
0.55900	9
0.56267	15
0.56633	18
0.57000	14
0.57367	6
0.57733	-2
0.58100	-6
0.58467	-4
0.58833	-0
0.59200	2
0.59567	2
0.59933	-3
0.60300	-8
0.60667	-10
0.61033	-9
0.61400	-6
0.61767	-6
0.62133	-4
0.62500	-2
0.62867	0
0.63233	3
0.63600	7
0.63967	9
0.64333	9
0.64700	8
0.65067	11
0.65433	19
0.65800	27
0.66167	29
0.66533	26
0.66900	17
0.67267	5
0.67633	-4
0.68000	-10
0.68367	-14
0.68733	-16
0.69100	-15
0.69467	-14
0.69833	-8
0.70200	-1
0.70567	6
0.70933	10
0.71300	10
0.71667	10
0.72033	10
0.72400	10
0.72767	11
0.73133	14
0.73500	15
0.73867	11
0.74233	11
0.74600	13
0.74967	12
0.75333	9
0.75700	5
0.76067	3
0.76433	3
0.76800	8
0.77167	16
0.77533	24
0.77900	28
0.78267	29
0.78633	30
0.79000	32
0.79367	33
0.79733	32
0.80100	28
0.80467	19
0.80833	9
0.81200	2
0.81567	-3
0.81933	-6
0.82300	-8
0.82667	-8
0.83033	-8
0.83400	-6
0.83767	0
0.84133	4
0.84500	4
0.84867	2
0.85233	-0
0.85600	-1
0.85967	0
0.86333	5
0.86700	8
0.87067	9
0.87433	9
0.87800	9
0.88167	11
0.88533	14
0.88900	13
0.89267	10
0.89633	9
0.90000	12
0.90367	16
0.90733	19
0.91100	18
0.91467	15
0.91833	13
0.92200	14
0.92567	17
0.92933	16
0.93300	16
0.93667	19
0.94033	23
0.94400	23
0.94767	17
0.95133	7
0.95500	-2
0.95867	-6
0.96233	-2
0.96600	4
0.96967	12
0.97333	17
0.97700	20
0.98067	22
0.98433	22
0.98800	20
0.99167	15
0.99533	7
0.99900	-1
1.00267	-5
1.00633	-5
1.01000	-7
1.01367	-5
1.01733	3
1.02100	15
1.02467	24
1.02833	28
1.03200	23
1.03567	13
1.03933	4
1.04300	-3
1.04667	-5
1.05033	-2
1.05400	2
1.05767	6
1.06133	9
1.06500	13
1.06867	17
1.07233	22
1.07600	27
1.07967	29
1.08333	30
1.08700	30
1.09067	28
1.09433	22
1.09800	12
1.10167	3
1.10533	-2
1.10900	-4
1.11267	-5
1.11633	-4
1.12000	2
1.12367	9
1.12733	13
1.13100	18
1.13467	24
1.13833	28
1.14200	29
1.14567	26
1.14933	19
1.15300	10
1.15667	1
1.16033	-7
1.16400	-8
1.16767	-5
1.17133	-3
1.17500	-0
1.17867	6
1.18233	9
1.18600	9
1.18967	12
1.19333	18
1.19700	20
1.20067	19
1.20433	16
1.20800	13
1.21167	12
1.21533	12
1.21900	12
1.22267	10
1.22633	11
1.23000	13
1.23367	14
1.23733	13
1.24100	11
1.24467	11
1.24833	10
1.25200	10
1.25567	11
1.25933	13
1.26300	11
1.26667	5
1.27033	-0
1.27400	-5
1.27767	-8
1.28133	-8
1.28500	-2
1.28867	8
1.29233	13
1.29600	15
1.29967	12
1.30333	8
1.30700	8
1.31067	9
1.31433	10
1.31800	8
1.32167	6
1.32533	5
1.32900	5
1.33267	6
1.33633	3
1.34000	1
1.34367	-3
1.34733	-5
1.35100	-4
1.35467	0
1.35833	6
1.36200	9
1.36567	12
1.36933	17
1.37300	22
1.37667	30
1.38033	35
1.38400	34
1.38767	26
1.39133	15
1.39500	8
1.39867	9
1.40233	11
1.40600	13
1.40967	13
1.41333	12
1.41700	9
1.42067	9
1.42433	13
1.42800	19
1.43167	21
1.43533	26
1.43900	54
1.44267	207
1.44633	618
1.45000	1249
1.45367	2038
1.45733	3019
1.46100	4107
1.46467	5117
1.46833	5916
1.47200	6454
1.47567	6697
1.47933	6599
1.48300	6136
1.48667	5369
1.49033	4435
1.49400	3496
1.49767	2665
1.50133	1988
1.50500	1471
1.50867	1092
1.51233	821
1.51600	627
1.51967	482
1.52333	378
1.52700	306
1.53067	255
1.53433	221
1.53800	210
1.54167	245
1.54533	383
1.54900	678
1.55267	1104
1.55633	1571
1.56000	1987
1.56367	2305
1.56733	2499
1.57100	2538
1.57467	2395
1.57833	2086
1.58200	1689
1.58567	1287
1.58933	941
1.59300	669
1.59667	473
1.60033	339
1.60400	252
1.60767	197
1.61133	161
1.61500	135
1.61867	115
1.62233	98
1.62600	81
1.62967	68
1.63333	58
1.63700	57
1.64067	62
1.64433	63
1.64800	57
1.65167	48
1.65533	41
1.65900	37
1.66267	39
1.66633	44
1.67000	47
1.67367	49
1.67733	50
1.68100	51
1.68467	51
1.68833	53
1.69200	55
1.69567	55
1.69933	55
1.70300	53
1.70667	48
1.71033	43
1.71400	38
1.71767	34
1.72133	34
1.72500	35
1.72867	38
1.73233	41
1.73600	45
1.73967	48
1.74333	47
1.74700	44
1.75067	40
1.75433	39
1.75800	39
1.76167	40
1.76533	41
1.76900	44
1.77267	44
1.77633	43
1.78000	45
1.78367	50
1.78733	52
1.79100	52
1.79467	52
1.79833	51
1.80200	49
1.80567	50
1.80933	53
1.81300	56
1.81667	60
1.82033	64
1.82400	66
1.82767	66
1.83133	65
1.83500	65
1.83867	63
1.84233	62
1.84600	63
1.84967	66
1.85333	67
1.85700	67
1.86067	69
1.86433	73
1.86800	76
1.87167	76
1.87533	72
1.87900	65
1.88267	56
1.88633	49
1.89000	45
1.89367	44
1.89733	48
1.90100	54
1.90467	57
1.90833	59
1.91200	59
1.91567	59
1.91933	61
1.92300	66
1.92667	72
1.93033	79
1.93400	83
1.93767	83
1.94133	77
1.94500	70
1.94867	65
1.95233	70
1.95600	127
1.95967	477
1.96333	2219
1.96700	8878
1.97067	28295
1.97433	72131
1.97800	149835
1.98167	259721
1.98533	386318
1.98900	507767
1.99267	603989
1.99633	660719
2.00000	670583
2.00367	633886
2.00733	559703
2.01100	463900
2.01467	363720
2.01833	272506
2.02200	197327
2.02567	139684
2.02933	97695
2.03300	68166
2.03667	47864
2.04033	34084
2.04400	24778
2.04767	18479
2.05133	14179
2.05500	11203
2.05867	9109
2.06233	7604
2.06600	6492
2.06967	5646
2.07333	4988
2.07700	4466
2.08067	4047
2.08433	3698
2.08800	3402
2.09167	3150
2.09533	2935
2.09900	2753
2.10267	2598
2.10633	2463
2.11000	2343
2.11367	2235
2.11733	2129
2.12100	2028
2.12467	1934
2.12833	1848
2.13200	1766
2.13567	1690
2.13933	1619
2.14300	1554
2.14667	1495
2.15033	1447
2.15400	1407
2.15767	1375
2.16133	1343
2.16500	1310
2.16867	1277
2.17233	1242
2.17600	1205
2.17967	1170
2.18333	1138
2.18700	1110
2.19067	1085
2.19433	1062
2.19800	1037
2.20167	1010
2.20533	987
2.20900	972
2.21267	958
2.21633	940
2.22000	921
2.22367	899
2.22733	874
2.23100	854
2.23467	839
2.23833	828
2.24200	821
2.24567	816
2.24933	810
2.25300	803
2.25667	795
2.26033	788
2.26400	779
2.26767	764
2.27133	747
2.27500	729
2.27867	715
2.28233	705
2.28600	698
2.28967	694
2.29333	691
2.29700	689
2.30067	683
2.30433	676
2.30800	667
2.31167	657
2.31533	646
2.31900	637
2.32267	628
2.32633	619
2.33000	613
2.33367	610
2.33733	609
2.34100	609
2.34467	609
2.34833	608
2.35200	603
2.35567	598
2.35933	592
2.36300	585
2.36667	579
2.37033	572
2.37400	564
2.37767	557
2.38133	550
2.38500	544
2.38867	538
2.39233	532
2.39600	527
2.39967	525
2.40333	528
2.40700	532
2.41067	535
2.41433	533
2.41800	530
2.42167	529
2.42533	534
2.42900	538
2.43267	542
2.43633	544
2.44000	541
2.44367	537
2.44733	530
2.45100	520
2.45467	510
2.45833	503
2.46200	501
2.46567	499
2.46933	501
2.47300	503
2.47667	502
2.48033	500
2.48400	497
2.48767	491
2.49133	489
2.49500	491
2.49867	492
2.50233	490
2.50600	487
2.50967	486
2.51333	488
2.51700	491
2.52067	492
2.52433	496
2.52800	500
2.53167	503
2.53533	504
2.53900	507
2.54267	509
2.54633	508
2.55000	504
2.55367	495
2.55733	485
2.56100	471
2.56467	458
2.56833	450
2.57200	447
2.57567	446
2.57933	446
2.58300	448
2.58667	451
2.59033	454
2.59400	460
2.59767	468
2.60133	475
2.60500	478
2.60867	477
2.61233	471
2.61600	463
2.61967	460
2.62333	461
2.62700	462
2.63067	461
2.63433	458
2.63800	454
2.64167	450
2.64533	445
2.64900	440
2.65267	438
2.65633	439
2.66000	441
2.66367	445
2.66733	451
2.67100	455
2.67467	456
2.67833	457
2.68200	457
2.68567	458
2.68933	456
2.69300	451
2.69667	447
2.70033	445
2.70400	442
2.70767	437
2.71133	432
2.71500	430
2.71867	431
2.72233	439
2.72600	452
2.72967	462
2.73333	466
2.73700	462
2.74067	458
2.74433	453
2.74800	447
2.75167	447
2.75533	451
2.75900	457
2.76267	460
2.76633	459
2.77000	455
2.77367	450
2.77733	446
2.78100	444
2.78467	441
2.78833	438
2.79200	438
2.79567	438
2.79933	439
2.80300	437
2.80667	434
2.81033	434
2.81400	437
2.81767	440
2.82133	439
2.82500	437
2.82867	437
2.83233	437
2.83600	435
2.83967	431
2.84333	427
2.84700	424
2.85067	423
2.85433	424
2.85800	428
2.86167	430
2.86533	430
2.86900	435
2.87267	440
2.87633	444
2.88000	448
2.88367	450
2.88733	448
2.89100	446
2.89467	444
2.89833	440
2.90200	438
2.90567	437
2.90933	433
2.91300	427
2.91667	424
2.92033	428
2.92400	435
2.92767	442
2.93133	446
2.93500	445
2.93867	445
2.94233	446
2.94600	447
2.94967	447
2.95333	442
2.95700	437
2.96067	430
2.96433	425
2.96800	425
2.97167	426
2.97533	428
2.97900	431
2.98267	432
2.98633	434
2.99000	436
2.99367	439
2.99733	445
3.00100	452
3.00467	461
3.00833	467
3.01200	468
3.01567	464
3.01933	460
3.02300	455
3.02667	452
3.03033	454
3.03400	456
3.03767	454
3.04133	448
3.04500	442
3.04867	438
3.05233	433
3.05600	429
3.05967	427
3.06333	429
3.06700	431
3.07067	435
3.07433	437
3.07800	440
3.08167	442
3.08533	442
3.08900	441
3.09267	438
3.09633	433
3.10000	427
3.10367	423
3.10733	419
3.11100	417
3.11467	419
3.11833	423
3.12200	424
3.12567	422
3.12933	419
3.13300	419
3.13667	424
3.14033	429
3.14400	431
3.14767	430
3.15133	429
3.15500	430
3.15867	429
3.16233	428
3.16600	426
3.16967	423
3.17333	419
3.17700	415
3.18067	411
3.18433	408
3.18800	408
3.19167	411
3.19533	416
3.19900	421
3.20267	424
3.20633	424
3.21000	424
3.21367	426
3.21733	426
3.22100	421
3.22467	414
3.22833	408
3.23200	408
3.23567	413
3.23933	418
3.24300	422
3.24667	425
3.25033	427
3.25400	427
3.25767	424
3.26133	421
3.26500	419
3.26867	422
3.27233	429
3.27600	434
3.27967	439
3.28333	444
3.28700	447
3.29067	449
3.29433	449
3.29800	446
3.30167	440
3.30533	434
3.30900	432
3.31267	435
3.31633	438
3.32000	437
3.32367	434
3.32733	428
3.33100	421
3.33467	416
3.33833	414
3.34200	417
3.34567	422
3.34933	429
3.35300	435
3.35667	441
3.36033	442
3.36400	439
3.36767	435
3.37133	432
3.37500	428
3.37867	423
3.38233	421
3.38600	420
3.38967	419
3.39333	418
3.39700	420
3.40067	426
3.40433	435
3.40800	441
3.41167	440
3.41533	435
3.41900	429
3.42267	421
3.42633	409
3.43000	402
3.43367	402
3.43733	407
3.44100	414
3.44467	420
3.44833	428
3.45200	435
3.45567	437
3.45933	436
3.46300	435
3.46667	434
3.47033	427
3.47400	416
3.47767	403
3.48133	397
3.48500	401
3.48867	409
3.49233	411
3.49600	411
3.49967	413
3.50333	414
3.50700	409
3.51067	400
3.51433	388
3.51800	380
3.52167	375
3.52533	372
3.52900	373
3.53267	376
3.53633	379
3.54000	381
3.54367	383
3.54733	390
3.55100	399
3.55467	407
3.55833	412
3.56200	416
3.56567	420
3.56933	420
3.57300	415
3.57667	408
3.58033	399
3.58400	390
3.58767	384
3.59133	385
3.59500	390
3.59867	396
3.60233	400
3.60600	405
3.60967	408
3.61333	408
3.61700	406
3.62067	401
3.62433	396
3.62800	392
3.63167	393
3.63533	393
3.63900	393
3.64267	394
3.64633	397
3.65000	403
3.65367	404
3.65733	399
3.66100	390
3.66467	383
3.66833	378
3.67200	377
3.67567	378
3.67933	380
3.68300	385
3.68667	389
3.69033	390
3.69400	388
3.69767	385
3.70133	383
3.70500	384
3.70867	387
3.71233	391
3.71600	397
3.71967	402
3.72333	403
3.72700	399
3.73067	395
3.73433	395
3.73800	398
3.74167	399
3.74533	395
3.74900	384
3.75267	370
3.75633	360
3.76000	356
3.76367	358
3.76733	364
3.77100	368
3.77467	367
3.77833	364
3.78200	361
3.78567	363
3.78933	365
3.79300	368
3.79667	372
3.80033	375
3.80400	377
3.80767	378
3.81133	377
3.81500	372
3.81867	363
3.82233	356
3.82600	352
3.82967	354
3.83333	355
3.83700	353
3.84067	353
3.84433	357
3.84800	364
3.85167	369
3.85533	372
3.85900	374
3.86267	372
3.86633	365
3.87000	358
3.87367	351
3.87733	346
3.88100	343
3.88467	341
3.88833	336
3.89200	334
3.89567	334
3.89933	333
3.90300	333
3.90667	335
3.91033	336
3.91400	336
3.91767	339
3.92133	346
3.92500	349
3.92867	350
3.93233	354
3.93600	357
3.93967	354
3.94333	350
3.94700	348
3.95067	346
3.95433	341
3.95800	335
3.96167	328
3.96533	325
3.96900	328
3.97267	335
3.97633	341
3.98000	344
3.98367	346
3.98733	345
3.99100	342
3.99467	338
3.99833	334

[Chromatogram (Ch2)]
Interval(msec)	220
# of Points	1091
Start Time(min)	0.002
End Time(min)	3.998
R.Time (min)	Intensity
0.00167	0
0.00533	1
0.00900	1
0.01267	2
0.01633	2
0.02000	2
0.02367	2
0.02733	2
0.03100	2
0.03467	2
0.03833	2
0.04200	2
0.04567	2
0.04933	1
0.05300	1
0.05667	1
0.06033	1
0.06400	1
0.06767	1
0.07133	1
0.07500	2
0.07867	2
0.08233	3
0.08600	3
0.08967	3
0.09333	4
0.09700	4
0.10067	4
0.10433	4
0.10800	4
0.11167	4
0.11533	5
0.11900	5
0.12267	5
0.12633	5
0.13000	5
0.13367	5
0.13733	5
0.14100	5
0.14467	5
0.14833	5
0.15200	5
0.15567	5
0.15933	6
0.16300	6
0.16667	6
0.17033	5
0.17400	5
0.17767	5
0.18133	5
0.18500	5
0.18867	5
0.19233	5
0.19600	5
0.19967	5
0.20333	5
0.20700	5
0.21067	5
0.21433	5
0.21800	5
0.22167	5
0.22533	5
0.22900	5
0.23267	4
0.23633	4
0.24000	4
0.24367	4
0.24733	4
0.25100	4
0.25467	4
0.25833	4
0.26200	4
0.26567	4
0.26933	4
0.27300	3
0.27667	3
0.28033	3
0.28400	3
0.28767	3
0.29133	3
0.29500	3
0.29867	3
0.30233	3
0.30600	3
0.30967	3
0.31333	2
0.31700	2
0.32067	2
0.32433	2
0.32800	2
0.33167	1
0.33533	1
0.33900	1
0.34267	1
0.34633	1
0.35000	1
0.35367	1
0.35733	1
0.36100	1
0.36467	1
0.36833	1
0.37200	0
0.37567	0
0.37933	0
0.38300	-0
0.38667	0
0.39033	0
0.39400	0
0.39767	0
0.40133	0
0.40500	0
0.40867	0
0.41233	1
0.41600	1
0.41967	1
0.42333	1
0.42700	1
0.43067	1
0.43433	2
0.43800	2
0.44167	2
0.44533	2
0.44900	2
0.45267	2
0.45633	2
0.46000	2
0.46367	2
0.46733	2
0.47100	2
0.47467	2
0.47833	2
0.48200	2
0.48567	2
0.48933	3
0.49300	3
0.49667	3
0.50033	3
0.50400	3
0.50767	3
0.51133	3
0.51500	3
0.51867	3
0.52233	3
0.52600	3
0.52967	3
0.53333	3
0.53700	3
0.54067	3
0.54433	3
0.54800	3
0.55167	3
0.55533	3
0.55900	2
0.56267	2
0.56633	2
0.57000	2
0.57367	2
0.57733	2
0.58100	2
0.58467	3
0.58833	3
0.59200	3
0.59567	3
0.59933	3
0.60300	2
0.60667	2
0.61033	2
0.61400	2
0.61767	3
0.62133	3
0.62500	3
0.62867	3
0.63233	3
0.63600	4
0.63967	4
0.64333	4
0.64700	4
0.65067	4
0.65433	4
0.65800	4
0.66167	4
0.66533	5
0.66900	5
0.67267	5
0.67633	5
0.68000	5
0.68367	5
0.68733	5
0.69100	5
0.69467	5
0.69833	4
0.70200	4
0.70567	4
0.70933	4
0.71300	4
0.71667	4
0.72033	4
0.72400	4
0.72767	4
0.73133	4
0.73500	4
0.73867	4
0.74233	4
0.74600	4
0.74967	4
0.75333	4
0.75700	4
0.76067	4
0.76433	3
0.76800	3
0.77167	3
0.77533	2
0.77900	2
0.78267	2
0.78633	1
0.79000	1
0.79367	1
0.79733	1
0.80100	1
0.80467	1
0.80833	2
0.81200	2
0.81567	2
0.81933	2
0.82300	2
0.82667	2
0.83033	2
0.83400	2
0.83767	2
0.84133	2
0.84500	2
0.84867	2
0.85233	1
0.85600	1
0.85967	1
0.86333	1
0.86700	1
0.87067	2
0.87433	2
0.87800	3
0.88167	3
0.88533	3
0.88900	4
0.89267	4
0.89633	4
0.90000	4
0.90367	4
0.90733	4
0.91100	3
0.91467	3
0.91833	3
0.92200	3
0.92567	3
0.92933	3
0.93300	3
0.93667	3
0.94033	3
0.94400	3
0.94767	3
0.95133	4
0.95500	4
0.95867	4
0.96233	4
0.96600	4
0.96967	4
0.97333	3
0.97700	3
0.98067	3
0.98433	3
0.98800	3
0.99167	3
0.99533	3
0.99900	3
1.00267	2
1.00633	2
1.01000	2
1.01367	2
1.01733	3
1.02100	3
1.02467	3
1.02833	3
1.03200	3
1.03567	3
1.03933	3
1.04300	3
1.04667	3
1.05033	3
1.05400	3
1.05767	3
1.06133	3
1.06500	3
1.06867	3
1.07233	3
1.07600	3
1.07967	3
1.08333	4
1.08700	4
1.09067	4
1.09433	4
1.09800	4
1.10167	4
1.10533	4
1.10900	3
1.11267	3
1.11633	3
1.12000	3
1.12367	3
1.12733	3
1.13100	3
1.13467	3
1.13833	3
1.14200	3
1.14567	3
1.14933	3
1.15300	3
1.15667	3
1.16033	3
1.16400	3
1.16767	2
1.17133	2
1.17500	2
1.17867	1
1.18233	1
1.18600	1
1.18967	1
1.19333	1
1.19700	1
1.20067	1
1.20433	1
1.20800	2
1.21167	2
1.21533	2
1.21900	2
1.22267	2
1.22633	2
1.23000	2
1.23367	3
1.23733	3
1.24100	3
1.24467	3
1.24833	3
1.25200	3
1.25567	2
1.25933	2
1.26300	2
1.26667	2
1.27033	2
1.27400	2
1.27767	2
1.28133	3
1.28500	3
1.28867	3
1.29233	3
1.29600	3
1.29967	3
1.30333	3
1.30700	4
1.31067	3
1.31433	3
1.31800	3
1.32167	3
1.32533	3
1.32900	3
1.33267	3
1.33633	3
1.34000	3
1.34367	3
1.34733	3
1.35100	3
1.35467	4
1.35833	4
1.36200	4
1.36567	4
1.36933	4
1.37300	4
1.37667	4
1.38033	4
1.38400	4
1.38767	3
1.39133	3
1.39500	2
1.39867	2
1.40233	1
1.40600	1
1.40967	1
1.41333	1
1.41700	0
1.42067	0
1.42433	0
1.42800	0
1.43167	-0
1.43533	0
1.43900	0
1.44267	1
1.44633	1
1.45000	1
1.45367	1
1.45733	1
1.46100	2
1.46467	2
1.46833	2
1.47200	3
1.47567	3
1.47933	3
1.48300	3
1.48667	3
1.49033	3
1.49400	3
1.49767	3
1.50133	4
1.50500	4
1.50867	4
1.51233	4
1.51600	4
1.51967	4
1.52333	4
1.52700	4
1.53067	4
1.53433	4
1.53800	4
1.54167	3
1.54533	3
1.54900	3
1.55267	2
1.55633	2
1.56000	2
1.56367	2
1.56733	2
1.57100	2
1.57467	2
1.57833	3
1.58200	3
1.58567	3
1.58933	3
1.59300	2
1.59667	2
1.60033	1
1.60400	-0
1.60767	-2
1.61133	-3
1.61500	-5
1.61867	-7
1.62233	-10
1.62600	-12
1.62967	-15
1.63333	-19
1.63700	-22
1.64067	-25
1.64433	-29
1.64800	-33
1.65167	-37
1.65533	-41
1.65900	-45
1.66267	-49
1.66633	-54
1.67000	-59
1.67367	-64
1.67733	-69
1.68100	-74
1.68467	-79
1.68833	-84
1.69200	-88
1.69567	-91
1.69933	-94
1.70300	-96
1.70667	-98
1.71033	-100
1.71400	-101
1.71767	-102
1.72133	-103
1.72500	-104
1.72867	-105
1.73233	-106
1.73600	-107
1.73967	-107
1.74333	-108
1.74700	-109
1.75067	-110
1.75433	-110
1.75800	-111
1.76167	-111
1.76533	-111
1.76900	-110
1.77267	-110
1.77633	-110
1.78000	-109
1.78367	-109
1.78733	-109
1.79100	-110
1.79467	-111
1.79833	-112
1.80200	-113
1.80567	-114
1.80933	-115
1.81300	-116
1.81667	-116
1.82033	-116
1.82400	-116
1.82767	-115
1.83133	-115
1.83500	-115
1.83867	-115
1.84233	-115
1.84600	-115
1.84967	-115
1.85333	-115
1.85700	-115
1.86067	-115
1.86433	-116
1.86800	-116
1.87167	-116
1.87533	-116
1.87900	-116
1.88267	-115
1.88633	-114
1.89000	-114
1.89367	-113
1.89733	-112
1.90100	-112
1.90467	-112
1.90833	-111
1.91200	-111
1.91567	-111
1.91933	-111
1.92300	-111
1.92667	-110
1.93033	-111
1.93400	-111
1.93767	-111
1.94133	-111
1.94500	-110
1.94867	-110
1.95233	-110
1.95600	-110
1.95967	-110
1.96333	-110
1.96700	-109
1.97067	-109
1.97433	-109
1.97800	-108
1.98167	-108
1.98533	-108
1.98900	-107
1.99267	-107
1.99633	-107
2.00000	-107
2.00367	-107
2.00733	-107
2.01100	-106
2.01467	-106
2.01833	-105
2.02200	-105
2.02567	-104
2.02933	-104
2.03300	-104
2.03667	-104
2.04033	-104
2.04400	-104
2.04767	-104
2.05133	-104
2.05500	-103
2.05867	-103
2.06233	-103
2.06600	-102
2.06967	-101
2.07333	-101
2.07700	-101
2.08067	-101
2.08433	-101
2.08800	-101
2.09167	-101
2.09533	-101
2.09900	-100
2.10267	-100
2.10633	-100
2.11000	-99
2.11367	-98
2.11733	-98
2.12100	-97
2.12467	-97
2.12833	-97
2.13200	-96
2.13567	-96
2.13933	-96
2.14300	-96
2.14667	-96
2.15033	-95
2.15400	-94
2.15767	-94
2.16133	-93
2.16500	-93
2.16867	-93
2.17233	-93
2.17600	-92
2.17967	-92
2.18333	-91
2.18700	-90
2.19067	-89
2.19433	-89
2.19800	-89
2.20167	-89
2.20533	-89
2.20900	-88
2.21267	-88
2.21633	-88
2.22000	-88
2.22367	-88
2.22733	-88
2.23100	-88
2.23467	-88
2.23833	-88
2.24200	-88
2.24567	-88
2.24933	-89
2.25300	-90
2.25667	-90
2.26033	-90
2.26400	-90
2.26767	-90
2.27133	-89
2.27500	-88
2.27867	-88
2.28233	-87
2.28600	-86
2.28967	-85
2.29333	-83
2.29700	-82
2.30067	-82
2.30433	-81
2.30800	-81
2.31167	-80
2.31533	-80
2.31900	-79
2.32267	-79
2.32633	-79
2.33000	-79
2.33367	-79
2.33733	-79
2.34100	-78
2.34467	-78
2.34833	-78
2.35200	-77
2.35567	-76
2.35933	-75
2.36300	-73
2.36667	-71
2.37033	-69
2.37400	-67
2.37767	-65
2.38133	-62
2.38500	-58
2.38867	-55
2.39233	-51
2.39600	-47
2.39967	-43
2.40333	-39
2.40700	-35
2.41067	-31
2.41433	-28
2.41800	-24
2.42167	-21
2.42533	-18
2.42900	-15
2.43267	-13
2.43633	-10
2.44000	-9
2.44367	-7
2.44733	-5
2.45100	-2
2.45467	0
2.45833	3
2.46200	5
2.46567	6
2.46933	7
2.47300	8
2.47667	8
2.48033	9
2.48400	9
2.48767	10
2.49133	10
2.49500	12
2.49867	13
2.50233	14
2.50600	15
2.50967	16
2.51333	16
2.51700	17
2.52067	18
2.52433	18
2.52800	19
2.53167	19
2.53533	20
2.53900	21
2.54267	21
2.54633	22
2.55000	22
2.55367	22
2.55733	23
2.56100	23
2.56467	23
2.56833	23
2.57200	23
2.57567	23
2.57933	23
2.58300	22
2.58667	22
2.59033	22
2.59400	23
2.59767	23
2.60133	23
2.60500	23
2.60867	22
2.61233	22
2.61600	22
2.61967	22
2.62333	23
2.62700	23
2.63067	24
2.63433	24
2.63800	25
2.64167	26
2.64533	26
2.64900	26
2.65267	27
2.65633	27
2.66000	28
2.66367	28
2.66733	29
2.67100	29
2.67467	29
2.67833	29
2.68200	29
2.68567	30
2.68933	30
2.69300	30
2.69667	30
2.70033	31
2.70400	31
2.70767	31
2.71133	31
2.71500	31
2.71867	31
2.72233	31
2.72600	32
2.72967	32
2.73333	32
2.73700	32
2.74067	32
2.74433	32
2.74800	32
2.75167	32
2.75533	32
2.75900	32
2.76267	32
2.76633	32
2.77000	32
2.77367	32
2.77733	33
2.78100	33
2.78467	34
2.78833	34
2.79200	35
2.79567	35
2.79933	35
2.80300	35
2.80667	35
2.81033	35
2.81400	35
2.81767	34
2.82133	33
2.82500	32
2.82867	32
2.83233	31
2.83600	30
2.83967	30
2.84333	30
2.84700	30
2.85067	29
2.85433	29
2.85800	27
2.86167	24
2.86533	19
2.86900	12
2.87267	1
2.87633	-13
2.88000	-31
2.88367	-53
2.88733	-79
2.89100	-108
2.89467	-142
2.89833	-179
2.90200	-219
2.90567	-261
2.90933	-306
2.91300	-353
2.91667	-402
2.92033	-451
2.92400	-501
2.92767	-552
2.93133	-602
2.93500	-653
2.93867	-703
2.94233	-752
2.94600	-801
2.94967	-852
2.95333	-908
2.95700	-969
2.96067	-1028
2.96433	-1074
2.96800	-1098
2.97167	-1095
2.97533	-1067
2.97900	-1017
2.98267	-952
2.98633	-877
2.99000	-796
2.99367	-715
2.99733	-636
3.00100	-560
3.00467	-490
3.00833	-426
3.01200	-368
3.01567	-317
3.01933	-271
3.02300	-230
3.02667	-195
3.03033	-165
3.03400	-138
3.03767	-115
3.04133	-95
3.04500	-78
3.04867	-64
3.05233	-51
3.05600	-40
3.05967	-31
3.06333	-23
3.06700	-17
3.07067	-11
3.07433	-6
3.07800	-2
3.08167	2
3.08533	5
3.08900	7
3.09267	9
3.09633	11
3.10000	12
3.10367	13
3.10733	14
3.11100	16
3.11467	16
3.11833	17
3.12200	18
3.12567	19
3.12933	20
3.13300	20
3.13667	21
3.14033	22
3.14400	22
3.14767	23
3.15133	24
3.15500	24
3.15867	25
3.16233	25
3.16600	25
3.16967	25
3.17333	26
3.17700	26
3.18067	26
3.18433	27
3.18800	27
3.19167	27
3.19533	27
3.19900	27
3.20267	27
3.20633	27
3.21000	28
3.21367	28
3.21733	28
3.22100	28
3.22467	28
3.22833	28
3.23200	28
3.23567	28
3.23933	29
3.24300	29
3.24667	29
3.25033	29
3.25400	29
3.25767	29
3.26133	29
3.26500	29
3.26867	29
3.27233	30
3.27600	30
3.27967	30
3.28333	31
3.28700	31
3.29067	31
3.29433	31
3.29800	31
3.30167	32
3.30533	32
3.30900	32
3.31267	32
3.31633	32
3.32000	32
3.32367	31
3.32733	31
3.33100	31
3.33467	31
3.33833	31
3.34200	31
3.34567	32
3.34933	32
3.35300	32
3.35667	33
3.36033	33
3.36400	33
3.36767	33
3.37133	33
3.37500	33
3.37867	33
3.38233	33
3.38600	33
3.38967	33
3.39333	33
3.39700	33
3.40067	33
3.40433	33
3.40800	34
3.41167	34
3.41533	34
3.41900	35
3.42267	35
3.42633	35
3.43000	35
3.43367	36
3.43733	36
3.44100	36
3.44467	36
3.44833	36
3.45200	36
3.45567	36
3.45933	36
3.46300	36
3.46667	36
3.47033	36
3.47400	36
3.47767	36
3.48133	36
3.48500	36
3.48867	36
3.49233	36
3.49600	36
3.49967	36
3.50333	35
3.50700	35
3.51067	35
3.51433	35
3.51800	35
3.52167	35
3.52533	35
3.52900	35
3.53267	35
3.53633	35
3.54000	35
3.54367	35
3.54733	35
3.55100	36
3.55467	36
3.55833	36
3.56200	36
3.56567	36
3.56933	36
3.57300	36
3.57667	36
3.58033	36
3.58400	36
3.58767	36
3.59133	36
3.59500	36
3.59867	36
3.60233	36
3.60600	36
3.60967	36
3.61333	36
3.61700	36
3.62067	36
3.62433	36
3.62800	36
3.63167	36
3.63533	36
3.63900	36
3.64267	36
3.64633	36
3.65000	36
3.65367	36
3.65733	36
3.66100	36
3.66467	36
3.66833	36
3.67200	36
3.67567	36
3.67933	36
3.68300	36
3.68667	36
3.69033	36
3.69400	36
3.69767	36
3.70133	36
3.70500	36
3.70867	36
3.71233	37
3.71600	37
3.71967	37
3.72333	37
3.72700	37
3.73067	37
3.73433	37
3.73800	37
3.74167	37
3.74533	37
3.74900	36
3.75267	36
3.75633	36
3.76000	35
3.76367	35
3.76733	35
3.77100	35
3.77467	35
3.77833	35
3.78200	35
3.78567	35
3.78933	35
3.79300	35
3.79667	35
3.80033	35
3.80400	35
3.80767	36
3.81133	36
3.81500	36
3.81867	36
3.82233	36
3.82600	36
3.82967	36
3.83333	36
3.83700	36
3.84067	36
3.84433	36
3.84800	36
3.85167	36
3.85533	36
3.85900	36
3.86267	36
3.86633	36
3.87000	36
3.87367	36
3.87733	36
3.88100	36
3.88467	36
3.88833	36
3.89200	36
3.89567	36
3.89933	36
3.90300	36
3.90667	37
3.91033	37
3.91400	37
3.91767	37
3.92133	37
3.92500	37
3.92867	37
3.93233	37
3.93600	36
3.93967	36
3.94333	36
3.94700	36
3.95067	36
3.95433	36
3.95800	36
3.96167	36
3.96533	36
3.96900	36
3.97267	36
3.97633	36
3.98000	36
3.98367	36
3.98733	36
3.99100	36
3.99467	36
3.99833	36

[Chromatogram (Ch3)]
Interval(msec)	220
# of Points	1091
Start Time(min)	0.002
End Time(min)	3.998
R.Time (min)	Intensity
0.00167	-0
0.00533	-2
0.00900	-2
0.01267	-1
0.01633	0
0.02000	2
0.02367	-1
0.02733	-5
0.03100	-9
0.03467	-9
0.03833	-7
0.04200	-5
0.04567	-3
0.04933	-1
0.05300	-3
0.05667	-2
0.06033	0
0.06400	3
0.06767	4
0.07133	4
0.07500	4
0.07867	6
0.08233	8
0.08600	9
0.08967	7
0.09333	8
0.09700	9
0.10067	9
0.10433	7
0.10800	6
0.11167	3
0.11533	3
0.11900	5
0.12267	7
0.12633	9
0.13000	9
0.13367	10
0.13733	12
0.14100	11
0.14467	9
0.14833	8
0.15200	5
0.15567	4
0.15933	6
0.16300	6
0.16667	5
0.17033	5
0.17400	6
0.17767	7
0.18133	8
0.18500	6
0.18867	4
0.19233	4
0.19600	4
0.19967	3
0.20333	6
0.20700	9
0.21067	12
0.21433	14
0.21800	15
0.22167	15
0.22533	16
0.22900	17
0.23267	16
0.23633	16
0.24000	14
0.24367	14
0.24733	14
0.25100	15
0.25467	16
0.25833	17
0.26200	15
0.26567	15
0.26933	15
0.27300	14
0.27667	15
0.28033	16
0.28400	15
0.28767	13
0.29133	10
0.29500	8
0.29867	9
0.30233	10
0.30600	12
0.30967	11
0.31333	10
0.31700	10
0.32067	10
0.32433	10
0.32800	10
0.33167	11
0.33533	11
0.33900	12
0.34267	10
0.34633	10
0.35000	11
0.35367	9
0.35733	8
0.36100	5
0.36467	4
0.36833	4
0.37200	5
0.37567	7
0.37933	6
0.38300	6
0.38667	5
0.39033	4
0.39400	4
0.39767	6
0.40133	7
0.40500	9
0.40867	11
0.41233	10
0.41600	9
0.41967	9
0.42333	8
0.42700	7
0.43067	8
0.43433	8
0.43800	10
0.44167	11
0.44533	8
0.44900	5
0.45267	5
0.45633	5
0.46000	6
0.46367	7
0.46733	7
0.47100	7
0.47467	8
0.47833	8
0.48200	9
0.48567	10
0.48933	10
0.49300	9
0.49667	8
0.50033	7
0.50400	5
0.50767	4
0.51133	4
0.51500	7
0.51867	7
0.52233	6
0.52600	4
0.52967	4
0.53333	5
0.53700	5
0.54067	5
0.54433	5
0.54800	6
0.55167	6
0.55533	6
0.55900	6
0.56267	7
0.56633	7
0.57000	6
0.57367	7
0.57733	10
0.58100	7
0.58467	8
0.58833	9
0.59200	9
0.59567	8
0.59933	7
0.60300	8
0.60667	9
0.61033	8
0.61400	6
0.61767	4
0.62133	4
0.62500	5
0.62867	8
0.63233	9
0.63600	6
0.63967	5
0.64333	6
0.64700	8
0.65067	8
0.65433	6
0.65800	5
0.66167	3
0.66533	4
0.66900	6
0.67267	8
0.67633	9
0.68000	11
0.68367	11
0.68733	11
0.69100	11
0.69467	9
0.69833	6
0.70200	4
0.70567	3
0.70933	3
0.71300	3
0.71667	5
0.72033	7
0.72400	6
0.72767	6
0.73133	9
0.73500	11
0.73867	11
0.74233	9
0.74600	7
0.74967	5
0.75333	6
0.75700	7
0.76067	5
0.76433	4
0.76800	6
0.77167	8
0.77533	10
0.77900	9
0.78267	10
0.78633	9
0.79000	6
0.79367	3
0.79733	2
0.80100	2
0.80467	4
0.80833	6
0.81200	6
0.81567	5
0.81933	4
0.82300	4
0.82667	4
0.83033	2
0.83400	3
0.83767	3
0.84133	1
0.84500	1
0.84867	2
0.85233	4
0.85600	4
0.85967	4
0.86333	3
0.86700	0
0.87067	-3
0.87433	-2
0.87800	1
0.88167	3
0.88533	5
0.88900	4
0.89267	4
0.89633	5
0.90000	6
0.90367	7
0.90733	4
0.91100	1
0.91467	1
0.91833	1
0.92200	3
0.92567	3
0.92933	5
0.93300	8
0.93667	9
0.94033	6
0.94400	3
0.94767	4
0.95133	7
0.95500	7
0.95867	6
0.96233	4
0.96600	4
0.96967	5
0.97333	5
0.97700	5
0.98067	5
0.98433	7
0.98800	9
0.99167	10
0.99533	9
0.99900	8
1.00267	6
1.00633	6
1.01000	6
1.01367	5
1.01733	6
1.02100	8
1.02467	8
1.02833	9
1.03200	11
1.03567	13
1.03933	12
1.04300	10
1.04667	10
1.05033	12
1.05400	13
1.05767	14
1.06133	13
1.06500	11
1.06867	11
1.07233	10
1.07600	8
1.07967	8
1.08333	10
1.08700	10
1.09067	7
1.09433	5
1.09800	4
1.10167	5
1.10533	5
1.10900	6
1.11267	9
1.11633	11
1.12000	13
1.12367	13
1.12733	11
1.13100	11
1.13467	13
1.13833	18
1.14200	22
1.14567	25
1.14933	26
1.15300	23
1.15667	19
1.16033	16
1.16400	12
1.16767	11
1.17133	13
1.17500	13
1.17867	13
1.18233	12
1.18600	12
1.18967	14
1.19333	14
1.19700	14
1.20067	12
1.20433	12
1.20800	11
1.21167	11
1.21533	10
1.21900	9
1.22267	12
1.22633	12
1.23000	11
1.23367	11
1.23733	12
1.24100	13
1.24467	14
1.24833	15
1.25200	16
1.25567	15
1.25933	16
1.26300	16
1.26667	15
1.27033	14
1.27400	12
1.27767	10
1.28133	7
1.28500	5
1.28867	6
1.29233	6
1.29600	5
1.29967	6
1.30333	7
1.30700	7
1.31067	7
1.31433	8
1.31800	10
1.32167	11
1.32533	10
1.32900	8
1.33267	4
1.33633	4
1.34000	2
1.34367	-1
1.34733	-3
1.35100	-2
1.35467	-0
1.35833	1
1.36200	-0
1.36567	-1
1.36933	1
1.37300	3
1.37667	2
1.38033	1
1.38400	1
1.38767	0
1.39133	-1
1.39500	1
1.39867	3
1.40233	4
1.40600	1
1.40967	0
1.41333	1
1.41700	2
1.42067	3
1.42433	0
1.42800	-2
1.43167	-2
1.43533	-1
1.43900	1
1.44267	3
1.44633	2
1.45000	-1
1.45367	-2
1.45733	-2
1.46100	0
1.46467	2
1.46833	3
1.47200	4
1.47567	2
1.47933	-1
1.48300	-1
1.48667	-0
1.49033	2
1.49400	3
1.49767	3
1.50133	2
1.50500	3
1.50867	2
1.51233	-0
1.51600	-3
1.51967	-3
1.52333	-2
1.52700	-2
1.53067	-3
1.53433	-7
1.53800	-8
1.54167	-8
1.54533	-5
1.54900	-3
1.55267	-1
1.55633	1
1.56000	3
1.56367	4
1.56733	4
1.57100	3
1.57467	1
1.57833	1
1.58200	2
1.58567	1
1.58933	-1
1.59300	-1
1.59667	-2
1.60033	-4
1.60400	-4
1.60767	-4
1.61133	-3
1.61500	-2
1.61867	-0
1.62233	1
1.62600	2
1.62967	3
1.63333	4
1.63700	5
1.64067	7
1.64433	8
1.64800	9
1.65167	8
1.65533	9
1.65900	10
1.66267	9
1.66633	9
1.67000	8
1.67367	10
1.67733	11
1.68100	12
1.68467	12
1.68833	13
1.69200	14
1.69567	12
1.69933	12
1.70300	13
1.70667	14
1.71033	14
1.71400	15
1.71767	16
1.72133	18
1.72500	21
1.72867	25
1.73233	28
1.73600	30
1.73967	29
1.74333	31
1.74700	33
1.75067	32
1.75433	30
1.75800	30
1.76167	30
1.76533	30
1.76900	30
1.77267	33
1.77633	36
1.78000	37
1.78367	37
1.78733	38
1.79100	41
1.79467	42
1.79833	44
1.80200	47
1.80567	48
1.80933	49
1.81300	47
1.81667	44
1.82033	43
1.82400	46
1.82767	48
1.83133	49
1.83500	49
1.83867	47
1.84233	47
1.84600	49
1.84967	49
1.85333	49
1.85700	49
1.86067	48
1.86433	46
1.86800	45
1.87167	45
1.87533	42
1.87900	42
1.88267	44
1.88633	46
1.89000	49
1.89367	52
1.89733	51
1.90100	47
1.90467	45
1.90833	46
1.91200	47
1.91567	47
1.91933	48
1.92300	49
1.92667	50
1.93033	53
1.93400	54
1.93767	54
1.94133	56
1.94500	58
1.94867	58
1.95233	59
1.95600	58
1.95967	58
1.96333	59
1.96700	60
1.97067	60
1.97433	61
1.97800	63
1.98167	63
1.98533	63
1.98900	63
1.99267	63
1.99633	65
2.00000	66
2.00367	65
2.00733	64
2.01100	64
2.01467	62
2.01833	62
2.02200	63
2.02567	64
2.02933	64
2.03300	67
2.03667	71
2.04033	75
2.04400	79
2.04767	78
2.05133	79
2.05500	79
2.05867	77
2.06233	76
2.06600	74
2.06967	74
2.07333	78
2.07700	82
2.08067	83
2.08433	85
2.08800	85
2.09167	84
2.09533	84
2.09900	84
2.10267	85
2.10633	87
2.11000	88
2.11367	89
2.11733	92
2.12100	95
2.12467	97
2.12833	97
2.13200	98
2.13567	97
2.13933	99
2.14300	100
2.14667	103
2.15033	104
2.15400	105
2.15767	105
2.16133	106
2.16500	107
2.16867	110
2.17233	113
2.17600	114
2.17967	115
2.18333	116
2.18700	116
2.19067	118
2.19433	117
2.19800	116
2.20167	116
2.20533	117
2.20900	117
2.21267	120
2.21633	123
2.22000	124
2.22367	125
2.22733	125
2.23100	125
2.23467	125
2.23833	126
2.24200	126
2.24567	127
2.24933	128
2.25300	128
2.25667	128
2.26033	132
2.26400	136
2.26767	141
2.27133	145
2.27500	146
2.27867	145
2.28233	143
2.28600	143
2.28967	144
2.29333	145
2.29700	147
2.30067	147
2.30433	148
2.30800	149
2.31167	150
2.31533	152
2.31900	153
2.32267	153
2.32633	154
2.33000	156
2.33367	157
2.33733	157
2.34100	158
2.34467	161
2.34833	162
2.35200	162
2.35567	162
2.35933	162
2.36300	165
2.36667	169
2.37033	171
2.37400	171
2.37767	171
2.38133	169
2.38500	167
2.38867	167
2.39233	171
2.39600	176
2.39967	179
2.40333	182
2.40700	184
2.41067	185
2.41433	186
2.41800	186
2.42167	189
2.42533	191
2.42900	192
2.43267	191
2.43633	190
2.44000	192
2.44367	209
2.44733	252
2.45100	296
2.45467	331
2.45833	341
2.46200	333
2.46567	322
2.46933	315
2.47300	310
2.47667	302
2.48033	288
2.48400	272
2.48767	255
2.49133	241
2.49500	227
2.49867	219
2.50233	216
2.50600	216
2.50967	222
2.51333	230
2.51700	237
2.52067	242
2.52433	243
2.52800	239
2.53167	232
2.53533	223
2.53900	211
2.54267	201
2.54633	193
2.55000	185
2.55367	180
2.55733	177
2.56100	175
2.56467	173
2.56833	172
2.57200	173
2.57567	174
2.57933	177
2.58300	181
2.58667	185
2.59033	186
2.59400	190
2.59767	197
2.60133	202
2.60500	207
2.60867	207
2.61233	202
2.61600	189
2.61967	168
2.62333	140
2.62700	111
2.63067	80
2.63433	49
2.63800	19
2.64167	-10
2.64533	-34
2.64900	-51
2.65267	-63
2.65633	-71
2.66000	-73
2.66367	-72
2.66733	-70
2.67100	-67
2.67467	-62
2.67833	-55
2.68200	-43
2.68567	-33
2.68933	-24
2.69300	-15
2.69667	-4
2.70033	8
2.70400	18
2.70767	26
2.71133	34
2.71500	43
2.71867	51
2.72233	59
2.72600	66
2.72967	72
2.73333	78
2.73700	85
2.74067	92
2.74433	99
2.74800	106
2.75167	115
2.75533	122
2.75900	127
2.76267	132
2.76633	135
2.77000	139
2.77367	145
2.77733	151
2.78100	156
2.78467	161
2.78833	169
2.79200	176
2.79567	182
2.79933	186
2.80300	189
2.80667	193
2.81033	198
2.81400	203
2.81767	209
2.82133	215
2.82500	221
2.82867	234
2.83233	253
2.83600	290
2.83967	360
2.84333	481
2.84700	683
2.85067	989
2.85433	1408
2.85800	1936
2.86167	2548
2.86533	3204
2.86900	3856
2.87267	4448
2.87633	4934
2.88000	5278
2.88367	5465
2.88733	5497
2.89100	5390
2.89467	5171
2.89833	4868
2.90200	4512
2.90567	4131
2.90933	3744
2.91300	3365
2.91667	3008
2.92033	2676
2.92400	2374
2.92767	2102
2.93133	1858
2.93500	1645
2.93867	1457
2.94233	1290
2.94600	1148
2.94967	1023
2.95333	914
2.95700	820
2.96067	741
2.96433	672
2.96800	610
2.97167	554
2.97533	505
2.97900	462
2.98267	428
2.98633	399
2.99000	375
2.99367	354
2.99733	336
3.00100	321
3.00467	306
3.00833	294
3.01200	284
3.01567	276
3.01933	268
3.02300	261
3.02667	257
3.03033	254
3.03400	252
3.03767	249
3.04133	247
3.04500	246
3.04867	242
3.05233	237
3.05600	237
3.05967	234
3.06333	230
3.06700	229
3.07067	228
3.07433	227
3.07800	227
3.08167	227
3.08533	228
3.08900	229
3.09267	229
3.09633	228
3.10000	225
3.10367	223
3.10733	223
3.11100	223
3.11467	223
3.11833	220
3.12200	217
3.12567	214
3.12933	211
3.13300	211
3.13667	210
3.14033	210
3.14400	211
3.14767	210
3.15133	209
3.15500	207
3.15867	207
3.16233	205
3.16600	205
3.16967	206
3.17333	209
3.17700	210
3.18067	208
3.18433	206
3.18800	204
3.19167	202
3.19533	204
3.19900	206
3.20267	207
3.20633	208
3.21000	209
3.21367	210
3.21733	212
3.22100	210
3.22467	207
3.22833	205
3.23200	205
3.23567	207
3.23933	206
3.24300	205
3.24667	206
3.25033	206
3.25400	205
3.25767	205
3.26133	206
3.26500	207
3.26867	209
3.27233	205
3.27600	202
3.27967	198
3.28333	193
3.28700	192
3.29067	191
3.29433	192
3.29800	193
3.30167	193
3.30533	191
3.30900	188
3.31267	186
3.31633	185
3.32000	184
3.32367	185
3.32733	186
3.33100	184
3.33467	181
3.33833	176
3.34200	172
3.34567	168
3.34933	166
3.35300	164
3.35667	162
3.36033	159
3.36400	156
3.36767	155
3.37133	153
3.37500	150
3.37867	149
3.38233	147
3.38600	145
3.38967	143
3.39333	142
3.39700	140
3.40067	137
3.40433	132
3.40800	126
3.41167	121
3.41533	118
3.41900	114
3.42267	108
3.42633	105
3.43000	103
3.43367	101
3.43733	99
3.44100	97
3.44467	95
3.44833	93
3.45200	89
3.45567	87
3.45933	85
3.46300	84
3.46667	82
3.47033	80
3.47400	77
3.47767	76
3.48133	75
3.48500	74
3.48867	73
3.49233	71
3.49600	68
3.49967	65
3.50333	64
3.50700	61
3.51067	57
3.51433	55
3.51800	52
3.52167	49
3.52533	47
3.52900	43
3.53267	41
3.53633	38
3.54000	36
3.54367	37
3.54733	36
3.55100	33
3.55467	32
3.55833	29
3.56200	28
3.56567	28
3.56933	27
3.57300	25
3.57667	23
3.58033	22
3.58400	19
3.58767	17
3.59133	17
3.59500	15
3.59867	12
3.60233	10
3.60600	10
3.60967	11
3.61333	10
3.61700	10
3.62067	8
3.62433	6
3.62800	3
3.63167	-1
3.63533	-3
3.63900	-4
3.64267	-5
3.64633	-5
3.65000	-6
3.65367	-8
3.65733	-11
3.66100	-12
3.66467	-12
3.66833	-10
3.67200	-9
3.67567	-6
3.67933	-7
3.68300	-12
3.68667	-15
3.69033	-17
3.69400	-17
3.69767	-18
3.70133	-18
3.70500	-18
3.70867	-17
3.71233	-16
3.71600	-16
3.71967	-18
3.72333	-20
3.72700	-22
3.73067	-22
3.73433	-23
3.73800	-23
3.74167	-24
3.74533	-26
3.74900	-27
3.75267	-28
3.75633	-28
3.76000	-25
3.76367	-25
3.76733	-23
3.77100	-25
3.77467	-28
3.77833	-31
3.78200	-30
3.78567	-27
3.78933	-26
3.79300	-27
3.79667	-28
3.80033	-30
3.80400	-32
3.80767	-32
3.81133	-33
3.81500	-34
3.81867	-36
3.82233	-38
3.82600	-38
3.82967	-38
3.83333	-40
3.83700	-41
3.84067	-41
3.84433	-43
3.84800	-46
3.85167	-45
3.85533	-42
3.85900	-40
3.86267	-42
3.86633	-44
3.87000	-45
3.87367	-46
3.87733	-47
3.88100	-44
3.88467	-42
3.88833	-42
3.89200	-41
3.89567	-43
3.89933	-45
3.90300	-50
3.90667	-56
3.91033	-57
3.91400	-55
3.91767	-55
3.92133	-54
3.92500	-52
3.92867	-52
3.93233	-52
3.93600	-51
3.93967	-52
3.94333	-52
3.94700	-52
3.95067	-54
3.95433	-56
3.95800	-57
3.96167	-56
3.96533	-56
3.96900	-57
3.97267	-58
3.97633	-58
3.98000	-61
3.98367	-63
3.98733	-62
3.99100	-60
3.99467	-58
3.99833	-57

[Status Trace (Column Oven Temperature)]
Interval(msec)	1000
# of Points	240
Start Time(min)	0.005
End Time(min)	3.989
Intensity Units	
Intensity Multiplier	1
R.Time (min)	Intensity
0.00537	35.02
0.02203	35.01
0.03870	35.03
0.05537	35.04
0.07203	35.03
0.08870	35.02
0.10537	35.02
0.12203	35.02
0.13870	35.01
0.15537	35.01
0.17203	35.01
0.18870	35.00
0.20537	35.00
0.22203	34.99
0.23870	34.98
0.25537	34.98
0.27203	34.98
0.28870	34.99
0.30537	34.98
0.32203	34.99
0.33870	34.99
0.35537	35.01
0.37203	35.01
0.38870	35.02
0.40537	35.02
0.42203	35.02
0.43870	35.02
0.45537	35.02
0.47203	35.01
0.48870	35.00
0.50537	35.01
0.52203	35.00
0.53870	35.00
0.55537	35.00
0.57203	35.01
0.58870	35.00
0.60537	35.00
0.62203	35.00
0.63870	34.99
0.65537	34.99
0.67203	34.98
0.68870	34.98
0.70537	34.99
0.72203	34.99
0.73870	34.98
0.75537	34.98
0.77203	34.99
0.78870	34.99
0.80537	35.00
0.82203	35.00
0.83870	35.01
0.85537	35.01
0.87203	35.02
0.88870	35.01
0.90537	35.01
0.92203	35.01
0.93870	35.00
0.95537	34.99
0.97203	34.98
0.98870	34.99
1.00537	34.99
1.02203	34.99
1.03870	34.99
1.05537	34.99
1.07203	34.99
1.08870	34.99
1.10537	34.99
1.12203	34.99
1.13870	35.00
1.15537	34.99
1.17203	35.00
1.18870	35.01
1.20537	35.01
1.22203	35.00
1.23870	34.99
1.25537	35.00
1.27203	35.01
1.28870	35.01
1.30537	35.01
1.32203	35.00
1.33870	34.99
1.35537	34.99
1.37203	35.00
1.38870	35.00
1.40537	35.01
1.42203	35.02
1.43870	35.02
1.45537	35.02
1.47203	35.01
1.48870	35.01
1.50537	35.00
1.52203	34.99
1.53870	34.98
1.55537	34.99
1.57203	35.00
1.58870	35.00
1.60537	35.05
1.62203	35.16
1.63870	35.33
1.65537	35.57
1.67203	35.90
1.68870	36.27
1.70537	36.61
1.72203	36.95
1.73870	37.30
1.75537	37.63
1.77203	37.94
1.78870	38.26
1.80537	38.62
1.82203	38.94
1.83870	39.27
1.85537	39.60
1.87203	39.94
1.88870	40.26
1.90537	40.58
1.92203	40.91
1.93870	41.23
1.95537	41.56
1.97203	41.87
1.98870	42.20
2.00537	42.52
2.02203	42.84
2.03870	43.17
2.05537	43.49
2.07203	43.81
2.08870	44.14
2.10537	44.48
2.12203	44.80
2.13870	45.14
2.15537	45.47
2.17203	45.80
2.18870	46.11
2.20537	46.44
2.22203	46.76
2.23870	47.10
2.25537	47.48
2.27203	47.80
2.28870	48.12
2.30537	48.44
2.32203	48.77
2.33870	49.11
2.35537	49.41
2.37203	49.60
2.38870	49.65
2.40537	49.65
2.42203	49.65
2.43870	49.67
2.45537	49.65
2.47203	49.67
2.48870	49.69
2.50537	49.69
2.52203	49.71
2.53870	49.73
2.55537	49.74
2.57203	49.77
2.58870	49.78
2.60537	49.81
2.62203	49.82
2.63870	49.83
2.65537	49.82
2.67203	49.84
2.68870	49.84
2.70537	49.85
2.72203	49.85
2.73870	49.85
2.75537	49.87
2.77203	49.86
2.78870	49.85
2.80537	49.84
2.82203	49.87
2.83870	49.92
2.85537	49.94
2.87203	49.93
2.88870	49.92
2.90537	49.91
2.92203	49.90
2.93870	49.91
2.95537	49.93
2.97203	49.95
2.98870	49.95
3.00537	49.96
3.02203	49.96
3.03870	49.96
3.05537	49.96
3.07203	49.97
3.08870	49.97
3.10537	50.00
3.12203	50.01
3.13870	50.01
3.15537	50.02
3.17203	50.02
3.18870	50.03
3.20537	50.05
3.22203	50.05
3.23870	50.05
3.25537	50.06
3.27203	50.06
3.28870	50.06
3.30537	50.07
3.32203	50.08
3.33870	50.09
3.35537	50.09
3.37203	50.10
3.38870	50.11
3.40537	50.10
3.42203	50.09
3.43870	50.08
3.45537	50.08
3.47203	50.08
3.48870	50.07
3.50537	50.09
3.52203	50.08
3.53870	50.08
3.55537	50.08
3.57203	50.08
3.58870	50.08
3.60537	50.08
3.62203	50.08
3.63870	50.08
3.65537	50.08
3.67203	50.08
3.68870	50.08
3.70537	50.08
3.72203	50.07
3.73870	50.07
3.75537	50.07
3.77203	50.07
3.78870	50.07
3.80537	50.07
3.82203	50.08
3.83870	50.09
3.85537	50.09
3.87203	50.08
3.88870	50.07
3.90537	50.07
3.92203	50.06
3.93870	50.06
3.95537	50.06
3.97203	50.06
3.98870	50.06

[Status Trace (Injection Unit Temperature)]
Interval(msec)	1000
# of Points	240
Start Time(min)	0.005
End Time(min)	3.989
Intensity Units	
Intensity Multiplier	1
R.Time (min)	Intensity
0.00537	100.00
0.02203	100.00
0.03870	100.00
0.05537	100.00
0.07203	100.00
0.08870	100.00
0.10537	100.00
0.12203	100.00
0.13870	100.00
0.15537	100.00
0.17203	99.99
0.18870	100.00
0.20537	100.00
0.22203	100.00
0.23870	100.00
0.25537	100.00
0.27203	99.99
0.28870	100.00
0.30537	100.00
0.32203	99.99
0.33870	100.00
0.35537	100.00
0.37203	100.00
0.38870	100.00
0.40537	100.00
0.42203	100.00
0.43870	100.00
0.45537	100.00
0.47203	100.00
0.48870	100.00
0.50537	100.00
0.52203	100.00
0.53870	100.00
0.55537	100.00
0.57203	100.00
0.58870	100.00
0.60537	100.00
0.62203	100.00
0.63870	100.00
0.65537	100.00
0.67203	100.00
0.68870	100.00
0.70537	100.00
0.72203	100.00
0.73870	100.00
0.75537	100.00
0.77203	100.00
0.78870	100.00
0.80537	100.00
0.82203	100.00
0.83870	100.00
0.85537	100.00
0.87203	100.00
0.88870	100.00
0.90537	100.00
0.92203	100.00
0.93870	100.00
0.95537	100.00
0.97203	100.00
0.98870	100.00
1.00537	100.00
1.02203	100.00
1.03870	100.00
1.05537	99.99
1.07203	100.00
1.08870	100.00
1.10537	100.00
1.12203	100.00
1.13870	100.00
1.15537	100.00
1.17203	100.00
1.18870	100.00
1.20537	100.00
1.22203	100.00
1.23870	100.00
1.25537	100.00
1.27203	100.00
1.28870	100.00
1.30537	100.00
1.32203	100.00
1.33870	100.00
1.35537	100.00
1.37203	100.00
1.38870	100.00
1.40537	100.00
1.42203	100.00
1.43870	100.00
1.45537	100.00
1.47203	100.00
1.48870	100.00
1.50537	100.00
1.52203	100.00
1.53870	100.00
1.55537	100.00
1.57203	100.01
1.58870	100.00
1.60537	100.00
1.62203	100.00
1.63870	100.00
1.65537	100.00
1.67203	100.00
1.68870	100.00
1.70537	100.00
1.72203	100.00
1.73870	100.00
1.75537	100.00
1.77203	100.00
1.78870	100.00
1.80537	99.99
1.82203	100.00
1.83870	100.00
1.85537	99.99
1.87203	99.99
1.88870	100.00
1.90537	99.99
1.92203	99.99
1.93870	100.00
1.95537	99.99
1.97203	99.99
1.98870	99.99
2.00537	99.99
2.02203	99.99
2.03870	99.99
2.05537	99.99
2.07203	99.99
2.08870	99.98
2.10537	99.99
2.12203	99.99
2.13870	99.98
2.15537	99.98
2.17203	99.98
2.18870	99.98
2.20537	99.98
2.22203	99.98
2.23870	99.98
2.25537	99.98
2.27203	99.98
2.28870	99.98
2.30537	99.98
2.32203	99.98
2.33870	99.98
2.35537	99.98
2.37203	99.98
2.38870	99.98
2.40537	99.98
2.42203	99.98
2.43870	99.98
2.45537	99.98
2.47203	99.98
2.48870	99.98
2.50537	99.98
2.52203	99.98
2.53870	99.98
2.55537	99.99
2.57203	99.99
2.58870	99.99
2.60537	99.99
2.62203	99.99
2.63870	99.99
2.65537	99.99
2.67203	99.99
2.68870	99.99
2.70537	99.99
2.72203	99.99
2.73870	99.99
2.75537	100.00
2.77203	100.00
2.78870	100.00
2.80537	100.00
2.82203	100.00
2.83870	100.01
2.85537	100.01
2.87203	100.01
2.88870	100.01
2.90537	100.01
2.92203	100.01
2.93870	100.01
2.95537	100.01
2.97203	100.01
2.98870	100.02
3.00537	100.01
3.02203	100.02
3.03870	100.02
3.05537	100.02
3.07203	100.02
3.08870	100.02
3.10537	100.02
3.12203	100.02
3.13870	100.03
3.15537	100.03
3.17203	100.03
3.18870	100.03
3.20537	100.03
3.22203	100.03
3.23870	100.04
3.25537	100.03
3.27203	100.04
3.28870	100.04
3.30537	100.04
3.32203	100.04
3.33870	100.04
3.35537	100.04
3.37203	100.04
3.38870	100.05
3.40537	100.04
3.42203	100.04
3.43870	100.05
3.45537	100.05
3.47203	100.05
3.48870	100.05
3.50537	100.05
3.52203	100.05
3.53870	100.05
3.55537	100.05
3.57203	100.05
3.58870	100.05
3.60537	100.05
3.62203	100.05
3.63870	100.06
3.65537	100.05
3.67203	100.05
3.68870	100.06
3.70537	100.06
3.72203	100.06
3.73870	100.06
3.75537	100.06
3.77203	100.06
3.78870	100.06
3.80537	100.06
3.82203	100.06
3.83870	100.06
3.85537	100.06
3.87203	100.06
3.88870	100.06
3.90537	100.06
3.92203	100.06
3.93870	100.06
3.95537	100.06
3.97203	100.06
3.98870	100.06

[Status Trace (Carrier Gas Pressure)]
Interval(msec)	1000
# of Points	240
Start Time(min)	0.005
End Time(min)	3.989
Intensity Units	
Intensity Multiplier	1
R.Time (min)	Intensity
0.00537	58.00
0.02203	55.79
0.03870	56.74
0.05537	58.81
0.07203	59.76
0.08870	58.17
0.10537	57.97
0.12203	58.01
0.13870	58.01
0.15537	58.01
0.17203	58.00
0.18870	58.00
0.20537	58.00
0.22203	58.00
0.23870	58.00
0.25537	58.00
0.27203	58.00
0.28870	58.00
0.30537	58.00
0.32203	58.00
0.33870	58.00
0.35537	58.00
0.37203	58.00
0.38870	58.00
0.40537	58.00
0.42203	58.00
0.43870	58.00
0.45537	58.00
0.47203	58.00
0.48870	58.00
0.50537	58.00
0.52203	58.00
0.53870	58.00
0.55537	58.00
0.57203	58.00
0.58870	58.00
0.60537	58.00
0.62203	58.00
0.63870	58.00
0.65537	58.00
0.67203	58.00
0.68870	58.00
0.70537	58.00
0.72203	58.00
0.73870	58.00
0.75537	58.00
0.77203	58.00
0.78870	58.00
0.80537	58.00
0.82203	58.00
0.83870	58.00
0.85537	58.00
0.87203	58.00
0.88870	58.00
0.90537	58.00
0.92203	58.00
0.93870	58.00
0.95537	58.00
0.97203	58.00
0.98870	58.00
1.00537	58.00
1.02203	58.00
1.03870	58.00
1.05537	58.00
1.07203	58.00
1.08870	58.00
1.10537	58.00
1.12203	58.00
1.13870	58.00
1.15537	58.00
1.17203	58.00
1.18870	58.00
1.20537	58.00
1.22203	58.00
1.23870	58.00
1.25537	58.00
1.27203	58.00
1.28870	58.00
1.30537	58.00
1.32203	58.00
1.33870	58.00
1.35537	58.00
1.37203	58.00
1.38870	58.00
1.40537	58.00
1.42203	58.00
1.43870	58.00
1.45537	58.00
1.47203	58.00
1.48870	58.00
1.50537	58.00
1.52203	58.00
1.53870	58.00
1.55537	58.00
1.57203	58.00
1.58870	58.00
1.60537	58.00
1.62203	58.00
1.63870	58.01
1.65537	58.00
1.67203	58.01
1.68870	58.00
1.70537	58.00
1.72203	58.00
1.73870	58.00
1.75537	58.00
1.77203	58.00
1.78870	58.00
1.80537	58.00
1.82203	58.00
1.83870	58.00
1.85537	58.00
1.87203	58.00
1.88870	58.00
1.90537	58.00
1.92203	58.00
1.93870	58.00
1.95537	58.00
1.97203	58.00
1.98870	58.00
2.00537	58.00
2.02203	58.00
2.03870	58.00
2.05537	58.00
2.07203	58.00
2.08870	58.00
2.10537	58.00
2.12203	58.00
2.13870	58.00
2.15537	58.00
2.17203	58.00
2.18870	58.00
2.20537	58.00
2.22203	58.00
2.23870	58.00
2.25537	58.00
2.27203	58.00
2.28870	58.00
2.30537	58.00
2.32203	58.00
2.33870	58.00
2.35537	58.00
2.37203	57.99
2.38870	57.99
2.40537	57.99
2.42203	58.00
2.43870	58.00
2.45537	58.00
2.47203	58.00
2.48870	58.00
2.50537	57.99
2.52203	57.99
2.53870	58.00
2.55537	58.00
2.57203	58.00
2.58870	58.00
2.60537	58.00
2.62203	58.00
2.63870	58.00
2.65537	58.00
2.67203	58.00
2.68870	58.00
2.70537	58.00
2.72203	58.00
2.73870	58.00
2.75537	58.00
2.77203	58.00
2.78870	58.00
2.80537	58.00
2.82203	58.00
2.83870	58.00
2.85537	58.00
2.87203	58.00
2.88870	58.00
2.90537	58.00
2.92203	58.00
2.93870	58.00
2.95537	58.00
2.97203	58.00
2.98870	58.00
3.00537	58.00
3.02203	58.00
3.03870	58.00
3.05537	58.00
3.07203	58.00
3.08870	58.00
3.10537	58.00
3.12203	58.00
3.13870	58.00
3.15537	58.00
3.17203	58.00
3.18870	58.00
3.20537	58.00
3.22203	58.00
3.23870	58.00
3.25537	58.00
3.27203	58.00
3.28870	58.00
3.30537	58.00
3.32203	58.00
3.33870	58.00
3.35537	58.00
3.37203	58.00
3.38870	58.00
3.40537	58.00
3.42203	58.00
3.43870	58.00
3.45537	58.00
3.47203	58.00
3.48870	58.00
3.50537	58.00
3.52203	58.00
3.53870	58.00
3.55537	58.00
3.57203	58.00
3.58870	58.00
3.60537	58.00
3.62203	58.00
3.63870	58.00
3.65537	58.00
3.67203	58.00
3.68870	58.00
3.70537	58.00
3.72203	58.00
3.73870	58.00
3.75537	58.00
3.77203	58.00
3.78870	58.00
3.80537	58.00
3.82203	58.00
3.83870	58.00
3.85537	58.00
3.87203	58.00
3.88870	58.00
3.90537	58.00
3.92203	58.00
3.93870	58.00
3.95537	58.00
3.97203	58.00
3.98870	58.00

[Status Trace (Carrier Gas Flow)]
Interval(msec)	1000
# of Points	240
Start Time(min)	0.005
End Time(min)	3.989
Intensity Units	
Intensity Multiplier	1
R.Time (min)	Intensity
0.00537	34.52
0.02203	34.54
0.03870	34.54
0.05537	34.55
0.07203	34.49
0.08870	34.51
0.10537	34.53
0.12203	34.52
0.13870	34.52
0.15537	34.52
0.17203	34.52
0.18870	34.52
0.20537	34.52
0.22203	34.52
0.23870	34.52
0.25537	34.53
0.27203	34.52
0.28870	34.52
0.30537	34.52
0.32203	34.52
0.33870	34.53
0.35537	34.52
0.37203	34.51
0.38870	34.53
0.40537	34.52
0.42203	34.52
0.43870	34.52
0.45537	34.52
0.47203	34.52
0.48870	34.52
0.50537	34.52
0.52203	34.52
0.53870	34.52
0.55537	34.52
0.57203	34.52
0.58870	34.52
0.60537	34.52
0.62203	34.52
0.63870	34.52
0.65537	34.52
0.67203	34.52
0.68870	34.52
0.70537	34.52
0.72203	34.52
0.73870	34.52
0.75537	34.52
0.77203	34.52
0.78870	34.52
0.80537	34.52
0.82203	34.52
0.83870	34.52
0.85537	34.52
0.87203	34.52
0.88870	34.52
0.90537	34.52
0.92203	34.52
0.93870	34.52
0.95537	34.52
0.97203	34.52
0.98870	34.52
1.00537	34.52
1.02203	34.51
1.03870	34.53
1.05537	34.52
1.07203	34.52
1.08870	34.52
1.10537	34.52
1.12203	34.52
1.13870	34.52
1.15537	34.52
1.17203	34.52
1.18870	34.52
1.20537	34.52
1.22203	34.52
1.23870	34.52
1.25537	34.52
1.27203	34.52
1.28870	34.52
1.30537	34.52
1.32203	34.52
1.33870	34.52
1.35537	34.52
1.37203	34.52
1.38870	34.52
1.40537	34.52
1.42203	34.52
1.43870	34.52
1.45537	34.52
1.47203	34.52
1.48870	34.52
1.50537	34.51
1.52203	34.51
1.53870	34.52
1.55537	34.52
1.57203	34.51
1.58870	34.53
1.60537	34.52
1.62203	34.52
1.63870	34.52
1.65537	34.52
1.67203	34.52
1.68870	34.52
1.70537	34.52
1.72203	34.52
1.73870	34.52
1.75537	34.52
1.77203	34.52
1.78870	34.52
1.80537	34.52
1.82203	34.52
1.83870	34.51
1.85537	34.52
1.87203	34.52
1.88870	34.53
1.90537	34.52
1.92203	34.52
1.93870	34.52
1.95537	34.52
1.97203	34.52
1.98870	34.52
2.00537	34.52
2.02203	34.52
2.03870	34.52
2.05537	34.52
2.07203	34.52
2.08870	34.52
2.10537	34.52
2.12203	34.51
2.13870	34.51
2.15537	34.52
2.17203	34.52
2.18870	34.52
2.20537	34.52
2.22203	34.52
2.23870	34.52
2.25537	34.51
2.27203	34.52
2.28870	34.52
2.30537	34.51
2.32203	34.52
2.33870	34.51
2.35537	34.51
2.37203	34.52
2.38870	34.52
2.40537	34.52
2.42203	34.52
2.43870	34.52
2.45537	34.52
2.47203	34.52
2.48870	34.52
2.50537	34.58
2.52203	34.52
2.53870	34.52
2.55537	34.52
2.57203	34.52
2.58870	34.52
2.60537	34.52
2.62203	34.52
2.63870	34.52
2.65537	34.52
2.67203	34.52
2.68870	34.52
2.70537	34.52
2.72203	34.52
2.73870	34.52
2.75537	34.52
2.77203	34.52
2.78870	34.52
2.80537	34.52
2.82203	34.52
2.83870	34.52
2.85537	34.52
2.87203	34.52
2.88870	34.52
2.90537	34.52
2.92203	34.52
2.93870	34.52
2.95537	34.52
2.97203	34.52
2.98870	34.52
3.00537	34.52
3.02203	34.52
3.03870	34.52
3.05537	34.52
3.07203	34.52
3.08870	34.52
3.10537	34.52
3.12203	34.52
3.13870	34.52
3.15537	34.52
3.17203	34.52
3.18870	34.52
3.20537	34.52
3.22203	34.52
3.23870	34.52
3.25537	34.52
3.27203	34.52
3.28870	34.52
3.30537	34.52
3.32203	34.52
3.33870	34.52
3.35537	34.51
3.37203	34.51
3.38870	34.52
3.40537	34.52
3.42203	34.52
3.43870	34.52
3.45537	34.52
3.47203	34.52
3.48870	34.52
3.50537	34.52
3.52203	34.52
3.53870	34.52
3.55537	34.52
3.57203	34.52
3.58870	34.52
3.60537	34.52
3.62203	34.52
3.63870	34.52
3.65537	34.52
3.67203	34.52
3.68870	34.52
3.70537	34.52
3.72203	34.51
3.73870	34.52
3.75537	34.52
3.77203	34.53
3.78870	34.52
3.80537	34.53
3.82203	34.50
3.83870	34.53
3.85537	34.52
3.87203	34.52
3.88870	34.51
3.90537	34.51
3.92203	34.52
3.93870	34.52
3.95537	34.51
3.97203	34.52
3.98870	34.51

[Status Trace (Column Flow)]
Interval(msec)	1000
# of Points	240
Start Time(min)	0.005
End Time(min)	3.989
Intensity Units	
Intensity Multiplier	1
R.Time (min)	Intensity
0.00537	5.52
0.02203	5.26
0.03870	5.37
0.05537	5.61
0.07203	5.72
0.08870	5.54
0.10537	5.51
0.12203	5.52
0.13870	5.52
0.15537	5.52
0.17203	5.52
0.18870	5.52
0.20537	5.52
0.22203	5.52
0.23870	5.52
0.25537	5.52
0.27203	5.52
0.28870	5.52
0.30537	5.52
0.32203	5.52
0.33870	5.52
0.35537	5.52
0.37203	5.52
0.38870	5.52
0.40537	5.52
0.42203	5.52
0.43870	5.52
0.45537	5.52
0.47203	5.52
0.48870	5.52
0.50537	5.52
0.52203	5.52
0.53870	5.52
0.55537	5.52
0.57203	5.52
0.58870	5.52
0.60537	5.52
0.62203	5.52
0.63870	5.52
0.65537	5.52
0.67203	5.52
0.68870	5.52
0.70537	5.52
0.72203	5.52
0.73870	5.52
0.75537	5.52
0.77203	5.52
0.78870	5.52
0.80537	5.52
0.82203	5.52
0.83870	5.52
0.85537	5.52
0.87203	5.52
0.88870	5.52
0.90537	5.52
0.92203	5.52
0.93870	5.52
0.95537	5.52
0.97203	5.52
0.98870	5.52
1.00537	5.52
1.02203	5.52
1.03870	5.52
1.05537	5.52
1.07203	5.52
1.08870	5.52
1.10537	5.52
1.12203	5.52
1.13870	5.52
1.15537	5.52
1.17203	5.52
1.18870	5.52
1.20537	5.52
1.22203	5.52
1.23870	5.52
1.25537	5.52
1.27203	5.52
1.28870	5.52
1.30537	5.52
1.32203	5.52
1.33870	5.52
1.35537	5.52
1.37203	5.52
1.38870	5.52
1.40537	5.52
1.42203	5.52
1.43870	5.52
1.45537	5.52
1.47203	5.52
1.48870	5.52
1.50537	5.52
1.52203	5.52
1.53870	5.52
1.55537	5.52
1.57203	5.52
1.58870	5.52
1.60537	5.52
1.62203	5.52
1.63870	5.51
1.65537	5.50
1.67203	5.49
1.68870	5.48
1.70537	5.47
1.72203	5.46
1.73870	5.45
1.75537	5.44
1.77203	5.43
1.78870	5.42
1.80537	5.41
1.82203	5.40
1.83870	5.39
1.85537	5.38
1.87203	5.37
1.88870	5.36
1.90537	5.35
1.92203	5.34
1.93870	5.33
1.95537	5.32
1.97203	5.31
1.98870	5.30
2.00537	5.29
2.02203	5.28
2.03870	5.27
2.05537	5.26
2.07203	5.25
2.08870	5.24
2.10537	5.23
2.12203	5.22
2.13870	5.21
2.15537	5.20
2.17203	5.20
2.18870	5.19
2.20537	5.18
2.22203	5.17
2.23870	5.16
2.25537	5.15
2.27203	5.14
2.28870	5.13
2.30537	5.12
2.32203	5.11
2.33870	5.10
2.35537	5.09
2.37203	5.09
2.38870	5.09
2.40537	5.09
2.42203	5.09
2.43870	5.09
2.45537	5.09
2.47203	5.09
2.48870	5.09
2.50537	5.08
2.52203	5.08
2.53870	5.08
2.55537	5.08
2.57203	5.08
2.58870	5.08
2.60537	5.08
2.62203	5.08
2.63870	5.08
2.65537	5.08
2.67203	5.08
2.68870	5.08
2.70537	5.08
2.72203	5.08
2.73870	5.08
2.75537	5.08
2.77203	5.08
2.78870	5.08
2.80537	5.08
2.82203	5.08
2.83870	5.08
2.85537	5.08
2.87203	5.08
2.88870	5.08
2.90537	5.08
2.92203	5.08
2.93870	5.08
2.95537	5.08
2.97203	5.08
2.98870	5.08
3.00537	5.08
3.02203	5.08
3.03870	5.08
3.05537	5.08
3.07203	5.08
3.08870	5.08
3.10537	5.08
3.12203	5.08
3.13870	5.08
3.15537	5.08
3.17203	5.08
3.18870	5.08
3.20537	5.08
3.22203	5.08
3.23870	5.08
3.25537	5.08
3.27203	5.08
3.28870	5.08
3.30537	5.07
3.32203	5.07
3.33870	5.07
3.35537	5.07
3.37203	5.07
3.38870	5.07
3.40537	5.07
3.42203	5.07
3.43870	5.07
3.45537	5.07
3.47203	5.07
3.48870	5.07
3.50537	5.07
3.52203	5.07
3.53870	5.07
3.55537	5.07
3.57203	5.07
3.58870	5.07
3.60537	5.07
3.62203	5.07
3.63870	5.07
3.65537	5.07
3.67203	5.07
3.68870	5.07
3.70537	5.07
3.72203	5.08
3.73870	5.08
3.75537	5.08
3.77203	5.08
3.78870	5.07
3.80537	5.07
3.82203	5.07
3.83870	5.07
3.85537	5.07
3.87203	5.07
3.88870	5.07
3.90537	5.08
3.92203	5.08
3.93870	5.08
3.95537	5.08
3.97203	5.08
3.98870	5.08

[Status Trace (Linear Velocity)]
Interval(msec)	1000
# of Points	240
Start Time(min)	0.005
End Time(min)	3.989
Intensity Units	
Intensity Multiplier	1
R.Time (min)	Intensity
0.00537	39.01
0.02203	37.56
0.03870	38.19
0.05537	39.55
0.07203	40.16
0.08870	39.13
0.10537	38.99
0.12203	39.02
0.13870	39.02
0.15537	39.02
0.17203	39.02
0.18870	39.02
0.20537	39.02
0.22203	39.02
0.23870	39.02
0.25537	39.02
0.27203	39.02
0.28870	39.02
0.30537	39.02
0.32203	39.02
0.33870	39.02
0.35537	39.02
0.37203	39.01
0.38870	39.01
0.40537	39.01
0.42203	39.01
0.43870	39.01
0.45537	39.01
0.47203	39.02
0.48870	39.02
0.50537	39.02
0.52203	39.02
0.53870	39.02
0.55537	39.02
0.57203	39.02
0.58870	39.02
0.60537	39.02
0.62203	39.02
0.63870	39.02
0.65537	39.02
0.67203	39.02
0.68870	39.02
0.70537	39.02
0.72203	39.02
0.73870	39.02
0.75537	39.02
0.77203	39.02
0.78870	39.02
0.80537	39.02
0.82203	39.02
0.83870	39.02
0.85537	39.02
0.87203	39.01
0.88870	39.02
0.90537	39.01
0.92203	39.02
0.93870	39.02
0.95537	39.02
0.97203	39.02
0.98870	39.02
1.00537	39.02
1.02203	39.02
1.03870	39.02
1.05537	39.02
1.07203	39.02
1.08870	39.02
1.10537	39.02
1.12203	39.02
1.13870	39.02
1.15537	39.02
1.17203	39.02
1.18870	39.01
1.20537	39.02
1.22203	39.02
1.23870	39.02
1.25537	39.02
1.27203	39.02
1.28870	39.02
1.30537	39.02
1.32203	39.02
1.33870	39.02
1.35537	39.02
1.37203	39.02
1.38870	39.02
1.40537	39.02
1.42203	39.01
1.43870	39.01
1.45537	39.01
1.47203	39.02
1.48870	39.02
1.50537	39.02
1.52203	39.02
1.53870	39.02
1.55537	39.02
1.57203	39.02
1.58870	39.02
1.60537	39.01
1.62203	39.00
1.63870	38.99
1.65537	38.96
1.67203	38.93
1.68870	38.90
1.70537	38.86
1.72203	38.83
1.73870	38.80
1.75537	38.77
1.77203	38.74
1.78870	38.71
1.80537	38.67
1.82203	38.64
1.83870	38.61
1.85537	38.58
1.87203	38.55
1.88870	38.52
1.90537	38.49
1.92203	38.46
1.93870	38.43
1.95537	38.40
1.97203	38.37
1.98870	38.34
2.00537	38.31
2.02203	38.28
2.03870	38.25
2.05537	38.22
2.07203	38.19
2.08870	38.16
2.10537	38.13
2.12203	38.10
2.13870	38.07
2.15537	38.04
2.17203	38.01
2.18870	37.98
2.20537	37.95
2.22203	37.92
2.23870	37.89
2.25537	37.86
2.27203	37.83
2.28870	37.80
2.30537	37.77
2.32203	37.74
2.33870	37.71
2.35537	37.68
2.37203	37.66
2.38870	37.66
2.40537	37.66
2.42203	37.66
2.43870	37.66
2.45537	37.66
2.47203	37.66
2.48870	37.66
2.50537	37.65
2.52203	37.65
2.53870	37.65
2.55537	37.66
2.57203	37.65
2.58870	37.65
2.60537	37.65
2.62203	37.65
2.63870	37.65
2.65537	37.65
2.67203	37.65
2.68870	37.65
2.70537	37.65
2.72203	37.65
2.73870	37.65
2.75537	37.64
2.77203	37.64
2.78870	37.65
2.80537	37.65
2.82203	37.64
2.83870	37.64
2.85537	37.64
2.87203	37.64
2.88870	37.64
2.90537	37.64
2.92203	37.64
2.93870	37.64
2.95537	37.64
2.97203	37.64
2.98870	37.64
3.00537	37.64
3.02203	37.64
3.03870	37.64
3.05537	37.64
3.07203	37.64
3.08870	37.63
3.10537	37.63
3.12203	37.63
3.13870	37.63
3.15537	37.63
3.17203	37.63
3.18870	37.63
3.20537	37.63
3.22203	37.63
3.23870	37.63
3.25537	37.63
3.27203	37.63
3.28870	37.63
3.30537	37.63
3.32203	37.63
3.33870	37.62
3.35537	37.62
3.37203	37.62
3.38870	37.62
3.40537	37.62
3.42203	37.62
3.43870	37.62
3.45537	37.63
3.47203	37.63
3.48870	37.63
3.50537	37.63
3.52203	37.62
3.53870	37.63
3.55537	37.62
3.57203	37.62
3.58870	37.63
3.60537	37.62
3.62203	37.63
3.63870	37.63
3.65537	37.63
3.67203	37.62
3.68870	37.62
3.70537	37.62
3.72203	37.63
3.73870	37.63
3.75537	37.63
3.77203	37.63
3.78870	37.63
3.80537	37.63
3.82203	37.63
3.83870	37.63
3.85537	37.62
3.87203	37.62
3.88870	37.63
3.90537	37.63
3.92203	37.63
3.93870	37.63
3.95537	37.63
3.97203	37.63
3.98870	37.63

