[Header]
Application Name	LabSolutions
Version	5.110
Data File Name	C:\Users\User\Desktop\GC Analyses\Jack\UIC Prairie Sampling\9.2.22\220902_006.gcd
Output Date	10/28/2022
Output Time	1:23:51 PM

[File Information]
Type	Data File
Generated	10/25/2022 11:13:49 AM
Generated by	System Administrator
Modified	10/25/2022 11:18:08 AM
Modified by	System Administrator

[Sample Information]
Operator Name	System Administrator
Acquired	10/25/2022 11:14:08 AM
Sample Type	1:Standard
Level	1
Sample Name	220902_UICPrairie
Sample ID	220902_UICPrairie
ISTD Amount1	1
ISTD Amount2	1
ISTD Amount3	1
ISTD Amount4	1
ISTD Amount5	1
ISTD Amount6	1
ISTD Amount7	1
ISTD Amount8	1
ISTD Amount9	1
ISTD Amount10	1
ISTD Amount11	1
ISTD Amount12	1
ISTD Amount13	1
ISTD Amount14	1
ISTD Amount15	1
ISTD Amount16	1
ISTD Amount17	1
ISTD Amount18	1
ISTD Amount19	1
ISTD Amount20	1
ISTD Amount21	1
ISTD Amount22	1
ISTD Amount23	1
ISTD Amount24	1
ISTD Amount25	1
ISTD Amount26	1
ISTD Amount27	1
ISTD Amount28	1
ISTD Amount29	1
ISTD Amount30	1
ISTD Amount31	1
ISTD Amount32	1
Sample Amount	1
Dilution Factor	1
Vial#	1
Injection Volume	1
Injection Count	1
Bar Code	

[Original Files]
Data File	C:\Users\User\Desktop\GC Analyses\Jack\UIC Prairie Sampling\9.2.22\220902_006.gcd
Method File	C:\LabSolutions\Data\GHG_4min_2022\ghg3_togas_w_acet_4 min_new_int.gcm
Batch File	
Report Format File	c:\LabSolutions\System\DEFAULT.lsr

[File Description]


[Configuration]
Instrument Name	C0B7VH3-Instrument1
Instrument #	1
Line #	1
# of Detectors	3
Detector ID	DET#1	DET#2	DET#3
Detector Name	FID	PTCD	ECD
# of Channels	1	1	1

[Peak Table(Ch1)]
# of Peaks	3
Peak#	R.Time	I.Time	F.Time	Area	Height	A/H	Conc.	Mark	ID#	Name	k'	Plate #	Plate Ht.	Tailing	Resolution	Sep.Factor	Area Ratio	Height Ratio	Conc. %	Norm Conc.
1	1.472	1.439	1.534	4437	1604	2.766	100.000	   	1	CO	0.000	6230	24.079	1.519	0.000	0.000	0	0	16.667	16.667
2	1.571	1.534	1.641	19964	10203	1.957	100.000	 V 	2	CH4	0.067	11692	12.830	1.177	1.492	0.000	0	0	16.667	16.667
3	2.000	1.945	2.352	2090842	1020969	2.048	400.000	   	3	CO2	0.359	17817	8.419	1.197	7.268	5.333	0	0	66.667	66.667

[Peak Table(Ch2)]
# of Peaks	0

[Peak Table(Ch3)]
# of Peaks	4
Peak#	R.Time	I.Time	F.Time	Area	Height	A/H	Conc.	Mark	ID#	Name	k'	Plate #	Plate Ht.	Tailing	Resolution	Sep.Factor	Area Ratio	Height Ratio	Conc. %	Norm Conc.
1	2.458	1.322	2.649	14801	448	33.007	0.000	   			0.000	155	965.744	0.592	0.000	0.000	0	0	0.000	0.000
2	2.781	2.664	2.818	954	143	6.677	0.015	   	1	N2O	0.131	1439	104.231	0.000	0.596	0.000	0	0	0.740	0.740
3	2.887	2.818	3.133	63527	16390	3.876	0.985	 V 	1	N2O	0.175	12758	11.757	1.510	0.538	1.330	0	0	49.260	49.260
4	3.382	3.243	3.965	13185	564	23.397	1.000	   	2	SF6	0.376	447	335.712	2.566	1.334	2.154	0	0	50.000	50.000

[Compound Results(Ch1)]
# of IDs	6
ID#	Name	R.Time	Area	Height	Conc.	Curve	3rd	2nd	1st	Constant	Area Ratio	Height Ratio	Conc. %	Norm Conc.
1	CO	1.472	4437	1604	100.000	Linear	0.000000e+00	0.000000e+00	4.436786e+001	0.000000e+00	0	0	16.667	16.667
2	CH4	1.571	19964	10203	100.000	Linear	0.000000e+00	0.000000e+00	1.996402e+002	0.000000e+00	0	0	16.667	16.667
3	CO2	2.000	2090842	1020969	400.000	Linear	0.000000e+00	0.000000e+00	5.227105e+003	0.000000e+00	0	0	66.667	66.667
4	Ethylene	0.000	0	0	0.000	Linear	0.000000e+00	0.000000e+00	0.000000e+00	0.000000e+00	0	0	0.000	0.000
5	Acetylene	0.000	0	0	0.000	Linear	0.000000e+00	0.000000e+00	0.000000e+00	0.000000e+00	0	0	0.000	0.000
6	Ethane	0.000	0	0	0.000	Linear	0.000000e+00	0.000000e+00	0.000000e+00	0.000000e+00	0	0	0.000	0.000

[Compound Results(Ch2)]
# of IDs	5
ID#	Name	R.Time	Area	Height	Conc.	Curve	3rd	2nd	1st	Constant	Area Ratio	Height Ratio	Conc. %	Norm Conc.
1	Hydrogen	0.000	0	0	0.000	Linear	0.000000e+00	0.000000e+00	0.000000e+00	0.000000e+00	0	0	0.000	0.000
2	Oxygen	0.000	0	0	0.000	Linear	0.000000e+00	0.000000e+00	0.000000e+00	0.000000e+00	0	0	0.000	0.000
3	Nitrogen	0.000	0	0	0.000	Linear	0.000000e+00	0.000000e+00	0.000000e+00	0.000000e+00	0	0	0.000	0.000
4	Methane	0.000	0	0	0.000	Linear	0.000000e+00	0.000000e+00	0.000000e+00	0.000000e+00	0	0	0.000	0.000
5	Carbon Monoxide	0.000	0	0	0.000	Linear	0.000000e+00	0.000000e+00	0.000000e+00	0.000000e+00	0	0	0.000	0.000

[Compound Results(Ch3)]
# of IDs	2
ID#	Name	R.Time	Area	Height	Conc.	Curve	3rd	2nd	1st	Constant	Area Ratio	Height Ratio	Conc. %	Norm Conc.
1	N2O	2.887	64482	16533	1.000	Linear	0.000000e+00	0.000000e+00	6.448151e+004	0.000000e+00	0	0	50.000	50.000
2	SF6	3.382	13185	564	1.000	Linear	0.000000e+00	0.000000e+00	1.318465e+004	0.000000e+00	0	0	50.000	50.000

[Group Results(Ch1)]
# of Groups	0

[Group Results(Ch2)]
# of Groups	0

[Group Results(Ch3)]
# of Groups	0

[Chromatogram (Ch1)]
Interval(msec)	220
# of Points	1091
Start Time(min)	0.002
End Time(min)	3.998
R.Time (min)	Intensity
0.00167	5
0.00533	11
0.00900	14
0.01267	14
0.01633	12
0.02000	11
0.02367	9
0.02733	10
0.03100	10
0.03467	6
0.03833	0
0.04200	-2
0.04567	-5
0.04933	-8
0.05300	-9
0.05667	-8
0.06033	-7
0.06400	-8
0.06767	-12
0.07133	-16
0.07500	-14
0.07867	-9
0.08233	-2
0.08600	5
0.08967	11
0.09333	14
0.09700	12
0.10067	10
0.10433	7
0.10800	5
0.11167	-2
0.11533	-12
0.11900	-19
0.12267	-22
0.12633	-22
0.13000	-20
0.13367	-17
0.13733	-12
0.14100	-8
0.14467	-5
0.14833	-4
0.15200	-5
0.15567	-7
0.15933	-11
0.16300	-14
0.16667	-18
0.17033	-21
0.17400	-21
0.17767	-17
0.18133	-10
0.18500	-6
0.18867	-4
0.19233	-1
0.19600	1
0.19967	1
0.20333	-5
0.20700	-14
0.21067	-23
0.21433	-30
0.21800	-32
0.22167	-29
0.22533	-23
0.22900	-20
0.23267	-20
0.23633	-20
0.24000	-21
0.24367	-27
0.24733	-33
0.25100	-35
0.25467	-36
0.25833	-32
0.26200	-30
0.26567	-28
0.26933	-26
0.27300	-26
0.27667	-27
0.28033	-28
0.28400	-32
0.28767	-37
0.29133	-42
0.29500	-43
0.29867	-41
0.30233	-39
0.30600	-38
0.30967	-38
0.31333	-41
0.31700	-43
0.32067	-39
0.32433	-33
0.32800	-27
0.33167	-24
0.33533	-21
0.33900	-19
0.34267	-21
0.34633	-24
0.35000	-26
0.35367	-25
0.35733	-23
0.36100	-24
0.36467	-24
0.36833	-21
0.37200	-18
0.37567	-17
0.37933	-19
0.38300	-22
0.38667	-26
0.39033	-31
0.39400	-35
0.39767	-33
0.40133	-27
0.40500	-23
0.40867	-24
0.41233	-29
0.41600	-32
0.41967	-34
0.42333	-33
0.42700	-32
0.43067	-28
0.43433	-25
0.43800	-21
0.44167	-21
0.44533	-26
0.44900	-32
0.45267	-35
0.45633	-38
0.46000	-41
0.46367	-41
0.46733	-38
0.47100	-38
0.47467	-37
0.47833	-35
0.48200	-33
0.48567	-31
0.48933	-31
0.49300	-32
0.49667	-32
0.50033	-29
0.50400	-20
0.50767	-14
0.51133	-13
0.51500	-17
0.51867	-22
0.52233	-22
0.52600	-18
0.52967	-15
0.53333	-12
0.53700	-9
0.54067	-5
0.54433	-2
0.54800	0
0.55167	2
0.55533	3
0.55900	8
0.56267	10
0.56633	6
0.57000	-3
0.57367	-11
0.57733	-15
0.58100	-15
0.58467	-14
0.58833	-13
0.59200	-9
0.59567	-7
0.59933	-7
0.60300	-8
0.60667	-7
0.61033	-4
0.61400	0
0.61767	4
0.62133	4
0.62500	2
0.62867	-1
0.63233	-6
0.63600	-10
0.63967	-13
0.64333	-13
0.64700	-9
0.65067	-2
0.65433	9
0.65800	17
0.66167	14
0.66533	2
0.66900	-16
0.67267	-31
0.67633	-41
0.68000	-48
0.68367	-49
0.68733	-46
0.69100	-41
0.69467	-34
0.69833	-23
0.70200	-13
0.70567	-7
0.70933	-4
0.71300	-3
0.71667	-3
0.72033	-3
0.72400	-2
0.72767	-1
0.73133	2
0.73500	3
0.73867	3
0.74233	3
0.74600	1
0.74967	-2
0.75333	-2
0.75700	-2
0.76067	-5
0.76433	-9
0.76800	-10
0.77167	-7
0.77533	-4
0.77900	-3
0.78267	-5
0.78633	-8
0.79000	-10
0.79367	-10
0.79733	-10
0.80100	-8
0.80467	-5
0.80833	-3
0.81200	-2
0.81567	-7
0.81933	-12
0.82300	-14
0.82667	-13
0.83033	-9
0.83400	-7
0.83767	-7
0.84133	-7
0.84500	-11
0.84867	-17
0.85233	-16
0.85600	-8
0.85967	-1
0.86333	3
0.86700	5
0.87067	4
0.87433	1
0.87800	-3
0.88167	-8
0.88533	-14
0.88900	-23
0.89267	-30
0.89633	-33
0.90000	-33
0.90367	-34
0.90733	-31
0.91100	-27
0.91467	-22
0.91833	-13
0.92200	-4
0.92567	4
0.92933	11
0.93300	13
0.93667	11
0.94033	4
0.94400	-2
0.94767	-4
0.95133	-7
0.95500	-10
0.95867	-14
0.96233	-16
0.96600	-15
0.96967	-15
0.97333	-17
0.97700	-22
0.98067	-26
0.98433	-28
0.98800	-26
0.99167	-22
0.99533	-19
0.99900	-20
1.00267	-22
1.00633	-23
1.01000	-24
1.01367	-25
1.01733	-23
1.02100	-17
1.02467	-11
1.02833	-5
1.03200	-2
1.03567	1
1.03933	0
1.04300	-6
1.04667	-15
1.05033	-21
1.05400	-25
1.05767	-29
1.06133	-33
1.06500	-41
1.06867	-48
1.07233	-52
1.07600	-52
1.07967	-47
1.08333	-37
1.08700	-26
1.09067	-17
1.09433	-12
1.09800	-11
1.10167	-16
1.10533	-22
1.10900	-24
1.11267	-23
1.11633	-25
1.12000	-27
1.12367	-29
1.12733	-34
1.13100	-42
1.13467	-49
1.13833	-50
1.14200	-50
1.14567	-51
1.14933	-52
1.15300	-55
1.15667	-56
1.16033	-53
1.16400	-49
1.16767	-49
1.17133	-50
1.17500	-52
1.17867	-53
1.18233	-48
1.18600	-40
1.18967	-32
1.19333	-25
1.19700	-21
1.20067	-19
1.20433	-21
1.20800	-25
1.21167	-30
1.21533	-34
1.21900	-39
1.22267	-42
1.22633	-45
1.23000	-52
1.23367	-58
1.23733	-60
1.24100	-58
1.24467	-56
1.24833	-54
1.25200	-52
1.25567	-49
1.25933	-44
1.26300	-40
1.26667	-36
1.27033	-34
1.27400	-39
1.27767	-45
1.28133	-46
1.28500	-41
1.28867	-36
1.29233	-33
1.29600	-33
1.29967	-36
1.30333	-38
1.30700	-40
1.31067	-43
1.31433	-46
1.31800	-46
1.32167	-48
1.32533	-49
1.32900	-48
1.33267	-44
1.33633	-38
1.34000	-32
1.34367	-32
1.34733	-40
1.35100	-52
1.35467	-60
1.35833	-63
1.36200	-59
1.36567	-56
1.36933	-56
1.37300	-57
1.37667	-58
1.38033	-58
1.38400	-61
1.38767	-62
1.39133	-63
1.39500	-63
1.39867	-62
1.40233	-60
1.40600	-59
1.40967	-59
1.41333	-58
1.41700	-54
1.42067	-49
1.42433	-49
1.42800	-51
1.43167	-54
1.43533	-54
1.43900	-42
1.44267	20
1.44633	203
1.45000	509
1.45367	847
1.45733	1137
1.46100	1346
1.46467	1476
1.46833	1542
1.47200	1559
1.47567	1537
1.47933	1479
1.48300	1384
1.48667	1251
1.49033	1087
1.49400	907
1.49767	731
1.50133	571
1.50500	432
1.50867	316
1.51233	223
1.51600	151
1.51967	104
1.52333	73
1.52700	50
1.53067	31
1.53433	17
1.53800	26
1.54167	152
1.54533	640
1.54900	1760
1.55267	3501
1.55633	5508
1.56000	7375
1.56367	8858
1.56733	9825
1.57100	10148
1.57467	9705
1.57833	8544
1.58200	6944
1.58567	5270
1.58933	3789
1.59300	2615
1.59667	1750
1.60033	1139
1.60400	723
1.60767	446
1.61133	266
1.61500	153
1.61867	85
1.62233	40
1.62600	4
1.62967	-26
1.63333	-47
1.63700	-57
1.64067	-61
1.64433	-62
1.64800	-61
1.65167	-60
1.65533	-62
1.65900	-68
1.66267	-74
1.66633	-81
1.67000	-84
1.67367	-84
1.67733	-84
1.68100	-85
1.68467	-90
1.68833	-93
1.69200	-95
1.69567	-98
1.69933	-100
1.70300	-101
1.70667	-103
1.71033	-103
1.71400	-106
1.71767	-108
1.72133	-108
1.72500	-105
1.72867	-100
1.73233	-93
1.73600	-85
1.73967	-78
1.74333	-74
1.74700	-72
1.75067	-71
1.75433	-73
1.75800	-79
1.76167	-84
1.76533	-85
1.76900	-84
1.77267	-83
1.77633	-82
1.78000	-82
1.78367	-84
1.78733	-85
1.79100	-84
1.79467	-82
1.79833	-81
1.80200	-81
1.80567	-81
1.80933	-81
1.81300	-82
1.81667	-85
1.82033	-87
1.82400	-84
1.82767	-78
1.83133	-71
1.83500	-66
1.83867	-62
1.84233	-60
1.84600	-64
1.84967	-73
1.85333	-79
1.85700	-82
1.86067	-83
1.86433	-83
1.86800	-83
1.87167	-79
1.87533	-73
1.87900	-69
1.88267	-70
1.88633	-78
1.89000	-90
1.89367	-100
1.89733	-104
1.90100	-107
1.90467	-107
1.90833	-102
1.91200	-94
1.91567	-84
1.91933	-75
1.92300	-69
1.92667	-68
1.93033	-74
1.93400	-83
1.93767	-90
1.94133	-91
1.94500	-86
1.94867	-79
1.95233	-67
1.95600	-12
1.95967	328
1.96333	2159
1.96700	9800
1.97067	34080
1.97433	93185
1.97800	204243
1.98167	368254
1.98533	563025
1.98900	753526
1.99267	906930
1.99633	999981
2.00000	1020919
2.00367	969983
2.00733	860086
2.01100	714759
2.01467	560405
2.01833	418354
2.02200	300536
2.02567	210013
2.02933	144199
2.03300	98163
2.03667	66785
2.04033	45740
2.04400	31743
2.04767	22451
2.05133	16255
2.05500	12079
2.05867	9225
2.06233	7241
2.06600	5829
2.06967	4800
2.07333	4034
2.07700	3449
2.08067	2994
2.08433	2631
2.08800	2337
2.09167	2098
2.09533	1906
2.09900	1747
2.10267	1611
2.10633	1490
2.11000	1380
2.11367	1278
2.11733	1183
2.12100	1100
2.12467	1032
2.12833	975
2.13200	927
2.13567	879
2.13933	831
2.14300	784
2.14667	741
2.15033	702
2.15400	668
2.15767	639
2.16133	614
2.16500	591
2.16867	570
2.17233	551
2.17600	539
2.17967	530
2.18333	517
2.18700	500
2.19067	478
2.19433	456
2.19800	436
2.20167	417
2.20533	399
2.20900	380
2.21267	366
2.21633	360
2.22000	358
2.22367	355
2.22733	349
2.23100	340
2.23467	329
2.23833	319
2.24200	312
2.24567	306
2.24933	302
2.25300	294
2.25667	284
2.26033	276
2.26400	271
2.26767	265
2.27133	259
2.27500	253
2.27867	250
2.28233	250
2.28600	249
2.28967	248
2.29333	244
2.29700	240
2.30067	234
2.30433	229
2.30800	224
2.31167	222
2.31533	223
2.31900	222
2.32267	216
2.32633	212
2.33000	210
2.33367	207
2.33733	204
2.34100	200
2.34467	196
2.34833	191
2.35200	187
2.35567	184
2.35933	183
2.36300	186
2.36667	189
2.37033	189
2.37400	189
2.37767	188
2.38133	186
2.38500	182
2.38867	179
2.39233	178
2.39600	179
2.39967	180
2.40333	179
2.40700	175
2.41067	172
2.41433	168
2.41800	163
2.42167	156
2.42533	153
2.42900	153
2.43267	154
2.43633	158
2.44000	163
2.44367	163
2.44733	158
2.45100	152
2.45467	149
2.45833	147
2.46200	145
2.46567	144
2.46933	143
2.47300	142
2.47667	142
2.48033	138
2.48400	132
2.48767	128
2.49133	129
2.49500	131
2.49867	134
2.50233	138
2.50600	140
2.50967	136
2.51333	133
2.51700	133
2.52067	133
2.52433	130
2.52800	126
2.53167	120
2.53533	116
2.53900	115
2.54267	117
2.54633	122
2.55000	128
2.55367	132
2.55733	133
2.56100	132
2.56467	128
2.56833	118
2.57200	103
2.57567	91
2.57933	85
2.58300	85
2.58667	91
2.59033	100
2.59400	107
2.59767	112
2.60133	112
2.60500	110
2.60867	109
2.61233	111
2.61600	111
2.61967	108
2.62333	104
2.62700	103
2.63067	106
2.63433	110
2.63800	113
2.64167	114
2.64533	115
2.64900	116
2.65267	118
2.65633	119
2.66000	118
2.66367	115
2.66733	112
2.67100	110
2.67467	108
2.67833	109
2.68200	108
2.68567	107
2.68933	105
2.69300	102
2.69667	102
2.70033	106
2.70400	115
2.70767	122
2.71133	126
2.71500	128
2.71867	127
2.72233	122
2.72600	115
2.72967	106
2.73333	93
2.73700	79
2.74067	68
2.74433	63
2.74800	64
2.75167	68
2.75533	72
2.75900	74
2.76267	75
2.76633	77
2.77000	82
2.77367	87
2.77733	90
2.78100	89
2.78467	87
2.78833	85
2.79200	84
2.79567	83
2.79933	82
2.80300	84
2.80667	89
2.81033	94
2.81400	92
2.81767	87
2.82133	82
2.82500	81
2.82867	82
2.83233	82
2.83600	82
2.83967	86
2.84333	95
2.84700	104
2.85067	104
2.85433	99
2.85800	90
2.86167	82
2.86533	74
2.86900	68
2.87267	66
2.87633	68
2.88000	74
2.88367	81
2.88733	88
2.89100	92
2.89467	91
2.89833	88
2.90200	86
2.90567	81
2.90933	77
2.91300	74
2.91667	74
2.92033	72
2.92400	67
2.92767	60
2.93133	57
2.93500	58
2.93867	61
2.94233	68
2.94600	75
2.94967	79
2.95333	82
2.95700	88
2.96067	93
2.96433	95
2.96800	95
2.97167	96
2.97533	97
2.97900	97
2.98267	96
2.98633	94
2.99000	90
2.99367	87
2.99733	82
3.00100	80
3.00467	79
3.00833	78
3.01200	80
3.01567	86
3.01933	90
3.02300	89
3.02667	87
3.03033	86
3.03400	84
3.03767	81
3.04133	81
3.04500	82
3.04867	81
3.05233	77
3.05600	72
3.05967	70
3.06333	72
3.06700	74
3.07067	75
3.07433	78
3.07800	79
3.08167	77
3.08533	71
3.08900	65
3.09267	60
3.09633	57
3.10000	58
3.10367	62
3.10733	70
3.11100	80
3.11467	90
3.11833	94
3.12200	92
3.12567	84
3.12933	76
3.13300	72
3.13667	74
3.14033	75
3.14400	76
3.14767	77
3.15133	81
3.15500	88
3.15867	92
3.16233	94
3.16600	94
3.16967	91
3.17333	85
3.17700	77
3.18067	69
3.18433	66
3.18800	67
3.19167	73
3.19533	77
3.19900	83
3.20267	86
3.20633	85
3.21000	83
3.21367	77
3.21733	72
3.22100	68
3.22467	64
3.22833	62
3.23200	62
3.23567	63
3.23933	65
3.24300	69
3.24667	72
3.25033	77
3.25400	82
3.25767	84
3.26133	83
3.26500	82
3.26867	82
3.27233	81
3.27600	79
3.27967	71
3.28333	57
3.28700	43
3.29067	34
3.29433	35
3.29800	38
3.30167	42
3.30533	46
3.30900	53
3.31267	57
3.31633	58
3.32000	58
3.32367	61
3.32733	68
3.33100	76
3.33467	80
3.33833	81
3.34200	82
3.34567	83
3.34933	83
3.35300	80
3.35667	74
3.36033	68
3.36400	66
3.36767	63
3.37133	60
3.37500	55
3.37867	51
3.38233	48
3.38600	47
3.38967	49
3.39333	54
3.39700	63
3.40067	72
3.40433	77
3.40800	76
3.41167	71
3.41533	65
3.41900	63
3.42267	64
3.42633	67
3.43000	68
3.43367	65
3.43733	62
3.44100	60
3.44467	57
3.44833	51
3.45200	47
3.45567	44
3.45933	45
3.46300	46
3.46667	45
3.47033	45
3.47400	46
3.47767	52
3.48133	59
3.48500	64
3.48867	64
3.49233	62
3.49600	60
3.49967	59
3.50333	57
3.50700	53
3.51067	50
3.51433	46
3.51800	43
3.52167	41
3.52533	41
3.52900	42
3.53267	47
3.53633	56
3.54000	63
3.54367	65
3.54733	63
3.55100	59
3.55467	55
3.55833	51
3.56200	48
3.56567	45
3.56933	40
3.57300	36
3.57667	36
3.58033	40
3.58400	44
3.58767	45
3.59133	44
3.59500	42
3.59867	43
3.60233	45
3.60600	46
3.60967	44
3.61333	41
3.61700	36
3.62067	32
3.62433	29
3.62800	27
3.63167	28
3.63533	29
3.63900	31
3.64267	34
3.64633	37
3.65000	41
3.65367	44
3.65733	48
3.66100	51
3.66467	54
3.66833	56
3.67200	56
3.67567	53
3.67933	48
3.68300	46
3.68667	47
3.69033	51
3.69400	52
3.69767	48
3.70133	42
3.70500	36
3.70867	32
3.71233	29
3.71600	25
3.71967	21
3.72333	15
3.72700	10
3.73067	12
3.73433	17
3.73800	25
3.74167	33
3.74533	41
3.74900	47
3.75267	51
3.75633	49
3.76000	46
3.76367	43
3.76733	40
3.77100	39
3.77467	43
3.77833	48
3.78200	48
3.78567	43
3.78933	37
3.79300	30
3.79667	25
3.80033	21
3.80400	18
3.80767	16
3.81133	18
3.81500	23
3.81867	28
3.82233	31
3.82600	30
3.82967	29
3.83333	28
3.83700	27
3.84067	25
3.84433	26
3.84800	31
3.85167	34
3.85533	34
3.85900	31
3.86267	30
3.86633	32
3.87000	40
3.87367	50
3.87733	58
3.88100	61
3.88467	61
3.88833	61
3.89200	57
3.89567	45
3.89933	31
3.90300	19
3.90667	11
3.91033	6
3.91400	4
3.91767	2
3.92133	2
3.92500	2
3.92867	4
3.93233	6
3.93600	11
3.93967	17
3.94333	22
3.94700	24
3.95067	24
3.95433	24
3.95800	26
3.96167	27
3.96533	28
3.96900	29
3.97267	28
3.97633	26
3.98000	21
3.98367	16
3.98733	9
3.99100	5
3.99467	7
3.99833	13

[Chromatogram (Ch2)]
Interval(msec)	220
# of Points	1091
Start Time(min)	0.002
End Time(min)	3.998
R.Time (min)	Intensity
0.00167	0
0.00533	0
0.00900	0
0.01267	1
0.01633	0
0.02000	0
0.02367	1
0.02733	1
0.03100	1
0.03467	1
0.03833	1
0.04200	1
0.04567	1
0.04933	1
0.05300	1
0.05667	1
0.06033	1
0.06400	1
0.06767	1
0.07133	1
0.07500	1
0.07867	1
0.08233	1
0.08600	1
0.08967	1
0.09333	1
0.09700	1
0.10067	1
0.10433	0
0.10800	-0
0.11167	-1
0.11533	-1
0.11900	-2
0.12267	-2
0.12633	-3
0.13000	-3
0.13367	-4
0.13733	-4
0.14100	-4
0.14467	-5
0.14833	-5
0.15200	-5
0.15567	-4
0.15933	-4
0.16300	-4
0.16667	-4
0.17033	-3
0.17400	-3
0.17767	-2
0.18133	-2
0.18500	-2
0.18867	-2
0.19233	-2
0.19600	-2
0.19967	-2
0.20333	-2
0.20700	-2
0.21067	-2
0.21433	-2
0.21800	-3
0.22167	-3
0.22533	-3
0.22900	-3
0.23267	-3
0.23633	-4
0.24000	-4
0.24367	-4
0.24733	-4
0.25100	-4
0.25467	-4
0.25833	-4
0.26200	-4
0.26567	-4
0.26933	-4
0.27300	-4
0.27667	-4
0.28033	-4
0.28400	-4
0.28767	-4
0.29133	-4
0.29500	-4
0.29867	-4
0.30233	-3
0.30600	-3
0.30967	-3
0.31333	-2
0.31700	-2
0.32067	-1
0.32433	-1
0.32800	-0
0.33167	0
0.33533	1
0.33900	1
0.34267	1
0.34633	2
0.35000	2
0.35367	2
0.35733	2
0.36100	2
0.36467	2
0.36833	2
0.37200	2
0.37567	2
0.37933	2
0.38300	2
0.38667	2
0.39033	2
0.39400	2
0.39767	2
0.40133	2
0.40500	2
0.40867	2
0.41233	2
0.41600	2
0.41967	2
0.42333	2
0.42700	1
0.43067	1
0.43433	1
0.43800	0
0.44167	-0
0.44533	-1
0.44900	-1
0.45267	-1
0.45633	-1
0.46000	-1
0.46367	-1
0.46733	-1
0.47100	-1
0.47467	-1
0.47833	-1
0.48200	-1
0.48567	-0
0.48933	-1
0.49300	-1
0.49667	-1
0.50033	-2
0.50400	-2
0.50767	-2
0.51133	-3
0.51500	-3
0.51867	-3
0.52233	-4
0.52600	-4
0.52967	-4
0.53333	-4
0.53700	-4
0.54067	-4
0.54433	-4
0.54800	-4
0.55167	-4
0.55533	-4
0.55900	-4
0.56267	-5
0.56633	-5
0.57000	-5
0.57367	-5
0.57733	-6
0.58100	-6
0.58467	-6
0.58833	-6
0.59200	-7
0.59567	-7
0.59933	-7
0.60300	-7
0.60667	-8
0.61033	-8
0.61400	-8
0.61767	-8
0.62133	-7
0.62500	-7
0.62867	-7
0.63233	-6
0.63600	-6
0.63967	-6
0.64333	-5
0.64700	-5
0.65067	-5
0.65433	-4
0.65800	-4
0.66167	-4
0.66533	-4
0.66900	-4
0.67267	-4
0.67633	-4
0.68000	-4
0.68367	-3
0.68733	-3
0.69100	-3
0.69467	-3
0.69833	-2
0.70200	-2
0.70567	-2
0.70933	-1
0.71300	-1
0.71667	-0
0.72033	0
0.72400	0
0.72767	0
0.73133	0
0.73500	0
0.73867	0
0.74233	0
0.74600	-0
0.74967	-0
0.75333	-0
0.75700	-0
0.76067	-0
0.76433	-0
0.76800	-1
0.77167	-1
0.77533	-1
0.77900	-1
0.78267	-1
0.78633	-1
0.79000	-1
0.79367	-1
0.79733	-1
0.80100	-1
0.80467	-1
0.80833	-1
0.81200	-1
0.81567	-1
0.81933	-1
0.82300	-1
0.82667	-1
0.83033	-2
0.83400	-2
0.83767	-2
0.84133	-2
0.84500	-2
0.84867	-3
0.85233	-3
0.85600	-3
0.85967	-4
0.86333	-4
0.86700	-4
0.87067	-4
0.87433	-4
0.87800	-4
0.88167	-4
0.88533	-4
0.88900	-4
0.89267	-4
0.89633	-4
0.90000	-4
0.90367	-4
0.90733	-4
0.91100	-4
0.91467	-4
0.91833	-4
0.92200	-4
0.92567	-4
0.92933	-4
0.93300	-4
0.93667	-4
0.94033	-4
0.94400	-4
0.94767	-4
0.95133	-4
0.95500	-4
0.95867	-4
0.96233	-4
0.96600	-4
0.96967	-5
0.97333	-5
0.97700	-5
0.98067	-6
0.98433	-6
0.98800	-6
0.99167	-6
0.99533	-6
0.99900	-7
1.00267	-7
1.00633	-7
1.01000	-8
1.01367	-8
1.01733	-8
1.02100	-9
1.02467	-9
1.02833	-9
1.03200	-9
1.03567	-8
1.03933	-8
1.04300	-8
1.04667	-7
1.05033	-7
1.05400	-7
1.05767	-6
1.06133	-6
1.06500	-5
1.06867	-5
1.07233	-4
1.07600	-4
1.07967	-4
1.08333	-4
1.08700	-4
1.09067	-4
1.09433	-4
1.09800	-3
1.10167	-3
1.10533	-3
1.10900	-3
1.11267	-3
1.11633	-2
1.12000	-2
1.12367	-2
1.12733	-3
1.13100	-3
1.13467	-3
1.13833	-3
1.14200	-2
1.14567	-2
1.14933	-2
1.15300	-2
1.15667	-2
1.16033	-1
1.16400	-1
1.16767	-2
1.17133	-2
1.17500	-2
1.17867	-2
1.18233	-2
1.18600	-1
1.18967	-1
1.19333	-2
1.19700	-2
1.20067	-2
1.20433	-2
1.20800	-2
1.21167	-2
1.21533	-2
1.21900	-2
1.22267	-2
1.22633	-2
1.23000	-2
1.23367	-2
1.23733	-2
1.24100	-3
1.24467	-3
1.24833	-3
1.25200	-4
1.25567	-4
1.25933	-4
1.26300	-4
1.26667	-4
1.27033	-4
1.27400	-5
1.27767	-5
1.28133	-5
1.28500	-5
1.28867	-5
1.29233	-5
1.29600	-5
1.29967	-5
1.30333	-5
1.30700	-4
1.31067	-4
1.31433	-4
1.31800	-5
1.32167	-5
1.32533	-5
1.32900	-5
1.33267	-5
1.33633	-5
1.34000	-6
1.34367	-6
1.34733	-6
1.35100	-6
1.35467	-6
1.35833	-6
1.36200	-7
1.36567	-7
1.36933	-7
1.37300	-7
1.37667	-7
1.38033	-7
1.38400	-7
1.38767	-6
1.39133	-6
1.39500	-6
1.39867	-6
1.40233	-6
1.40600	-6
1.40967	-6
1.41333	-6
1.41700	-5
1.42067	-5
1.42433	-5
1.42800	-5
1.43167	-5
1.43533	-5
1.43900	-5
1.44267	-5
1.44633	-5
1.45000	-5
1.45367	-5
1.45733	-5
1.46100	-4
1.46467	-4
1.46833	-4
1.47200	-5
1.47567	-5
1.47933	-5
1.48300	-5
1.48667	-5
1.49033	-6
1.49400	-6
1.49767	-6
1.50133	-7
1.50500	-7
1.50867	-7
1.51233	-7
1.51600	-7
1.51967	-7
1.52333	-7
1.52700	-6
1.53067	-6
1.53433	-6
1.53800	-5
1.54167	-5
1.54533	-4
1.54900	-4
1.55267	-4
1.55633	-4
1.56000	-4
1.56367	-4
1.56733	-4
1.57100	-4
1.57467	-5
1.57833	-5
1.58200	-5
1.58567	-5
1.58933	-6
1.59300	-7
1.59667	-7
1.60033	-8
1.60400	-9
1.60767	-10
1.61133	-12
1.61500	-14
1.61867	-16
1.62233	-19
1.62600	-21
1.62967	-24
1.63333	-28
1.63700	-31
1.64067	-34
1.64433	-38
1.64800	-41
1.65167	-44
1.65533	-47
1.65900	-50
1.66267	-53
1.66633	-56
1.67000	-60
1.67367	-64
1.67733	-68
1.68100	-73
1.68467	-77
1.68833	-82
1.69200	-86
1.69567	-90
1.69933	-94
1.70300	-97
1.70667	-100
1.71033	-103
1.71400	-105
1.71767	-107
1.72133	-108
1.72500	-110
1.72867	-111
1.73233	-112
1.73600	-113
1.73967	-114
1.74333	-115
1.74700	-116
1.75067	-116
1.75433	-116
1.75800	-116
1.76167	-116
1.76533	-117
1.76900	-117
1.77267	-118
1.77633	-118
1.78000	-119
1.78367	-119
1.78733	-119
1.79100	-120
1.79467	-120
1.79833	-120
1.80200	-120
1.80567	-120
1.80933	-120
1.81300	-120
1.81667	-120
1.82033	-120
1.82400	-120
1.82767	-121
1.83133	-121
1.83500	-121
1.83867	-121
1.84233	-121
1.84600	-121
1.84967	-121
1.85333	-121
1.85700	-121
1.86067	-121
1.86433	-121
1.86800	-121
1.87167	-120
1.87533	-120
1.87900	-119
1.88267	-120
1.88633	-120
1.89000	-120
1.89367	-120
1.89733	-120
1.90100	-119
1.90467	-119
1.90833	-119
1.91200	-119
1.91567	-119
1.91933	-119
1.92300	-119
1.92667	-118
1.93033	-118
1.93400	-117
1.93767	-117
1.94133	-116
1.94500	-116
1.94867	-116
1.95233	-116
1.95600	-116
1.95967	-116
1.96333	-117
1.96700	-117
1.97067	-117
1.97433	-117
1.97800	-117
1.98167	-117
1.98533	-117
1.98900	-118
1.99267	-117
1.99633	-117
2.00000	-116
2.00367	-116
2.00733	-115
2.01100	-114
2.01467	-112
2.01833	-111
2.02200	-111
2.02567	-110
2.02933	-109
2.03300	-109
2.03667	-108
2.04033	-108
2.04400	-108
2.04767	-108
2.05133	-108
2.05500	-109
2.05867	-109
2.06233	-109
2.06600	-110
2.06967	-110
2.07333	-110
2.07700	-110
2.08067	-110
2.08433	-110
2.08800	-109
2.09167	-109
2.09533	-109
2.09900	-109
2.10267	-108
2.10633	-108
2.11000	-107
2.11367	-106
2.11733	-106
2.12100	-105
2.12467	-104
2.12833	-103
2.13200	-103
2.13567	-103
2.13933	-103
2.14300	-103
2.14667	-103
2.15033	-103
2.15400	-103
2.15767	-103
2.16133	-103
2.16500	-102
2.16867	-102
2.17233	-101
2.17600	-101
2.17967	-100
2.18333	-100
2.18700	-99
2.19067	-99
2.19433	-98
2.19800	-98
2.20167	-98
2.20533	-98
2.20900	-98
2.21267	-97
2.21633	-97
2.22000	-98
2.22367	-98
2.22733	-98
2.23100	-98
2.23467	-99
2.23833	-98
2.24200	-98
2.24567	-97
2.24933	-97
2.25300	-97
2.25667	-97
2.26033	-96
2.26400	-96
2.26767	-96
2.27133	-96
2.27500	-96
2.27867	-95
2.28233	-95
2.28600	-95
2.28967	-94
2.29333	-94
2.29700	-94
2.30067	-94
2.30433	-94
2.30800	-94
2.31167	-94
2.31533	-93
2.31900	-93
2.32267	-92
2.32633	-91
2.33000	-91
2.33367	-91
2.33733	-90
2.34100	-90
2.34467	-90
2.34833	-89
2.35200	-88
2.35567	-87
2.35933	-87
2.36300	-86
2.36667	-84
2.37033	-83
2.37400	-81
2.37767	-78
2.38133	-75
2.38500	-72
2.38867	-68
2.39233	-64
2.39600	-60
2.39967	-56
2.40333	-51
2.40700	-46
2.41067	-42
2.41433	-37
2.41800	-33
2.42167	-30
2.42533	-27
2.42900	-25
2.43267	-22
2.43633	-20
2.44000	-18
2.44367	-15
2.44733	-13
2.45100	-11
2.45467	-9
2.45833	-8
2.46200	-7
2.46567	-6
2.46933	-5
2.47300	-4
2.47667	-3
2.48033	-2
2.48400	-2
2.48767	-1
2.49133	0
2.49500	1
2.49867	2
2.50233	2
2.50600	3
2.50967	3
2.51333	4
2.51700	5
2.52067	6
2.52433	7
2.52800	7
2.53167	8
2.53533	8
2.53900	8
2.54267	8
2.54633	8
2.55000	8
2.55367	9
2.55733	9
2.56100	10
2.56467	11
2.56833	12
2.57200	12
2.57567	12
2.57933	12
2.58300	12
2.58667	12
2.59033	12
2.59400	12
2.59767	12
2.60133	13
2.60500	13
2.60867	13
2.61233	14
2.61600	14
2.61967	14
2.62333	14
2.62700	14
2.63067	14
2.63433	15
2.63800	15
2.64167	15
2.64533	15
2.64900	15
2.65267	15
2.65633	15
2.66000	15
2.66367	15
2.66733	15
2.67100	15
2.67467	16
2.67833	16
2.68200	16
2.68567	16
2.68933	16
2.69300	16
2.69667	16
2.70033	16
2.70400	16
2.70767	16
2.71133	16
2.71500	16
2.71867	16
2.72233	17
2.72600	17
2.72967	18
2.73333	18
2.73700	19
2.74067	19
2.74433	20
2.74800	20
2.75167	20
2.75533	21
2.75900	21
2.76267	22
2.76633	22
2.77000	22
2.77367	22
2.77733	22
2.78100	22
2.78467	22
2.78833	22
2.79200	22
2.79567	22
2.79933	22
2.80300	23
2.80667	23
2.81033	23
2.81400	22
2.81767	22
2.82133	22
2.82500	22
2.82867	22
2.83233	22
2.83600	22
2.83967	22
2.84333	21
2.84700	20
2.85067	17
2.85433	13
2.85800	6
2.86167	-4
2.86533	-17
2.86900	-35
2.87267	-57
2.87633	-85
2.88000	-117
2.88367	-155
2.88733	-198
2.89100	-246
2.89467	-299
2.89833	-356
2.90200	-416
2.90567	-481
2.90933	-549
2.91300	-620
2.91667	-693
2.92033	-768
2.92400	-846
2.92767	-926
2.93133	-1008
2.93500	-1091
2.93867	-1176
2.94233	-1263
2.94600	-1350
2.94967	-1430
2.95333	-1492
2.95700	-1524
2.96067	-1521
2.96433	-1483
2.96800	-1417
2.97167	-1329
2.97533	-1227
2.97900	-1118
2.98267	-1007
2.98633	-900
2.99000	-797
2.99367	-701
2.99733	-613
3.00100	-534
3.00467	-463
3.00833	-401
3.01200	-345
3.01567	-297
3.01933	-254
3.02300	-218
3.02667	-186
3.03033	-158
3.03400	-135
3.03767	-115
3.04133	-97
3.04500	-83
3.04867	-70
3.05233	-59
3.05600	-50
3.05967	-42
3.06333	-35
3.06700	-29
3.07067	-24
3.07433	-20
3.07800	-16
3.08167	-13
3.08533	-10
3.08900	-8
3.09267	-6
3.09633	-5
3.10000	-3
3.10367	-2
3.10733	-1
3.11100	-0
3.11467	1
3.11833	2
3.12200	2
3.12567	3
3.12933	4
3.13300	5
3.13667	5
3.14033	6
3.14400	7
3.14767	7
3.15133	8
3.15500	8
3.15867	9
3.16233	9
3.16600	10
3.16967	10
3.17333	10
3.17700	11
3.18067	11
3.18433	12
3.18800	12
3.19167	12
3.19533	13
3.19900	13
3.20267	13
3.20633	14
3.21000	14
3.21367	14
3.21733	14
3.22100	15
3.22467	15
3.22833	15
3.23200	16
3.23567	16
3.23933	16
3.24300	17
3.24667	17
3.25033	17
3.25400	17
3.25767	17
3.26133	17
3.26500	17
3.26867	17
3.27233	17
3.27600	17
3.27967	17
3.28333	17
3.28700	17
3.29067	17
3.29433	17
3.29800	17
3.30167	17
3.30533	17
3.30900	17
3.31267	18
3.31633	18
3.32000	18
3.32367	18
3.32733	19
3.33100	19
3.33467	20
3.33833	20
3.34200	21
3.34567	21
3.34933	21
3.35300	21
3.35667	21
3.36033	21
3.36400	21
3.36767	21
3.37133	20
3.37500	20
3.37867	20
3.38233	20
3.38600	20
3.38967	20
3.39333	21
3.39700	21
3.40067	21
3.40433	21
3.40800	21
3.41167	21
3.41533	21
3.41900	21
3.42267	21
3.42633	21
3.43000	21
3.43367	21
3.43733	21
3.44100	21
3.44467	21
3.44833	21
3.45200	21
3.45567	21
3.45933	21
3.46300	21
3.46667	21
3.47033	21
3.47400	21
3.47767	21
3.48133	21
3.48500	21
3.48867	21
3.49233	21
3.49600	21
3.49967	21
3.50333	21
3.50700	21
3.51067	20
3.51433	20
3.51800	20
3.52167	20
3.52533	20
3.52900	20
3.53267	21
3.53633	21
3.54000	21
3.54367	20
3.54733	20
3.55100	20
3.55467	20
3.55833	20
3.56200	20
3.56567	20
3.56933	20
3.57300	20
3.57667	20
3.58033	20
3.58400	20
3.58767	20
3.59133	20
3.59500	20
3.59867	20
3.60233	20
3.60600	20
3.60967	20
3.61333	20
3.61700	20
3.62067	20
3.62433	20
3.62800	20
3.63167	20
3.63533	20
3.63900	20
3.64267	20
3.64633	20
3.65000	20
3.65367	20
3.65733	21
3.66100	21
3.66467	21
3.66833	20
3.67200	20
3.67567	20
3.67933	20
3.68300	20
3.68667	20
3.69033	20
3.69400	21
3.69767	21
3.70133	21
3.70500	21
3.70867	21
3.71233	21
3.71600	21
3.71967	21
3.72333	21
3.72700	21
3.73067	21
3.73433	21
3.73800	21
3.74167	21
3.74533	21
3.74900	21
3.75267	22
3.75633	22
3.76000	22
3.76367	22
3.76733	22
3.77100	22
3.77467	22
3.77833	21
3.78200	21
3.78567	21
3.78933	21
3.79300	21
3.79667	21
3.80033	21
3.80400	21
3.80767	21
3.81133	21
3.81500	21
3.81867	21
3.82233	21
3.82600	21
3.82967	21
3.83333	21
3.83700	21
3.84067	21
3.84433	21
3.84800	21
3.85167	21
3.85533	21
3.85900	21
3.86267	21
3.86633	21
3.87000	21
3.87367	21
3.87733	21
3.88100	21
3.88467	21
3.88833	21
3.89200	21
3.89567	21
3.89933	21
3.90300	21
3.90667	21
3.91033	21
3.91400	21
3.91767	21
3.92133	21
3.92500	21
3.92867	21
3.93233	21
3.93600	21
3.93967	20
3.94333	20
3.94700	20
3.95067	20
3.95433	20
3.95800	20
3.96167	20
3.96533	20
3.96900	20
3.97267	20
3.97633	21
3.98000	21
3.98367	21
3.98733	21
3.99100	21
3.99467	22
3.99833	22

[Chromatogram (Ch3)]
Interval(msec)	220
# of Points	1091
Start Time(min)	0.002
End Time(min)	3.998
R.Time (min)	Intensity
0.00167	2
0.00533	4
0.00900	5
0.01267	7
0.01633	8
0.02000	7
0.02367	6
0.02733	7
0.03100	8
0.03467	6
0.03833	5
0.04200	5
0.04567	5
0.04933	4
0.05300	3
0.05667	2
0.06033	1
0.06400	-0
0.06767	1
0.07133	4
0.07500	6
0.07867	6
0.08233	7
0.08600	9
0.08967	8
0.09333	7
0.09700	6
0.10067	4
0.10433	1
0.10800	-0
0.11167	1
0.11533	4
0.11900	4
0.12267	4
0.12633	2
0.13000	1
0.13367	2
0.13733	6
0.14100	9
0.14467	8
0.14833	6
0.15200	6
0.15567	5
0.15933	5
0.16300	5
0.16667	4
0.17033	4
0.17400	4
0.17767	7
0.18133	10
0.18500	10
0.18867	10
0.19233	10
0.19600	11
0.19967	13
0.20333	14
0.20700	12
0.21067	11
0.21433	10
0.21800	8
0.22167	10
0.22533	13
0.22900	14
0.23267	13
0.23633	12
0.24000	13
0.24367	15
0.24733	14
0.25100	14
0.25467	13
0.25833	10
0.26200	11
0.26567	11
0.26933	10
0.27300	12
0.27667	12
0.28033	11
0.28400	13
0.28767	15
0.29133	18
0.29500	19
0.29867	20
0.30233	24
0.30600	27
0.30967	27
0.31333	26
0.31700	24
0.32067	21
0.32433	19
0.32800	17
0.33167	15
0.33533	14
0.33900	14
0.34267	14
0.34633	13
0.35000	12
0.35367	12
0.35733	13
0.36100	15
0.36467	18
0.36833	20
0.37200	21
0.37567	19
0.37933	18
0.38300	18
0.38667	19
0.39033	21
0.39400	22
0.39767	19
0.40133	17
0.40500	18
0.40867	20
0.41233	22
0.41600	21
0.41967	21
0.42333	23
0.42700	25
0.43067	26
0.43433	27
0.43800	25
0.44167	25
0.44533	26
0.44900	26
0.45267	27
0.45633	27
0.46000	26
0.46367	25
0.46733	25
0.47100	24
0.47467	23
0.47833	24
0.48200	22
0.48567	22
0.48933	23
0.49300	22
0.49667	21
0.50033	22
0.50400	22
0.50767	20
0.51133	20
0.51500	22
0.51867	21
0.52233	21
0.52600	20
0.52967	20
0.53333	20
0.53700	20
0.54067	19
0.54433	22
0.54800	25
0.55167	25
0.55533	24
0.55900	24
0.56267	26
0.56633	28
0.57000	30
0.57367	31
0.57733	31
0.58100	30
0.58467	27
0.58833	25
0.59200	23
0.59567	24
0.59933	25
0.60300	27
0.60667	27
0.61033	27
0.61400	27
0.61767	29
0.62133	31
0.62500	32
0.62867	31
0.63233	30
0.63600	29
0.63967	29
0.64333	29
0.64700	28
0.65067	28
0.65433	28
0.65800	26
0.66167	26
0.66533	26
0.66900	25
0.67267	26
0.67633	27
0.68000	29
0.68367	31
0.68733	32
0.69100	31
0.69467	31
0.69833	33
0.70200	33
0.70567	33
0.70933	33
0.71300	31
0.71667	31
0.72033	33
0.72400	34
0.72767	34
0.73133	34
0.73500	34
0.73867	35
0.74233	36
0.74600	33
0.74967	31
0.75333	28
0.75700	25
0.76067	24
0.76433	27
0.76800	31
0.77167	34
0.77533	34
0.77900	35
0.78267	37
0.78633	39
0.79000	41
0.79367	43
0.79733	42
0.80100	43
0.80467	41
0.80833	39
0.81200	39
0.81567	39
0.81933	40
0.82300	40
0.82667	40
0.83033	39
0.83400	38
0.83767	39
0.84133	39
0.84500	37
0.84867	38
0.85233	39
0.85600	40
0.85967	41
0.86333	40
0.86700	40
0.87067	40
0.87433	40
0.87800	40
0.88167	38
0.88533	40
0.88900	44
0.89267	45
0.89633	44
0.90000	44
0.90367	42
0.90733	40
0.91100	35
0.91467	33
0.91833	35
0.92200	37
0.92567	39
0.92933	39
0.93300	38
0.93667	36
0.94033	37
0.94400	37
0.94767	37
0.95133	37
0.95500	37
0.95867	39
0.96233	42
0.96600	42
0.96967	43
0.97333	44
0.97700	45
0.98067	44
0.98433	44
0.98800	43
0.99167	43
0.99533	41
0.99900	42
1.00267	44
1.00633	46
1.01000	46
1.01367	48
1.01733	50
1.02100	50
1.02467	49
1.02833	50
1.03200	50
1.03567	50
1.03933	48
1.04300	45
1.04667	46
1.05033	48
1.05400	50
1.05767	50
1.06133	51
1.06500	50
1.06867	48
1.07233	49
1.07600	50
1.07967	51
1.08333	51
1.08700	52
1.09067	53
1.09433	55
1.09800	55
1.10167	54
1.10533	52
1.10900	50
1.11267	49
1.11633	49
1.12000	49
1.12367	51
1.12733	51
1.13100	51
1.13467	52
1.13833	51
1.14200	49
1.14567	49
1.14933	51
1.15300	54
1.15667	56
1.16033	58
1.16400	58
1.16767	57
1.17133	56
1.17500	52
1.17867	50
1.18233	51
1.18600	52
1.18967	53
1.19333	53
1.19700	56
1.20067	57
1.20433	57
1.20800	58
1.21167	55
1.21533	52
1.21900	51
1.22267	50
1.22633	51
1.23000	55
1.23367	56
1.23733	56
1.24100	57
1.24467	59
1.24833	61
1.25200	60
1.25567	60
1.25933	59
1.26300	58
1.26667	55
1.27033	55
1.27400	56
1.27767	59
1.28133	60
1.28500	60
1.28867	59
1.29233	59
1.29600	59
1.29967	58
1.30333	55
1.30700	55
1.31067	55
1.31433	55
1.31800	54
1.32167	57
1.32533	58
1.32900	59
1.33267	57
1.33633	57
1.34000	58
1.34367	56
1.34733	55
1.35100	54
1.35467	54
1.35833	53
1.36200	54
1.36567	56
1.36933	57
1.37300	56
1.37667	57
1.38033	59
1.38400	60
1.38767	62
1.39133	62
1.39500	61
1.39867	60
1.40233	60
1.40600	60
1.40967	57
1.41333	54
1.41700	52
1.42067	53
1.42433	56
1.42800	55
1.43167	56
1.43533	56
1.43900	54
1.44267	54
1.44633	55
1.45000	57
1.45367	59
1.45733	63
1.46100	65
1.46467	65
1.46833	63
1.47200	62
1.47567	63
1.47933	63
1.48300	64
1.48667	65
1.49033	66
1.49400	67
1.49767	67
1.50133	67
1.50500	68
1.50867	64
1.51233	63
1.51600	62
1.51967	61
1.52333	60
1.52700	60
1.53067	60
1.53433	58
1.53800	58
1.54167	60
1.54533	62
1.54900	62
1.55267	64
1.55633	65
1.56000	64
1.56367	62
1.56733	62
1.57100	63
1.57467	61
1.57833	60
1.58200	60
1.58567	60
1.58933	59
1.59300	60
1.59667	61
1.60033	60
1.60400	59
1.60767	62
1.61133	65
1.61500	67
1.61867	66
1.62233	64
1.62600	60
1.62967	61
1.63333	62
1.63700	63
1.64067	65
1.64433	68
1.64800	71
1.65167	72
1.65533	70
1.65900	68
1.66267	68
1.66633	68
1.67000	67
1.67367	69
1.67733	72
1.68100	74
1.68467	74
1.68833	72
1.69200	71
1.69567	71
1.69933	71
1.70300	72
1.70667	73
1.71033	75
1.71400	77
1.71767	78
1.72133	80
1.72500	82
1.72867	81
1.73233	81
1.73600	82
1.73967	85
1.74333	86
1.74700	87
1.75067	90
1.75433	91
1.75800	91
1.76167	91
1.76533	89
1.76900	88
1.77267	90
1.77633	93
1.78000	94
1.78367	96
1.78733	97
1.79100	96
1.79467	94
1.79833	93
1.80200	92
1.80567	92
1.80933	93
1.81300	96
1.81667	98
1.82033	100
1.82400	101
1.82767	101
1.83133	100
1.83500	100
1.83867	101
1.84233	103
1.84600	103
1.84967	105
1.85333	105
1.85700	104
1.86067	103
1.86433	103
1.86800	104
1.87167	104
1.87533	107
1.87900	108
1.88267	108
1.88633	110
1.89000	110
1.89367	109
1.89733	109
1.90100	111
1.90467	113
1.90833	116
1.91200	120
1.91567	125
1.91933	126
1.92300	125
1.92667	122
1.93033	119
1.93400	118
1.93767	119
1.94133	120
1.94500	120
1.94867	122
1.95233	123
1.95600	126
1.95967	127
1.96333	129
1.96700	130
1.97067	130
1.97433	129
1.97800	128
1.98167	131
1.98533	136
1.98900	141
1.99267	140
1.99633	140
2.00000	140
2.00367	139
2.00733	139
2.01100	138
2.01467	137
2.01833	138
2.02200	139
2.02567	141
2.02933	140
2.03300	137
2.03667	138
2.04033	141
2.04400	146
2.04767	151
2.05133	155
2.05500	158
2.05867	159
2.06233	160
2.06600	161
2.06967	162
2.07333	163
2.07700	162
2.08067	162
2.08433	164
2.08800	166
2.09167	168
2.09533	167
2.09900	167
2.10267	168
2.10633	171
2.11000	172
2.11367	173
2.11733	174
2.12100	176
2.12467	178
2.12833	179
2.13200	180
2.13567	182
2.13933	183
2.14300	185
2.14667	190
2.15033	193
2.15400	192
2.15767	192
2.16133	192
2.16500	192
2.16867	193
2.17233	197
2.17600	201
2.17967	203
2.18333	205
2.18700	208
2.19067	211
2.19433	209
2.19800	208
2.20167	206
2.20533	206
2.20900	209
2.21267	213
2.21633	217
2.22000	218
2.22367	216
2.22733	214
2.23100	213
2.23467	214
2.23833	215
2.24200	215
2.24567	216
2.24933	217
2.25300	220
2.25667	223
2.26033	224
2.26400	225
2.26767	229
2.27133	232
2.27500	231
2.27867	231
2.28233	231
2.28600	235
2.28967	237
2.29333	236
2.29700	238
2.30067	240
2.30433	242
2.30800	246
2.31167	247
2.31533	248
2.31900	249
2.32267	251
2.32633	253
2.33000	255
2.33367	256
2.33733	255
2.34100	258
2.34467	259
2.34833	261
2.35200	265
2.35567	269
2.35933	272
2.36300	275
2.36667	278
2.37033	280
2.37400	280
2.37767	279
2.38133	277
2.38500	274
2.38867	272
2.39233	270
2.39600	268
2.39967	267
2.40333	266
2.40700	268
2.41067	274
2.41433	274
2.41800	275
2.42167	276
2.42533	277
2.42900	281
2.43267	286
2.43633	290
2.44000	292
2.44367	297
2.44733	307
2.45100	320
2.45467	332
2.45833	338
2.46200	334
2.46567	330
2.46933	327
2.47300	324
2.47667	321
2.48033	317
2.48400	315
2.48767	311
2.49133	304
2.49500	294
2.49867	286
2.50233	281
2.50600	276
2.50967	271
2.51333	267
2.51700	265
2.52067	262
2.52433	258
2.52800	255
2.53167	253
2.53533	251
2.53900	249
2.54267	246
2.54633	241
2.55000	234
2.55367	229
2.55733	226
2.56100	226
2.56467	224
2.56833	222
2.57200	221
2.57567	217
2.57933	211
2.58300	206
2.58667	202
2.59033	198
2.59400	195
2.59767	191
2.60133	187
2.60500	177
2.60867	160
2.61233	136
2.61600	105
2.61967	71
2.62333	35
2.62700	-2
2.63067	-34
2.63433	-64
2.63800	-91
2.64167	-113
2.64533	-128
2.64900	-139
2.65267	-142
2.65633	-144
2.66000	-142
2.66367	-137
2.66733	-131
2.67100	-122
2.67467	-112
2.67833	-101
2.68200	-90
2.68567	-78
2.68933	-68
2.69300	-60
2.69667	-52
2.70033	-44
2.70400	-37
2.70767	-30
2.71133	-23
2.71500	-17
2.71867	-10
2.72233	-3
2.72600	5
2.72967	12
2.73333	18
2.73700	23
2.74067	28
2.74433	33
2.74800	39
2.75167	45
2.75533	48
2.75900	49
2.76267	49
2.76633	51
2.77000	53
2.77367	57
2.77733	62
2.78100	66
2.78467	67
2.78833	67
2.79200	67
2.79567	68
2.79933	67
2.80300	69
2.80667	68
2.81033	67
2.81400	64
2.81767	63
2.82133	67
2.82500	79
2.82867	106
2.83233	170
2.83600	310
2.83967	587
2.84333	1069
2.84700	1824
2.85067	2903
2.85433	4317
2.85800	6019
2.86167	7933
2.86533	9932
2.86900	11865
2.87267	13582
2.87633	14950
2.88000	15887
2.88367	16355
2.88733	16367
2.89100	15980
2.89467	15278
2.89833	14354
2.90200	13286
2.90567	12148
2.90933	10998
2.91300	9878
2.91667	8814
2.92033	7824
2.92400	6915
2.92767	6090
2.93133	5348
2.93500	4684
2.93867	4095
2.94233	3574
2.94600	3120
2.94967	2721
2.95333	2372
2.95700	2064
2.96067	1794
2.96433	1559
2.96800	1355
2.97167	1180
2.97533	1028
2.97900	898
2.98267	788
2.98633	691
2.99000	608
2.99367	537
2.99733	474
3.00100	419
3.00467	373
3.00833	334
3.01200	298
3.01567	269
3.01933	244
3.02300	223
3.02667	206
3.03033	193
3.03400	183
3.03767	172
3.04133	160
3.04500	149
3.04867	142
3.05233	137
3.05600	132
3.05967	125
3.06333	121
3.06700	117
3.07067	114
3.07433	114
3.07800	114
3.08167	113
3.08533	111
3.08900	108
3.09267	105
3.09633	102
3.10000	100
3.10367	100
3.10733	98
3.11100	98
3.11467	100
3.11833	101
3.12200	102
3.12567	104
3.12933	102
3.13300	102
3.13667	104
3.14033	103
3.14400	103
3.14767	105
3.15133	107
3.15500	110
3.15867	111
3.16233	109
3.16600	109
3.16967	109
3.17333	108
3.17700	109
3.18067	108
3.18433	108
3.18800	110
3.19167	111
3.19533	111
3.19900	113
3.20267	115
3.20633	115
3.21000	116
3.21367	117
3.21733	120
3.22100	122
3.22467	125
3.22833	126
3.23200	124
3.23567	118
3.23933	117
3.24300	124
3.24667	141
3.25033	162
3.25400	188
3.25767	218
3.26133	248
3.26500	281
3.26867	316
3.27233	348
3.27600	381
3.27967	412
3.28333	440
3.28700	464
3.29067	488
3.29433	513
3.29800	537
3.30167	560
3.30533	582
3.30900	604
3.31267	627
3.31633	646
3.32000	661
3.32367	674
3.32733	687
3.33100	697
3.33467	707
3.33833	718
3.34200	727
3.34567	734
3.34933	738
3.35300	740
3.35667	742
3.36033	744
3.36400	744
3.36767	745
3.37133	747
3.37500	751
3.37867	753
3.38233	755
3.38600	756
3.38967	756
3.39333	754
3.39700	752
3.40067	750
3.40433	747
3.40800	745
3.41167	742
3.41533	740
3.41900	741
3.42267	741
3.42633	739
3.43000	737
3.43367	734
3.43733	733
3.44100	732
3.44467	730
3.44833	727
3.45200	725
3.45567	724
3.45933	722
3.46300	720
3.46667	719
3.47033	719
3.47400	718
3.47767	715
3.48133	713
3.48500	711
3.48867	711
3.49233	708
3.49600	704
3.49967	702
3.50333	700
3.50700	701
3.51067	702
3.51433	701
3.51800	701
3.52167	699
3.52533	696
3.52900	694
3.53267	691
3.53633	690
3.54000	689
3.54367	688
3.54733	688
3.55100	685
3.55467	682
3.55833	678
3.56200	675
3.56567	676
3.56933	676
3.57300	674
3.57667	672
3.58033	669
3.58400	665
3.58767	661
3.59133	658
3.59500	656
3.59867	657
3.60233	655
3.60600	652
3.60967	650
3.61333	646
3.61700	644
3.62067	641
3.62433	638
3.62800	635
3.63167	633
3.63533	630
3.63900	628
3.64267	628
3.64633	628
3.65000	625
3.65367	622
3.65733	619
3.66100	617
3.66467	617
3.66833	615
3.67200	612
3.67567	613
3.67933	612
3.68300	610
3.68667	610
3.69033	612
3.69400	611
3.69767	607
3.70133	604
3.70500	601
3.70867	598
3.71233	597
3.71600	595
3.71967	594
3.72333	592
3.72700	590
3.73067	590
3.73433	587
3.73800	584
3.74167	580
3.74533	576
3.74900	576
3.75267	578
3.75633	578
3.76000	577
3.76367	575
3.76733	573
3.77100	570
3.77467	566
3.77833	563
3.78200	562
3.78567	560
3.78933	556
3.79300	553
3.79667	551
3.80033	552
3.80400	551
3.80767	551
3.81133	549
3.81500	546
3.81867	545
3.82233	544
3.82600	542
3.82967	538
3.83333	535
3.83700	534
3.84067	531
3.84433	528
3.84800	524
3.85167	525
3.85533	528
3.85900	530
3.86267	529
3.86633	524
3.87000	519
3.87367	516
3.87733	513
3.88100	512
3.88467	509
3.88833	506
3.89200	503
3.89567	504
3.89933	503
3.90300	503
3.90667	502
3.91033	501
3.91400	500
3.91767	497
3.92133	495
3.92500	493
3.92867	489
3.93233	488
3.93600	487
3.93967	486
3.94333	486
3.94700	486
3.95067	484
3.95433	482
3.95800	480
3.96167	477
3.96533	475
3.96900	474
3.97267	473
3.97633	473
3.98000	473
3.98367	470
3.98733	466
3.99100	464
3.99467	461
3.99833	459

[Status Trace (Column Oven Temperature)]
Interval(msec)	1000
# of Points	240
Start Time(min)	0.017
End Time(min)	4.000
Intensity Units	
Intensity Multiplier	1
R.Time (min)	Intensity
0.01657	35.01
0.03323	35.00
0.04990	34.99
0.06657	34.98
0.08323	34.98
0.09990	34.99
0.11657	35.00
0.13323	35.02
0.14990	35.03
0.16657	35.01
0.18323	35.02
0.19990	35.02
0.21657	35.02
0.23323	35.02
0.24990	35.03
0.26657	35.04
0.28323	35.04
0.29990	35.04
0.31657	35.03
0.33323	35.00
0.34990	34.99
0.36657	34.97
0.38323	34.95
0.39990	34.95
0.41657	34.94
0.43323	34.93
0.44990	34.94
0.46657	34.94
0.48323	34.94
0.49990	34.96
0.51657	34.96
0.53323	34.98
0.54990	34.98
0.56657	34.99
0.58323	35.01
0.59990	35.02
0.61657	35.03
0.63323	35.04
0.64990	35.03
0.66657	35.02
0.68323	35.02
0.69990	35.01
0.71657	34.99
0.73323	34.97
0.74990	34.95
0.76657	34.96
0.78323	34.96
0.79990	34.95
0.81657	34.94
0.83323	34.95
0.84990	34.96
0.86657	34.97
0.88323	34.97
0.89990	34.96
0.91657	34.96
0.93323	34.95
0.94990	34.95
0.96657	34.96
0.98323	34.98
0.99990	35.00
1.01657	35.02
1.03323	35.03
1.04990	35.03
1.06657	35.01
1.08323	35.00
1.09990	35.00
1.11657	35.00
1.13323	34.98
1.14990	34.98
1.16657	34.98
1.18323	34.97
1.19990	34.95
1.21657	34.95
1.23323	34.95
1.24990	34.96
1.26657	34.96
1.28323	34.96
1.29990	34.97
1.31657	34.97
1.33323	34.98
1.34990	34.98
1.36657	35.00
1.38323	35.00
1.39990	35.01
1.41657	35.00
1.43323	35.01
1.44990	35.01
1.46657	35.00
1.48323	35.02
1.49990	35.02
1.51657	35.03
1.53323	35.01
1.54990	35.02
1.56657	35.02
1.58323	35.03
1.59990	35.07
1.61657	35.17
1.63323	35.33
1.64990	35.54
1.66657	35.80
1.68323	36.16
1.69990	36.51
1.71657	36.86
1.73323	37.21
1.74990	37.53
1.76657	37.87
1.78323	38.20
1.79990	38.53
1.81657	38.86
1.83323	39.19
1.84990	39.52
1.86657	39.84
1.88323	40.17
1.89990	40.49
1.91657	40.84
1.93323	41.16
1.94990	41.49
1.96657	41.80
1.98323	42.13
1.99990	42.45
2.01657	42.75
2.03323	43.07
2.04990	43.38
2.06657	43.72
2.08323	44.04
2.09990	44.39
2.11657	44.70
2.13323	45.01
2.14990	45.35
2.16657	45.68
2.18323	46.01
2.19990	46.33
2.21657	46.67
2.23323	47.02
2.24990	47.35
2.26657	47.68
2.28323	47.99
2.29990	48.35
2.31657	48.68
2.33323	49.01
2.34990	49.31
2.36657	49.54
2.38323	49.65
2.39990	49.67
2.41657	49.66
2.43323	49.67
2.44990	49.67
2.46657	49.69
2.48323	49.69
2.49990	49.71
2.51657	49.72
2.53323	49.75
2.54990	49.77
2.56657	49.77
2.58323	49.80
2.59990	49.81
2.61657	49.82
2.63323	49.83
2.64990	49.84
2.66657	49.85
2.68323	49.85
2.69990	49.86
2.71657	49.88
2.73323	49.87
2.74990	49.87
2.76657	49.86
2.78323	49.86
2.79990	49.86
2.81657	49.86
2.83323	49.87
2.84990	49.89
2.86657	49.90
2.88323	49.91
2.89990	49.94
2.91657	49.95
2.93323	49.97
2.94990	49.99
2.96657	50.00
2.98323	50.01
2.99990	50.02
3.01657	50.03
3.03323	50.03
3.04990	50.04
3.06657	50.04
3.08323	50.05
3.09990	50.07
3.11657	50.08
3.13323	50.10
3.14990	50.10
3.16657	50.11
3.18323	50.11
3.19990	50.10
3.21657	50.09
3.23323	50.08
3.24990	50.08
3.26657	50.08
3.28323	50.09
3.29990	50.09
3.31657	50.08
3.33323	50.08
3.34990	50.07
3.36657	50.07
3.38323	50.06
3.39990	50.06
3.41657	50.05
3.43323	50.06
3.44990	50.05
3.46657	50.05
3.48323	50.04
3.49990	50.04
3.51657	50.04
3.53323	50.04
3.54990	50.05
3.56657	50.06
3.58323	50.06
3.59990	50.06
3.61657	50.07
3.63323	50.07
3.64990	50.08
3.66657	50.08
3.68323	50.08
3.69990	50.09
3.71657	50.10
3.73323	50.09
3.74990	50.08
3.76657	50.08
3.78323	50.08
3.79990	50.08
3.81657	50.07
3.83323	50.08
3.84990	50.08
3.86657	50.08
3.88323	50.07
3.89990	50.07
3.91657	50.06
3.93323	50.07
3.94990	50.07
3.96657	50.07
3.98323	50.07
3.99990	50.07

[Status Trace (Injection Unit Temperature)]
Interval(msec)	1000
# of Points	240
Start Time(min)	0.017
End Time(min)	4.000
Intensity Units	
Intensity Multiplier	1
R.Time (min)	Intensity
0.01657	99.98
0.03323	99.99
0.04990	99.98
0.06657	99.98
0.08323	99.99
0.09990	99.99
0.11657	99.98
0.13323	99.98
0.14990	99.98
0.16657	99.99
0.18323	99.98
0.19990	99.99
0.21657	99.98
0.23323	99.98
0.24990	99.98
0.26657	99.98
0.28323	99.98
0.29990	99.98
0.31657	99.98
0.33323	99.98
0.34990	99.98
0.36657	99.98
0.38323	99.98
0.39990	99.99
0.41657	99.98
0.43323	99.98
0.44990	99.98
0.46657	99.98
0.48323	99.99
0.49990	99.99
0.51657	99.98
0.53323	99.98
0.54990	99.98
0.56657	99.98
0.58323	99.98
0.59990	99.99
0.61657	99.98
0.63323	99.98
0.64990	99.98
0.66657	99.98
0.68323	99.98
0.69990	99.97
0.71657	99.98
0.73323	99.98
0.74990	99.98
0.76657	99.98
0.78323	99.98
0.79990	99.98
0.81657	99.98
0.83323	99.98
0.84990	99.98
0.86657	99.98
0.88323	99.98
0.89990	99.98
0.91657	99.98
0.93323	99.98
0.94990	99.98
0.96657	99.98
0.98323	99.98
0.99990	99.99
1.01657	99.98
1.03323	99.98
1.04990	99.98
1.06657	99.98
1.08323	99.98
1.09990	99.98
1.11657	99.99
1.13323	99.98
1.14990	99.98
1.16657	99.99
1.18323	99.98
1.19990	99.98
1.21657	99.99
1.23323	99.98
1.24990	99.98
1.26657	99.99
1.28323	99.98
1.29990	99.98
1.31657	99.99
1.33323	99.98
1.34990	99.98
1.36657	99.98
1.38323	99.98
1.39990	99.98
1.41657	99.98
1.43323	99.98
1.44990	99.99
1.46657	99.98
1.48323	99.98
1.49990	99.98
1.51657	99.98
1.53323	99.98
1.54990	99.98
1.56657	99.98
1.58323	99.98
1.59990	99.98
1.61657	99.98
1.63323	99.98
1.64990	99.98
1.66657	99.98
1.68323	99.98
1.69990	99.99
1.71657	99.98
1.73323	99.99
1.74990	99.98
1.76657	99.99
1.78323	99.98
1.79990	99.98
1.81657	99.98
1.83323	99.98
1.84990	99.99
1.86657	99.98
1.88323	99.98
1.89990	99.98
1.91657	99.98
1.93323	99.98
1.94990	99.98
1.96657	99.98
1.98323	99.98
1.99990	99.98
2.01657	99.98
2.03323	99.98
2.04990	99.98
2.06657	99.98
2.08323	99.98
2.09990	99.98
2.11657	99.98
2.13323	99.98
2.14990	99.98
2.16657	99.98
2.18323	99.97
2.19990	99.97
2.21657	99.97
2.23323	99.97
2.24990	99.98
2.26657	99.98
2.28323	99.98
2.29990	99.97
2.31657	99.98
2.33323	99.97
2.34990	99.97
2.36657	99.98
2.38323	99.97
2.39990	99.97
2.41657	99.97
2.43323	99.98
2.44990	99.97
2.46657	99.98
2.48323	99.97
2.49990	99.98
2.51657	99.98
2.53323	99.97
2.54990	99.98
2.56657	99.98
2.58323	99.98
2.59990	99.97
2.61657	99.97
2.63323	99.98
2.64990	99.98
2.66657	99.98
2.68323	99.98
2.69990	99.98
2.71657	99.99
2.73323	99.99
2.74990	99.99
2.76657	99.99
2.78323	99.99
2.79990	99.99
2.81657	99.99
2.83323	99.99
2.84990	99.99
2.86657	100.00
2.88323	99.99
2.89990	100.00
2.91657	100.00
2.93323	100.00
2.94990	100.01
2.96657	100.01
2.98323	100.01
2.99990	100.01
3.01657	100.01
3.03323	100.01
3.04990	100.01
3.06657	100.01
3.08323	100.01
3.09990	100.02
3.11657	100.02
3.13323	100.02
3.14990	100.02
3.16657	100.02
3.18323	100.03
3.19990	100.02
3.21657	100.02
3.23323	100.03
3.24990	100.03
3.26657	100.03
3.28323	100.02
3.29990	100.03
3.31657	100.03
3.33323	100.03
3.34990	100.03
3.36657	100.04
3.38323	100.03
3.39990	100.04
3.41657	100.03
3.43323	100.04
3.44990	100.04
3.46657	100.04
3.48323	100.04
3.49990	100.04
3.51657	100.04
3.53323	100.04
3.54990	100.04
3.56657	100.04
3.58323	100.04
3.59990	100.04
3.61657	100.05
3.63323	100.04
3.64990	100.04
3.66657	100.04
3.68323	100.05
3.69990	100.04
3.71657	100.04
3.73323	100.04
3.74990	100.05
3.76657	100.05
3.78323	100.04
3.79990	100.04
3.81657	100.05
3.83323	100.04
3.84990	100.04
3.86657	100.05
3.88323	100.04
3.89990	100.04
3.91657	100.05
3.93323	100.05
3.94990	100.05
3.96657	100.04
3.98323	100.05
3.99990	100.05

[Status Trace (Carrier Gas Pressure)]
Interval(msec)	1000
# of Points	240
Start Time(min)	0.017
End Time(min)	4.000
Intensity Units	
Intensity Multiplier	1
R.Time (min)	Intensity
0.01657	56.81
0.03323	55.95
0.04990	58.19
0.06657	59.91
0.08323	58.46
0.09990	57.97
0.11657	58.00
0.13323	58.01
0.14990	58.01
0.16657	58.00
0.18323	58.00
0.19990	58.00
0.21657	58.00
0.23323	58.00
0.24990	58.00
0.26657	58.00
0.28323	58.00
0.29990	58.00
0.31657	58.00
0.33323	58.00
0.34990	58.00
0.36657	58.00
0.38323	58.00
0.39990	58.00
0.41657	58.00
0.43323	58.00
0.44990	58.00
0.46657	58.00
0.48323	58.00
0.49990	58.00
0.51657	58.00
0.53323	58.00
0.54990	58.00
0.56657	58.00
0.58323	58.00
0.59990	58.00
0.61657	58.00
0.63323	58.00
0.64990	58.00
0.66657	58.00
0.68323	58.00
0.69990	58.00
0.71657	58.00
0.73323	58.00
0.74990	58.00
0.76657	58.00
0.78323	58.00
0.79990	58.00
0.81657	58.00
0.83323	58.00
0.84990	58.00
0.86657	58.00
0.88323	58.00
0.89990	58.00
0.91657	58.00
0.93323	58.00
0.94990	58.00
0.96657	58.00
0.98323	58.00
0.99990	58.00
1.01657	58.00
1.03323	58.00
1.04990	58.00
1.06657	58.00
1.08323	58.00
1.09990	58.00
1.11657	58.00
1.13323	58.00
1.14990	58.00
1.16657	58.00
1.18323	58.00
1.19990	58.00
1.21657	58.00
1.23323	58.00
1.24990	58.00
1.26657	58.00
1.28323	58.00
1.29990	58.00
1.31657	58.00
1.33323	58.00
1.34990	58.00
1.36657	58.00
1.38323	58.00
1.39990	58.00
1.41657	58.00
1.43323	58.00
1.44990	58.00
1.46657	58.00
1.48323	58.00
1.49990	58.00
1.51657	58.00
1.53323	58.00
1.54990	58.00
1.56657	58.00
1.58323	58.00
1.59990	58.00
1.61657	58.00
1.63323	58.00
1.64990	58.00
1.66657	58.00
1.68323	58.01
1.69990	58.00
1.71657	58.00
1.73323	58.00
1.74990	58.00
1.76657	58.00
1.78323	58.00
1.79990	58.00
1.81657	58.00
1.83323	58.00
1.84990	58.00
1.86657	58.00
1.88323	58.00
1.89990	58.00
1.91657	58.00
1.93323	58.00
1.94990	58.00
1.96657	58.00
1.98323	58.00
1.99990	58.00
2.01657	58.00
2.03323	58.00
2.04990	58.00
2.06657	58.00
2.08323	58.00
2.09990	58.00
2.11657	58.00
2.13323	58.00
2.14990	58.00
2.16657	58.00
2.18323	58.00
2.19990	58.00
2.21657	58.00
2.23323	58.00
2.24990	58.00
2.26657	58.00
2.28323	58.00
2.29990	58.00
2.31657	58.00
2.33323	58.00
2.34990	58.00
2.36657	58.00
2.38323	57.99
2.39990	57.99
2.41657	58.00
2.43323	58.00
2.44990	58.00
2.46657	58.00
2.48323	58.00
2.49990	58.00
2.51657	57.99
2.53323	57.99
2.54990	58.00
2.56657	58.00
2.58323	58.00
2.59990	58.00
2.61657	58.00
2.63323	58.00
2.64990	58.00
2.66657	58.00
2.68323	58.00
2.69990	58.00
2.71657	58.00
2.73323	58.00
2.74990	58.00
2.76657	58.00
2.78323	58.00
2.79990	58.00
2.81657	58.00
2.83323	58.00
2.84990	58.00
2.86657	58.00
2.88323	58.00
2.89990	58.00
2.91657	58.00
2.93323	58.00
2.94990	58.00
2.96657	58.00
2.98323	58.00
2.99990	58.00
3.01657	58.00
3.03323	58.00
3.04990	58.00
3.06657	58.00
3.08323	58.00
3.09990	58.00
3.11657	58.00
3.13323	58.00
3.14990	58.00
3.16657	58.00
3.18323	58.00
3.19990	58.00
3.21657	58.00
3.23323	58.00
3.24990	58.00
3.26657	58.00
3.28323	58.00
3.29990	58.00
3.31657	58.00
3.33323	58.00
3.34990	58.00
3.36657	58.00
3.38323	58.00
3.39990	58.00
3.41657	58.00
3.43323	58.00
3.44990	58.00
3.46657	58.00
3.48323	58.00
3.49990	58.00
3.51657	58.00
3.53323	58.00
3.54990	58.00
3.56657	58.00
3.58323	58.00
3.59990	58.00
3.61657	58.00
3.63323	58.00
3.64990	58.00
3.66657	58.00
3.68323	58.00
3.69990	58.00
3.71657	58.00
3.73323	58.00
3.74990	58.00
3.76657	58.00
3.78323	58.00
3.79990	58.00
3.81657	58.00
3.83323	58.00
3.84990	58.00
3.86657	58.00
3.88323	58.00
3.89990	58.00
3.91657	58.00
3.93323	58.00
3.94990	58.00
3.96657	58.00
3.98323	58.00
3.99990	58.00

[Status Trace (Carrier Gas Flow)]
Interval(msec)	1000
# of Points	240
Start Time(min)	0.017
End Time(min)	4.000
Intensity Units	
Intensity Multiplier	1
R.Time (min)	Intensity
0.01657	33.82
0.03323	34.55
0.04990	34.55
0.06657	34.52
0.08323	34.50
0.09990	34.52
0.11657	34.52
0.13323	34.52
0.14990	34.52
0.16657	34.52
0.18323	34.52
0.19990	34.52
0.21657	34.52
0.23323	34.52
0.24990	34.52
0.26657	34.52
0.28323	34.52
0.29990	34.52
0.31657	34.51
0.33323	34.52
0.34990	34.52
0.36657	34.52
0.38323	34.52
0.39990	34.52
0.41657	34.52
0.43323	34.52
0.44990	34.52
0.46657	34.52
0.48323	34.52
0.49990	34.52
0.51657	34.51
0.53323	34.52
0.54990	34.52
0.56657	34.52
0.58323	34.51
0.59990	34.52
0.61657	34.53
0.63323	34.51
0.64990	34.52
0.66657	34.52
0.68323	34.51
0.69990	34.51
0.71657	34.52
0.73323	34.53
0.74990	34.51
0.76657	34.52
0.78323	34.52
0.79990	34.51
0.81657	34.52
0.83323	34.51
0.84990	34.51
0.86657	34.52
0.88323	34.51
0.89990	34.51
0.91657	34.50
0.93323	34.52
0.94990	34.52
0.96657	34.52
0.98323	34.53
0.99990	34.53
1.01657	34.53
1.03323	34.51
1.04990	34.52
1.06657	34.52
1.08323	34.52
1.09990	34.51
1.11657	34.52
1.13323	34.52
1.14990	34.54
1.16657	34.53
1.18323	34.52
1.19990	34.52
1.21657	34.51
1.23323	34.52
1.24990	34.53
1.26657	34.52
1.28323	34.52
1.29990	34.52
1.31657	34.52
1.33323	34.53
1.34990	34.51
1.36657	34.52
1.38323	34.52
1.39990	34.53
1.41657	34.52
1.43323	34.53
1.44990	34.52
1.46657	34.52
1.48323	34.53
1.49990	34.52
1.51657	34.52
1.53323	34.53
1.54990	34.52
1.56657	34.52
1.58323	34.52
1.59990	34.52
1.61657	34.53
1.63323	34.53
1.64990	34.51
1.66657	34.53
1.68323	34.51
1.69990	34.51
1.71657	34.52
1.73323	34.52
1.74990	34.50
1.76657	34.52
1.78323	34.52
1.79990	34.52
1.81657	34.52
1.83323	34.51
1.84990	34.53
1.86657	34.53
1.88323	34.52
1.89990	34.52
1.91657	34.52
1.93323	34.52
1.94990	34.51
1.96657	34.51
1.98323	34.52
1.99990	34.52
2.01657	34.52
2.03323	34.52
2.04990	34.53
2.06657	34.52
2.08323	34.52
2.09990	34.52
2.11657	34.54
2.13323	34.52
2.14990	34.53
2.16657	34.52
2.18323	34.52
2.19990	34.52
2.21657	34.53
2.23323	34.52
2.24990	34.53
2.26657	34.51
2.28323	34.52
2.29990	34.51
2.31657	34.52
2.33323	34.52
2.34990	34.54
2.36657	34.52
2.38323	34.51
2.39990	34.52
2.41657	34.51
2.43323	34.52
2.44990	34.52
2.46657	34.52
2.48323	34.51
2.49990	34.52
2.51657	34.52
2.53323	34.52
2.54990	34.52
2.56657	34.52
2.58323	34.52
2.59990	34.52
2.61657	34.52
2.63323	34.52
2.64990	34.52
2.66657	34.52
2.68323	34.52
2.69990	34.52
2.71657	34.52
2.73323	34.52
2.74990	34.52
2.76657	34.52
2.78323	34.52
2.79990	34.52
2.81657	34.52
2.83323	34.52
2.84990	34.52
2.86657	34.52
2.88323	34.52
2.89990	34.52
2.91657	34.52
2.93323	34.52
2.94990	34.52
2.96657	34.52
2.98323	34.52
2.99990	34.52
3.01657	34.52
3.03323	34.52
3.04990	34.52
3.06657	34.52
3.08323	34.52
3.09990	34.52
3.11657	34.51
3.13323	34.52
3.14990	34.52
3.16657	34.52
3.18323	34.52
3.19990	34.52
3.21657	34.51
3.23323	34.52
3.24990	34.51
3.26657	34.53
3.28323	34.52
3.29990	34.51
3.31657	34.50
3.33323	34.52
3.34990	34.51
3.36657	34.51
3.38323	34.52
3.39990	34.52
3.41657	34.51
3.43323	34.52
3.44990	34.52
3.46657	34.52
3.48323	34.52
3.49990	34.52
3.51657	34.52
3.53323	34.52
3.54990	34.53
3.56657	34.52
3.58323	34.51
3.59990	34.52
3.61657	34.52
3.63323	34.52
3.64990	34.52
3.66657	34.52
3.68323	34.52
3.69990	34.52
3.71657	34.52
3.73323	34.52
3.74990	34.52
3.76657	34.52
3.78323	34.52
3.79990	34.52
3.81657	34.52
3.83323	34.52
3.84990	34.52
3.86657	34.52
3.88323	34.52
3.89990	34.52
3.91657	34.52
3.93323	34.52
3.94990	34.52
3.96657	34.52
3.98323	34.52
3.99990	34.52

[Status Trace (Column Flow)]
Interval(msec)	1000
# of Points	240
Start Time(min)	0.017
End Time(min)	4.000
Intensity Units	
Intensity Multiplier	1
R.Time (min)	Intensity
0.01657	5.33
0.03323	5.23
0.04990	5.49
0.06657	5.69
0.08323	5.52
0.09990	5.46
0.11657	5.47
0.13323	5.47
0.14990	5.47
0.16657	5.47
0.18323	5.47
0.19990	5.47
0.21657	5.47
0.23323	5.47
0.24990	5.46
0.26657	5.46
0.28323	5.46
0.29990	5.46
0.31657	5.46
0.33323	5.47
0.34990	5.47
0.36657	5.47
0.38323	5.47
0.39990	5.47
0.41657	5.47
0.43323	5.47
0.44990	5.47
0.46657	5.47
0.48323	5.47
0.49990	5.47
0.51657	5.47
0.53323	5.47
0.54990	5.47
0.56657	5.47
0.58323	5.47
0.59990	5.47
0.61657	5.46
0.63323	5.46
0.64990	5.46
0.66657	5.47
0.68323	5.47
0.69990	5.47
0.71657	5.47
0.73323	5.47
0.74990	5.47
0.76657	5.47
0.78323	5.47
0.79990	5.47
0.81657	5.47
0.83323	5.47
0.84990	5.47
0.86657	5.47
0.88323	5.47
0.89990	5.47
0.91657	5.47
0.93323	5.47
0.94990	5.47
0.96657	5.47
0.98323	5.47
0.99990	5.47
1.01657	5.47
1.03323	5.46
1.04990	5.46
1.06657	5.47
1.08323	5.47
1.09990	5.47
1.11657	5.47
1.13323	5.47
1.14990	5.47
1.16657	5.47
1.18323	5.47
1.19990	5.47
1.21657	5.47
1.23323	5.47
1.24990	5.47
1.26657	5.47
1.28323	5.47
1.29990	5.47
1.31657	5.47
1.33323	5.47
1.34990	5.47
1.36657	5.47
1.38323	5.47
1.39990	5.47
1.41657	5.47
1.43323	5.47
1.44990	5.47
1.46657	5.47
1.48323	5.47
1.49990	5.47
1.51657	5.47
1.53323	5.47
1.54990	5.47
1.56657	5.47
1.58323	5.47
1.59990	5.46
1.61657	5.46
1.63323	5.46
1.64990	5.45
1.66657	5.44
1.68323	5.43
1.69990	5.42
1.71657	5.41
1.73323	5.40
1.74990	5.39
1.76657	5.38
1.78323	5.37
1.79990	5.36
1.81657	5.35
1.83323	5.34
1.84990	5.33
1.86657	5.32
1.88323	5.31
1.89990	5.30
1.91657	5.29
1.93323	5.28
1.94990	5.27
1.96657	5.26
1.98323	5.25
1.99990	5.24
2.01657	5.23
2.03323	5.22
2.04990	5.21
2.06657	5.21
2.08323	5.19
2.09990	5.19
2.11657	5.18
2.13323	5.17
2.14990	5.16
2.16657	5.15
2.18323	5.14
2.19990	5.13
2.21657	5.12
2.23323	5.11
2.24990	5.10
2.26657	5.09
2.28323	5.08
2.29990	5.07
2.31657	5.07
2.33323	5.05
2.34990	5.05
2.36657	5.04
2.38323	5.04
2.39990	5.04
2.41657	5.04
2.43323	5.04
2.44990	5.04
2.46657	5.04
2.48323	5.04
2.49990	5.04
2.51657	5.03
2.53323	5.03
2.54990	5.03
2.56657	5.03
2.58323	5.03
2.59990	5.03
2.61657	5.03
2.63323	5.03
2.64990	5.03
2.66657	5.03
2.68323	5.03
2.69990	5.03
2.71657	5.03
2.73323	5.03
2.74990	5.03
2.76657	5.03
2.78323	5.03
2.79990	5.03
2.81657	5.03
2.83323	5.03
2.84990	5.03
2.86657	5.03
2.88323	5.03
2.89990	5.03
2.91657	5.03
2.93323	5.03
2.94990	5.03
2.96657	5.03
2.98323	5.03
2.99990	5.03
3.01657	5.03
3.03323	5.03
3.04990	5.03
3.06657	5.03
3.08323	5.03
3.09990	5.03
3.11657	5.03
3.13323	5.03
3.14990	5.03
3.16657	5.03
3.18323	5.02
3.19990	5.03
3.21657	5.03
3.23323	5.03
3.24990	5.03
3.26657	5.03
3.28323	5.03
3.29990	5.03
3.31657	5.03
3.33323	5.03
3.34990	5.03
3.36657	5.03
3.38323	5.03
3.39990	5.03
3.41657	5.03
3.43323	5.03
3.44990	5.03
3.46657	5.03
3.48323	5.03
3.49990	5.03
3.51657	5.03
3.53323	5.03
3.54990	5.03
3.56657	5.03
3.58323	5.03
3.59990	5.03
3.61657	5.03
3.63323	5.03
3.64990	5.03
3.66657	5.03
3.68323	5.03
3.69990	5.03
3.71657	5.03
3.73323	5.03
3.74990	5.03
3.76657	5.03
3.78323	5.03
3.79990	5.03
3.81657	5.03
3.83323	5.03
3.84990	5.03
3.86657	5.03
3.88323	5.03
3.89990	5.03
3.91657	5.03
3.93323	5.03
3.94990	5.03
3.96657	5.03
3.98323	5.03
3.99990	5.03

[Status Trace (Linear Velocity)]
Interval(msec)	1000
# of Points	240
Start Time(min)	0.017
End Time(min)	4.000
Intensity Units	
Intensity Multiplier	1
R.Time (min)	Intensity
0.01657	38.22
0.03323	37.66
0.04990	39.13
0.06657	40.26
0.08323	39.31
0.09990	38.99
0.11657	39.01
0.13323	39.01
0.14990	39.00
0.16657	39.00
0.18323	39.00
0.19990	39.00
0.21657	39.00
0.23323	39.00
0.24990	39.00
0.26657	39.00
0.28323	39.00
0.29990	39.00
0.31657	39.00
0.33323	39.00
0.34990	39.00
0.36657	39.01
0.38323	39.01
0.39990	39.01
0.41657	39.01
0.43323	39.01
0.44990	39.01
0.46657	39.01
0.48323	39.01
0.49990	39.01
0.51657	39.01
0.53323	39.01
0.54990	39.01
0.56657	39.01
0.58323	39.00
0.59990	39.00
0.61657	39.00
0.63323	39.00
0.64990	39.00
0.66657	39.00
0.68323	39.00
0.69990	39.00
0.71657	39.00
0.73323	39.01
0.74990	39.01
0.76657	39.01
0.78323	39.01
0.79990	39.01
0.81657	39.01
0.83323	39.01
0.84990	39.01
0.86657	39.01
0.88323	39.01
0.89990	39.01
0.91657	39.01
0.93323	39.01
0.94990	39.01
0.96657	39.01
0.98323	39.01
0.99990	39.00
1.01657	39.00
1.03323	39.00
1.04990	39.00
1.06657	39.00
1.08323	39.00
1.09990	39.00
1.11657	39.00
1.13323	39.00
1.14990	39.01
1.16657	39.01
1.18323	39.01
1.19990	39.01
1.21657	39.01
1.23323	39.01
1.24990	39.01
1.26657	39.01
1.28323	39.01
1.29990	39.01
1.31657	39.01
1.33323	39.01
1.34990	39.01
1.36657	39.00
1.38323	39.00
1.39990	39.00
1.41657	39.00
1.43323	39.00
1.44990	39.00
1.46657	39.00
1.48323	39.00
1.49990	39.00
1.51657	39.00
1.53323	39.00
1.54990	39.00
1.56657	39.00
1.58323	39.00
1.59990	39.00
1.61657	38.99
1.63323	38.97
1.64990	38.96
1.66657	38.93
1.68323	38.90
1.69990	38.86
1.71657	38.83
1.73323	38.79
1.74990	38.76
1.76657	38.73
1.78323	38.70
1.79990	38.67
1.81657	38.64
1.83323	38.61
1.84990	38.58
1.86657	38.55
1.88323	38.51
1.89990	38.49
1.91657	38.45
1.93323	38.42
1.94990	38.39
1.96657	38.36
1.98323	38.33
1.99990	38.30
2.01657	38.27
2.03323	38.24
2.04990	38.22
2.06657	38.19
2.08323	38.15
2.09990	38.13
2.11657	38.10
2.13323	38.07
2.14990	38.04
2.16657	38.01
2.18323	37.98
2.19990	37.95
2.21657	37.92
2.23323	37.89
2.24990	37.86
2.26657	37.83
2.28323	37.80
2.29990	37.77
2.31657	37.74
2.33323	37.71
2.34990	37.68
2.36657	37.66
2.38323	37.65
2.39990	37.64
2.41657	37.65
2.43323	37.65
2.44990	37.65
2.46657	37.65
2.48323	37.65
2.49990	37.64
2.51657	37.64
2.53323	37.64
2.54990	37.64
2.56657	37.64
2.58323	37.64
2.59990	37.64
2.61657	37.64
2.63323	37.63
2.64990	37.63
2.66657	37.63
2.68323	37.63
2.69990	37.63
2.71657	37.63
2.73323	37.63
2.74990	37.63
2.76657	37.63
2.78323	37.63
2.79990	37.63
2.81657	37.63
2.83323	37.63
2.84990	37.63
2.86657	37.63
2.88323	37.63
2.89990	37.63
2.91657	37.62
2.93323	37.62
2.94990	37.62
2.96657	37.62
2.98323	37.62
2.99990	37.62
3.01657	37.62
3.03323	37.62
3.04990	37.62
3.06657	37.62
3.08323	37.62
3.09990	37.61
3.11657	37.61
3.13323	37.61
3.14990	37.61
3.16657	37.61
3.18323	37.61
3.19990	37.61
3.21657	37.61
3.23323	37.61
3.24990	37.61
3.26657	37.61
3.28323	37.61
3.29990	37.61
3.31657	37.61
3.33323	37.61
3.34990	37.61
3.36657	37.61
3.38323	37.61
3.39990	37.61
3.41657	37.62
3.43323	37.62
3.44990	37.62
3.46657	37.62
3.48323	37.62
3.49990	37.62
3.51657	37.62
3.53323	37.62
3.54990	37.62
3.56657	37.61
3.58323	37.61
3.59990	37.61
3.61657	37.61
3.63323	37.61
3.64990	37.61
3.66657	37.61
3.68323	37.61
3.69990	37.61
3.71657	37.61
3.73323	37.61
3.74990	37.61
3.76657	37.61
3.78323	37.61
3.79990	37.61
3.81657	37.61
3.83323	37.61
3.84990	37.61
3.86657	37.61
3.88323	37.61
3.89990	37.61
3.91657	37.61
3.93323	37.61
3.94990	37.61
3.96657	37.61
3.98323	37.61
3.99990	37.61

