[Header]
Application Name	LabSolutions
Version	5.110
Data File Name	C:\Users\User\Desktop\GC Analyses\Jack\UIC Prairie Sampling\9.2.22\220902_033.gcd
Output Date	10/28/2022
Output Time	1:23:53 PM

[File Information]
Type	Data File
Generated	10/25/2022 2:58:08 PM
Generated by	System Administrator
Modified	10/25/2022 3:03:04 PM
Modified by	System Administrator

[Sample Information]
Operator Name	System Administrator
Acquired	10/25/2022 2:59:03 PM
Sample Type	1:Standard
Level	1
Sample Name	220902_UICPrairie
Sample ID	220902_UICPrairie
ISTD Amount1	1
ISTD Amount2	1
ISTD Amount3	1
ISTD Amount4	1
ISTD Amount5	1
ISTD Amount6	1
ISTD Amount7	1
ISTD Amount8	1
ISTD Amount9	1
ISTD Amount10	1
ISTD Amount11	1
ISTD Amount12	1
ISTD Amount13	1
ISTD Amount14	1
ISTD Amount15	1
ISTD Amount16	1
ISTD Amount17	1
ISTD Amount18	1
ISTD Amount19	1
ISTD Amount20	1
ISTD Amount21	1
ISTD Amount22	1
ISTD Amount23	1
ISTD Amount24	1
ISTD Amount25	1
ISTD Amount26	1
ISTD Amount27	1
ISTD Amount28	1
ISTD Amount29	1
ISTD Amount30	1
ISTD Amount31	1
ISTD Amount32	1
Sample Amount	1
Dilution Factor	1
Vial#	1
Injection Volume	1
Injection Count	1
Bar Code	

[Original Files]
Data File	C:\Users\User\Desktop\GC Analyses\Jack\UIC Prairie Sampling\9.2.22\220902_033.gcd
Method File	C:\LabSolutions\Data\GHG_4min_2022\ghg3_togas_w_acet_4 min_new_int.gcm
Batch File	
Report Format File	c:\LabSolutions\System\DEFAULT.lsr

[File Description]


[Configuration]
Instrument Name	C0B7VH3-Instrument1
Instrument #	1
Line #	1
# of Detectors	3
Detector ID	DET#1	DET#2	DET#3
Detector Name	FID	PTCD	ECD
# of Channels	1	1	1

[Peak Table(Ch1)]
# of Peaks	3
Peak#	R.Time	I.Time	F.Time	Area	Height	A/H	Conc.	Mark	ID#	Name	k'	Plate #	Plate Ht.	Tailing	Resolution	Sep.Factor	Area Ratio	Height Ratio	Conc. %	Norm Conc.
1	1.479	1.443	1.542	7946	3870	2.053	100.000	   	1	CO	0.000	9482	15.819	1.257	0.000	0.000	0	0	16.667	16.667
2	1.571	1.542	1.630	3295	1866	1.765	100.000	 V 	2	CH4	0.062	13779	10.886	1.226	1.604	0.000	0	0	16.667	16.667
3	2.000	1.945	2.337	1721653	933815	1.844	400.000	   	3	CO2	0.352	20991	7.146	1.299	7.890	5.680	0	0	66.667	66.667

[Peak Table(Ch2)]
# of Peaks	0

[Peak Table(Ch3)]
# of Peaks	3
Peak#	R.Time	I.Time	F.Time	Area	Height	A/H	Conc.	Mark	ID#	Name	k'	Plate #	Plate Ht.	Tailing	Resolution	Sep.Factor	Area Ratio	Height Ratio	Conc. %	Norm Conc.
1	2.568	2.429	2.664	7545	803	9.397	0.000	   			0.000	2004	74.836	0.000	0.000	0.000	0	0	0.000	0.000
2	2.766	2.664	2.832	4744	501	9.477	0.208	 V 	1	N2O	0.077	175	856.165	0.000	0.372	0.000	0	0	20.822	20.822
3	2.887	2.832	3.217	18041	4041	4.464	0.792	 V 	1	N2O	0.124	12655	11.853	0.000	0.258	1.611	0	0	79.178	79.178

[Compound Results(Ch1)]
# of IDs	6
ID#	Name	R.Time	Area	Height	Conc.	Curve	3rd	2nd	1st	Constant	Area Ratio	Height Ratio	Conc. %	Norm Conc.
1	CO	1.479	7946	3870	100.000	Linear	0.000000e+00	0.000000e+00	7.945994e+001	0.000000e+00	0	0	16.667	16.667
2	CH4	1.571	3295	1866	100.000	Linear	0.000000e+00	0.000000e+00	3.294760e+001	0.000000e+00	0	0	16.667	16.667
3	CO2	2.000	1721653	933815	400.000	Linear	0.000000e+00	0.000000e+00	4.304133e+003	0.000000e+00	0	0	66.667	66.667
4	Ethylene	0.000	0	0	0.000	Linear	0.000000e+00	0.000000e+00	0.000000e+00	0.000000e+00	0	0	0.000	0.000
5	Acetylene	0.000	0	0	0.000	Linear	0.000000e+00	0.000000e+00	0.000000e+00	0.000000e+00	0	0	0.000	0.000
6	Ethane	0.000	0	0	0.000	Linear	0.000000e+00	0.000000e+00	0.000000e+00	0.000000e+00	0	0	0.000	0.000

[Compound Results(Ch2)]
# of IDs	5
ID#	Name	R.Time	Area	Height	Conc.	Curve	3rd	2nd	1st	Constant	Area Ratio	Height Ratio	Conc. %	Norm Conc.
1	Hydrogen	0.000	0	0	0.000	Linear	0.000000e+00	0.000000e+00	0.000000e+00	0.000000e+00	0	0	0.000	0.000
2	Oxygen	0.000	0	0	0.000	Linear	0.000000e+00	0.000000e+00	0.000000e+00	0.000000e+00	0	0	0.000	0.000
3	Nitrogen	0.000	0	0	0.000	Linear	0.000000e+00	0.000000e+00	0.000000e+00	0.000000e+00	0	0	0.000	0.000
4	Methane	0.000	0	0	0.000	Linear	0.000000e+00	0.000000e+00	0.000000e+00	0.000000e+00	0	0	0.000	0.000
5	Carbon Monoxide	0.000	0	0	0.000	Linear	0.000000e+00	0.000000e+00	0.000000e+00	0.000000e+00	0	0	0.000	0.000

[Compound Results(Ch3)]
# of IDs	2
ID#	Name	R.Time	Area	Height	Conc.	Curve	3rd	2nd	1st	Constant	Area Ratio	Height Ratio	Conc. %	Norm Conc.
1	N2O	2.887	22786	4542	1.000	Linear	0.000000e+00	0.000000e+00	2.278565e+004	0.000000e+00	0	0	100.000	100.000
2	SF6	0.000	0	0	0.000	Linear	0.000000e+00	0.000000e+00	0.000000e+00	0.000000e+00	0	0	0.000	0.000

[Group Results(Ch1)]
# of Groups	0

[Group Results(Ch2)]
# of Groups	0

[Group Results(Ch3)]
# of Groups	0

[Chromatogram (Ch1)]
Interval(msec)	220
# of Points	1091
Start Time(min)	0.002
End Time(min)	3.998
R.Time (min)	Intensity
0.00167	-2
0.00533	-5
0.00900	-10
0.01267	-12
0.01633	-11
0.02000	-14
0.02367	-17
0.02733	-21
0.03100	-26
0.03467	-27
0.03833	-24
0.04200	-18
0.04567	-11
0.04933	-4
0.05300	-1
0.05667	-2
0.06033	-5
0.06400	-6
0.06767	-6
0.07133	-7
0.07500	-10
0.07867	-13
0.08233	-15
0.08600	-15
0.08967	-15
0.09333	-16
0.09700	-19
0.10067	-24
0.10433	-28
0.10800	-33
0.11167	-33
0.11533	-29
0.11900	-25
0.12267	-22
0.12633	-21
0.13000	-21
0.13367	-21
0.13733	-23
0.14100	-22
0.14467	-18
0.14833	-13
0.15200	-9
0.15567	-4
0.15933	-1
0.16300	-1
0.16667	-4
0.17033	-6
0.17400	-5
0.17767	-4
0.18133	-7
0.18500	-16
0.18867	-23
0.19233	-25
0.19600	-26
0.19967	-25
0.20333	-22
0.20700	-17
0.21067	-14
0.21433	-15
0.21800	-20
0.22167	-23
0.22533	-22
0.22900	-19
0.23267	-21
0.23633	-27
0.24000	-34
0.24367	-40
0.24733	-41
0.25100	-40
0.25467	-32
0.25833	-22
0.26200	-18
0.26567	-19
0.26933	-22
0.27300	-24
0.27667	-29
0.28033	-37
0.28400	-45
0.28767	-51
0.29133	-49
0.29500	-41
0.29867	-32
0.30233	-28
0.30600	-30
0.30967	-33
0.31333	-33
0.31700	-30
0.32067	-27
0.32433	-27
0.32800	-28
0.33167	-32
0.33533	-35
0.33900	-37
0.34267	-36
0.34633	-33
0.35000	-33
0.35367	-36
0.35733	-40
0.36100	-41
0.36467	-39
0.36833	-36
0.37200	-34
0.37567	-31
0.37933	-28
0.38300	-27
0.38667	-24
0.39033	-16
0.39400	-8
0.39767	-5
0.40133	-4
0.40500	-4
0.40867	-4
0.41233	-7
0.41600	-15
0.41967	-25
0.42333	-30
0.42700	-29
0.43067	-27
0.43433	-30
0.43800	-36
0.44167	-40
0.44533	-42
0.44900	-42
0.45267	-41
0.45633	-40
0.46000	-35
0.46367	-30
0.46733	-27
0.47100	-26
0.47467	-27
0.47833	-28
0.48200	-29
0.48567	-29
0.48933	-29
0.49300	-30
0.49667	-30
0.50033	-29
0.50400	-26
0.50767	-24
0.51133	-22
0.51500	-24
0.51867	-30
0.52233	-33
0.52600	-34
0.52967	-34
0.53333	-33
0.53700	-34
0.54067	-37
0.54433	-41
0.54800	-44
0.55167	-46
0.55533	-43
0.55900	-37
0.56267	-32
0.56633	-27
0.57000	-25
0.57367	-22
0.57733	-22
0.58100	-30
0.58467	-40
0.58833	-50
0.59200	-57
0.59567	-58
0.59933	-55
0.60300	-51
0.60667	-44
0.61033	-36
0.61400	-32
0.61767	-33
0.62133	-35
0.62500	-37
0.62867	-38
0.63233	-39
0.63600	-39
0.63967	-39
0.64333	-40
0.64700	-43
0.65067	-45
0.65433	-46
0.65800	-47
0.66167	-45
0.66533	-43
0.66900	-45
0.67267	-47
0.67633	-47
0.68000	-47
0.68367	-49
0.68733	-52
0.69100	-52
0.69467	-49
0.69833	-46
0.70200	-43
0.70567	-37
0.70933	-30
0.71300	-29
0.71667	-33
0.72033	-39
0.72400	-47
0.72767	-52
0.73133	-53
0.73500	-54
0.73867	-55
0.74233	-56
0.74600	-54
0.74967	-52
0.75333	-53
0.75700	-54
0.76067	-56
0.76433	-57
0.76800	-57
0.77167	-58
0.77533	-57
0.77900	-52
0.78267	-46
0.78633	-40
0.79000	-36
0.79367	-37
0.79733	-44
0.80100	-50
0.80467	-53
0.80833	-51
0.81200	-46
0.81567	-42
0.81933	-43
0.82300	-48
0.82667	-52
0.83033	-53
0.83400	-55
0.83767	-56
0.84133	-53
0.84500	-50
0.84867	-47
0.85233	-50
0.85600	-53
0.85967	-57
0.86333	-62
0.86700	-68
0.87067	-70
0.87433	-67
0.87800	-64
0.88167	-62
0.88533	-62
0.88900	-63
0.89267	-65
0.89633	-68
0.90000	-73
0.90367	-76
0.90733	-79
0.91100	-79
0.91467	-76
0.91833	-67
0.92200	-55
0.92567	-46
0.92933	-43
0.93300	-45
0.93667	-52
0.94033	-61
0.94400	-64
0.94767	-63
0.95133	-60
0.95500	-57
0.95867	-53
0.96233	-52
0.96600	-53
0.96967	-56
0.97333	-60
0.97700	-64
0.98067	-69
0.98433	-74
0.98800	-78
0.99167	-79
0.99533	-76
0.99900	-70
1.00267	-64
1.00633	-59
1.01000	-58
1.01367	-58
1.01733	-61
1.02100	-65
1.02467	-68
1.02833	-67
1.03200	-64
1.03567	-62
1.03933	-61
1.04300	-61
1.04667	-65
1.05033	-69
1.05400	-75
1.05767	-79
1.06133	-83
1.06500	-85
1.06867	-82
1.07233	-74
1.07600	-66
1.07967	-61
1.08333	-59
1.08700	-58
1.09067	-59
1.09433	-62
1.09800	-66
1.10167	-68
1.10533	-68
1.10900	-67
1.11267	-65
1.11633	-62
1.12000	-60
1.12367	-59
1.12733	-60
1.13100	-61
1.13467	-62
1.13833	-63
1.14200	-63
1.14567	-65
1.14933	-65
1.15300	-61
1.15667	-57
1.16033	-56
1.16400	-58
1.16767	-59
1.17133	-61
1.17500	-62
1.17867	-61
1.18233	-58
1.18600	-56
1.18967	-55
1.19333	-57
1.19700	-59
1.20067	-62
1.20433	-64
1.20800	-65
1.21167	-69
1.21533	-74
1.21900	-78
1.22267	-77
1.22633	-74
1.23000	-72
1.23367	-73
1.23733	-73
1.24100	-70
1.24467	-66
1.24833	-63
1.25200	-61
1.25567	-60
1.25933	-62
1.26300	-66
1.26667	-74
1.27033	-83
1.27400	-90
1.27767	-94
1.28133	-98
1.28500	-98
1.28867	-94
1.29233	-88
1.29600	-81
1.29967	-76
1.30333	-75
1.30700	-76
1.31067	-80
1.31433	-83
1.31800	-88
1.32167	-90
1.32533	-92
1.32900	-91
1.33267	-87
1.33633	-82
1.34000	-81
1.34367	-83
1.34733	-84
1.35100	-83
1.35467	-81
1.35833	-81
1.36200	-83
1.36567	-85
1.36933	-85
1.37300	-84
1.37667	-82
1.38033	-78
1.38400	-74
1.38767	-79
1.39133	-72
1.39500	-68
1.39867	-67
1.40233	-67
1.40600	-67
1.40967	-71
1.41333	-76
1.41700	-79
1.42067	-77
1.42433	-73
1.42800	-69
1.43167	-68
1.43533	-73
1.43900	-82
1.44267	-84
1.44633	-51
1.45000	81
1.45367	349
1.45733	732
1.46100	1235
1.46467	1865
1.46833	2556
1.47200	3187
1.47567	3629
1.47933	3785
1.48300	3624
1.48667	3200
1.49033	2635
1.49400	2051
1.49767	1530
1.50133	1107
1.50500	782
1.50867	540
1.51233	365
1.51600	244
1.51967	160
1.52333	105
1.52700	69
1.53067	44
1.53433	26
1.53800	9
1.54167	-5
1.54533	-3
1.54900	59
1.55267	244
1.55633	568
1.56000	973
1.56367	1365
1.56733	1655
1.57100	1779
1.57467	1710
1.57833	1481
1.58200	1168
1.58567	852
1.58933	582
1.59300	375
1.59667	223
1.60033	118
1.60400	47
1.60767	2
1.61133	-25
1.61500	-44
1.61867	-58
1.62233	-72
1.62600	-82
1.62967	-89
1.63333	-93
1.63700	-95
1.64067	-97
1.64433	-96
1.64800	-94
1.65167	-94
1.65533	-92
1.65900	-89
1.66267	-89
1.66633	-91
1.67000	-94
1.67367	-99
1.67733	-102
1.68100	-102
1.68467	-98
1.68833	-92
1.69200	-85
1.69567	-81
1.69933	-83
1.70300	-88
1.70667	-94
1.71033	-101
1.71400	-106
1.71767	-107
1.72133	-107
1.72500	-107
1.72867	-105
1.73233	-102
1.73600	-98
1.73967	-93
1.74333	-92
1.74700	-94
1.75067	-100
1.75433	-106
1.75800	-109
1.76167	-108
1.76533	-104
1.76900	-102
1.77267	-99
1.77633	-94
1.78000	-88
1.78367	-86
1.78733	-87
1.79100	-91
1.79467	-94
1.79833	-95
1.80200	-91
1.80567	-84
1.80933	-80
1.81300	-81
1.81667	-81
1.82033	-82
1.82400	-85
1.82767	-91
1.83133	-97
1.83500	-100
1.83867	-101
1.84233	-99
1.84600	-97
1.84967	-94
1.85333	-92
1.85700	-91
1.86067	-90
1.86433	-87
1.86800	-83
1.87167	-81
1.87533	-83
1.87900	-84
1.88267	-81
1.88633	-74
1.89000	-70
1.89367	-73
1.89733	-80
1.90100	-88
1.90467	-94
1.90833	-96
1.91200	-98
1.91567	-99
1.91933	-98
1.92300	-96
1.92667	-95
1.93033	-94
1.93400	-94
1.93767	-94
1.94133	-93
1.94500	-88
1.94867	-81
1.95233	-74
1.95600	-65
1.95967	-25
1.96333	207
1.96700	1494
1.97067	7155
1.97433	26256
1.97800	76010
1.98167	176772
1.98533	336040
1.98900	534716
1.99267	729749
1.99633	873483
2.00000	933768
2.00367	903982
2.00733	801806
2.01100	659258
2.01467	508757
2.01833	373320
2.02200	263840
2.02567	181727
2.02933	123272
2.03300	83115
2.03667	56158
2.04033	38305
2.04400	26550
2.04767	18806
2.05133	13665
2.05500	10212
2.05867	7857
2.06233	6218
2.06600	5048
2.06967	4190
2.07333	3543
2.07700	3046
2.08067	2656
2.08433	2347
2.08800	2101
2.09167	1899
2.09533	1730
2.09900	1588
2.10267	1465
2.10633	1357
2.11000	1263
2.11367	1180
2.11733	1107
2.12100	1039
2.12467	976
2.12833	918
2.13200	873
2.13567	837
2.13933	804
2.14300	767
2.14667	725
2.15033	683
2.15400	646
2.15767	616
2.16133	589
2.16500	562
2.16867	539
2.17233	520
2.17600	502
2.17967	486
2.18333	472
2.18700	459
2.19067	445
2.19433	431
2.19800	421
2.20167	415
2.20533	410
2.20900	404
2.21267	396
2.21633	386
2.22000	374
2.22367	361
2.22733	346
2.23100	332
2.23467	324
2.23833	319
2.24200	315
2.24567	307
2.24933	297
2.25300	291
2.25667	290
2.26033	291
2.26400	291
2.26767	289
2.27133	287
2.27500	282
2.27867	275
2.28233	268
2.28600	259
2.28967	249
2.29333	242
2.29700	239
2.30067	236
2.30433	231
2.30800	225
2.31167	219
2.31533	213
2.31900	210
2.32267	209
2.32633	210
2.33000	211
2.33367	208
2.33733	203
2.34100	203
2.34467	207
2.34833	208
2.35200	204
2.35567	200
2.35933	200
2.36300	203
2.36667	201
2.37033	199
2.37400	201
2.37767	203
2.38133	202
2.38500	200
2.38867	199
2.39233	199
2.39600	197
2.39967	193
2.40333	190
2.40700	188
2.41067	185
2.41433	181
2.41800	175
2.42167	171
2.42533	172
2.42900	176
2.43267	182
2.43633	187
2.44000	191
2.44367	193
2.44733	190
2.45100	186
2.45467	180
2.45833	175
2.46200	172
2.46567	167
2.46933	160
2.47300	155
2.47667	155
2.48033	159
2.48400	164
2.48767	165
2.49133	165
2.49500	164
2.49867	165
2.50233	168
2.50600	168
2.50967	168
2.51333	168
2.51700	170
2.52067	169
2.52433	167
2.52800	164
2.53167	162
2.53533	158
2.53900	156
2.54267	153
2.54633	151
2.55000	147
2.55367	142
2.55733	138
2.56100	136
2.56467	138
2.56833	141
2.57200	144
2.57567	149
2.57933	156
2.58300	164
2.58667	166
2.59033	164
2.59400	158
2.59767	151
2.60133	147
2.60500	145
2.60867	144
2.61233	144
2.61600	145
2.61967	148
2.62333	149
2.62700	146
2.63067	143
2.63433	141
2.63800	138
2.64167	135
2.64533	132
2.64900	129
2.65267	128
2.65633	131
2.66000	135
2.66367	137
2.66733	134
2.67100	131
2.67467	129
2.67833	129
2.68200	130
2.68567	131
2.68933	137
2.69300	144
2.69667	149
2.70033	150
2.70400	143
2.70767	135
2.71133	130
2.71500	130
2.71867	133
2.72233	138
2.72600	141
2.72967	139
2.73333	136
2.73700	132
2.74067	129
2.74433	125
2.74800	120
2.75167	113
2.75533	105
2.75900	101
2.76267	102
2.76633	108
2.77000	117
2.77367	122
2.77733	124
2.78100	126
2.78467	124
2.78833	120
2.79200	115
2.79567	112
2.79933	109
2.80300	106
2.80667	106
2.81033	107
2.81400	109
2.81767	109
2.82133	109
2.82500	110
2.82867	115
2.83233	121
2.83600	126
2.83967	131
2.84333	133
2.84700	131
2.85067	129
2.85433	128
2.85800	130
2.86167	132
2.86533	130
2.86900	121
2.87267	112
2.87633	106
2.88000	101
2.88367	100
2.88733	101
2.89100	105
2.89467	112
2.89833	115
2.90200	116
2.90567	114
2.90933	110
2.91300	106
2.91667	104
2.92033	103
2.92400	101
2.92767	99
2.93133	97
2.93500	98
2.93867	98
2.94233	96
2.94600	96
2.94967	96
2.95333	97
2.95700	101
2.96067	106
2.96433	108
2.96800	112
2.97167	118
2.97533	122
2.97900	122
2.98267	118
2.98633	110
2.99000	105
2.99367	107
2.99733	110
3.00100	111
3.00467	110
3.00833	107
3.01200	103
3.01567	105
3.01933	109
3.02300	108
3.02667	104
3.03033	97
3.03400	90
3.03767	86
3.04133	83
3.04500	82
3.04867	82
3.05233	82
3.05600	83
3.05967	85
3.06333	88
3.06700	93
3.07067	97
3.07433	98
3.07800	99
3.08167	102
3.08533	105
3.08900	111
3.09267	118
3.09633	123
3.10000	121
3.10367	114
3.10733	104
3.11100	93
3.11467	84
3.11833	75
3.12200	65
3.12567	63
3.12933	69
3.13300	75
3.13667	78
3.14033	77
3.14400	73
3.14767	70
3.15133	68
3.15500	69
3.15867	73
3.16233	78
3.16600	81
3.16967	81
3.17333	78
3.17700	75
3.18067	74
3.18433	78
3.18800	83
3.19167	90
3.19533	97
3.19900	100
3.20267	97
3.20633	93
3.21000	90
3.21367	86
3.21733	79
3.22100	70
3.22467	62
3.22833	58
3.23200	58
3.23567	61
3.23933	66
3.24300	69
3.24667	69
3.25033	69
3.25400	73
3.25767	74
3.26133	72
3.26500	70
3.26867	67
3.27233	64
3.27600	64
3.27967	67
3.28333	69
3.28700	68
3.29067	67
3.29433	66
3.29800	67
3.30167	72
3.30533	76
3.30900	78
3.31267	77
3.31633	76
3.32000	73
3.32367	66
3.32733	59
3.33100	55
3.33467	54
3.33833	57
3.34200	61
3.34567	62
3.34933	59
3.35300	55
3.35667	51
3.36033	48
3.36400	48
3.36767	52
3.37133	54
3.37500	54
3.37867	54
3.38233	56
3.38600	59
3.38967	61
3.39333	62
3.39700	65
3.40067	64
3.40433	61
3.40800	59
3.41167	62
3.41533	68
3.41900	76
3.42267	79
3.42633	78
3.43000	72
3.43367	62
3.43733	50
3.44100	40
3.44467	34
3.44833	30
3.45200	29
3.45567	34
3.45933	41
3.46300	47
3.46667	52
3.47033	56
3.47400	59
3.47767	58
3.48133	56
3.48500	52
3.48867	50
3.49233	53
3.49600	56
3.49967	59
3.50333	57
3.50700	52
3.51067	48
3.51433	45
3.51800	44
3.52167	43
3.52533	42
3.52900	41
3.53267	44
3.53633	46
3.54000	47
3.54367	49
3.54733	50
3.55100	48
3.55467	42
3.55833	36
3.56200	33
3.56567	33
3.56933	35
3.57300	37
3.57667	39
3.58033	41
3.58400	43
3.58767	43
3.59133	41
3.59500	39
3.59867	38
3.60233	35
3.60600	33
3.60967	37
3.61333	41
3.61700	44
3.62067	44
3.62433	41
3.62800	37
3.63167	35
3.63533	36
3.63900	37
3.64267	35
3.64633	31
3.65000	26
3.65367	22
3.65733	20
3.66100	23
3.66467	27
3.66833	31
3.67200	34
3.67567	36
3.67933	36
3.68300	32
3.68667	27
3.69033	21
3.69400	18
3.69767	18
3.70133	18
3.70500	18
3.70867	19
3.71233	23
3.71600	27
3.71967	30
3.72333	33
3.72700	34
3.73067	33
3.73433	33
3.73800	35
3.74167	36
3.74533	33
3.74900	28
3.75267	24
3.75633	23
3.76000	22
3.76367	20
3.76733	22
3.77100	26
3.77467	28
3.77833	29
3.78200	29
3.78567	27
3.78933	24
3.79300	21
3.79667	17
3.80033	11
3.80400	9
3.80767	13
3.81133	21
3.81500	29
3.81867	33
3.82233	32
3.82600	29
3.82967	28
3.83333	31
3.83700	34
3.84067	32
3.84433	28
3.84800	26
3.85167	28
3.85533	33
3.85900	36
3.86267	35
3.86633	33
3.87000	32
3.87367	33
3.87733	33
3.88100	32
3.88467	31
3.88833	30
3.89200	29
3.89567	27
3.89933	25
3.90300	26
3.90667	30
3.91033	37
3.91400	42
3.91767	44
3.92133	40
3.92500	32
3.92867	24
3.93233	21
3.93600	24
3.93967	28
3.94333	32
3.94700	35
3.95067	35
3.95433	32
3.95800	27
3.96167	22
3.96533	22
3.96900	24
3.97267	24
3.97633	26
3.98000	31
3.98367	35
3.98733	37
3.99100	37
3.99467	36
3.99833	33

[Chromatogram (Ch2)]
Interval(msec)	220
# of Points	1091
Start Time(min)	0.002
End Time(min)	3.998
R.Time (min)	Intensity
0.00167	-0
0.00533	-0
0.00900	-0
0.01267	-0
0.01633	-0
0.02000	0
0.02367	0
0.02733	1
0.03100	1
0.03467	1
0.03833	1
0.04200	1
0.04567	1
0.04933	1
0.05300	1
0.05667	1
0.06033	1
0.06400	1
0.06767	1
0.07133	1
0.07500	1
0.07867	1
0.08233	1
0.08600	1
0.08967	1
0.09333	1
0.09700	1
0.10067	1
0.10433	1
0.10800	1
0.11167	2
0.11533	2
0.11900	2
0.12267	2
0.12633	2
0.13000	1
0.13367	1
0.13733	1
0.14100	1
0.14467	0
0.14833	0
0.15200	0
0.15567	0
0.15933	0
0.16300	0
0.16667	-0
0.17033	-0
0.17400	-0
0.17767	-0
0.18133	-0
0.18500	-0
0.18867	-1
0.19233	-1
0.19600	-1
0.19967	-1
0.20333	-1
0.20700	-2
0.21067	-2
0.21433	-2
0.21800	-2
0.22167	-3
0.22533	-3
0.22900	-3
0.23267	-4
0.23633	-4
0.24000	-4
0.24367	-4
0.24733	-4
0.25100	-4
0.25467	-4
0.25833	-4
0.26200	-4
0.26567	-4
0.26933	-4
0.27300	-3
0.27667	-3
0.28033	-3
0.28400	-3
0.28767	-3
0.29133	-2
0.29500	-2
0.29867	-2
0.30233	-2
0.30600	-1
0.30967	-1
0.31333	-1
0.31700	-2
0.32067	-2
0.32433	-2
0.32800	-2
0.33167	-2
0.33533	-2
0.33900	-2
0.34267	-2
0.34633	-2
0.35000	-2
0.35367	-2
0.35733	-2
0.36100	-2
0.36467	-2
0.36833	-2
0.37200	-2
0.37567	-1
0.37933	-1
0.38300	-1
0.38667	-1
0.39033	-0
0.39400	-0
0.39767	-1
0.40133	-1
0.40500	-1
0.40867	-1
0.41233	-1
0.41600	-1
0.41967	-0
0.42333	-0
0.42700	0
0.43067	1
0.43433	1
0.43800	1
0.44167	2
0.44533	2
0.44900	2
0.45267	2
0.45633	2
0.46000	2
0.46367	2
0.46733	3
0.47100	3
0.47467	3
0.47833	2
0.48200	2
0.48567	2
0.48933	1
0.49300	1
0.49667	1
0.50033	1
0.50400	1
0.50767	1
0.51133	1
0.51500	1
0.51867	1
0.52233	1
0.52600	1
0.52967	2
0.53333	2
0.53700	2
0.54067	3
0.54433	3
0.54800	3
0.55167	4
0.55533	4
0.55900	4
0.56267	3
0.56633	3
0.57000	3
0.57367	2
0.57733	2
0.58100	2
0.58467	2
0.58833	2
0.59200	2
0.59567	2
0.59933	1
0.60300	1
0.60667	1
0.61033	1
0.61400	1
0.61767	1
0.62133	1
0.62500	0
0.62867	0
0.63233	0
0.63600	0
0.63967	0
0.64333	0
0.64700	0
0.65067	-0
0.65433	-0
0.65800	-1
0.66167	-1
0.66533	-2
0.66900	-2
0.67267	-2
0.67633	-3
0.68000	-3
0.68367	-3
0.68733	-3
0.69100	-3
0.69467	-2
0.69833	-2
0.70200	-2
0.70567	-2
0.70933	-2
0.71300	-2
0.71667	-2
0.72033	-2
0.72400	-2
0.72767	-2
0.73133	-2
0.73500	-1
0.73867	-1
0.74233	-1
0.74600	-1
0.74967	-1
0.75333	-1
0.75700	-1
0.76067	-1
0.76433	-1
0.76800	-1
0.77167	-1
0.77533	-1
0.77900	-1
0.78267	-1
0.78633	-1
0.79000	-1
0.79367	-1
0.79733	-1
0.80100	-1
0.80467	-0
0.80833	-0
0.81200	-0
0.81567	-0
0.81933	-0
0.82300	-1
0.82667	-1
0.83033	-1
0.83400	-1
0.83767	-1
0.84133	-2
0.84500	-2
0.84867	-2
0.85233	-2
0.85600	-2
0.85967	-2
0.86333	-1
0.86700	-1
0.87067	-1
0.87433	-1
0.87800	-2
0.88167	-2
0.88533	-2
0.88900	-2
0.89267	-2
0.89633	-2
0.90000	-2
0.90367	-2
0.90733	-2
0.91100	-2
0.91467	-2
0.91833	-1
0.92200	-1
0.92567	-1
0.92933	-0
0.93300	-0
0.93667	-0
0.94033	0
0.94400	0
0.94767	0
0.95133	0
0.95500	0
0.95867	0
0.96233	-0
0.96600	-0
0.96967	-1
0.97333	-1
0.97700	-1
0.98067	-1
0.98433	-2
0.98800	-2
0.99167	-2
0.99533	-2
0.99900	-2
1.00267	-2
1.00633	-2
1.01000	-2
1.01367	-2
1.01733	-2
1.02100	-1
1.02467	-1
1.02833	-1
1.03200	-1
1.03567	-1
1.03933	-1
1.04300	-1
1.04667	-1
1.05033	-1
1.05400	-1
1.05767	-1
1.06133	-1
1.06500	-1
1.06867	-1
1.07233	-1
1.07600	-1
1.07967	-1
1.08333	-2
1.08700	-2
1.09067	-2
1.09433	-2
1.09800	-2
1.10167	-3
1.10533	-3
1.10900	-3
1.11267	-2
1.11633	-2
1.12000	-2
1.12367	-2
1.12733	-2
1.13100	-2
1.13467	-2
1.13833	-1
1.14200	-1
1.14567	-1
1.14933	-1
1.15300	-1
1.15667	-1
1.16033	-1
1.16400	-1
1.16767	-1
1.17133	-1
1.17500	-1
1.17867	-1
1.18233	-1
1.18600	-2
1.18967	-2
1.19333	-3
1.19700	-3
1.20067	-4
1.20433	-4
1.20800	-4
1.21167	-5
1.21533	-5
1.21900	-6
1.22267	-6
1.22633	-6
1.23000	-7
1.23367	-7
1.23733	-8
1.24100	-8
1.24467	-8
1.24833	-8
1.25200	-8
1.25567	-8
1.25933	-8
1.26300	-8
1.26667	-8
1.27033	-7
1.27400	-7
1.27767	-7
1.28133	-7
1.28500	-7
1.28867	-6
1.29233	-6
1.29600	-5
1.29967	-4
1.30333	-3
1.30700	-3
1.31067	-2
1.31433	-2
1.31800	-1
1.32167	-1
1.32533	-0
1.32900	-0
1.33267	-0
1.33633	-0
1.34000	-1
1.34367	-1
1.34733	-2
1.35100	-2
1.35467	-3
1.35833	-3
1.36200	-4
1.36567	-4
1.36933	-5
1.37300	-5
1.37667	-5
1.38033	-6
1.38400	-6
1.38767	-6
1.39133	-5
1.39500	-5
1.39867	-5
1.40233	-5
1.40600	-4
1.40967	-4
1.41333	-3
1.41700	-3
1.42067	-3
1.42433	-3
1.42800	-2
1.43167	-2
1.43533	-2
1.43900	-2
1.44267	-2
1.44633	-2
1.45000	-2
1.45367	-2
1.45733	-3
1.46100	-3
1.46467	-3
1.46833	-3
1.47200	-3
1.47567	-3
1.47933	-3
1.48300	-3
1.48667	-3
1.49033	-3
1.49400	-3
1.49767	-3
1.50133	-3
1.50500	-3
1.50867	-3
1.51233	-3
1.51600	-3
1.51967	-3
1.52333	-2
1.52700	-2
1.53067	-2
1.53433	-2
1.53800	-1
1.54167	-1
1.54533	-1
1.54900	-1
1.55267	-1
1.55633	-1
1.56000	-1
1.56367	-1
1.56733	-1
1.57100	-1
1.57467	-1
1.57833	-1
1.58200	-0
1.58567	-0
1.58933	-0
1.59300	-0
1.59667	-1
1.60033	-1
1.60400	-2
1.60767	-4
1.61133	-5
1.61500	-7
1.61867	-10
1.62233	-12
1.62600	-15
1.62967	-18
1.63333	-21
1.63700	-25
1.64067	-28
1.64433	-31
1.64800	-35
1.65167	-38
1.65533	-42
1.65900	-46
1.66267	-50
1.66633	-55
1.67000	-60
1.67367	-65
1.67733	-70
1.68100	-75
1.68467	-80
1.68833	-85
1.69200	-89
1.69567	-93
1.69933	-97
1.70300	-100
1.70667	-102
1.71033	-104
1.71400	-106
1.71767	-107
1.72133	-108
1.72500	-109
1.72867	-110
1.73233	-111
1.73600	-112
1.73967	-113
1.74333	-113
1.74700	-114
1.75067	-115
1.75433	-115
1.75800	-115
1.76167	-116
1.76533	-116
1.76900	-116
1.77267	-117
1.77633	-117
1.78000	-118
1.78367	-119
1.78733	-119
1.79100	-120
1.79467	-120
1.79833	-121
1.80200	-121
1.80567	-121
1.80933	-121
1.81300	-121
1.81667	-121
1.82033	-120
1.82400	-120
1.82767	-119
1.83133	-119
1.83500	-119
1.83867	-119
1.84233	-119
1.84600	-120
1.84967	-120
1.85333	-120
1.85700	-121
1.86067	-121
1.86433	-120
1.86800	-120
1.87167	-120
1.87533	-120
1.87900	-119
1.88267	-119
1.88633	-118
1.89000	-118
1.89367	-117
1.89733	-117
1.90100	-117
1.90467	-117
1.90833	-118
1.91200	-118
1.91567	-118
1.91933	-118
1.92300	-118
1.92667	-119
1.93033	-119
1.93400	-119
1.93767	-119
1.94133	-118
1.94500	-118
1.94867	-117
1.95233	-117
1.95600	-116
1.95967	-115
1.96333	-115
1.96700	-114
1.97067	-114
1.97433	-115
1.97800	-115
1.98167	-115
1.98533	-115
1.98900	-114
1.99267	-114
1.99633	-114
2.00000	-114
2.00367	-113
2.00733	-113
2.01100	-113
2.01467	-113
2.01833	-112
2.02200	-112
2.02567	-111
2.02933	-111
2.03300	-111
2.03667	-111
2.04033	-111
2.04400	-110
2.04767	-110
2.05133	-110
2.05500	-109
2.05867	-109
2.06233	-109
2.06600	-108
2.06967	-108
2.07333	-109
2.07700	-109
2.08067	-108
2.08433	-108
2.08800	-107
2.09167	-107
2.09533	-106
2.09900	-105
2.10267	-105
2.10633	-105
2.11000	-105
2.11367	-105
2.11733	-105
2.12100	-104
2.12467	-104
2.12833	-103
2.13200	-102
2.13567	-102
2.13933	-102
2.14300	-102
2.14667	-101
2.15033	-101
2.15400	-101
2.15767	-101
2.16133	-100
2.16500	-100
2.16867	-100
2.17233	-100
2.17600	-100
2.17967	-100
2.18333	-100
2.18700	-99
2.19067	-99
2.19433	-98
2.19800	-97
2.20167	-96
2.20533	-95
2.20900	-95
2.21267	-95
2.21633	-94
2.22000	-94
2.22367	-95
2.22733	-95
2.23100	-94
2.23467	-94
2.23833	-94
2.24200	-94
2.24567	-94
2.24933	-94
2.25300	-93
2.25667	-93
2.26033	-92
2.26400	-91
2.26767	-90
2.27133	-90
2.27500	-90
2.27867	-90
2.28233	-91
2.28600	-91
2.28967	-91
2.29333	-91
2.29700	-91
2.30067	-91
2.30433	-90
2.30800	-90
2.31167	-90
2.31533	-90
2.31900	-89
2.32267	-89
2.32633	-88
2.33000	-88
2.33367	-87
2.33733	-87
2.34100	-87
2.34467	-86
2.34833	-86
2.35200	-85
2.35567	-84
2.35933	-83
2.36300	-83
2.36667	-82
2.37033	-81
2.37400	-80
2.37767	-78
2.38133	-75
2.38500	-72
2.38867	-69
2.39233	-65
2.39600	-61
2.39967	-56
2.40333	-51
2.40700	-46
2.41067	-41
2.41433	-37
2.41800	-33
2.42167	-29
2.42533	-26
2.42900	-23
2.43267	-20
2.43633	-17
2.44000	-15
2.44367	-12
2.44733	-10
2.45100	-9
2.45467	-7
2.45833	-6
2.46200	-4
2.46567	-3
2.46933	-2
2.47300	-0
2.47667	1
2.48033	2
2.48400	3
2.48767	4
2.49133	5
2.49500	5
2.49867	7
2.50233	8
2.50600	9
2.50967	9
2.51333	10
2.51700	10
2.52067	10
2.52433	11
2.52800	11
2.53167	11
2.53533	11
2.53900	12
2.54267	12
2.54633	12
2.55000	13
2.55367	13
2.55733	13
2.56100	13
2.56467	13
2.56833	13
2.57200	14
2.57567	14
2.57933	15
2.58300	15
2.58667	16
2.59033	16
2.59400	16
2.59767	16
2.60133	16
2.60500	16
2.60867	17
2.61233	17
2.61600	17
2.61967	18
2.62333	18
2.62700	18
2.63067	19
2.63433	19
2.63800	19
2.64167	19
2.64533	20
2.64900	20
2.65267	21
2.65633	21
2.66000	21
2.66367	21
2.66733	21
2.67100	21
2.67467	21
2.67833	20
2.68200	20
2.68567	21
2.68933	21
2.69300	21
2.69667	22
2.70033	22
2.70400	23
2.70767	23
2.71133	24
2.71500	24
2.71867	25
2.72233	25
2.72600	25
2.72967	26
2.73333	26
2.73700	25
2.74067	25
2.74433	24
2.74800	24
2.75167	23
2.75533	23
2.75900	23
2.76267	23
2.76633	23
2.77000	23
2.77367	24
2.77733	24
2.78100	24
2.78467	24
2.78833	24
2.79200	25
2.79567	25
2.79933	25
2.80300	25
2.80667	25
2.81033	25
2.81400	25
2.81767	25
2.82133	25
2.82500	26
2.82867	26
2.83233	26
2.83600	26
2.83967	26
2.84333	26
2.84700	26
2.85067	26
2.85433	25
2.85800	24
2.86167	21
2.86533	17
2.86900	11
2.87267	1
2.87633	-12
2.88000	-29
2.88367	-49
2.88733	-74
2.89100	-102
2.89467	-134
2.89833	-170
2.90200	-208
2.90567	-248
2.90933	-291
2.91300	-336
2.91667	-381
2.92033	-428
2.92400	-474
2.92767	-522
2.93133	-571
2.93500	-623
2.93867	-680
2.94233	-736
2.94600	-783
2.94967	-813
2.95333	-821
2.95700	-808
2.96067	-776
2.96433	-731
2.96800	-677
2.97167	-618
2.97533	-557
2.97900	-496
2.98267	-438
2.98633	-384
2.99000	-335
2.99367	-290
2.99733	-250
3.00100	-214
3.00467	-182
3.00833	-155
3.01200	-131
3.01567	-110
3.01933	-92
3.02300	-76
3.02667	-63
3.03033	-51
3.03400	-41
3.03767	-32
3.04133	-25
3.04500	-19
3.04867	-13
3.05233	-9
3.05600	-5
3.05967	-2
3.06333	1
3.06700	3
3.07067	5
3.07433	7
3.07800	9
3.08167	10
3.08533	11
3.08900	12
3.09267	12
3.09633	13
3.10000	14
3.10367	14
3.10733	15
3.11100	15
3.11467	16
3.11833	16
3.12200	16
3.12567	17
3.12933	17
3.13300	18
3.13667	18
3.14033	18
3.14400	18
3.14767	18
3.15133	18
3.15500	19
3.15867	19
3.16233	19
3.16600	19
3.16967	19
3.17333	19
3.17700	19
3.18067	20
3.18433	20
3.18800	20
3.19167	20
3.19533	20
3.19900	20
3.20267	20
3.20633	20
3.21000	21
3.21367	21
3.21733	21
3.22100	21
3.22467	20
3.22833	20
3.23200	20
3.23567	20
3.23933	20
3.24300	20
3.24667	19
3.25033	20
3.25400	20
3.25767	20
3.26133	21
3.26500	21
3.26867	21
3.27233	21
3.27600	22
3.27967	22
3.28333	22
3.28700	22
3.29067	23
3.29433	23
3.29800	24
3.30167	24
3.30533	25
3.30900	25
3.31267	26
3.31633	26
3.32000	26
3.32367	26
3.32733	26
3.33100	27
3.33467	27
3.33833	27
3.34200	27
3.34567	26
3.34933	26
3.35300	26
3.35667	26
3.36033	26
3.36400	26
3.36767	26
3.37133	26
3.37500	25
3.37867	25
3.38233	25
3.38600	26
3.38967	26
3.39333	26
3.39700	26
3.40067	26
3.40433	26
3.40800	26
3.41167	26
3.41533	26
3.41900	26
3.42267	26
3.42633	26
3.43000	26
3.43367	26
3.43733	26
3.44100	26
3.44467	26
3.44833	26
3.45200	26
3.45567	26
3.45933	26
3.46300	26
3.46667	26
3.47033	26
3.47400	26
3.47767	26
3.48133	26
3.48500	26
3.48867	26
3.49233	26
3.49600	26
3.49967	26
3.50333	26
3.50700	25
3.51067	25
3.51433	25
3.51800	25
3.52167	25
3.52533	25
3.52900	25
3.53267	25
3.53633	25
3.54000	25
3.54367	25
3.54733	25
3.55100	25
3.55467	25
3.55833	25
3.56200	24
3.56567	24
3.56933	24
3.57300	24
3.57667	24
3.58033	25
3.58400	25
3.58767	25
3.59133	25
3.59500	25
3.59867	25
3.60233	24
3.60600	24
3.60967	24
3.61333	24
3.61700	25
3.62067	25
3.62433	25
3.62800	25
3.63167	25
3.63533	25
3.63900	25
3.64267	25
3.64633	25
3.65000	25
3.65367	25
3.65733	25
3.66100	25
3.66467	25
3.66833	25
3.67200	25
3.67567	25
3.67933	25
3.68300	25
3.68667	25
3.69033	25
3.69400	25
3.69767	25
3.70133	25
3.70500	24
3.70867	24
3.71233	24
3.71600	24
3.71967	24
3.72333	24
3.72700	24
3.73067	24
3.73433	24
3.73800	25
3.74167	25
3.74533	25
3.74900	25
3.75267	25
3.75633	26
3.76000	26
3.76367	25
3.76733	25
3.77100	25
3.77467	25
3.77833	25
3.78200	26
3.78567	26
3.78933	26
3.79300	26
3.79667	26
3.80033	26
3.80400	26
3.80767	26
3.81133	26
3.81500	25
3.81867	25
3.82233	26
3.82600	26
3.82967	26
3.83333	26
3.83700	26
3.84067	25
3.84433	25
3.84800	25
3.85167	25
3.85533	25
3.85900	25
3.86267	25
3.86633	25
3.87000	25
3.87367	25
3.87733	25
3.88100	25
3.88467	25
3.88833	25
3.89200	25
3.89567	25
3.89933	25
3.90300	25
3.90667	25
3.91033	25
3.91400	25
3.91767	25
3.92133	25
3.92500	25
3.92867	25
3.93233	25
3.93600	25
3.93967	25
3.94333	26
3.94700	26
3.95067	26
3.95433	26
3.95800	26
3.96167	26
3.96533	26
3.96900	26
3.97267	26
3.97633	26
3.98000	26
3.98367	26
3.98733	26
3.99100	26
3.99467	25
3.99833	25

[Chromatogram (Ch3)]
Interval(msec)	220
# of Points	1091
Start Time(min)	0.002
End Time(min)	3.998
R.Time (min)	Intensity
0.00167	1
0.00533	2
0.00900	2
0.01267	2
0.01633	3
0.02000	2
0.02367	0
0.02733	0
0.03100	3
0.03467	5
0.03833	6
0.04200	7
0.04567	9
0.04933	8
0.05300	8
0.05667	7
0.06033	7
0.06400	6
0.06767	6
0.07133	5
0.07500	6
0.07867	8
0.08233	8
0.08600	8
0.08967	11
0.09333	14
0.09700	14
0.10067	12
0.10433	10
0.10800	9
0.11167	10
0.11533	12
0.11900	14
0.12267	14
0.12633	14
0.13000	13
0.13367	14
0.13733	15
0.14100	13
0.14467	11
0.14833	8
0.15200	7
0.15567	10
0.15933	14
0.16300	14
0.16667	13
0.17033	12
0.17400	14
0.17767	14
0.18133	13
0.18500	13
0.18867	15
0.19233	15
0.19600	15
0.19967	17
0.20333	16
0.20700	17
0.21067	19
0.21433	19
0.21800	19
0.22167	18
0.22533	19
0.22900	19
0.23267	17
0.23633	17
0.24000	16
0.24367	15
0.24733	16
0.25100	16
0.25467	16
0.25833	18
0.26200	20
0.26567	20
0.26933	21
0.27300	20
0.27667	22
0.28033	25
0.28400	25
0.28767	25
0.29133	26
0.29500	26
0.29867	25
0.30233	23
0.30600	23
0.30967	25
0.31333	27
0.31700	31
0.32067	34
0.32433	34
0.32800	31
0.33167	29
0.33533	28
0.33900	26
0.34267	25
0.34633	24
0.35000	24
0.35367	26
0.35733	28
0.36100	29
0.36467	29
0.36833	30
0.37200	29
0.37567	27
0.37933	27
0.38300	27
0.38667	29
0.39033	29
0.39400	27
0.39767	26
0.40133	26
0.40500	29
0.40867	32
0.41233	34
0.41600	32
0.41967	30
0.42333	28
0.42700	28
0.43067	26
0.43433	27
0.43800	30
0.44167	30
0.44533	30
0.44900	30
0.45267	33
0.45633	34
0.46000	34
0.46367	34
0.46733	33
0.47100	33
0.47467	31
0.47833	31
0.48200	30
0.48567	27
0.48933	27
0.49300	28
0.49667	29
0.50033	28
0.50400	28
0.50767	31
0.51133	32
0.51500	31
0.51867	29
0.52233	29
0.52600	29
0.52967	28
0.53333	26
0.53700	28
0.54067	30
0.54433	31
0.54800	33
0.55167	34
0.55533	36
0.55900	37
0.56267	37
0.56633	36
0.57000	33
0.57367	33
0.57733	37
0.58100	40
0.58467	40
0.58833	40
0.59200	40
0.59567	38
0.59933	35
0.60300	32
0.60667	33
0.61033	36
0.61400	39
0.61767	41
0.62133	40
0.62500	41
0.62867	44
0.63233	48
0.63600	49
0.63967	49
0.64333	49
0.64700	47
0.65067	46
0.65433	44
0.65800	43
0.66167	41
0.66533	39
0.66900	38
0.67267	39
0.67633	40
0.68000	41
0.68367	42
0.68733	41
0.69100	42
0.69467	42
0.69833	41
0.70200	44
0.70567	45
0.70933	47
0.71300	49
0.71667	48
0.72033	47
0.72400	44
0.72767	43
0.73133	41
0.73500	42
0.73867	45
0.74233	50
0.74600	51
0.74967	50
0.75333	48
0.75700	47
0.76067	46
0.76433	45
0.76800	45
0.77167	45
0.77533	47
0.77900	48
0.78267	49
0.78633	50
0.79000	52
0.79367	53
0.79733	53
0.80100	54
0.80467	52
0.80833	50
0.81200	49
0.81567	48
0.81933	49
0.82300	48
0.82667	47
0.83033	48
0.83400	49
0.83767	48
0.84133	46
0.84500	43
0.84867	43
0.85233	44
0.85600	44
0.85967	46
0.86333	49
0.86700	49
0.87067	49
0.87433	50
0.87800	51
0.88167	53
0.88533	53
0.88900	50
0.89267	48
0.89633	48
0.90000	47
0.90367	49
0.90733	48
0.91100	50
0.91467	49
0.91833	47
0.92200	46
0.92567	45
0.92933	47
0.93300	48
0.93667	49
0.94033	46
0.94400	44
0.94767	45
0.95133	46
0.95500	48
0.95867	49
0.96233	50
0.96600	49
0.96967	50
0.97333	52
0.97700	54
0.98067	56
0.98433	56
0.98800	54
0.99167	52
0.99533	50
0.99900	48
1.00267	47
1.00633	47
1.01000	47
1.01367	47
1.01733	48
1.02100	49
1.02467	52
1.02833	53
1.03200	53
1.03567	52
1.03933	53
1.04300	54
1.04667	54
1.05033	56
1.05400	55
1.05767	53
1.06133	55
1.06500	57
1.06867	56
1.07233	53
1.07600	53
1.07967	55
1.08333	55
1.08700	54
1.09067	54
1.09433	51
1.09800	51
1.10167	53
1.10533	53
1.10900	50
1.11267	50
1.11633	51
1.12000	55
1.12367	56
1.12733	56
1.13100	55
1.13467	55
1.13833	53
1.14200	53
1.14567	53
1.14933	55
1.15300	57
1.15667	59
1.16033	60
1.16400	59
1.16767	57
1.17133	55
1.17500	55
1.17867	55
1.18233	54
1.18600	54
1.18967	56
1.19333	57
1.19700	58
1.20067	57
1.20433	57
1.20800	59
1.21167	60
1.21533	59
1.21900	59
1.22267	59
1.22633	59
1.23000	58
1.23367	60
1.23733	61
1.24100	59
1.24467	58
1.24833	56
1.25200	55
1.25567	54
1.25933	57
1.26300	59
1.26667	58
1.27033	56
1.27400	55
1.27767	55
1.28133	55
1.28500	56
1.28867	58
1.29233	59
1.29600	60
1.29967	58
1.30333	57
1.30700	57
1.31067	58
1.31433	59
1.31800	61
1.32167	59
1.32533	57
1.32900	56
1.33267	57
1.33633	57
1.34000	55
1.34367	53
1.34733	53
1.35100	53
1.35467	52
1.35833	49
1.36200	46
1.36567	45
1.36933	48
1.37300	53
1.37667	58
1.38033	60
1.38400	60
1.38767	60
1.39133	60
1.39500	60
1.39867	58
1.40233	57
1.40600	56
1.40967	56
1.41333	55
1.41700	58
1.42067	59
1.42433	62
1.42800	63
1.43167	65
1.43533	64
1.43900	60
1.44267	57
1.44633	55
1.45000	54
1.45367	52
1.45733	52
1.46100	55
1.46467	56
1.46833	57
1.47200	58
1.47567	60
1.47933	62
1.48300	65
1.48667	66
1.49033	64
1.49400	64
1.49767	62
1.50133	59
1.50500	57
1.50867	59
1.51233	59
1.51600	58
1.51967	61
1.52333	63
1.52700	64
1.53067	64
1.53433	62
1.53800	61
1.54167	62
1.54533	63
1.54900	64
1.55267	65
1.55633	65
1.56000	62
1.56367	61
1.56733	63
1.57100	64
1.57467	64
1.57833	64
1.58200	61
1.58567	60
1.58933	59
1.59300	59
1.59667	61
1.60033	62
1.60400	62
1.60767	59
1.61133	57
1.61500	60
1.61867	61
1.62233	62
1.62600	61
1.62967	60
1.63333	61
1.63700	61
1.64067	61
1.64433	62
1.64800	63
1.65167	64
1.65533	64
1.65900	64
1.66267	62
1.66633	61
1.67000	62
1.67367	65
1.67733	68
1.68100	66
1.68467	67
1.68833	69
1.69200	71
1.69567	71
1.69933	72
1.70300	74
1.70667	76
1.71033	80
1.71400	81
1.71767	81
1.72133	82
1.72500	83
1.72867	86
1.73233	86
1.73600	85
1.73967	83
1.74333	84
1.74700	85
1.75067	84
1.75433	82
1.75800	82
1.76167	82
1.76533	82
1.76900	84
1.77267	85
1.77633	84
1.78000	85
1.78367	84
1.78733	82
1.79100	80
1.79467	81
1.79833	87
1.80200	92
1.80567	94
1.80933	96
1.81300	98
1.81667	99
1.82033	97
1.82400	95
1.82767	93
1.83133	91
1.83500	93
1.83867	96
1.84233	95
1.84600	96
1.84967	96
1.85333	96
1.85700	97
1.86067	96
1.86433	96
1.86800	95
1.87167	95
1.87533	97
1.87900	98
1.88267	97
1.88633	95
1.89000	94
1.89367	94
1.89733	95
1.90100	96
1.90467	96
1.90833	100
1.91200	103
1.91567	105
1.91933	105
1.92300	104
1.92667	102
1.93033	104
1.93400	103
1.93767	102
1.94133	102
1.94500	102
1.94867	101
1.95233	102
1.95600	103
1.95967	105
1.96333	109
1.96700	112
1.97067	114
1.97433	114
1.97800	116
1.98167	118
1.98533	117
1.98900	115
1.99267	112
1.99633	114
2.00000	117
2.00367	118
2.00733	120
2.01100	122
2.01467	124
2.01833	123
2.02200	122
2.02567	120
2.02933	119
2.03300	119
2.03667	120
2.04033	121
2.04400	122
2.04767	124
2.05133	125
2.05500	124
2.05867	124
2.06233	126
2.06600	129
2.06967	132
2.07333	135
2.07700	137
2.08067	140
2.08433	139
2.08800	139
2.09167	138
2.09533	136
2.09900	137
2.10267	140
2.10633	142
2.11000	143
2.11367	144
2.11733	145
2.12100	146
2.12467	147
2.12833	148
2.13200	149
2.13567	149
2.13933	150
2.14300	150
2.14667	150
2.15033	152
2.15400	153
2.15767	155
2.16133	156
2.16500	157
2.16867	157
2.17233	158
2.17600	159
2.17967	159
2.18333	161
2.18700	161
2.19067	159
2.19433	159
2.19800	158
2.20167	156
2.20533	155
2.20900	157
2.21267	158
2.21633	161
2.22000	164
2.22367	165
2.22733	166
2.23100	167
2.23467	167
2.23833	168
2.24200	170
2.24567	171
2.24933	171
2.25300	172
2.25667	172
2.26033	172
2.26400	170
2.26767	170
2.27133	171
2.27500	172
2.27867	172
2.28233	173
2.28600	175
2.28967	176
2.29333	176
2.29700	177
2.30067	178
2.30433	180
2.30800	182
2.31167	184
2.31533	185
2.31900	186
2.32267	184
2.32633	184
2.33000	184
2.33367	184
2.33733	185
2.34100	187
2.34467	190
2.34833	190
2.35200	190
2.35567	191
2.35933	192
2.36300	192
2.36667	194
2.37033	195
2.37400	197
2.37767	198
2.38133	197
2.38500	197
2.38867	198
2.39233	195
2.39600	190
2.39967	187
2.40333	187
2.40700	188
2.41067	190
2.41433	191
2.41800	190
2.42167	191
2.42533	194
2.42900	198
2.43267	202
2.43633	203
2.44000	206
2.44367	212
2.44733	221
2.45100	223
2.45467	225
2.45833	242
2.46200	275
2.46567	321
2.46933	375
2.47300	434
2.47667	497
2.48033	560
2.48400	619
2.48767	675
2.49133	731
2.49500	782
2.49867	825
2.50233	866
2.50600	902
2.50967	932
2.51333	958
2.51700	980
2.52067	996
2.52433	1008
2.52800	1019
2.53167	1026
2.53533	1033
2.53900	1042
2.54267	1049
2.54633	1055
2.55000	1061
2.55367	1064
2.55733	1068
2.56100	1072
2.56467	1075
2.56833	1078
2.57200	1080
2.57567	1080
2.57933	1077
2.58300	1074
2.58667	1069
2.59033	1065
2.59400	1062
2.59767	1057
2.60133	1053
2.60500	1049
2.60867	1043
2.61233	1031
2.61600	1011
2.61967	983
2.62333	951
2.62700	915
2.63067	876
2.63433	840
2.63800	805
2.64167	774
2.64533	751
2.64900	736
2.65267	727
2.65633	724
2.66000	725
2.66367	727
2.66733	732
2.67100	737
2.67467	743
2.67833	750
2.68200	758
2.68567	767
2.68933	775
2.69300	783
2.69667	791
2.70033	798
2.70400	805
2.70767	813
2.71133	821
2.71500	830
2.71867	838
2.72233	844
2.72600	850
2.72967	855
2.73333	858
2.73700	862
2.74067	866
2.74433	867
2.74800	870
2.75167	873
2.75533	876
2.75900	881
2.76267	883
2.76633	886
2.77000	886
2.77367	886
2.77733	886
2.78100	888
2.78467	888
2.78833	889
2.79200	888
2.79567	887
2.79933	885
2.80300	884
2.80667	881
2.81033	879
2.81400	875
2.81767	874
2.82133	874
2.82500	875
2.82867	875
2.83233	874
2.83600	877
2.83967	894
2.84333	938
2.84700	1023
2.85067	1176
2.85433	1414
2.85800	1750
2.86167	2176
2.86533	2662
2.86900	3168
2.87267	3640
2.87633	4033
2.88000	4314
2.88367	4466
2.88733	4493
2.89100	4413
2.89467	4253
2.89833	4028
2.90200	3768
2.90567	3493
2.90933	3217
2.91300	2952
2.91667	2701
2.92033	2468
2.92400	2256
2.92767	2065
2.93133	1896
2.93500	1746
2.93867	1618
2.94233	1507
2.94600	1408
2.94967	1323
2.95333	1249
2.95700	1183
2.96067	1126
2.96433	1075
2.96800	1029
2.97167	990
2.97533	959
2.97900	936
2.98267	914
2.98633	892
2.99000	873
2.99367	854
2.99733	836
3.00100	825
3.00467	817
3.00833	806
3.01200	796
3.01567	787
3.01933	779
3.02300	772
3.02667	766
3.03033	760
3.03400	756
3.03767	755
3.04133	754
3.04500	750
3.04867	745
3.05233	738
3.05600	733
3.05967	731
3.06333	729
3.06700	728
3.07067	727
3.07433	727
3.07800	725
3.08167	723
3.08533	720
3.08900	714
3.09267	710
3.09633	708
3.10000	706
3.10367	702
3.10733	697
3.11100	696
3.11467	694
3.11833	692
3.12200	691
3.12567	689
3.12933	688
3.13300	686
3.13667	683
3.14033	679
3.14400	675
3.14767	672
3.15133	668
3.15500	665
3.15867	664
3.16233	663
3.16600	662
3.16967	661
3.17333	659
3.17700	658
3.18067	656
3.18433	654
3.18800	650
3.19167	645
3.19533	642
3.19900	643
3.20267	644
3.20633	644
3.21000	643
3.21367	639
3.21733	635
3.22100	633
3.22467	631
3.22833	627
3.23200	623
3.23567	619
3.23933	616
3.24300	613
3.24667	611
3.25033	610
3.25400	609
3.25767	608
3.26133	607
3.26500	604
3.26867	600
3.27233	598
3.27600	598
3.27967	596
3.28333	593
3.28700	590
3.29067	587
3.29433	584
3.29800	581
3.30167	576
3.30533	572
3.30900	570
3.31267	566
3.31633	564
3.32000	562
3.32367	558
3.32733	556
3.33100	554
3.33467	553
3.33833	551
3.34200	547
3.34567	543
3.34933	541
3.35300	539
3.35667	536
3.36033	534
3.36400	531
3.36767	528
3.37133	525
3.37500	523
3.37867	521
3.38233	520
3.38600	517
3.38967	514
3.39333	511
3.39700	508
3.40067	504
3.40433	501
3.40800	497
3.41167	496
3.41533	493
3.41900	489
3.42267	488
3.42633	486
3.43000	485
3.43367	483
3.43733	482
3.44100	479
3.44467	476
3.44833	473
3.45200	471
3.45567	469
3.45933	467
3.46300	463
3.46667	461
3.47033	458
3.47400	455
3.47767	453
3.48133	450
3.48500	447
3.48867	446
3.49233	444
3.49600	442
3.49967	440
3.50333	439
3.50700	437
3.51067	432
3.51433	429
3.51800	427
3.52167	424
3.52533	422
3.52900	421
3.53267	420
3.53633	419
3.54000	418
3.54367	416
3.54733	410
3.55100	407
3.55467	408
3.55833	410
3.56200	409
3.56567	409
3.56933	409
3.57300	409
3.57667	408
3.58033	406
3.58400	405
3.58767	401
3.59133	398
3.59500	396
3.59867	395
3.60233	394
3.60600	391
3.60967	388
3.61333	386
3.61700	385
3.62067	382
3.62433	380
3.62800	378
3.63167	375
3.63533	374
3.63900	373
3.64267	374
3.64633	372
3.65000	369
3.65367	368
3.65733	368
3.66100	366
3.66467	365
3.66833	362
3.67200	359
3.67567	358
3.67933	354
3.68300	348
3.68667	345
3.69033	342
3.69400	338
3.69767	335
3.70133	335
3.70500	334
3.70867	334
3.71233	336
3.71600	337
3.71967	337
3.72333	338
3.72700	335
3.73067	331
3.73433	329
3.73800	329
3.74167	329
3.74533	327
3.74900	322
3.75267	320
3.75633	320
3.76000	321
3.76367	322
3.76733	322
3.77100	321
3.77467	320
3.77833	319
3.78200	318
3.78567	316
3.78933	314
3.79300	313
3.79667	313
3.80033	310
3.80400	309
3.80767	308
3.81133	308
3.81500	309
3.81867	309
3.82233	306
3.82600	303
3.82967	300
3.83333	299
3.83700	299
3.84067	300
3.84433	300
3.84800	299
3.85167	298
3.85533	295
3.85900	293
3.86267	292
3.86633	288
3.87000	286
3.87367	291
3.87733	294
3.88100	294
3.88467	290
3.88833	285
3.89200	283
3.89567	282
3.89933	280
3.90300	277
3.90667	274
3.91033	271
3.91400	272
3.91767	272
3.92133	275
3.92500	275
3.92867	274
3.93233	271
3.93600	269
3.93967	268
3.94333	268
3.94700	267
3.95067	268
3.95433	268
3.95800	269
3.96167	267
3.96533	265
3.96900	264
3.97267	265
3.97633	266
3.98000	262
3.98367	260
3.98733	258
3.99100	257
3.99467	256
3.99833	257

[Status Trace (Column Oven Temperature)]
Interval(msec)	1000
# of Points	240
Start Time(min)	0.012
End Time(min)	3.995
Intensity Units	
Intensity Multiplier	1
R.Time (min)	Intensity
0.01173	34.98
0.02840	34.99
0.04507	34.99
0.06173	34.99
0.07840	34.99
0.09507	34.98
0.11173	34.98
0.12840	34.98
0.14507	34.98
0.16173	34.99
0.17840	35.00
0.19507	35.02
0.21173	35.02
0.22840	35.04
0.24507	35.06
0.26173	35.06
0.27840	35.07
0.29507	35.05
0.31173	35.06
0.32840	35.07
0.34507	35.07
0.36173	35.07
0.37840	35.05
0.39507	35.05
0.41173	35.05
0.42840	35.03
0.44507	35.03
0.46173	35.02
0.47840	35.01
0.49507	35.01
0.51173	35.01
0.52840	34.99
0.54507	34.97
0.56173	34.96
0.57840	34.95
0.59507	34.95
0.61173	34.96
0.62840	34.96
0.64507	34.97
0.66173	34.98
0.67840	34.98
0.69507	34.99
0.71173	34.99
0.72840	34.99
0.74507	34.98
0.76173	34.99
0.77840	34.98
0.79507	34.99
0.81173	34.99
0.82840	35.00
0.84507	35.01
0.86173	35.01
0.87840	35.01
0.89507	35.00
0.91173	35.00
0.92840	34.99
0.94507	34.98
0.96173	34.98
0.97840	34.99
0.99507	34.99
1.01173	34.98
1.02840	34.98
1.04507	34.98
1.06173	34.98
1.07840	34.99
1.09507	34.99
1.11173	34.98
1.12840	34.97
1.14507	34.97
1.16173	34.98
1.17840	34.98
1.19507	34.99
1.21173	35.01
1.22840	35.03
1.24507	35.05
1.26173	35.08
1.27840	35.08
1.29507	35.06
1.31173	35.05
1.32840	35.03
1.34507	35.03
1.36173	35.04
1.37840	35.04
1.39507	35.05
1.41173	35.04
1.42840	35.04
1.44507	35.05
1.46173	35.05
1.47840	35.04
1.49507	35.04
1.51173	35.03
1.52840	35.02
1.54507	35.02
1.56173	35.01
1.57840	34.99
1.59507	35.01
1.61173	35.06
1.62840	35.20
1.64507	35.41
1.66173	35.68
1.67840	36.05
1.69507	36.42
1.71173	36.77
1.72840	37.10
1.74507	37.43
1.76173	37.76
1.77840	38.09
1.79507	38.44
1.81173	38.76
1.82840	39.08
1.84507	39.41
1.86173	39.75
1.87840	40.06
1.89507	40.39
1.91173	40.71
1.92840	41.05
1.94507	41.38
1.96173	41.70
1.97840	42.04
1.99507	42.37
2.01173	42.68
2.02840	43.01
2.04507	43.33
2.06173	43.65
2.07840	43.99
2.09507	44.30
2.11173	44.64
2.12840	44.96
2.14507	45.30
2.16173	45.62
2.17840	45.97
2.19507	46.28
2.21173	46.61
2.22840	46.93
2.24507	47.27
2.26173	47.58
2.27840	47.93
2.29507	48.25
2.31173	48.58
2.32840	48.91
2.34507	49.23
2.36173	49.50
2.37840	49.68
2.39507	49.74
2.41173	49.73
2.42840	49.74
2.44507	49.74
2.46173	49.74
2.47840	49.74
2.49507	49.75
2.51173	49.76
2.52840	49.78
2.54507	49.80
2.56173	49.81
2.57840	49.80
2.59507	49.82
2.61173	49.82
2.62840	49.83
2.64507	49.83
2.66173	49.84
2.67840	49.87
2.69507	49.86
2.71173	49.85
2.72840	49.84
2.74507	49.87
2.76173	49.88
2.77840	49.88
2.79507	49.88
2.81173	49.87
2.82840	49.88
2.84507	49.89
2.86173	49.90
2.87840	49.92
2.89507	49.94
2.91173	49.96
2.92840	49.96
2.94507	49.97
2.96173	49.98
2.97840	49.99
2.99507	50.01
3.01173	50.02
3.02840	50.02
3.04507	50.01
3.06173	50.02
3.07840	50.02
3.09507	50.03
3.11173	50.03
3.12840	50.04
3.14507	50.04
3.16173	50.05
3.17840	50.05
3.19507	50.06
3.21173	50.07
3.22840	50.09
3.24507	50.10
3.26173	50.10
3.27840	50.10
3.29507	50.09
3.31173	50.07
3.32840	50.06
3.34507	50.05
3.36173	50.05
3.37840	50.05
3.39507	50.05
3.41173	50.05
3.42840	50.05
3.44507	50.05
3.46173	50.05
3.47840	50.04
3.49507	50.04
3.51173	50.04
3.52840	50.05
3.54507	50.06
3.56173	50.06
3.57840	50.07
3.59507	50.06
3.61173	50.06
3.62840	50.06
3.64507	50.06
3.66173	50.07
3.67840	50.07
3.69507	50.07
3.71173	50.08
3.72840	50.07
3.74507	50.08
3.76173	50.08
3.77840	50.07
3.79507	50.06
3.81173	50.06
3.82840	50.06
3.84507	50.06
3.86173	50.07
3.87840	50.07
3.89507	50.07
3.91173	50.07
3.92840	50.07
3.94507	50.07
3.96173	50.07
3.97840	50.07
3.99507	50.07

[Status Trace (Injection Unit Temperature)]
Interval(msec)	1000
# of Points	240
Start Time(min)	0.012
End Time(min)	3.995
Intensity Units	
Intensity Multiplier	1
R.Time (min)	Intensity
0.01173	99.99
0.02840	99.98
0.04507	99.98
0.06173	99.98
0.07840	99.99
0.09507	99.98
0.11173	99.99
0.12840	99.99
0.14507	99.98
0.16173	99.98
0.17840	99.99
0.19507	99.98
0.21173	99.99
0.22840	99.99
0.24507	99.98
0.26173	99.98
0.27840	99.99
0.29507	99.98
0.31173	99.98
0.32840	99.99
0.34507	99.99
0.36173	99.98
0.37840	99.99
0.39507	99.99
0.41173	99.99
0.42840	99.99
0.44507	99.99
0.46173	99.99
0.47840	99.98
0.49507	99.99
0.51173	99.98
0.52840	99.98
0.54507	99.98
0.56173	99.98
0.57840	99.98
0.59507	99.98
0.61173	99.98
0.62840	99.99
0.64507	99.98
0.66173	99.98
0.67840	99.98
0.69507	99.98
0.71173	99.98
0.72840	99.99
0.74507	99.98
0.76173	99.98
0.77840	99.99
0.79507	99.98
0.81173	99.98
0.82840	99.98
0.84507	99.98
0.86173	99.98
0.87840	99.98
0.89507	99.98
0.91173	99.98
0.92840	99.99
0.94507	99.99
0.96173	99.98
0.97840	99.98
0.99507	99.99
1.01173	99.99
1.02840	99.99
1.04507	99.98
1.06173	99.98
1.07840	99.99
1.09507	99.99
1.11173	99.99
1.12840	99.98
1.14507	99.99
1.16173	99.99
1.17840	99.99
1.19507	99.99
1.21173	99.99
1.22840	99.98
1.24507	99.99
1.26173	99.99
1.27840	99.98
1.29507	99.98
1.31173	99.99
1.32840	99.99
1.34507	99.99
1.36173	99.99
1.37840	99.98
1.39507	99.98
1.41173	99.98
1.42840	99.99
1.44507	99.98
1.46173	99.99
1.47840	99.99
1.49507	99.98
1.51173	99.98
1.52840	99.98
1.54507	99.99
1.56173	99.98
1.57840	99.98
1.59507	99.99
1.61173	99.98
1.62840	99.99
1.64507	99.99
1.66173	99.99
1.67840	99.99
1.69507	99.98
1.71173	99.98
1.72840	99.99
1.74507	99.98
1.76173	99.99
1.77840	99.98
1.79507	99.99
1.81173	99.99
1.82840	99.99
1.84507	99.98
1.86173	99.99
1.87840	99.99
1.89507	99.99
1.91173	99.98
1.92840	99.98
1.94507	99.99
1.96173	99.98
1.97840	99.99
1.99507	99.98
2.01173	99.98
2.02840	99.98
2.04507	99.98
2.06173	99.98
2.07840	99.98
2.09507	99.98
2.11173	99.98
2.12840	99.98
2.14507	99.97
2.16173	99.97
2.17840	99.97
2.19507	99.98
2.21173	99.97
2.22840	99.97
2.24507	99.97
2.26173	99.97
2.27840	99.98
2.29507	99.97
2.31173	99.97
2.32840	99.98
2.34507	99.97
2.36173	99.97
2.37840	99.97
2.39507	99.97
2.41173	99.97
2.42840	99.98
2.44507	99.97
2.46173	99.97
2.47840	99.97
2.49507	99.97
2.51173	99.97
2.52840	99.98
2.54507	99.97
2.56173	99.97
2.57840	99.97
2.59507	99.98
2.61173	99.98
2.62840	99.97
2.64507	99.98
2.66173	99.99
2.67840	99.99
2.69507	99.98
2.71173	99.98
2.72840	99.99
2.74507	99.99
2.76173	99.99
2.77840	99.99
2.79507	99.99
2.81173	99.99
2.82840	100.00
2.84507	100.00
2.86173	100.00
2.87840	100.00
2.89507	100.00
2.91173	100.01
2.92840	100.00
2.94507	100.01
2.96173	100.01
2.97840	100.01
2.99507	100.01
3.01173	100.01
3.02840	100.01
3.04507	100.01
3.06173	100.02
3.07840	100.01
3.09507	100.01
3.11173	100.02
3.12840	100.01
3.14507	100.02
3.16173	100.02
3.17840	100.02
3.19507	100.02
3.21173	100.02
3.22840	100.03
3.24507	100.03
3.26173	100.02
3.27840	100.02
3.29507	100.03
3.31173	100.03
3.32840	100.03
3.34507	100.03
3.36173	100.03
3.37840	100.03
3.39507	100.03
3.41173	100.03
3.42840	100.03
3.44507	100.03
3.46173	100.03
3.47840	100.03
3.49507	100.04
3.51173	100.03
3.52840	100.03
3.54507	100.04
3.56173	100.04
3.57840	100.04
3.59507	100.03
3.61173	100.04
3.62840	100.04
3.64507	100.04
3.66173	100.04
3.67840	100.04
3.69507	100.04
3.71173	100.04
3.72840	100.04
3.74507	100.04
3.76173	100.04
3.77840	100.04
3.79507	100.04
3.81173	100.05
3.82840	100.05
3.84507	100.05
3.86173	100.04
3.87840	100.05
3.89507	100.05
3.91173	100.04
3.92840	100.05
3.94507	100.05
3.96173	100.05
3.97840	100.04
3.99507	100.05

[Status Trace (Carrier Gas Pressure)]
Interval(msec)	1000
# of Points	240
Start Time(min)	0.012
End Time(min)	3.995
Intensity Units	
Intensity Multiplier	1
R.Time (min)	Intensity
0.01173	57.99
0.02840	54.97
0.04507	57.59
0.06173	59.66
0.07840	59.07
0.09507	58.00
0.11173	57.99
0.12840	58.01
0.14507	58.01
0.16173	58.01
0.17840	58.00
0.19507	58.00
0.21173	58.00
0.22840	58.00
0.24507	58.00
0.26173	58.00
0.27840	58.00
0.29507	58.00
0.31173	58.00
0.32840	58.00
0.34507	58.00
0.36173	58.00
0.37840	58.00
0.39507	58.00
0.41173	58.00
0.42840	58.00
0.44507	58.00
0.46173	58.00
0.47840	58.00
0.49507	58.00
0.51173	58.00
0.52840	58.00
0.54507	58.00
0.56173	58.00
0.57840	58.00
0.59507	58.00
0.61173	58.00
0.62840	58.00
0.64507	58.00
0.66173	58.00
0.67840	58.00
0.69507	58.00
0.71173	58.00
0.72840	58.00
0.74507	58.00
0.76173	58.00
0.77840	58.00
0.79507	58.00
0.81173	58.00
0.82840	58.00
0.84507	58.00
0.86173	58.00
0.87840	58.00
0.89507	58.00
0.91173	58.00
0.92840	58.00
0.94507	58.00
0.96173	58.00
0.97840	58.00
0.99507	58.00
1.01173	58.00
1.02840	58.00
1.04507	58.00
1.06173	58.00
1.07840	58.00
1.09507	58.00
1.11173	58.00
1.12840	58.00
1.14507	58.00
1.16173	58.00
1.17840	58.00
1.19507	58.00
1.21173	58.00
1.22840	58.00
1.24507	58.00
1.26173	58.00
1.27840	58.00
1.29507	58.00
1.31173	58.00
1.32840	58.00
1.34507	58.00
1.36173	58.00
1.37840	58.00
1.39507	58.00
1.41173	58.00
1.42840	58.00
1.44507	58.00
1.46173	58.00
1.47840	58.00
1.49507	58.00
1.51173	58.00
1.52840	58.00
1.54507	58.00
1.56173	58.00
1.57840	58.00
1.59507	58.00
1.61173	58.00
1.62840	58.01
1.64507	58.00
1.66173	58.01
1.67840	58.01
1.69507	58.00
1.71173	58.00
1.72840	58.00
1.74507	58.00
1.76173	58.00
1.77840	58.00
1.79507	58.00
1.81173	58.00
1.82840	58.00
1.84507	58.00
1.86173	58.00
1.87840	58.00
1.89507	58.00
1.91173	58.00
1.92840	58.00
1.94507	58.00
1.96173	58.00
1.97840	58.00
1.99507	58.00
2.01173	58.00
2.02840	58.00
2.04507	58.00
2.06173	58.00
2.07840	58.00
2.09507	58.00
2.11173	58.00
2.12840	58.00
2.14507	58.00
2.16173	58.00
2.17840	58.00
2.19507	58.00
2.21173	58.00
2.22840	58.00
2.24507	58.00
2.26173	58.00
2.27840	58.00
2.29507	58.00
2.31173	58.00
2.32840	58.00
2.34507	58.00
2.36173	58.00
2.37840	58.00
2.39507	57.99
2.41173	57.99
2.42840	58.00
2.44507	58.00
2.46173	58.00
2.47840	58.00
2.49507	58.00
2.51173	57.99
2.52840	57.99
2.54507	58.00
2.56173	58.00
2.57840	58.00
2.59507	58.00
2.61173	58.00
2.62840	58.00
2.64507	58.00
2.66173	58.00
2.67840	58.00
2.69507	58.00
2.71173	58.00
2.72840	58.00
2.74507	58.00
2.76173	58.00
2.77840	58.00
2.79507	58.00
2.81173	58.00
2.82840	58.00
2.84507	58.00
2.86173	58.00
2.87840	58.00
2.89507	58.00
2.91173	58.00
2.92840	58.00
2.94507	58.00
2.96173	58.00
2.97840	58.00
2.99507	58.00
3.01173	58.00
3.02840	58.00
3.04507	58.00
3.06173	58.00
3.07840	58.00
3.09507	58.00
3.11173	58.00
3.12840	58.00
3.14507	58.00
3.16173	58.00
3.17840	58.00
3.19507	58.00
3.21173	58.00
3.22840	58.00
3.24507	58.00
3.26173	58.00
3.27840	58.00
3.29507	58.00
3.31173	58.00
3.32840	58.00
3.34507	58.00
3.36173	58.00
3.37840	58.00
3.39507	58.00
3.41173	58.00
3.42840	58.00
3.44507	58.00
3.46173	58.00
3.47840	58.00
3.49507	58.00
3.51173	58.00
3.52840	58.00
3.54507	58.00
3.56173	58.00
3.57840	58.00
3.59507	58.00
3.61173	58.00
3.62840	58.00
3.64507	58.00
3.66173	58.00
3.67840	58.00
3.69507	58.00
3.71173	58.00
3.72840	58.00
3.74507	58.00
3.76173	58.00
3.77840	58.00
3.79507	58.00
3.81173	58.00
3.82840	58.00
3.84507	58.00
3.86173	58.00
3.87840	58.00
3.89507	58.00
3.91173	58.00
3.92840	58.00
3.94507	58.00
3.96173	58.00
3.97840	58.00
3.99507	58.00

[Status Trace (Carrier Gas Flow)]
Interval(msec)	1000
# of Points	240
Start Time(min)	0.012
End Time(min)	3.995
Intensity Units	
Intensity Multiplier	1
R.Time (min)	Intensity
0.01173	34.53
0.02840	34.54
0.04507	34.54
0.06173	34.53
0.07840	34.49
0.09507	34.52
0.11173	34.52
0.12840	34.52
0.14507	34.52
0.16173	34.52
0.17840	34.52
0.19507	34.51
0.21173	34.53
0.22840	34.53
0.24507	34.52
0.26173	34.53
0.27840	34.51
0.29507	34.52
0.31173	34.53
0.32840	34.51
0.34507	34.51
0.36173	34.52
0.37840	34.52
0.39507	34.52
0.41173	34.52
0.42840	34.52
0.44507	34.52
0.46173	34.52
0.47840	34.52
0.49507	34.52
0.51173	34.52
0.52840	34.52
0.54507	34.52
0.56173	34.52
0.57840	34.52
0.59507	34.51
0.61173	34.52
0.62840	34.52
0.64507	34.52
0.66173	34.52
0.67840	34.52
0.69507	34.52
0.71173	34.52
0.72840	34.52
0.74507	34.52
0.76173	34.52
0.77840	34.52
0.79507	34.52
0.81173	34.52
0.82840	34.52
0.84507	34.52
0.86173	34.52
0.87840	34.52
0.89507	34.52
0.91173	34.52
0.92840	34.52
0.94507	34.52
0.96173	34.52
0.97840	34.52
0.99507	34.52
1.01173	34.52
1.02840	34.52
1.04507	34.52
1.06173	34.52
1.07840	34.52
1.09507	34.52
1.11173	34.52
1.12840	34.52
1.14507	34.52
1.16173	34.52
1.17840	34.52
1.19507	34.52
1.21173	34.52
1.22840	34.52
1.24507	34.52
1.26173	34.52
1.27840	34.52
1.29507	34.52
1.31173	34.52
1.32840	34.52
1.34507	34.52
1.36173	34.52
1.37840	34.52
1.39507	34.52
1.41173	34.52
1.42840	34.52
1.44507	34.52
1.46173	34.52
1.47840	34.52
1.49507	34.52
1.51173	34.52
1.52840	34.52
1.54507	34.52
1.56173	34.52
1.57840	34.52
1.59507	34.52
1.61173	34.52
1.62840	34.52
1.64507	34.52
1.66173	34.52
1.67840	34.52
1.69507	34.52
1.71173	34.52
1.72840	34.52
1.74507	34.52
1.76173	34.52
1.77840	34.52
1.79507	34.52
1.81173	34.52
1.82840	34.52
1.84507	34.52
1.86173	34.52
1.87840	34.52
1.89507	34.52
1.91173	34.52
1.92840	34.52
1.94507	34.52
1.96173	34.52
1.97840	34.52
1.99507	34.52
2.01173	34.52
2.02840	34.52
2.04507	34.52
2.06173	34.52
2.07840	34.52
2.09507	34.52
2.11173	34.52
2.12840	34.52
2.14507	34.52
2.16173	34.52
2.17840	34.52
2.19507	34.52
2.21173	34.52
2.22840	34.52
2.24507	34.52
2.26173	34.52
2.27840	34.52
2.29507	34.52
2.31173	34.52
2.32840	34.52
2.34507	34.52
2.36173	34.52
2.37840	34.52
2.39507	34.52
2.41173	34.52
2.42840	34.52
2.44507	34.52
2.46173	34.52
2.47840	34.52
2.49507	34.52
2.51173	34.52
2.52840	34.52
2.54507	34.52
2.56173	34.52
2.57840	34.51
2.59507	34.52
2.61173	34.52
2.62840	34.52
2.64507	34.52
2.66173	34.52
2.67840	34.52
2.69507	34.52
2.71173	34.52
2.72840	34.52
2.74507	34.51
2.76173	34.52
2.77840	34.52
2.79507	34.52
2.81173	34.52
2.82840	34.52
2.84507	34.53
2.86173	34.53
2.87840	34.52
2.89507	34.52
2.91173	34.52
2.92840	34.52
2.94507	34.52
2.96173	34.52
2.97840	34.53
2.99507	34.52
3.01173	34.52
3.02840	34.52
3.04507	34.52
3.06173	34.52
3.07840	34.51
3.09507	34.54
3.11173	34.52
3.12840	34.52
3.14507	34.52
3.16173	34.52
3.17840	34.52
3.19507	34.53
3.21173	34.52
3.22840	34.53
3.24507	34.52
3.26173	34.52
3.27840	34.52
3.29507	34.52
3.31173	34.51
3.32840	34.52
3.34507	34.52
3.36173	34.52
3.37840	34.52
3.39507	34.52
3.41173	34.52
3.42840	34.52
3.44507	34.52
3.46173	34.52
3.47840	34.52
3.49507	34.52
3.51173	34.52
3.52840	34.52
3.54507	34.50
3.56173	34.52
3.57840	34.52
3.59507	34.52
3.61173	34.52
3.62840	34.52
3.64507	34.52
3.66173	34.52
3.67840	34.52
3.69507	34.52
3.71173	34.52
3.72840	34.52
3.74507	34.52
3.76173	34.52
3.77840	34.52
3.79507	34.52
3.81173	34.52
3.82840	34.52
3.84507	34.52
3.86173	34.52
3.87840	34.52
3.89507	34.52
3.91173	34.52
3.92840	34.52
3.94507	34.52
3.96173	34.52
3.97840	34.52
3.99507	34.52

[Status Trace (Column Flow)]
Interval(msec)	1000
# of Points	240
Start Time(min)	0.012
End Time(min)	3.995
Intensity Units	
Intensity Multiplier	1
R.Time (min)	Intensity
0.01173	5.45
0.02840	5.11
0.04507	5.41
0.06173	5.65
0.07840	5.58
0.09507	5.45
0.11173	5.45
0.12840	5.45
0.14507	5.45
0.16173	5.45
0.17840	5.45
0.19507	5.45
0.21173	5.45
0.22840	5.45
0.24507	5.45
0.26173	5.45
0.27840	5.45
0.29507	5.45
0.31173	5.45
0.32840	5.45
0.34507	5.45
0.36173	5.45
0.37840	5.45
0.39507	5.45
0.41173	5.45
0.42840	5.45
0.44507	5.45
0.46173	5.45
0.47840	5.45
0.49507	5.45
0.51173	5.45
0.52840	5.45
0.54507	5.45
0.56173	5.45
0.57840	5.45
0.59507	5.45
0.61173	5.45
0.62840	5.45
0.64507	5.45
0.66173	5.45
0.67840	5.45
0.69507	5.45
0.71173	5.45
0.72840	5.45
0.74507	5.45
0.76173	5.45
0.77840	5.45
0.79507	5.45
0.81173	5.45
0.82840	5.45
0.84507	5.45
0.86173	5.45
0.87840	5.45
0.89507	5.45
0.91173	5.45
0.92840	5.45
0.94507	5.45
0.96173	5.45
0.97840	5.45
0.99507	5.45
1.01173	5.45
1.02840	5.45
1.04507	5.45
1.06173	5.45
1.07840	5.45
1.09507	5.45
1.11173	5.45
1.12840	5.45
1.14507	5.45
1.16173	5.45
1.17840	5.45
1.19507	5.45
1.21173	5.45
1.22840	5.45
1.24507	5.45
1.26173	5.45
1.27840	5.45
1.29507	5.45
1.31173	5.45
1.32840	5.45
1.34507	5.45
1.36173	5.45
1.37840	5.45
1.39507	5.45
1.41173	5.45
1.42840	5.45
1.44507	5.45
1.46173	5.45
1.47840	5.45
1.49507	5.45
1.51173	5.45
1.52840	5.45
1.54507	5.45
1.56173	5.45
1.57840	5.45
1.59507	5.45
1.61173	5.45
1.62840	5.45
1.64507	5.44
1.66173	5.43
1.67840	5.42
1.69507	5.41
1.71173	5.40
1.72840	5.39
1.74507	5.38
1.76173	5.37
1.77840	5.36
1.79507	5.35
1.81173	5.34
1.82840	5.33
1.84507	5.32
1.86173	5.31
1.87840	5.30
1.89507	5.29
1.91173	5.28
1.92840	5.27
1.94507	5.26
1.96173	5.25
1.97840	5.24
1.99507	5.23
2.01173	5.22
2.02840	5.21
2.04507	5.20
2.06173	5.19
2.07840	5.18
2.09507	5.18
2.11173	5.16
2.12840	5.16
2.14507	5.15
2.16173	5.14
2.17840	5.13
2.19507	5.12
2.21173	5.11
2.22840	5.10
2.24507	5.09
2.26173	5.08
2.27840	5.07
2.29507	5.06
2.31173	5.05
2.32840	5.05
2.34507	5.04
2.36173	5.03
2.37840	5.02
2.39507	5.02
2.41173	5.02
2.42840	5.02
2.44507	5.02
2.46173	5.02
2.47840	5.02
2.49507	5.02
2.51173	5.02
2.52840	5.02
2.54507	5.02
2.56173	5.02
2.57840	5.02
2.59507	5.02
2.61173	5.02
2.62840	5.02
2.64507	5.02
2.66173	5.02
2.67840	5.02
2.69507	5.02
2.71173	5.02
2.72840	5.02
2.74507	5.02
2.76173	5.02
2.77840	5.02
2.79507	5.02
2.81173	5.02
2.82840	5.02
2.84507	5.02
2.86173	5.02
2.87840	5.02
2.89507	5.02
2.91173	5.02
2.92840	5.02
2.94507	5.02
2.96173	5.02
2.97840	5.02
2.99507	5.02
3.01173	5.01
3.02840	5.01
3.04507	5.01
3.06173	5.01
3.07840	5.01
3.09507	5.01
3.11173	5.01
3.12840	5.01
3.14507	5.01
3.16173	5.01
3.17840	5.01
3.19507	5.01
3.21173	5.01
3.22840	5.01
3.24507	5.01
3.26173	5.01
3.27840	5.01
3.29507	5.01
3.31173	5.01
3.32840	5.01
3.34507	5.01
3.36173	5.01
3.37840	5.01
3.39507	5.01
3.41173	5.01
3.42840	5.01
3.44507	5.01
3.46173	5.01
3.47840	5.01
3.49507	5.01
3.51173	5.01
3.52840	5.01
3.54507	5.01
3.56173	5.01
3.57840	5.01
3.59507	5.01
3.61173	5.01
3.62840	5.01
3.64507	5.01
3.66173	5.01
3.67840	5.01
3.69507	5.01
3.71173	5.01
3.72840	5.01
3.74507	5.01
3.76173	5.01
3.77840	5.01
3.79507	5.01
3.81173	5.01
3.82840	5.01
3.84507	5.01
3.86173	5.01
3.87840	5.01
3.89507	5.01
3.91173	5.01
3.92840	5.01
3.94507	5.01
3.96173	5.01
3.97840	5.01
3.99507	5.01

[Status Trace (Linear Velocity)]
Interval(msec)	1000
# of Points	240
Start Time(min)	0.012
End Time(min)	3.995
Intensity Units	
Intensity Multiplier	1
R.Time (min)	Intensity
0.01173	39.00
0.02840	37.02
0.04507	38.73
0.06173	40.09
0.07840	39.70
0.09507	39.00
0.11173	38.99
0.12840	39.01
0.14507	39.01
0.16173	39.00
0.17840	39.00
0.19507	39.00
0.21173	39.00
0.22840	39.00
0.24507	39.00
0.26173	38.99
0.27840	38.99
0.29507	39.00
0.31173	39.00
0.32840	39.00
0.34507	38.99
0.36173	38.99
0.37840	38.99
0.39507	39.00
0.41173	39.00
0.42840	39.00
0.44507	39.00
0.46173	39.00
0.47840	39.00
0.49507	39.00
0.51173	39.00
0.52840	39.00
0.54507	39.00
0.56173	39.00
0.57840	39.00
0.59507	39.01
0.61173	39.00
0.62840	39.00
0.64507	39.00
0.66173	39.00
0.67840	39.00
0.69507	39.00
0.71173	39.00
0.72840	39.00
0.74507	39.00
0.76173	39.00
0.77840	39.00
0.79507	39.00
0.81173	39.00
0.82840	39.00
0.84507	39.00
0.86173	39.00
0.87840	39.00
0.89507	39.00
0.91173	39.00
0.92840	39.00
0.94507	39.00
0.96173	39.00
0.97840	39.00
0.99507	39.00
1.01173	39.00
1.02840	39.00
1.04507	39.00
1.06173	39.00
1.07840	39.00
1.09507	39.00
1.11173	39.00
1.12840	39.00
1.14507	39.00
1.16173	39.00
1.17840	39.00
1.19507	39.00
1.21173	39.00
1.22840	39.00
1.24507	39.00
1.26173	38.99
1.27840	38.99
1.29507	38.99
1.31173	39.00
1.32840	39.00
1.34507	39.00
1.36173	39.00
1.37840	39.00
1.39507	39.00
1.41173	39.00
1.42840	39.00
1.44507	39.00
1.46173	39.00
1.47840	39.00
1.49507	39.00
1.51173	39.00
1.52840	39.00
1.54507	39.00
1.56173	39.00
1.57840	39.00
1.59507	39.00
1.61173	39.00
1.62840	38.99
1.64507	38.97
1.66173	38.94
1.67840	38.91
1.69507	38.87
1.71173	38.83
1.72840	38.80
1.74507	38.77
1.76173	38.74
1.77840	38.71
1.79507	38.68
1.81173	38.64
1.82840	38.61
1.84507	38.58
1.86173	38.55
1.87840	38.52
1.89507	38.49
1.91173	38.46
1.92840	38.43
1.94507	38.40
1.96173	38.37
1.97840	38.34
1.99507	38.31
2.01173	38.28
2.02840	38.25
2.04507	38.22
2.06173	38.19
2.07840	38.16
2.09507	38.13
2.11173	38.10
2.12840	38.07
2.14507	38.04
2.16173	38.01
2.17840	37.98
2.19507	37.95
2.21173	37.92
2.22840	37.89
2.24507	37.86
2.26173	37.83
2.27840	37.80
2.29507	37.78
2.31173	37.74
2.32840	37.72
2.34507	37.69
2.36173	37.66
2.37840	37.64
2.39507	37.63
2.41173	37.64
2.42840	37.64
2.44507	37.64
2.46173	37.64
2.47840	37.64
2.49507	37.64
2.51173	37.63
2.52840	37.63
2.54507	37.63
2.56173	37.63
2.57840	37.63
2.59507	37.63
2.61173	37.63
2.62840	37.63
2.64507	37.63
2.66173	37.63
2.67840	37.63
2.69507	37.63
2.71173	37.63
2.72840	37.63
2.74507	37.63
2.76173	37.63
2.77840	37.63
2.79507	37.63
2.81173	37.63
2.82840	37.63
2.84507	37.63
2.86173	37.63
2.87840	37.62
2.89507	37.62
2.91173	37.62
2.92840	37.62
2.94507	37.62
2.96173	37.62
2.97840	37.62
2.99507	37.62
3.01173	37.61
3.02840	37.61
3.04507	37.62
3.06173	37.62
3.07840	37.61
3.09507	37.61
3.11173	37.61
3.12840	37.61
3.14507	37.61
3.16173	37.61
3.17840	37.61
3.19507	37.61
3.21173	37.61
3.22840	37.61
3.24507	37.61
3.26173	37.61
3.27840	37.61
3.29507	37.61
3.31173	37.61
3.32840	37.61
3.34507	37.61
3.36173	37.61
3.37840	37.61
3.39507	37.61
3.41173	37.61
3.42840	37.61
3.44507	37.61
3.46173	37.61
3.47840	37.61
3.49507	37.61
3.51173	37.61
3.52840	37.61
3.54507	37.61
3.56173	37.61
3.57840	37.61
3.59507	37.61
3.61173	37.61
3.62840	37.61
3.64507	37.61
3.66173	37.61
3.67840	37.61
3.69507	37.61
3.71173	37.61
3.72840	37.61
3.74507	37.61
3.76173	37.61
3.77840	37.61
3.79507	37.61
3.81173	37.61
3.82840	37.61
3.84507	37.61
3.86173	37.61
3.87840	37.61
3.89507	37.61
3.91173	37.61
3.92840	37.61
3.94507	37.61
3.96173	37.61
3.97840	37.61
3.99507	37.61

