[Header]
Application Name	LabSolutions
Version	5.110
Data File Name	C:\Users\User\Desktop\GC Analyses\Jack\UIC Prairie Sampling\9.2.22\220902_013.gcd
Output Date	10/28/2022
Output Time	1:23:52 PM

[File Information]
Type	Data File
Generated	10/25/2022 12:20:26 PM
Generated by	System Administrator
Modified	10/25/2022 12:24:46 PM
Modified by	System Administrator

[Sample Information]
Operator Name	System Administrator
Acquired	10/25/2022 12:20:45 PM
Sample Type	1:Standard
Level	1
Sample Name	220902_UICPrairie
Sample ID	220902_UICPrairie
ISTD Amount1	1
ISTD Amount2	1
ISTD Amount3	1
ISTD Amount4	1
ISTD Amount5	1
ISTD Amount6	1
ISTD Amount7	1
ISTD Amount8	1
ISTD Amount9	1
ISTD Amount10	1
ISTD Amount11	1
ISTD Amount12	1
ISTD Amount13	1
ISTD Amount14	1
ISTD Amount15	1
ISTD Amount16	1
ISTD Amount17	1
ISTD Amount18	1
ISTD Amount19	1
ISTD Amount20	1
ISTD Amount21	1
ISTD Amount22	1
ISTD Amount23	1
ISTD Amount24	1
ISTD Amount25	1
ISTD Amount26	1
ISTD Amount27	1
ISTD Amount28	1
ISTD Amount29	1
ISTD Amount30	1
ISTD Amount31	1
ISTD Amount32	1
Sample Amount	1
Dilution Factor	1
Vial#	1
Injection Volume	1
Injection Count	1
Bar Code	

[Original Files]
Data File	C:\Users\User\Desktop\GC Analyses\Jack\UIC Prairie Sampling\9.2.22\220902_013.gcd
Method File	C:\LabSolutions\Data\GHG_4min_2022\ghg3_togas_w_acet_4 min_new_int.gcm
Batch File	
Report Format File	c:\LabSolutions\System\DEFAULT.lsr

[File Description]


[Configuration]
Instrument Name	C0B7VH3-Instrument1
Instrument #	1
Line #	1
# of Detectors	3
Detector ID	DET#1	DET#2	DET#3
Detector Name	FID	PTCD	ECD
# of Channels	1	1	1

[Peak Table(Ch1)]
# of Peaks	3
Peak#	R.Time	I.Time	F.Time	Area	Height	A/H	Conc.	Mark	ID#	Name	k'	Plate #	Plate Ht.	Tailing	Resolution	Sep.Factor	Area Ratio	Height Ratio	Conc. %	Norm Conc.
1	1.483	1.450	1.549	4391	2320	1.892	100.000	   	1	CO	0.000	10837	13.842	1.245	0.000	0.000	0	0	16.667	16.667
2	1.575	1.549	1.615	1824	1242	1.469	100.000	 V 	2	CH4	0.062	19121	7.845	1.349	1.788	0.000	0	0	16.667	16.667
3	2.004	1.956	2.253	626662	363822	1.722	400.000	   	3	CO2	0.351	24600	6.098	1.381	8.877	5.680	0	0	66.667	66.667

[Peak Table(Ch2)]
# of Peaks	0

[Peak Table(Ch3)]
# of Peaks	3
Peak#	R.Time	I.Time	F.Time	Area	Height	A/H	Conc.	Mark	ID#	Name	k'	Plate #	Plate Ht.	Tailing	Resolution	Sep.Factor	Area Ratio	Height Ratio	Conc. %	Norm Conc.
1	2.458	0.907	2.656	9555	288	33.187	0.000	   			0.000	65	2306.211	0.583	0.000	0.000	0	0	0.000	0.000
2	2.785	2.675	2.836	498	72	6.943	0.062	   	1	N2O	0.133	1985	75.582	0.000	0.444	0.000	0	0	6.203	6.203
3	2.891	2.836	3.071	7523	2162	3.480	0.938	 V 	1	N2O	0.176	15788	9.501	1.609	0.622	1.326	0	0	93.797	93.797

[Compound Results(Ch1)]
# of IDs	6
ID#	Name	R.Time	Area	Height	Conc.	Curve	3rd	2nd	1st	Constant	Area Ratio	Height Ratio	Conc. %	Norm Conc.
1	CO	1.483	4391	2320	100.000	Linear	0.000000e+00	0.000000e+00	4.390754e+001	0.000000e+00	0	0	16.667	16.667
2	CH4	1.575	1824	1242	100.000	Linear	0.000000e+00	0.000000e+00	1.823748e+001	0.000000e+00	0	0	16.667	16.667
3	CO2	2.004	626662	363822	400.000	Linear	0.000000e+00	0.000000e+00	1.566655e+003	0.000000e+00	0	0	66.667	66.667
4	Ethylene	0.000	0	0	0.000	Linear	0.000000e+00	0.000000e+00	0.000000e+00	0.000000e+00	0	0	0.000	0.000
5	Acetylene	0.000	0	0	0.000	Linear	0.000000e+00	0.000000e+00	0.000000e+00	0.000000e+00	0	0	0.000	0.000
6	Ethane	0.000	0	0	0.000	Linear	0.000000e+00	0.000000e+00	0.000000e+00	0.000000e+00	0	0	0.000	0.000

[Compound Results(Ch2)]
# of IDs	5
ID#	Name	R.Time	Area	Height	Conc.	Curve	3rd	2nd	1st	Constant	Area Ratio	Height Ratio	Conc. %	Norm Conc.
1	Hydrogen	0.000	0	0	0.000	Linear	0.000000e+00	0.000000e+00	0.000000e+00	0.000000e+00	0	0	0.000	0.000
2	Oxygen	0.000	0	0	0.000	Linear	0.000000e+00	0.000000e+00	0.000000e+00	0.000000e+00	0	0	0.000	0.000
3	Nitrogen	0.000	0	0	0.000	Linear	0.000000e+00	0.000000e+00	0.000000e+00	0.000000e+00	0	0	0.000	0.000
4	Methane	0.000	0	0	0.000	Linear	0.000000e+00	0.000000e+00	0.000000e+00	0.000000e+00	0	0	0.000	0.000
5	Carbon Monoxide	0.000	0	0	0.000	Linear	0.000000e+00	0.000000e+00	0.000000e+00	0.000000e+00	0	0	0.000	0.000

[Compound Results(Ch3)]
# of IDs	2
ID#	Name	R.Time	Area	Height	Conc.	Curve	3rd	2nd	1st	Constant	Area Ratio	Height Ratio	Conc. %	Norm Conc.
1	N2O	2.891	8021	2233	1.000	Linear	0.000000e+00	0.000000e+00	8.020671e+003	0.000000e+00	0	0	100.000	100.000
2	SF6	0.000	0	0	0.000	Linear	0.000000e+00	0.000000e+00	0.000000e+00	0.000000e+00	0	0	0.000	0.000

[Group Results(Ch1)]
# of Groups	0

[Group Results(Ch2)]
# of Groups	0

[Group Results(Ch3)]
# of Groups	0

[Chromatogram (Ch1)]
Interval(msec)	220
# of Points	1091
Start Time(min)	0.002
End Time(min)	3.998
R.Time (min)	Intensity
0.00167	-6
0.00533	-1
0.00900	0
0.01267	-5
0.01633	-12
0.02000	-19
0.02367	-22
0.02733	-23
0.03100	-26
0.03467	-27
0.03833	-18
0.04200	-4
0.04567	7
0.04933	5
0.05300	-5
0.05667	-17
0.06033	-25
0.06400	-30
0.06767	-34
0.07133	-39
0.07500	-40
0.07867	-36
0.08233	-30
0.08600	-24
0.08967	-24
0.09333	-28
0.09700	-32
0.10067	-34
0.10433	-36
0.10800	-34
0.11167	-32
0.11533	-29
0.11900	-26
0.12267	-24
0.12633	-21
0.13000	-20
0.13367	-20
0.13733	-23
0.14100	-28
0.14467	-35
0.14833	-41
0.15200	-43
0.15567	-42
0.15933	-39
0.16300	-37
0.16667	-38
0.17033	-37
0.17400	-33
0.17767	-29
0.18133	-27
0.18500	-26
0.18867	-23
0.19233	-20
0.19600	-17
0.19967	-14
0.20333	-13
0.20700	-16
0.21067	-20
0.21433	-22
0.21800	-22
0.22167	-23
0.22533	-25
0.22900	-28
0.23267	-31
0.23633	-35
0.24000	-40
0.24367	-45
0.24733	-48
0.25100	-49
0.25467	-48
0.25833	-42
0.26200	-33
0.26567	-26
0.26933	-20
0.27300	-15
0.27667	-17
0.28033	-23
0.28400	-31
0.28767	-37
0.29133	-40
0.29500	-44
0.29867	-50
0.30233	-56
0.30600	-61
0.30967	-62
0.31333	-59
0.31700	-57
0.32067	-55
0.32433	-52
0.32800	-48
0.33167	-41
0.33533	-37
0.33900	-34
0.34267	-31
0.34633	-30
0.35000	-32
0.35367	-35
0.35733	-38
0.36100	-39
0.36467	-41
0.36833	-43
0.37200	-42
0.37567	-39
0.37933	-37
0.38300	-34
0.38667	-28
0.39033	-22
0.39400	-21
0.39767	-25
0.40133	-31
0.40500	-37
0.40867	-40
0.41233	-42
0.41600	-42
0.41967	-43
0.42333	-41
0.42700	-39
0.43067	-38
0.43433	-38
0.43800	-39
0.44167	-40
0.44533	-40
0.44900	-40
0.45267	-39
0.45633	-33
0.46000	-28
0.46367	-25
0.46733	-28
0.47100	-34
0.47467	-39
0.47833	-43
0.48200	-49
0.48567	-54
0.48933	-58
0.49300	-58
0.49667	-56
0.50033	-54
0.50400	-54
0.50767	-53
0.51133	-55
0.51500	-58
0.51867	-60
0.52233	-61
0.52600	-61
0.52967	-57
0.53333	-54
0.53700	-54
0.54067	-56
0.54433	-58
0.54800	-56
0.55167	-55
0.55533	-54
0.55900	-52
0.56267	-54
0.56633	-55
0.57000	-56
0.57367	-58
0.57733	-61
0.58100	-62
0.58467	-59
0.58833	-55
0.59200	-54
0.59567	-56
0.59933	-57
0.60300	-57
0.60667	-56
0.61033	-54
0.61400	-53
0.61767	-55
0.62133	-58
0.62500	-62
0.62867	-65
0.63233	-69
0.63600	-70
0.63967	-69
0.64333	-68
0.64700	-65
0.65067	-60
0.65433	-54
0.65800	-46
0.66167	-39
0.66533	-36
0.66900	-38
0.67267	-43
0.67633	-46
0.68000	-46
0.68367	-46
0.68733	-47
0.69100	-52
0.69467	-58
0.69833	-62
0.70200	-63
0.70567	-62
0.70933	-64
0.71300	-67
0.71667	-66
0.72033	-64
0.72400	-63
0.72767	-66
0.73133	-74
0.73500	-83
0.73867	-91
0.74233	-98
0.74600	-99
0.74967	-92
0.75333	-86
0.75700	-82
0.76067	-82
0.76433	-81
0.76800	-81
0.77167	-79
0.77533	-76
0.77900	-75
0.78267	-73
0.78633	-70
0.79000	-68
0.79367	-62
0.79733	-56
0.80100	-54
0.80467	-51
0.80833	-51
0.81200	-54
0.81567	-60
0.81933	-68
0.82300	-78
0.82667	-81
0.83033	-78
0.83400	-75
0.83767	-72
0.84133	-70
0.84500	-67
0.84867	-68
0.85233	-70
0.85600	-72
0.85967	-73
0.86333	-74
0.86700	-75
0.87067	-77
0.87433	-79
0.87800	-79
0.88167	-79
0.88533	-77
0.88900	-74
0.89267	-69
0.89633	-66
0.90000	-67
0.90367	-69
0.90733	-68
0.91100	-64
0.91467	-60
0.91833	-58
0.92200	-59
0.92567	-64
0.92933	-68
0.93300	-69
0.93667	-68
0.94033	-68
0.94400	-70
0.94767	-73
0.95133	-75
0.95500	-75
0.95867	-74
0.96233	-72
0.96600	-70
0.96967	-65
0.97333	-61
0.97700	-60
0.98067	-56
0.98433	-51
0.98800	-46
0.99167	-44
0.99533	-44
0.99900	-45
1.00267	-51
1.00633	-64
1.01000	-77
1.01367	-88
1.01733	-97
1.02100	-102
1.02467	-104
1.02833	-103
1.03200	-100
1.03567	-95
1.03933	-89
1.04300	-83
1.04667	-77
1.05033	-72
1.05400	-71
1.05767	-73
1.06133	-76
1.06500	-76
1.06867	-72
1.07233	-66
1.07600	-63
1.07967	-63
1.08333	-67
1.08700	-73
1.09067	-80
1.09433	-85
1.09800	-89
1.10167	-90
1.10533	-88
1.10900	-86
1.11267	-82
1.11633	-79
1.12000	-76
1.12367	-74
1.12733	-72
1.13100	-74
1.13467	-77
1.13833	-82
1.14200	-86
1.14567	-87
1.14933	-85
1.15300	-81
1.15667	-78
1.16033	-77
1.16400	-77
1.16767	-76
1.17133	-79
1.17500	-83
1.17867	-86
1.18233	-90
1.18600	-91
1.18967	-88
1.19333	-84
1.19700	-78
1.20067	-75
1.20433	-75
1.20800	-78
1.21167	-79
1.21533	-78
1.21900	-71
1.22267	-67
1.22633	-68
1.23000	-76
1.23367	-89
1.23733	-102
1.24100	-113
1.24467	-118
1.24833	-117
1.25200	-111
1.25567	-101
1.25933	-91
1.26300	-85
1.26667	-86
1.27033	-89
1.27400	-91
1.27767	-90
1.28133	-89
1.28500	-91
1.28867	-92
1.29233	-93
1.29600	-93
1.29967	-92
1.30333	-91
1.30700	-89
1.31067	-87
1.31433	-86
1.31800	-88
1.32167	-89
1.32533	-90
1.32900	-93
1.33267	-97
1.33633	-97
1.34000	-92
1.34367	-83
1.34733	-77
1.35100	-73
1.35467	-71
1.35833	-69
1.36200	-69
1.36567	-70
1.36933	-74
1.37300	-77
1.37667	-81
1.38033	-83
1.38400	-81
1.38767	-78
1.39133	-76
1.39500	-75
1.39867	-75
1.40233	-75
1.40600	-75
1.40967	-78
1.41333	-83
1.41700	-87
1.42067	-89
1.42433	-88
1.42800	-87
1.43167	-87
1.43533	-85
1.43900	-83
1.44267	-80
1.44633	-79
1.45000	-78
1.45367	-52
1.45733	61
1.46100	309
1.46467	664
1.46833	1083
1.47200	1534
1.47567	1943
1.47933	2204
1.48300	2245
1.48667	2071
1.49033	1752
1.49400	1383
1.49767	1032
1.50133	737
1.50500	505
1.50867	333
1.51233	211
1.51600	129
1.51967	72
1.52333	33
1.52700	4
1.53067	-18
1.53433	-34
1.53800	-46
1.54167	-53
1.54533	-59
1.54900	-64
1.55267	-58
1.55633	-9
1.56000	140
1.56367	409
1.56733	751
1.57100	1044
1.57467	1174
1.57833	1119
1.58200	932
1.58567	698
1.58933	475
1.59300	295
1.59667	165
1.60033	76
1.60400	16
1.60767	-24
1.61133	-49
1.61500	-64
1.61867	-72
1.62233	-72
1.62600	-65
1.62967	-57
1.63333	-54
1.63700	-55
1.64067	-59
1.64433	-67
1.64800	-79
1.65167	-90
1.65533	-98
1.65900	-102
1.66267	-108
1.66633	-110
1.67000	-111
1.67367	-110
1.67733	-105
1.68100	-96
1.68467	-87
1.68833	-84
1.69200	-87
1.69567	-92
1.69933	-94
1.70300	-94
1.70667	-96
1.71033	-97
1.71400	-100
1.71767	-103
1.72133	-102
1.72500	-98
1.72867	-95
1.73233	-96
1.73600	-101
1.73967	-106
1.74333	-110
1.74700	-114
1.75067	-114
1.75433	-110
1.75800	-104
1.76167	-98
1.76533	-92
1.76900	-87
1.77267	-83
1.77633	-82
1.78000	-85
1.78367	-89
1.78733	-93
1.79100	-94
1.79467	-91
1.79833	-90
1.80200	-88
1.80567	-86
1.80933	-86
1.81300	-87
1.81667	-89
1.82033	-91
1.82400	-93
1.82767	-94
1.83133	-94
1.83500	-94
1.83867	-95
1.84233	-95
1.84600	-94
1.84967	-94
1.85333	-94
1.85700	-92
1.86067	-92
1.86433	-91
1.86800	-91
1.87167	-92
1.87533	-95
1.87900	-97
1.88267	-99
1.88633	-97
1.89000	-93
1.89367	-87
1.89733	-81
1.90100	-75
1.90467	-71
1.90833	-72
1.91200	-76
1.91567	-83
1.91933	-88
1.92300	-90
1.92667	-92
1.93033	-94
1.93400	-94
1.93767	-92
1.94133	-89
1.94500	-87
1.94867	-84
1.95233	-81
1.95600	-77
1.95967	-68
1.96333	-53
1.96700	-19
1.97067	124
1.97433	847
1.97800	3953
1.98167	14257
1.98533	40479
1.98900	91707
1.99267	168423
1.99633	255670
2.00000	328007
2.00367	363772
2.00733	356237
2.01100	314295
2.01467	254693
2.01833	193064
2.02200	139214
2.02567	96920
2.02933	65986
2.03300	44413
2.03667	29833
2.04033	20171
2.04400	13836
2.04767	9688
2.05133	6956
2.05500	5137
2.05867	3907
2.06233	3058
2.06600	2459
2.06967	2023
2.07333	1701
2.07700	1459
2.08067	1273
2.08433	1127
2.08800	1006
2.09167	906
2.09533	822
2.09900	750
2.10267	686
2.10633	627
2.11000	574
2.11367	529
2.11733	492
2.12100	461
2.12467	435
2.12833	412
2.13200	391
2.13567	373
2.13933	355
2.14300	334
2.14667	312
2.15033	290
2.15400	269
2.15767	252
2.16133	239
2.16500	229
2.16867	221
2.17233	213
2.17600	205
2.17967	201
2.18333	199
2.18700	197
2.19067	189
2.19433	177
2.19800	167
2.20167	161
2.20533	157
2.20900	152
2.21267	149
2.21633	148
2.22000	146
2.22367	146
2.22733	146
2.23100	142
2.23467	133
2.23833	124
2.24200	117
2.24567	109
2.24933	98
2.25300	90
2.25667	87
2.26033	92
2.26400	101
2.26767	108
2.27133	109
2.27500	105
2.27867	97
2.28233	89
2.28600	81
2.28967	74
2.29333	70
2.29700	70
2.30067	70
2.30433	70
2.30800	72
2.31167	74
2.31533	74
2.31900	73
2.32267	72
2.32633	72
2.33000	73
2.33367	73
2.33733	72
2.34100	66
2.34467	60
2.34833	58
2.35200	61
2.35567	63
2.35933	62
2.36300	61
2.36667	64
2.37033	67
2.37400	70
2.37767	72
2.38133	72
2.38500	69
2.38867	62
2.39233	59
2.39600	60
2.39967	65
2.40333	68
2.40700	66
2.41067	61
2.41433	56
2.41800	53
2.42167	53
2.42533	54
2.42900	58
2.43267	66
2.43633	75
2.44000	79
2.44367	75
2.44733	69
2.45100	66
2.45467	66
2.45833	69
2.46200	67
2.46567	61
2.46933	55
2.47300	52
2.47667	48
2.48033	44
2.48400	42
2.48767	40
2.49133	37
2.49500	37
2.49867	43
2.50233	52
2.50600	58
2.50967	59
2.51333	56
2.51700	54
2.52067	52
2.52433	47
2.52800	42
2.53167	39
2.53533	37
2.53900	36
2.54267	38
2.54633	42
2.55000	48
2.55367	52
2.55733	53
2.56100	53
2.56467	53
2.56833	56
2.57200	62
2.57567	65
2.57933	65
2.58300	63
2.58667	60
2.59033	56
2.59400	52
2.59767	51
2.60133	54
2.60500	56
2.60867	52
2.61233	48
2.61600	43
2.61967	39
2.62333	37
2.62700	41
2.63067	49
2.63433	57
2.63800	62
2.64167	63
2.64533	62
2.64900	62
2.65267	62
2.65633	62
2.66000	60
2.66367	59
2.66733	58
2.67100	58
2.67467	60
2.67833	59
2.68200	58
2.68567	56
2.68933	51
2.69300	44
2.69667	43
2.70033	43
2.70400	40
2.70767	35
2.71133	33
2.71500	37
2.71867	44
2.72233	45
2.72600	43
2.72967	39
2.73333	38
2.73700	39
2.74067	43
2.74433	48
2.74800	55
2.75167	61
2.75533	63
2.75900	61
2.76267	56
2.76633	51
2.77000	48
2.77367	47
2.77733	43
2.78100	40
2.78467	40
2.78833	41
2.79200	42
2.79567	45
2.79933	50
2.80300	52
2.80667	52
2.81033	48
2.81400	45
2.81767	45
2.82133	49
2.82500	55
2.82867	59
2.83233	61
2.83600	61
2.83967	61
2.84333	60
2.84700	59
2.85067	59
2.85433	62
2.85800	63
2.86167	64
2.86533	65
2.86900	66
2.87267	61
2.87633	54
2.88000	49
2.88367	47
2.88733	48
2.89100	49
2.89467	50
2.89833	46
2.90200	42
2.90567	39
2.90933	39
2.91300	43
2.91667	49
2.92033	59
2.92400	69
2.92767	70
2.93133	65
2.93500	60
2.93867	55
2.94233	52
2.94600	51
2.94967	52
2.95333	53
2.95700	52
2.96067	50
2.96433	49
2.96800	49
2.97167	51
2.97533	55
2.97900	59
2.98267	62
2.98633	66
2.99000	73
2.99367	80
2.99733	82
3.00100	79
3.00467	74
3.00833	68
3.01200	62
3.01567	56
3.01933	52
3.02300	49
3.02667	47
3.03033	47
3.03400	50
3.03767	58
3.04133	65
3.04500	66
3.04867	62
3.05233	59
3.05600	60
3.05967	62
3.06333	64
3.06700	66
3.07067	67
3.07433	65
3.07800	62
3.08167	62
3.08533	63
3.08900	64
3.09267	62
3.09633	56
3.10000	50
3.10367	49
3.10733	50
3.11100	50
3.11467	46
3.11833	42
3.12200	38
3.12567	38
3.12933	41
3.13300	47
3.13667	52
3.14033	53
3.14400	51
3.14767	51
3.15133	52
3.15500	54
3.15867	59
3.16233	63
3.16600	66
3.16967	68
3.17333	70
3.17700	74
3.18067	80
3.18433	83
3.18800	84
3.19167	80
3.19533	74
3.19900	70
3.20267	64
3.20633	57
3.21000	49
3.21367	43
3.21733	41
3.22100	42
3.22467	43
3.22833	42
3.23200	38
3.23567	35
3.23933	36
3.24300	40
3.24667	45
3.25033	48
3.25400	48
3.25767	48
3.26133	48
3.26500	45
3.26867	42
3.27233	40
3.27600	36
3.27967	32
3.28333	31
3.28700	35
3.29067	43
3.29433	49
3.29800	51
3.30167	50
3.30533	48
3.30900	43
3.31267	39
3.31633	37
3.32000	39
3.32367	42
3.32733	43
3.33100	42
3.33467	44
3.33833	48
3.34200	55
3.34567	58
3.34933	55
3.35300	49
3.35667	44
3.36033	39
3.36400	37
3.36767	38
3.37133	44
3.37500	48
3.37867	51
3.38233	51
3.38600	47
3.38967	41
3.39333	40
3.39700	44
3.40067	49
3.40433	51
3.40800	52
3.41167	47
3.41533	41
3.41900	37
3.42267	38
3.42633	39
3.43000	37
3.43367	35
3.43733	34
3.44100	33
3.44467	30
3.44833	24
3.45200	21
3.45567	22
3.45933	26
3.46300	31
3.46667	36
3.47033	41
3.47400	44
3.47767	42
3.48133	37
3.48500	33
3.48867	34
3.49233	37
3.49600	39
3.49967	42
3.50333	43
3.50700	39
3.51067	34
3.51433	30
3.51800	29
3.52167	29
3.52533	27
3.52900	25
3.53267	22
3.53633	21
3.54000	21
3.54367	17
3.54733	16
3.55100	20
3.55467	25
3.55833	31
3.56200	36
3.56567	38
3.56933	39
3.57300	40
3.57667	44
3.58033	46
3.58400	43
3.58767	35
3.59133	27
3.59500	20
3.59867	16
3.60233	16
3.60600	15
3.60967	14
3.61333	14
3.61700	13
3.62067	12
3.62433	15
3.62800	23
3.63167	31
3.63533	32
3.63900	26
3.64267	15
3.64633	9
3.65000	8
3.65367	12
3.65733	18
3.66100	26
3.66467	31
3.66833	30
3.67200	26
3.67567	20
3.67933	14
3.68300	12
3.68667	17
3.69033	25
3.69400	29
3.69767	28
3.70133	23
3.70500	19
3.70867	19
3.71233	23
3.71600	27
3.71967	31
3.72333	32
3.72700	33
3.73067	33
3.73433	31
3.73800	26
3.74167	20
3.74533	15
3.74900	12
3.75267	12
3.75633	14
3.76000	16
3.76367	16
3.76733	17
3.77100	19
3.77467	21
3.77833	20
3.78200	18
3.78567	19
3.78933	21
3.79300	24
3.79667	26
3.80033	30
3.80400	29
3.80767	25
3.81133	21
3.81500	17
3.81867	16
3.82233	16
3.82600	20
3.82967	23
3.83333	24
3.83700	23
3.84067	20
3.84433	15
3.84800	13
3.85167	13
3.85533	14
3.85900	17
3.86267	21
3.86633	21
3.87000	17
3.87367	12
3.87733	7
3.88100	6
3.88467	8
3.88833	11
3.89200	13
3.89567	14
3.89933	14
3.90300	15
3.90667	16
3.91033	18
3.91400	19
3.91767	17
3.92133	16
3.92500	16
3.92867	14
3.93233	10
3.93600	9
3.93967	11
3.94333	13
3.94700	11
3.95067	10
3.95433	10
3.95800	12
3.96167	11
3.96533	9
3.96900	8
3.97267	7
3.97633	7
3.98000	8
3.98367	9
3.98733	9
3.99100	7
3.99467	7
3.99833	11

[Chromatogram (Ch2)]
Interval(msec)	220
# of Points	1091
Start Time(min)	0.002
End Time(min)	3.998
R.Time (min)	Intensity
0.00167	0
0.00533	0
0.00900	0
0.01267	1
0.01633	1
0.02000	1
0.02367	1
0.02733	1
0.03100	1
0.03467	1
0.03833	1
0.04200	0
0.04567	0
0.04933	0
0.05300	0
0.05667	1
0.06033	1
0.06400	1
0.06767	1
0.07133	1
0.07500	1
0.07867	1
0.08233	1
0.08600	1
0.08967	1
0.09333	1
0.09700	1
0.10067	1
0.10433	2
0.10800	2
0.11167	2
0.11533	2
0.11900	3
0.12267	3
0.12633	3
0.13000	3
0.13367	3
0.13733	3
0.14100	3
0.14467	3
0.14833	3
0.15200	3
0.15567	2
0.15933	2
0.16300	2
0.16667	1
0.17033	1
0.17400	1
0.17767	1
0.18133	1
0.18500	1
0.18867	1
0.19233	1
0.19600	1
0.19967	1
0.20333	1
0.20700	1
0.21067	1
0.21433	1
0.21800	0
0.22167	0
0.22533	0
0.22900	0
0.23267	0
0.23633	-0
0.24000	-0
0.24367	-0
0.24733	-1
0.25100	-1
0.25467	-1
0.25833	-1
0.26200	-1
0.26567	-1
0.26933	-1
0.27300	-1
0.27667	-1
0.28033	-2
0.28400	-2
0.28767	-2
0.29133	-2
0.29500	-3
0.29867	-3
0.30233	-3
0.30600	-3
0.30967	-3
0.31333	-2
0.31700	-2
0.32067	-2
0.32433	-2
0.32800	-2
0.33167	-1
0.33533	-1
0.33900	-0
0.34267	0
0.34633	0
0.35000	0
0.35367	0
0.35733	1
0.36100	1
0.36467	1
0.36833	1
0.37200	1
0.37567	1
0.37933	1
0.38300	1
0.38667	1
0.39033	1
0.39400	1
0.39767	1
0.40133	0
0.40500	0
0.40867	-0
0.41233	-0
0.41600	-1
0.41967	-1
0.42333	-1
0.42700	-1
0.43067	-1
0.43433	-2
0.43800	-2
0.44167	-2
0.44533	-2
0.44900	-2
0.45267	-2
0.45633	-2
0.46000	-2
0.46367	-2
0.46733	-2
0.47100	-2
0.47467	-2
0.47833	-2
0.48200	-2
0.48567	-2
0.48933	-2
0.49300	-2
0.49667	-1
0.50033	-1
0.50400	-1
0.50767	-1
0.51133	-1
0.51500	-1
0.51867	-1
0.52233	-1
0.52600	-1
0.52967	-1
0.53333	-1
0.53700	-0
0.54067	-0
0.54433	-1
0.54800	-1
0.55167	-1
0.55533	-0
0.55900	-1
0.56267	-1
0.56633	-1
0.57000	-1
0.57367	-1
0.57733	-2
0.58100	-2
0.58467	-2
0.58833	-3
0.59200	-3
0.59567	-3
0.59933	-3
0.60300	-3
0.60667	-3
0.61033	-3
0.61400	-3
0.61767	-3
0.62133	-3
0.62500	-3
0.62867	-3
0.63233	-3
0.63600	-3
0.63967	-2
0.64333	-2
0.64700	-2
0.65067	-2
0.65433	-2
0.65800	-2
0.66167	-2
0.66533	-2
0.66900	-2
0.67267	-2
0.67633	-2
0.68000	-1
0.68367	-1
0.68733	-1
0.69100	-1
0.69467	-1
0.69833	-1
0.70200	-1
0.70567	-0
0.70933	-0
0.71300	0
0.71667	1
0.72033	1
0.72400	1
0.72767	1
0.73133	1
0.73500	1
0.73867	1
0.74233	1
0.74600	0
0.74967	0
0.75333	0
0.75700	0
0.76067	0
0.76433	0
0.76800	0
0.77167	0
0.77533	0
0.77900	0
0.78267	-0
0.78633	-0
0.79000	-1
0.79367	-1
0.79733	-1
0.80100	-2
0.80467	-2
0.80833	-2
0.81200	-2
0.81567	-2
0.81933	-2
0.82300	-2
0.82667	-2
0.83033	-2
0.83400	-1
0.83767	-1
0.84133	-1
0.84500	-1
0.84867	-1
0.85233	-0
0.85600	-1
0.85967	-1
0.86333	-1
0.86700	-1
0.87067	-2
0.87433	-2
0.87800	-2
0.88167	-2
0.88533	-2
0.88900	-3
0.89267	-3
0.89633	-3
0.90000	-3
0.90367	-3
0.90733	-3
0.91100	-3
0.91467	-3
0.91833	-3
0.92200	-3
0.92567	-3
0.92933	-3
0.93300	-2
0.93667	-2
0.94033	-2
0.94400	-2
0.94767	-2
0.95133	-2
0.95500	-2
0.95867	-2
0.96233	-2
0.96600	-2
0.96967	-2
0.97333	-2
0.97700	-2
0.98067	-2
0.98433	-2
0.98800	-2
0.99167	-3
0.99533	-3
0.99900	-3
1.00267	-3
1.00633	-3
1.01000	-3
1.01367	-2
1.01733	-2
1.02100	-2
1.02467	-2
1.02833	-2
1.03200	-2
1.03567	-2
1.03933	-2
1.04300	-2
1.04667	-2
1.05033	-2
1.05400	-2
1.05767	-2
1.06133	-2
1.06500	-2
1.06867	-2
1.07233	-2
1.07600	-2
1.07967	-2
1.08333	-2
1.08700	-2
1.09067	-1
1.09433	-1
1.09800	-1
1.10167	-1
1.10533	-1
1.10900	-1
1.11267	-1
1.11633	-1
1.12000	-1
1.12367	-1
1.12733	-1
1.13100	-1
1.13467	-1
1.13833	-1
1.14200	-1
1.14567	-1
1.14933	-2
1.15300	-2
1.15667	-2
1.16033	-2
1.16400	-2
1.16767	-2
1.17133	-2
1.17500	-2
1.17867	-2
1.18233	-2
1.18600	-2
1.18967	-2
1.19333	-2
1.19700	-2
1.20067	-2
1.20433	-2
1.20800	-2
1.21167	-2
1.21533	-2
1.21900	-2
1.22267	-3
1.22633	-3
1.23000	-3
1.23367	-3
1.23733	-3
1.24100	-4
1.24467	-4
1.24833	-4
1.25200	-3
1.25567	-3
1.25933	-3
1.26300	-3
1.26667	-3
1.27033	-3
1.27400	-3
1.27767	-3
1.28133	-2
1.28500	-2
1.28867	-2
1.29233	-2
1.29600	-2
1.29967	-3
1.30333	-3
1.30700	-3
1.31067	-3
1.31433	-3
1.31800	-3
1.32167	-3
1.32533	-3
1.32900	-4
1.33267	-4
1.33633	-4
1.34000	-4
1.34367	-4
1.34733	-4
1.35100	-3
1.35467	-3
1.35833	-3
1.36200	-3
1.36567	-3
1.36933	-3
1.37300	-3
1.37667	-3
1.38033	-4
1.38400	-4
1.38767	-4
1.39133	-5
1.39500	-5
1.39867	-5
1.40233	-5
1.40600	-5
1.40967	-5
1.41333	-5
1.41700	-6
1.42067	-6
1.42433	-6
1.42800	-5
1.43167	-5
1.43533	-5
1.43900	-5
1.44267	-5
1.44633	-4
1.45000	-4
1.45367	-4
1.45733	-4
1.46100	-3
1.46467	-3
1.46833	-3
1.47200	-3
1.47567	-3
1.47933	-4
1.48300	-4
1.48667	-3
1.49033	-3
1.49400	-3
1.49767	-3
1.50133	-3
1.50500	-3
1.50867	-3
1.51233	-3
1.51600	-3
1.51967	-3
1.52333	-3
1.52700	-2
1.53067	-2
1.53433	-3
1.53800	-3
1.54167	-3
1.54533	-2
1.54900	-2
1.55267	-2
1.55633	-3
1.56000	-3
1.56367	-2
1.56733	-2
1.57100	-2
1.57467	-2
1.57833	-2
1.58200	-2
1.58567	-2
1.58933	-2
1.59300	-2
1.59667	-3
1.60033	-3
1.60400	-5
1.60767	-6
1.61133	-8
1.61500	-9
1.61867	-12
1.62233	-14
1.62600	-16
1.62967	-19
1.63333	-22
1.63700	-26
1.64067	-29
1.64433	-33
1.64800	-37
1.65167	-40
1.65533	-44
1.65900	-48
1.66267	-52
1.66633	-57
1.67000	-62
1.67367	-67
1.67733	-73
1.68100	-78
1.68467	-83
1.68833	-87
1.69200	-91
1.69567	-95
1.69933	-99
1.70300	-102
1.70667	-104
1.71033	-106
1.71400	-108
1.71767	-109
1.72133	-109
1.72500	-110
1.72867	-111
1.73233	-111
1.73600	-111
1.73967	-111
1.74333	-112
1.74700	-112
1.75067	-112
1.75433	-113
1.75800	-113
1.76167	-114
1.76533	-114
1.76900	-115
1.77267	-115
1.77633	-116
1.78000	-117
1.78367	-118
1.78733	-119
1.79100	-119
1.79467	-120
1.79833	-121
1.80200	-121
1.80567	-122
1.80933	-122
1.81300	-123
1.81667	-123
1.82033	-123
1.82400	-123
1.82767	-123
1.83133	-123
1.83500	-123
1.83867	-122
1.84233	-121
1.84600	-120
1.84967	-119
1.85333	-119
1.85700	-118
1.86067	-118
1.86433	-119
1.86800	-119
1.87167	-120
1.87533	-120
1.87900	-121
1.88267	-121
1.88633	-122
1.89000	-122
1.89367	-122
1.89733	-122
1.90100	-122
1.90467	-121
1.90833	-121
1.91200	-120
1.91567	-120
1.91933	-119
1.92300	-119
1.92667	-119
1.93033	-119
1.93400	-119
1.93767	-119
1.94133	-118
1.94500	-118
1.94867	-118
1.95233	-118
1.95600	-117
1.95967	-117
1.96333	-117
1.96700	-117
1.97067	-116
1.97433	-116
1.97800	-115
1.98167	-115
1.98533	-114
1.98900	-114
1.99267	-113
1.99633	-113
2.00000	-113
2.00367	-113
2.00733	-113
2.01100	-114
2.01467	-114
2.01833	-114
2.02200	-114
2.02567	-113
2.02933	-113
2.03300	-112
2.03667	-112
2.04033	-111
2.04400	-111
2.04767	-111
2.05133	-111
2.05500	-110
2.05867	-110
2.06233	-110
2.06600	-109
2.06967	-109
2.07333	-108
2.07700	-108
2.08067	-108
2.08433	-107
2.08800	-107
2.09167	-106
2.09533	-106
2.09900	-106
2.10267	-105
2.10633	-105
2.11000	-104
2.11367	-103
2.11733	-103
2.12100	-102
2.12467	-102
2.12833	-102
2.13200	-102
2.13567	-102
2.13933	-102
2.14300	-102
2.14667	-101
2.15033	-101
2.15400	-101
2.15767	-100
2.16133	-100
2.16500	-100
2.16867	-100
2.17233	-100
2.17600	-100
2.17967	-100
2.18333	-99
2.18700	-99
2.19067	-99
2.19433	-98
2.19800	-98
2.20167	-98
2.20533	-97
2.20900	-97
2.21267	-96
2.21633	-96
2.22000	-96
2.22367	-96
2.22733	-96
2.23100	-95
2.23467	-95
2.23833	-95
2.24200	-95
2.24567	-95
2.24933	-94
2.25300	-94
2.25667	-93
2.26033	-92
2.26400	-91
2.26767	-91
2.27133	-90
2.27500	-90
2.27867	-90
2.28233	-90
2.28600	-91
2.28967	-91
2.29333	-92
2.29700	-92
2.30067	-92
2.30433	-92
2.30800	-92
2.31167	-92
2.31533	-92
2.31900	-92
2.32267	-91
2.32633	-91
2.33000	-90
2.33367	-89
2.33733	-88
2.34100	-88
2.34467	-87
2.34833	-87
2.35200	-86
2.35567	-85
2.35933	-84
2.36300	-83
2.36667	-81
2.37033	-80
2.37400	-77
2.37767	-75
2.38133	-71
2.38500	-68
2.38867	-64
2.39233	-60
2.39600	-56
2.39967	-51
2.40333	-47
2.40700	-42
2.41067	-38
2.41433	-34
2.41800	-31
2.42167	-28
2.42533	-25
2.42900	-23
2.43267	-21
2.43633	-18
2.44000	-16
2.44367	-14
2.44733	-12
2.45100	-10
2.45467	-8
2.45833	-7
2.46200	-6
2.46567	-5
2.46933	-4
2.47300	-3
2.47667	-2
2.48033	-1
2.48400	-0
2.48767	1
2.49133	2
2.49500	4
2.49867	5
2.50233	6
2.50600	7
2.50967	7
2.51333	8
2.51700	9
2.52067	10
2.52433	10
2.52800	11
2.53167	11
2.53533	11
2.53900	11
2.54267	11
2.54633	10
2.55000	10
2.55367	11
2.55733	11
2.56100	11
2.56467	12
2.56833	12
2.57200	12
2.57567	12
2.57933	12
2.58300	13
2.58667	13
2.59033	13
2.59400	13
2.59767	13
2.60133	14
2.60500	14
2.60867	15
2.61233	15
2.61600	16
2.61967	16
2.62333	17
2.62700	17
2.63067	17
2.63433	18
2.63800	18
2.64167	18
2.64533	18
2.64900	18
2.65267	19
2.65633	19
2.66000	19
2.66367	19
2.66733	19
2.67100	20
2.67467	20
2.67833	20
2.68200	19
2.68567	19
2.68933	19
2.69300	19
2.69667	19
2.70033	19
2.70400	19
2.70767	19
2.71133	20
2.71500	20
2.71867	21
2.72233	21
2.72600	22
2.72967	22
2.73333	23
2.73700	23
2.74067	23
2.74433	23
2.74800	23
2.75167	22
2.75533	22
2.75900	21
2.76267	21
2.76633	21
2.77000	20
2.77367	20
2.77733	20
2.78100	20
2.78467	20
2.78833	20
2.79200	20
2.79567	20
2.79933	20
2.80300	21
2.80667	21
2.81033	21
2.81400	22
2.81767	22
2.82133	22
2.82500	22
2.82867	22
2.83233	22
2.83600	22
2.83967	22
2.84333	22
2.84700	22
2.85067	22
2.85433	22
2.85800	22
2.86167	22
2.86533	22
2.86900	20
2.87267	18
2.87633	14
2.88000	7
2.88367	-2
2.88733	-15
2.89100	-31
2.89467	-51
2.89833	-74
2.90200	-100
2.90567	-130
2.90933	-163
2.91300	-197
2.91667	-234
2.92033	-273
2.92400	-315
2.92767	-359
2.93133	-404
2.93500	-444
2.93867	-474
2.94233	-489
2.94600	-491
2.94967	-479
2.95333	-457
2.95700	-428
2.96067	-394
2.96433	-357
2.96800	-321
2.97167	-284
2.97533	-250
2.97900	-218
2.98267	-189
2.98633	-162
2.99000	-138
2.99367	-117
2.99733	-98
3.00100	-82
3.00467	-68
3.00833	-55
3.01200	-45
3.01567	-35
3.01933	-27
3.02300	-21
3.02667	-15
3.03033	-10
3.03400	-6
3.03767	-2
3.04133	1
3.04500	3
3.04867	5
3.05233	7
3.05600	9
3.05967	10
3.06333	12
3.06700	13
3.07067	14
3.07433	15
3.07800	15
3.08167	16
3.08533	16
3.08900	17
3.09267	17
3.09633	17
3.10000	17
3.10367	17
3.10733	17
3.11100	17
3.11467	18
3.11833	18
3.12200	18
3.12567	18
3.12933	18
3.13300	18
3.13667	19
3.14033	19
3.14400	19
3.14767	19
3.15133	19
3.15500	19
3.15867	20
3.16233	20
3.16600	20
3.16967	20
3.17333	20
3.17700	21
3.18067	20
3.18433	21
3.18800	21
3.19167	21
3.19533	21
3.19900	21
3.20267	21
3.20633	22
3.21000	22
3.21367	23
3.21733	23
3.22100	23
3.22467	24
3.22833	24
3.23200	24
3.23567	24
3.23933	24
3.24300	24
3.24667	25
3.25033	25
3.25400	25
3.25767	25
3.26133	25
3.26500	25
3.26867	25
3.27233	25
3.27600	25
3.27967	25
3.28333	25
3.28700	25
3.29067	25
3.29433	25
3.29800	25
3.30167	25
3.30533	25
3.30900	24
3.31267	24
3.31633	24
3.32000	24
3.32367	24
3.32733	24
3.33100	24
3.33467	24
3.33833	24
3.34200	24
3.34567	24
3.34933	24
3.35300	24
3.35667	24
3.36033	24
3.36400	24
3.36767	24
3.37133	24
3.37500	24
3.37867	24
3.38233	24
3.38600	24
3.38967	24
3.39333	24
3.39700	24
3.40067	24
3.40433	24
3.40800	24
3.41167	24
3.41533	24
3.41900	24
3.42267	24
3.42633	24
3.43000	24
3.43367	24
3.43733	24
3.44100	24
3.44467	24
3.44833	24
3.45200	24
3.45567	24
3.45933	23
3.46300	23
3.46667	23
3.47033	23
3.47400	23
3.47767	23
3.48133	23
3.48500	23
3.48867	23
3.49233	24
3.49600	24
3.49967	24
3.50333	23
3.50700	23
3.51067	23
3.51433	23
3.51800	23
3.52167	23
3.52533	23
3.52900	23
3.53267	23
3.53633	23
3.54000	23
3.54367	23
3.54733	23
3.55100	23
3.55467	23
3.55833	23
3.56200	23
3.56567	23
3.56933	23
3.57300	23
3.57667	22
3.58033	22
3.58400	22
3.58767	22
3.59133	22
3.59500	23
3.59867	23
3.60233	23
3.60600	23
3.60967	23
3.61333	23
3.61700	23
3.62067	23
3.62433	23
3.62800	23
3.63167	23
3.63533	23
3.63900	22
3.64267	22
3.64633	23
3.65000	23
3.65367	23
3.65733	22
3.66100	22
3.66467	22
3.66833	22
3.67200	22
3.67567	22
3.67933	22
3.68300	22
3.68667	23
3.69033	23
3.69400	23
3.69767	23
3.70133	23
3.70500	22
3.70867	22
3.71233	22
3.71600	22
3.71967	22
3.72333	22
3.72700	22
3.73067	22
3.73433	22
3.73800	22
3.74167	22
3.74533	22
3.74900	22
3.75267	22
3.75633	22
3.76000	22
3.76367	22
3.76733	23
3.77100	23
3.77467	23
3.77833	23
3.78200	23
3.78567	23
3.78933	23
3.79300	22
3.79667	22
3.80033	22
3.80400	22
3.80767	22
3.81133	22
3.81500	22
3.81867	22
3.82233	22
3.82600	22
3.82967	22
3.83333	23
3.83700	23
3.84067	23
3.84433	23
3.84800	23
3.85167	23
3.85533	23
3.85900	23
3.86267	23
3.86633	22
3.87000	22
3.87367	22
3.87733	22
3.88100	22
3.88467	22
3.88833	22
3.89200	22
3.89567	21
3.89933	22
3.90300	22
3.90667	22
3.91033	22
3.91400	22
3.91767	22
3.92133	22
3.92500	22
3.92867	22
3.93233	22
3.93600	22
3.93967	22
3.94333	22
3.94700	22
3.95067	22
3.95433	21
3.95800	21
3.96167	22
3.96533	22
3.96900	22
3.97267	22
3.97633	22
3.98000	22
3.98367	22
3.98733	22
3.99100	23
3.99467	23
3.99833	23

[Chromatogram (Ch3)]
Interval(msec)	220
# of Points	1091
Start Time(min)	0.002
End Time(min)	3.998
R.Time (min)	Intensity
0.00167	1
0.00533	3
0.00900	7
0.01267	9
0.01633	8
0.02000	6
0.02367	4
0.02733	3
0.03100	4
0.03467	4
0.03833	2
0.04200	2
0.04567	3
0.04933	2
0.05300	2
0.05667	6
0.06033	8
0.06400	7
0.06767	6
0.07133	6
0.07500	4
0.07867	3
0.08233	3
0.08600	6
0.08967	7
0.09333	8
0.09700	8
0.10067	8
0.10433	6
0.10800	2
0.11167	-0
0.11533	1
0.11900	4
0.12267	6
0.12633	7
0.13000	8
0.13367	9
0.13733	9
0.14100	7
0.14467	6
0.14833	7
0.15200	6
0.15567	5
0.15933	6
0.16300	7
0.16667	7
0.17033	7
0.17400	6
0.17767	3
0.18133	3
0.18500	4
0.18867	6
0.19233	8
0.19600	10
0.19967	12
0.20333	12
0.20700	13
0.21067	14
0.21433	15
0.21800	17
0.22167	15
0.22533	13
0.22900	10
0.23267	9
0.23633	7
0.24000	8
0.24367	9
0.24733	11
0.25100	12
0.25467	13
0.25833	14
0.26200	16
0.26567	14
0.26933	12
0.27300	10
0.27667	10
0.28033	10
0.28400	13
0.28767	14
0.29133	14
0.29500	13
0.29867	15
0.30233	16
0.30600	17
0.30967	19
0.31333	20
0.31700	19
0.32067	17
0.32433	15
0.32800	13
0.33167	15
0.33533	15
0.33900	15
0.34267	17
0.34633	17
0.35000	15
0.35367	14
0.35733	15
0.36100	14
0.36467	12
0.36833	15
0.37200	17
0.37567	19
0.37933	21
0.38300	22
0.38667	22
0.39033	18
0.39400	16
0.39767	18
0.40133	21
0.40500	22
0.40867	21
0.41233	20
0.41600	18
0.41967	17
0.42333	16
0.42700	18
0.43067	22
0.43433	24
0.43800	27
0.44167	28
0.44533	27
0.44900	28
0.45267	29
0.45633	29
0.46000	30
0.46367	30
0.46733	29
0.47100	29
0.47467	29
0.47833	30
0.48200	31
0.48567	32
0.48933	32
0.49300	32
0.49667	31
0.50033	29
0.50400	29
0.50767	27
0.51133	26
0.51500	25
0.51867	25
0.52233	27
0.52600	27
0.52967	27
0.53333	27
0.53700	26
0.54067	25
0.54433	24
0.54800	24
0.55167	26
0.55533	30
0.55900	32
0.56267	33
0.56633	35
0.57000	34
0.57367	35
0.57733	37
0.58100	36
0.58467	35
0.58833	35
0.59200	37
0.59567	37
0.59933	36
0.60300	36
0.60667	38
0.61033	39
0.61400	39
0.61767	38
0.62133	37
0.62500	37
0.62867	36
0.63233	36
0.63600	35
0.63967	35
0.64333	35
0.64700	36
0.65067	37
0.65433	36
0.65800	36
0.66167	37
0.66533	39
0.66900	40
0.67267	39
0.67633	40
0.68000	41
0.68367	42
0.68733	42
0.69100	41
0.69467	41
0.69833	40
0.70200	40
0.70567	39
0.70933	38
0.71300	40
0.71667	40
0.72033	40
0.72400	40
0.72767	40
0.73133	40
0.73500	41
0.73867	40
0.74233	40
0.74600	41
0.74967	41
0.75333	39
0.75700	38
0.76067	38
0.76433	34
0.76800	33
0.77167	37
0.77533	38
0.77900	41
0.78267	43
0.78633	42
0.79000	43
0.79367	44
0.79733	43
0.80100	43
0.80467	42
0.80833	41
0.81200	42
0.81567	43
0.81933	45
0.82300	46
0.82667	46
0.83033	44
0.83400	43
0.83767	42
0.84133	42
0.84500	43
0.84867	43
0.85233	42
0.85600	43
0.85967	46
0.86333	47
0.86700	45
0.87067	44
0.87433	44
0.87800	45
0.88167	45
0.88533	47
0.88900	49
0.89267	50
0.89633	50
0.90000	51
0.90367	51
0.90733	49
0.91100	50
0.91467	50
0.91833	50
0.92200	50
0.92567	51
0.92933	52
0.93300	53
0.93667	51
0.94033	52
0.94400	53
0.94767	55
0.95133	57
0.95500	57
0.95867	56
0.96233	55
0.96600	54
0.96967	52
0.97333	52
0.97700	52
0.98067	53
0.98433	54
0.98800	56
0.99167	56
0.99533	57
0.99900	57
1.00267	56
1.00633	55
1.01000	56
1.01367	57
1.01733	57
1.02100	55
1.02467	53
1.02833	52
1.03200	51
1.03567	51
1.03933	51
1.04300	51
1.04667	53
1.05033	54
1.05400	54
1.05767	55
1.06133	55
1.06500	54
1.06867	54
1.07233	53
1.07600	53
1.07967	55
1.08333	56
1.08700	57
1.09067	59
1.09433	59
1.09800	57
1.10167	56
1.10533	57
1.10900	58
1.11267	57
1.11633	57
1.12000	56
1.12367	56
1.12733	57
1.13100	56
1.13467	55
1.13833	55
1.14200	54
1.14567	54
1.14933	56
1.15300	59
1.15667	60
1.16033	61
1.16400	63
1.16767	63
1.17133	62
1.17500	61
1.17867	60
1.18233	62
1.18600	65
1.18967	64
1.19333	60
1.19700	56
1.20067	55
1.20433	54
1.20800	55
1.21167	55
1.21533	56
1.21900	59
1.22267	61
1.22633	63
1.23000	64
1.23367	63
1.23733	63
1.24100	66
1.24467	67
1.24833	67
1.25200	65
1.25567	64
1.25933	63
1.26300	65
1.26667	68
1.27033	68
1.27400	64
1.27767	63
1.28133	65
1.28500	64
1.28867	63
1.29233	61
1.29600	59
1.29967	58
1.30333	57
1.30700	59
1.31067	62
1.31433	66
1.31800	67
1.32167	69
1.32533	70
1.32900	69
1.33267	67
1.33633	68
1.34000	71
1.34367	74
1.34733	77
1.35100	77
1.35467	75
1.35833	72
1.36200	70
1.36567	69
1.36933	67
1.37300	70
1.37667	72
1.38033	71
1.38400	69
1.38767	68
1.39133	65
1.39500	64
1.39867	64
1.40233	67
1.40600	70
1.40967	69
1.41333	69
1.41700	70
1.42067	72
1.42433	74
1.42800	76
1.43167	78
1.43533	79
1.43900	77
1.44267	75
1.44633	75
1.45000	73
1.45367	73
1.45733	73
1.46100	73
1.46467	73
1.46833	72
1.47200	72
1.47567	71
1.47933	73
1.48300	76
1.48667	76
1.49033	75
1.49400	75
1.49767	74
1.50133	72
1.50500	73
1.50867	75
1.51233	76
1.51600	75
1.51967	74
1.52333	73
1.52700	74
1.53067	77
1.53433	79
1.53800	82
1.54167	82
1.54533	79
1.54900	76
1.55267	75
1.55633	75
1.56000	75
1.56367	74
1.56733	72
1.57100	72
1.57467	73
1.57833	75
1.58200	77
1.58567	77
1.58933	78
1.59300	77
1.59667	75
1.60033	73
1.60400	72
1.60767	75
1.61133	78
1.61500	80
1.61867	82
1.62233	86
1.62600	89
1.62967	90
1.63333	88
1.63700	84
1.64067	83
1.64433	82
1.64800	82
1.65167	84
1.65533	88
1.65900	89
1.66267	89
1.66633	88
1.67000	89
1.67367	89
1.67733	91
1.68100	94
1.68467	97
1.68833	95
1.69200	95
1.69567	95
1.69933	95
1.70300	96
1.70667	95
1.71033	95
1.71400	97
1.71767	98
1.72133	100
1.72500	102
1.72867	104
1.73233	105
1.73600	104
1.73967	102
1.74333	102
1.74700	104
1.75067	103
1.75433	100
1.75800	102
1.76167	105
1.76533	108
1.76900	109
1.77267	110
1.77633	110
1.78000	112
1.78367	116
1.78733	119
1.79100	121
1.79467	120
1.79833	119
1.80200	119
1.80567	119
1.80933	120
1.81300	120
1.81667	119
1.82033	119
1.82400	119
1.82767	121
1.83133	123
1.83500	123
1.83867	123
1.84233	122
1.84600	122
1.84967	122
1.85333	121
1.85700	120
1.86067	120
1.86433	119
1.86800	121
1.87167	123
1.87533	122
1.87900	122
1.88267	122
1.88633	126
1.89000	130
1.89367	130
1.89733	128
1.90100	124
1.90467	124
1.90833	126
1.91200	127
1.91567	128
1.91933	128
1.92300	129
1.92667	129
1.93033	131
1.93400	132
1.93767	133
1.94133	135
1.94500	139
1.94867	140
1.95233	141
1.95600	140
1.95967	140
1.96333	141
1.96700	142
1.97067	142
1.97433	144
1.97800	147
1.98167	147
1.98533	144
1.98900	143
1.99267	144
1.99633	147
2.00000	150
2.00367	151
2.00733	153
2.01100	154
2.01467	154
2.01833	154
2.02200	156
2.02567	157
2.02933	156
2.03300	157
2.03667	158
2.04033	158
2.04400	159
2.04767	163
2.05133	166
2.05500	167
2.05867	167
2.06233	171
2.06600	176
2.06967	179
2.07333	179
2.07700	179
2.08067	181
2.08433	182
2.08800	182
2.09167	182
2.09533	182
2.09900	184
2.10267	186
2.10633	185
2.11000	184
2.11367	183
2.11733	184
2.12100	186
2.12467	188
2.12833	192
2.13200	196
2.13567	197
2.13933	199
2.14300	201
2.14667	202
2.15033	202
2.15400	202
2.15767	203
2.16133	204
2.16500	205
2.16867	204
2.17233	204
2.17600	207
2.17967	207
2.18333	207
2.18700	208
2.19067	211
2.19433	212
2.19800	214
2.20167	215
2.20533	213
2.20900	214
2.21267	216
2.21633	218
2.22000	217
2.22367	216
2.22733	218
2.23100	219
2.23467	218
2.23833	220
2.24200	223
2.24567	226
2.24933	228
2.25300	227
2.25667	227
2.26033	224
2.26400	223
2.26767	223
2.27133	226
2.27500	228
2.27867	228
2.28233	227
2.28600	230
2.28967	233
2.29333	238
2.29700	241
2.30067	243
2.30433	244
2.30800	246
2.31167	246
2.31533	247
2.31900	247
2.32267	248
2.32633	248
2.33000	244
2.33367	243
2.33733	244
2.34100	247
2.34467	251
2.34833	255
2.35200	258
2.35567	259
2.35933	259
2.36300	260
2.36667	260
2.37033	260
2.37400	259
2.37767	259
2.38133	260
2.38500	260
2.38867	260
2.39233	259
2.39600	259
2.39967	260
2.40333	260
2.40700	259
2.41067	258
2.41433	261
2.41800	267
2.42167	270
2.42533	271
2.42900	273
2.43267	274
2.43633	276
2.44000	277
2.44367	283
2.44733	298
2.45100	314
2.45467	324
2.45833	327
2.46200	325
2.46567	320
2.46933	317
2.47300	314
2.47667	311
2.48033	309
2.48400	305
2.48767	300
2.49133	293
2.49500	288
2.49867	283
2.50233	277
2.50600	272
2.50967	270
2.51333	268
2.51700	265
2.52067	263
2.52433	262
2.52800	260
2.53167	260
2.53533	257
2.53900	253
2.54267	253
2.54633	251
2.55000	249
2.55367	244
2.55733	241
2.56100	239
2.56467	235
2.56833	231
2.57200	227
2.57567	225
2.57933	221
2.58300	220
2.58667	219
2.59033	219
2.59400	218
2.59767	216
2.60133	215
2.60500	214
2.60867	211
2.61233	211
2.61600	209
2.61967	204
2.62333	191
2.62700	175
2.63067	155
2.63433	132
2.63800	107
2.64167	85
2.64533	68
2.64900	55
2.65267	45
2.65633	38
2.66000	35
2.66367	35
2.66733	35
2.67100	38
2.67467	42
2.67833	45
2.68200	49
2.68567	57
2.68933	62
2.69300	66
2.69667	72
2.70033	76
2.70400	78
2.70767	81
2.71133	86
2.71500	93
2.71867	96
2.72233	100
2.72600	104
2.72967	111
2.73333	115
2.73700	116
2.74067	119
2.74433	121
2.74800	124
2.75167	127
2.75533	128
2.75900	128
2.76267	130
2.76633	133
2.77000	134
2.77367	133
2.77733	135
2.78100	135
2.78467	138
2.78833	137
2.79200	134
2.79567	130
2.79933	129
2.80300	131
2.80667	134
2.81033	135
2.81400	133
2.81767	130
2.82133	128
2.82500	127
2.82867	127
2.83233	127
2.83600	127
2.83967	128
2.84333	134
2.84700	151
2.85067	184
2.85433	252
2.85800	372
2.86167	553
2.86533	796
2.86900	1089
2.87267	1403
2.87633	1705
2.88000	1957
2.88367	2138
2.88733	2236
2.89100	2251
2.89467	2200
2.89833	2098
2.90200	1960
2.90567	1801
2.90933	1636
2.91300	1476
2.91667	1320
2.92033	1175
2.92400	1041
2.92767	921
2.93133	817
2.93500	725
2.93867	644
2.94233	574
2.94600	513
2.94967	458
2.95333	410
2.95700	369
2.96067	334
2.96433	304
2.96800	281
2.97167	259
2.97533	238
2.97900	220
2.98267	208
2.98633	193
2.99000	180
2.99367	170
2.99733	162
3.00100	157
3.00467	155
3.00833	152
3.01200	150
3.01567	149
3.01933	146
3.02300	143
3.02667	139
3.03033	138
3.03400	135
3.03767	131
3.04133	128
3.04500	126
3.04867	125
3.05233	128
3.05600	130
3.05967	130
3.06333	129
3.06700	128
3.07067	129
3.07433	129
3.07800	128
3.08167	129
3.08533	130
3.08900	132
3.09267	136
3.09633	138
3.10000	138
3.10367	137
3.10733	135
3.11100	135
3.11467	138
3.11833	137
3.12200	135
3.12567	134
3.12933	135
3.13300	136
3.13667	136
3.14033	135
3.14400	135
3.14767	135
3.15133	135
3.15500	138
3.15867	140
3.16233	140
3.16600	141
3.16967	140
3.17333	138
3.17700	137
3.18067	136
3.18433	134
3.18800	133
3.19167	134
3.19533	134
3.19900	135
3.20267	137
3.20633	137
3.21000	136
3.21367	138
3.21733	140
3.22100	142
3.22467	143
3.22833	143
3.23200	143
3.23567	144
3.23933	144
3.24300	143
3.24667	142
3.25033	143
3.25400	144
3.25767	146
3.26133	144
3.26500	142
3.26867	140
3.27233	141
3.27600	142
3.27967	142
3.28333	141
3.28700	141
3.29067	141
3.29433	141
3.29800	138
3.30167	136
3.30533	135
3.30900	133
3.31267	135
3.31633	141
3.32000	144
3.32367	143
3.32733	142
3.33100	137
3.33467	130
3.33833	129
3.34200	129
3.34567	129
3.34933	131
3.35300	133
3.35667	130
3.36033	126
3.36400	126
3.36767	128
3.37133	129
3.37500	130
3.37867	131
3.38233	133
3.38600	135
3.38967	134
3.39333	131
3.39700	128
3.40067	125
3.40433	125
3.40800	128
3.41167	129
3.41533	129
3.41900	128
3.42267	127
3.42633	127
3.43000	125
3.43367	124
3.43733	124
3.44100	125
3.44467	124
3.44833	123
3.45200	123
3.45567	124
3.45933	125
3.46300	126
3.46667	125
3.47033	124
3.47400	123
3.47767	122
3.48133	120
3.48500	118
3.48867	116
3.49233	117
3.49600	118
3.49967	118
3.50333	117
3.50700	114
3.51067	114
3.51433	115
3.51800	115
3.52167	113
3.52533	112
3.52900	112
3.53267	112
3.53633	112
3.54000	113
3.54367	115
3.54733	114
3.55100	112
3.55467	109
3.55833	106
3.56200	103
3.56567	104
3.56933	105
3.57300	104
3.57667	104
3.58033	107
3.58400	111
3.58767	111
3.59133	108
3.59500	108
3.59867	105
3.60233	101
3.60600	100
3.60967	100
3.61333	100
3.61700	103
3.62067	106
3.62433	107
3.62800	109
3.63167	109
3.63533	110
3.63900	109
3.64267	106
3.64633	105
3.65000	104
3.65367	103
3.65733	102
3.66100	101
3.66467	100
3.66833	100
3.67200	100
3.67567	100
3.67933	99
3.68300	100
3.68667	101
3.69033	101
3.69400	98
3.69767	97
3.70133	97
3.70500	96
3.70867	95
3.71233	96
3.71600	94
3.71967	94
3.72333	94
3.72700	93
3.73067	94
3.73433	94
3.73800	95
3.74167	94
3.74533	95
3.74900	97
3.75267	97
3.75633	97
3.76000	95
3.76367	94
3.76733	94
3.77100	95
3.77467	97
3.77833	97
3.78200	95
3.78567	94
3.78933	95
3.79300	96
3.79667	97
3.80033	97
3.80400	97
3.80767	99
3.81133	100
3.81500	101
3.81867	99
3.82233	95
3.82600	93
3.82967	93
3.83333	94
3.83700	94
3.84067	93
3.84433	96
3.84800	99
3.85167	97
3.85533	96
3.85900	95
3.86267	96
3.86633	95
3.87000	93
3.87367	96
3.87733	98
3.88100	98
3.88467	100
3.88833	102
3.89200	102
3.89567	100
3.89933	99
3.90300	100
3.90667	100
3.91033	101
3.91400	101
3.91767	102
3.92133	101
3.92500	99
3.92867	98
3.93233	98
3.93600	99
3.93967	100
3.94333	100
3.94700	98
3.95067	98
3.95433	101
3.95800	103
3.96167	103
3.96533	102
3.96900	101
3.97267	98
3.97633	96
3.98000	97
3.98367	97
3.98733	97
3.99100	96
3.99467	95
3.99833	95

[Status Trace (Column Oven Temperature)]
Interval(msec)	1000
# of Points	240
Start Time(min)	0.001
End Time(min)	3.984
Intensity Units	
Intensity Multiplier	1
R.Time (min)	Intensity
0.00107	35.02
0.01773	35.02
0.03440	35.02
0.05107	35.02
0.06773	35.01
0.08440	35.01
0.10107	35.00
0.11773	34.98
0.13440	34.98
0.15107	34.98
0.16773	34.98
0.18440	34.97
0.20107	34.98
0.21773	34.98
0.23440	34.98
0.25107	34.98
0.26773	34.99
0.28440	35.00
0.30107	35.00
0.31773	35.01
0.33440	34.99
0.35107	34.99
0.36773	34.98
0.38440	34.98
0.40107	34.98
0.41773	34.99
0.43440	34.99
0.45107	34.99
0.46773	34.99
0.48440	34.98
0.50107	34.98
0.51773	34.97
0.53440	34.98
0.55107	34.97
0.56773	34.98
0.58440	34.98
0.60107	34.99
0.61773	35.00
0.63440	35.01
0.65107	35.01
0.66773	35.01
0.68440	35.01
0.70107	35.00
0.71773	34.99
0.73440	34.98
0.75107	34.98
0.76773	34.98
0.78440	34.98
0.80107	34.98
0.81773	34.99
0.83440	34.98
0.85107	34.98
0.86773	34.99
0.88440	34.99
0.90107	35.00
0.91773	35.00
0.93440	35.00
0.95107	35.01
0.96773	35.01
0.98440	35.00
1.00107	35.01
1.01773	35.00
1.03440	35.00
1.05107	35.00
1.06773	34.99
1.08440	34.99
1.10107	35.00
1.11773	34.99
1.13440	34.97
1.15107	34.97
1.16773	34.96
1.18440	34.97
1.20107	34.97
1.21773	34.98
1.23440	34.98
1.25107	34.98
1.26773	34.99
1.28440	34.99
1.30107	34.99
1.31773	34.98
1.33440	34.98
1.35107	34.99
1.36773	35.00
1.38440	35.00
1.40107	35.01
1.41773	35.00
1.43440	35.00
1.45107	34.99
1.46773	34.99
1.48440	34.99
1.50107	35.00
1.51773	34.99
1.53440	34.98
1.55107	34.99
1.56773	34.98
1.58440	34.98
1.60107	35.02
1.61773	35.11
1.63440	35.27
1.65107	35.49
1.66773	35.82
1.68440	36.19
1.70107	36.55
1.71773	36.89
1.73440	37.21
1.75107	37.54
1.76773	37.87
1.78440	38.21
1.80107	38.55
1.81773	38.89
1.83440	39.20
1.85107	39.51
1.86773	39.85
1.88440	40.19
1.90107	40.52
1.91773	40.85
1.93440	41.17
1.95107	41.50
1.96773	41.84
1.98440	42.14
2.00107	42.48
2.01773	42.80
2.03440	43.11
2.05107	43.44
2.06773	43.76
2.08440	44.07
2.10107	44.41
2.11773	44.73
2.13440	45.06
2.15107	45.39
2.16773	45.72
2.18440	46.04
2.20107	46.37
2.21773	46.70
2.23440	47.03
2.25107	47.35
2.26773	47.68
2.28440	48.03
2.30107	48.36
2.31773	48.69
2.33440	49.02
2.35107	49.34
2.36773	49.56
2.38440	49.66
2.40107	49.68
2.41773	49.70
2.43440	49.71
2.45107	49.71
2.46773	49.73
2.48440	49.73
2.50107	49.75
2.51773	49.75
2.53440	49.77
2.55107	49.79
2.56773	49.81
2.58440	49.81
2.60107	49.83
2.61773	49.82
2.63440	49.83
2.65107	49.84
2.66773	49.84
2.68440	49.86
2.70107	49.86
2.71773	49.86
2.73440	49.85
2.75107	49.87
2.76773	49.87
2.78440	49.88
2.80107	49.88
2.81773	49.88
2.83440	49.90
2.85107	49.91
2.86773	49.92
2.88440	49.94
2.90107	49.95
2.91773	49.97
2.93440	49.99
2.95107	50.01
2.96773	50.03
2.98440	50.03
3.00107	50.04
3.01773	50.04
3.03440	50.05
3.05107	50.06
3.06773	50.05
3.08440	50.06
3.10107	50.07
3.11773	50.08
3.13440	50.09
3.15107	50.10
3.16773	50.10
3.18440	50.11
3.20107	50.11
3.21773	50.09
3.23440	50.08
3.25107	50.07
3.26773	50.07
3.28440	50.06
3.30107	50.06
3.31773	50.05
3.33440	50.05
3.35107	50.06
3.36773	50.06
3.38440	50.05
3.40107	50.05
3.41773	50.05
3.43440	50.06
3.45107	50.06
3.46773	50.06
3.48440	50.05
3.50107	50.05
3.51773	50.06
3.53440	50.06
3.55107	50.06
3.56773	50.07
3.58440	50.07
3.60107	50.07
3.61773	50.07
3.63440	50.06
3.65107	50.07
3.66773	50.07
3.68440	50.07
3.70107	50.07
3.71773	50.08
3.73440	50.08
3.75107	50.08
3.76773	50.08
3.78440	50.08
3.80107	50.08
3.81773	50.09
3.83440	50.09
3.85107	50.08
3.86773	50.08
3.88440	50.09
3.90107	50.08
3.91773	50.07
3.93440	50.08
3.95107	50.08
3.96773	50.09
3.98440	50.08

[Status Trace (Injection Unit Temperature)]
Interval(msec)	1000
# of Points	240
Start Time(min)	0.001
End Time(min)	3.984
Intensity Units	
Intensity Multiplier	1
R.Time (min)	Intensity
0.00107	99.98
0.01773	99.98
0.03440	99.98
0.05107	99.98
0.06773	99.98
0.08440	99.98
0.10107	99.98
0.11773	99.99
0.13440	99.98
0.15107	99.98
0.16773	99.98
0.18440	99.98
0.20107	99.99
0.21773	99.98
0.23440	99.98
0.25107	99.98
0.26773	99.98
0.28440	99.98
0.30107	99.98
0.31773	99.98
0.33440	99.98
0.35107	99.98
0.36773	99.98
0.38440	99.98
0.40107	99.98
0.41773	99.98
0.43440	99.98
0.45107	99.98
0.46773	99.98
0.48440	99.98
0.50107	99.99
0.51773	99.98
0.53440	99.98
0.55107	99.98
0.56773	99.98
0.58440	99.98
0.60107	99.98
0.61773	99.98
0.63440	99.98
0.65107	99.98
0.66773	99.98
0.68440	99.98
0.70107	99.98
0.71773	99.98
0.73440	99.98
0.75107	99.98
0.76773	99.98
0.78440	99.98
0.80107	99.99
0.81773	99.99
0.83440	99.98
0.85107	99.99
0.86773	99.99
0.88440	99.99
0.90107	99.99
0.91773	99.99
0.93440	99.99
0.95107	99.98
0.96773	99.98
0.98440	99.98
1.00107	99.98
1.01773	99.99
1.03440	99.98
1.05107	99.98
1.06773	99.99
1.08440	99.98
1.10107	99.98
1.11773	99.99
1.13440	99.98
1.15107	99.99
1.16773	99.99
1.18440	99.99
1.20107	99.98
1.21773	99.99
1.23440	99.99
1.25107	99.99
1.26773	99.98
1.28440	99.98
1.30107	99.98
1.31773	99.98
1.33440	99.98
1.35107	99.98
1.36773	99.99
1.38440	99.98
1.40107	99.99
1.41773	99.98
1.43440	99.99
1.45107	99.99
1.46773	99.99
1.48440	99.98
1.50107	99.99
1.51773	99.99
1.53440	99.99
1.55107	99.98
1.56773	99.99
1.58440	99.99
1.60107	99.98
1.61773	99.99
1.63440	99.99
1.65107	99.99
1.66773	99.98
1.68440	99.99
1.70107	99.99
1.71773	99.99
1.73440	99.99
1.75107	99.98
1.76773	99.98
1.78440	99.98
1.80107	99.99
1.81773	99.98
1.83440	99.98
1.85107	99.98
1.86773	99.98
1.88440	99.98
1.90107	99.98
1.91773	99.98
1.93440	99.98
1.95107	99.98
1.96773	99.98
1.98440	99.97
2.00107	99.98
2.01773	99.98
2.03440	99.98
2.05107	99.97
2.06773	99.98
2.08440	99.97
2.10107	99.97
2.11773	99.97
2.13440	99.97
2.15107	99.97
2.16773	99.97
2.18440	99.97
2.20107	99.97
2.21773	99.97
2.23440	99.97
2.25107	99.97
2.26773	99.97
2.28440	99.97
2.30107	99.98
2.31773	99.97
2.33440	99.97
2.35107	99.97
2.36773	99.97
2.38440	99.97
2.40107	99.97
2.41773	99.97
2.43440	99.98
2.45107	99.97
2.46773	99.97
2.48440	99.98
2.50107	99.98
2.51773	99.98
2.53440	99.98
2.55107	99.98
2.56773	99.98
2.58440	99.98
2.60107	99.98
2.61773	99.98
2.63440	99.98
2.65107	99.99
2.66773	99.99
2.68440	99.99
2.70107	99.99
2.71773	99.99
2.73440	99.99
2.75107	99.99
2.76773	99.99
2.78440	99.99
2.80107	100.00
2.81773	100.00
2.83440	100.00
2.85107	100.00
2.86773	100.00
2.88440	100.00
2.90107	100.00
2.91773	100.00
2.93440	100.00
2.95107	100.01
2.96773	100.00
2.98440	100.01
3.00107	100.01
3.01773	100.01
3.03440	100.02
3.05107	100.01
3.06773	100.01
3.08440	100.01
3.10107	100.02
3.11773	100.02
3.13440	100.02
3.15107	100.02
3.16773	100.02
3.18440	100.02
3.20107	100.02
3.21773	100.02
3.23440	100.02
3.25107	100.02
3.26773	100.03
3.28440	100.03
3.30107	100.03
3.31773	100.03
3.33440	100.02
3.35107	100.02
3.36773	100.03
3.38440	100.03
3.40107	100.03
3.41773	100.03
3.43440	100.03
3.45107	100.03
3.46773	100.03
3.48440	100.03
3.50107	100.03
3.51773	100.04
3.53440	100.03
3.55107	100.03
3.56773	100.03
3.58440	100.03
3.60107	100.03
3.61773	100.04
3.63440	100.04
3.65107	100.04
3.66773	100.04
3.68440	100.04
3.70107	100.04
3.71773	100.04
3.73440	100.04
3.75107	100.04
3.76773	100.04
3.78440	100.04
3.80107	100.04
3.81773	100.04
3.83440	100.04
3.85107	100.04
3.86773	100.04
3.88440	100.04
3.90107	100.03
3.91773	100.05
3.93440	100.05
3.95107	100.04
3.96773	100.04
3.98440	100.04

[Status Trace (Carrier Gas Pressure)]
Interval(msec)	1000
# of Points	240
Start Time(min)	0.001
End Time(min)	3.984
Intensity Units	
Intensity Multiplier	1
R.Time (min)	Intensity
0.00107	58.00
0.01773	56.48
0.03440	56.03
0.05107	58.38
0.06773	59.91
0.08440	58.43
0.10107	57.97
0.11773	58.00
0.13440	58.01
0.15107	58.01
0.16773	58.00
0.18440	58.00
0.20107	58.00
0.21773	58.00
0.23440	58.00
0.25107	58.00
0.26773	58.00
0.28440	58.00
0.30107	58.00
0.31773	58.00
0.33440	58.00
0.35107	58.00
0.36773	58.00
0.38440	58.00
0.40107	58.00
0.41773	58.00
0.43440	58.00
0.45107	58.00
0.46773	58.00
0.48440	58.00
0.50107	58.00
0.51773	58.00
0.53440	58.00
0.55107	58.00
0.56773	58.00
0.58440	58.00
0.60107	58.00
0.61773	58.00
0.63440	58.00
0.65107	58.00
0.66773	58.00
0.68440	58.00
0.70107	58.00
0.71773	58.00
0.73440	58.00
0.75107	58.00
0.76773	58.00
0.78440	58.00
0.80107	58.00
0.81773	58.00
0.83440	58.00
0.85107	58.00
0.86773	58.00
0.88440	58.00
0.90107	58.00
0.91773	58.00
0.93440	58.00
0.95107	58.00
0.96773	58.00
0.98440	58.00
1.00107	58.00
1.01773	58.00
1.03440	58.00
1.05107	58.00
1.06773	58.00
1.08440	58.00
1.10107	58.00
1.11773	58.00
1.13440	58.00
1.15107	58.00
1.16773	58.00
1.18440	58.00
1.20107	58.00
1.21773	58.00
1.23440	58.00
1.25107	58.00
1.26773	58.00
1.28440	58.00
1.30107	58.00
1.31773	58.00
1.33440	58.00
1.35107	58.00
1.36773	58.00
1.38440	58.00
1.40107	58.00
1.41773	58.00
1.43440	58.00
1.45107	58.00
1.46773	58.00
1.48440	58.00
1.50107	58.00
1.51773	58.00
1.53440	58.00
1.55107	58.00
1.56773	58.00
1.58440	58.00
1.60107	58.00
1.61773	58.00
1.63440	58.00
1.65107	58.00
1.66773	58.01
1.68440	58.01
1.70107	58.00
1.71773	58.00
1.73440	58.00
1.75107	58.00
1.76773	58.00
1.78440	58.00
1.80107	58.00
1.81773	58.00
1.83440	58.00
1.85107	58.00
1.86773	58.00
1.88440	58.00
1.90107	58.00
1.91773	58.00
1.93440	58.00
1.95107	58.00
1.96773	58.00
1.98440	58.00
2.00107	58.00
2.01773	58.00
2.03440	58.00
2.05107	58.00
2.06773	58.00
2.08440	58.00
2.10107	58.00
2.11773	58.00
2.13440	58.00
2.15107	58.00
2.16773	58.00
2.18440	58.00
2.20107	58.00
2.21773	58.00
2.23440	58.00
2.25107	58.00
2.26773	58.00
2.28440	58.00
2.30107	58.00
2.31773	58.00
2.33440	58.00
2.35107	58.00
2.36773	58.00
2.38440	57.99
2.40107	57.99
2.41773	58.00
2.43440	58.00
2.45107	58.00
2.46773	58.00
2.48440	58.00
2.50107	58.00
2.51773	57.99
2.53440	57.99
2.55107	58.00
2.56773	58.00
2.58440	58.00
2.60107	58.00
2.61773	58.00
2.63440	58.00
2.65107	58.00
2.66773	58.00
2.68440	58.00
2.70107	58.00
2.71773	58.00
2.73440	58.00
2.75107	58.00
2.76773	58.00
2.78440	58.00
2.80107	58.00
2.81773	58.00
2.83440	58.00
2.85107	58.00
2.86773	58.00
2.88440	58.00
2.90107	58.00
2.91773	58.00
2.93440	58.00
2.95107	58.00
2.96773	58.00
2.98440	58.00
3.00107	58.00
3.01773	58.00
3.03440	58.00
3.05107	58.00
3.06773	58.00
3.08440	58.00
3.10107	58.00
3.11773	58.00
3.13440	58.00
3.15107	58.00
3.16773	58.00
3.18440	58.00
3.20107	58.00
3.21773	58.00
3.23440	58.00
3.25107	58.00
3.26773	58.00
3.28440	58.00
3.30107	58.00
3.31773	58.00
3.33440	58.00
3.35107	58.00
3.36773	58.00
3.38440	58.00
3.40107	58.00
3.41773	58.00
3.43440	58.00
3.45107	58.00
3.46773	58.00
3.48440	58.00
3.50107	58.00
3.51773	58.00
3.53440	58.00
3.55107	58.00
3.56773	58.00
3.58440	58.00
3.60107	58.00
3.61773	58.00
3.63440	58.00
3.65107	58.00
3.66773	58.00
3.68440	58.00
3.70107	58.00
3.71773	58.00
3.73440	58.00
3.75107	58.00
3.76773	58.00
3.78440	58.00
3.80107	58.00
3.81773	58.00
3.83440	58.00
3.85107	58.00
3.86773	58.00
3.88440	58.00
3.90107	58.00
3.91773	58.00
3.93440	58.00
3.95107	58.00
3.96773	58.00
3.98440	58.00

[Status Trace (Carrier Gas Flow)]
Interval(msec)	1000
# of Points	240
Start Time(min)	0.001
End Time(min)	3.984
Intensity Units	
Intensity Multiplier	1
R.Time (min)	Intensity
0.00107	34.52
0.01773	34.25
0.03440	34.55
0.05107	34.54
0.06773	34.51
0.08440	34.52
0.10107	34.52
0.11773	34.52
0.13440	34.52
0.15107	34.52
0.16773	34.52
0.18440	34.53
0.20107	34.51
0.21773	34.52
0.23440	34.52
0.25107	34.52
0.26773	34.52
0.28440	34.52
0.30107	34.52
0.31773	34.52
0.33440	34.52
0.35107	34.52
0.36773	34.52
0.38440	34.52
0.40107	34.52
0.41773	34.53
0.43440	34.52
0.45107	34.53
0.46773	34.51
0.48440	34.52
0.50107	34.52
0.51773	34.52
0.53440	34.52
0.55107	34.52
0.56773	34.52
0.58440	34.52
0.60107	34.52
0.61773	34.52
0.63440	34.52
0.65107	34.52
0.66773	34.52
0.68440	34.52
0.70107	34.52
0.71773	34.52
0.73440	34.52
0.75107	34.52
0.76773	34.52
0.78440	34.52
0.80107	34.52
0.81773	34.52
0.83440	34.52
0.85107	34.52
0.86773	34.52
0.88440	34.52
0.90107	34.52
0.91773	34.52
0.93440	34.52
0.95107	34.52
0.96773	34.52
0.98440	34.52
1.00107	34.52
1.01773	34.52
1.03440	34.52
1.05107	34.52
1.06773	34.52
1.08440	34.52
1.10107	34.52
1.11773	34.52
1.13440	34.52
1.15107	34.52
1.16773	34.52
1.18440	34.52
1.20107	34.52
1.21773	34.52
1.23440	34.52
1.25107	34.52
1.26773	34.52
1.28440	34.52
1.30107	34.52
1.31773	34.52
1.33440	34.52
1.35107	34.52
1.36773	34.52
1.38440	34.52
1.40107	34.52
1.41773	34.52
1.43440	34.52
1.45107	34.52
1.46773	34.52
1.48440	34.52
1.50107	34.52
1.51773	34.52
1.53440	34.52
1.55107	34.52
1.56773	34.52
1.58440	34.52
1.60107	34.52
1.61773	34.52
1.63440	34.52
1.65107	34.52
1.66773	34.52
1.68440	34.52
1.70107	34.52
1.71773	34.52
1.73440	34.52
1.75107	34.52
1.76773	34.52
1.78440	34.52
1.80107	34.52
1.81773	34.52
1.83440	34.52
1.85107	34.52
1.86773	34.52
1.88440	34.52
1.90107	34.52
1.91773	34.52
1.93440	34.52
1.95107	34.52
1.96773	34.52
1.98440	34.52
2.00107	34.52
2.01773	34.52
2.03440	34.52
2.05107	34.52
2.06773	34.52
2.08440	34.52
2.10107	34.52
2.11773	34.52
2.13440	34.52
2.15107	34.52
2.16773	34.52
2.18440	34.52
2.20107	34.52
2.21773	34.52
2.23440	34.52
2.25107	34.52
2.26773	34.52
2.28440	34.52
2.30107	34.52
2.31773	34.52
2.33440	34.52
2.35107	34.52
2.36773	34.52
2.38440	34.52
2.40107	34.52
2.41773	34.52
2.43440	34.52
2.45107	34.52
2.46773	34.52
2.48440	34.52
2.50107	34.52
2.51773	34.51
2.53440	34.53
2.55107	34.52
2.56773	34.51
2.58440	34.52
2.60107	34.51
2.61773	34.52
2.63440	34.52
2.65107	34.52
2.66773	34.52
2.68440	34.51
2.70107	34.52
2.71773	34.51
2.73440	34.51
2.75107	34.52
2.76773	34.53
2.78440	34.52
2.80107	34.52
2.81773	34.52
2.83440	34.52
2.85107	34.52
2.86773	34.50
2.88440	34.52
2.90107	34.52
2.91773	34.52
2.93440	34.52
2.95107	34.52
2.96773	34.52
2.98440	34.52
3.00107	34.52
3.01773	34.52
3.03440	34.52
3.05107	34.52
3.06773	34.52
3.08440	34.52
3.10107	34.52
3.11773	34.52
3.13440	34.52
3.15107	34.52
3.16773	34.52
3.18440	34.52
3.20107	34.52
3.21773	34.52
3.23440	34.52
3.25107	34.52
3.26773	34.52
3.28440	34.52
3.30107	34.52
3.31773	34.52
3.33440	34.52
3.35107	34.52
3.36773	34.52
3.38440	34.52
3.40107	34.52
3.41773	34.52
3.43440	34.52
3.45107	34.52
3.46773	34.52
3.48440	34.52
3.50107	34.52
3.51773	34.52
3.53440	34.52
3.55107	34.52
3.56773	34.52
3.58440	34.52
3.60107	34.52
3.61773	34.52
3.63440	34.52
3.65107	34.52
3.66773	34.52
3.68440	34.52
3.70107	34.52
3.71773	34.52
3.73440	34.52
3.75107	34.52
3.76773	34.52
3.78440	34.52
3.80107	34.52
3.81773	34.52
3.83440	34.52
3.85107	34.52
3.86773	34.52
3.88440	34.52
3.90107	34.52
3.91773	34.52
3.93440	34.52
3.95107	34.52
3.96773	34.52
3.98440	34.52

[Status Trace (Column Flow)]
Interval(msec)	1000
# of Points	240
Start Time(min)	0.001
End Time(min)	3.984
Intensity Units	
Intensity Multiplier	1
R.Time (min)	Intensity
0.00107	5.46
0.01773	5.29
0.03440	5.23
0.05107	5.50
0.06773	5.68
0.08440	5.51
0.10107	5.46
0.11773	5.46
0.13440	5.46
0.15107	5.46
0.16773	5.46
0.18440	5.46
0.20107	5.46
0.21773	5.46
0.23440	5.46
0.25107	5.46
0.26773	5.46
0.28440	5.46
0.30107	5.46
0.31773	5.46
0.33440	5.46
0.35107	5.46
0.36773	5.46
0.38440	5.46
0.40107	5.46
0.41773	5.46
0.43440	5.46
0.45107	5.46
0.46773	5.46
0.48440	5.46
0.50107	5.46
0.51773	5.46
0.53440	5.46
0.55107	5.46
0.56773	5.46
0.58440	5.46
0.60107	5.46
0.61773	5.46
0.63440	5.46
0.65107	5.46
0.66773	5.46
0.68440	5.46
0.70107	5.46
0.71773	5.46
0.73440	5.46
0.75107	5.46
0.76773	5.46
0.78440	5.46
0.80107	5.46
0.81773	5.46
0.83440	5.46
0.85107	5.46
0.86773	5.46
0.88440	5.46
0.90107	5.46
0.91773	5.46
0.93440	5.46
0.95107	5.46
0.96773	5.46
0.98440	5.46
1.00107	5.46
1.01773	5.46
1.03440	5.46
1.05107	5.46
1.06773	5.46
1.08440	5.46
1.10107	5.46
1.11773	5.46
1.13440	5.46
1.15107	5.46
1.16773	5.46
1.18440	5.46
1.20107	5.46
1.21773	5.46
1.23440	5.46
1.25107	5.46
1.26773	5.46
1.28440	5.46
1.30107	5.46
1.31773	5.46
1.33440	5.46
1.35107	5.46
1.36773	5.46
1.38440	5.46
1.40107	5.46
1.41773	5.46
1.43440	5.46
1.45107	5.46
1.46773	5.46
1.48440	5.46
1.50107	5.46
1.51773	5.46
1.53440	5.46
1.55107	5.46
1.56773	5.46
1.58440	5.46
1.60107	5.46
1.61773	5.46
1.63440	5.45
1.65107	5.45
1.66773	5.44
1.68440	5.43
1.70107	5.41
1.71773	5.40
1.73440	5.39
1.75107	5.38
1.76773	5.37
1.78440	5.36
1.80107	5.35
1.81773	5.34
1.83440	5.33
1.85107	5.32
1.86773	5.31
1.88440	5.30
1.90107	5.29
1.91773	5.28
1.93440	5.28
1.95107	5.27
1.96773	5.25
1.98440	5.25
2.00107	5.24
2.01773	5.23
2.03440	5.22
2.05107	5.21
2.06773	5.20
2.08440	5.19
2.10107	5.18
2.11773	5.17
2.13440	5.16
2.15107	5.15
2.16773	5.14
2.18440	5.13
2.20107	5.12
2.21773	5.11
2.23440	5.11
2.25107	5.10
2.26773	5.09
2.28440	5.08
2.30107	5.07
2.31773	5.06
2.33440	5.05
2.35107	5.04
2.36773	5.03
2.38440	5.03
2.40107	5.03
2.41773	5.03
2.43440	5.03
2.45107	5.03
2.46773	5.03
2.48440	5.03
2.50107	5.03
2.51773	5.03
2.53440	5.03
2.55107	5.03
2.56773	5.03
2.58440	5.03
2.60107	5.03
2.61773	5.03
2.63440	5.03
2.65107	5.03
2.66773	5.03
2.68440	5.03
2.70107	5.03
2.71773	5.03
2.73440	5.03
2.75107	5.03
2.76773	5.03
2.78440	5.03
2.80107	5.03
2.81773	5.03
2.83440	5.03
2.85107	5.03
2.86773	5.03
2.88440	5.02
2.90107	5.02
2.91773	5.02
2.93440	5.02
2.95107	5.02
2.96773	5.02
2.98440	5.02
3.00107	5.02
3.01773	5.02
3.03440	5.02
3.05107	5.02
3.06773	5.02
3.08440	5.02
3.10107	5.02
3.11773	5.02
3.13440	5.02
3.15107	5.02
3.16773	5.02
3.18440	5.02
3.20107	5.02
3.21773	5.02
3.23440	5.02
3.25107	5.02
3.26773	5.02
3.28440	5.02
3.30107	5.02
3.31773	5.02
3.33440	5.02
3.35107	5.02
3.36773	5.02
3.38440	5.02
3.40107	5.02
3.41773	5.02
3.43440	5.02
3.45107	5.02
3.46773	5.02
3.48440	5.02
3.50107	5.02
3.51773	5.02
3.53440	5.02
3.55107	5.02
3.56773	5.02
3.58440	5.02
3.60107	5.02
3.61773	5.02
3.63440	5.02
3.65107	5.02
3.66773	5.02
3.68440	5.02
3.70107	5.02
3.71773	5.02
3.73440	5.02
3.75107	5.02
3.76773	5.02
3.78440	5.02
3.80107	5.02
3.81773	5.02
3.83440	5.02
3.85107	5.02
3.86773	5.02
3.88440	5.02
3.90107	5.02
3.91773	5.02
3.93440	5.02
3.95107	5.02
3.96773	5.02
3.98440	5.02

[Status Trace (Linear Velocity)]
Interval(msec)	1000
# of Points	240
Start Time(min)	0.001
End Time(min)	3.984
Intensity Units	
Intensity Multiplier	1
R.Time (min)	Intensity
0.00107	39.00
0.01773	38.01
0.03440	37.71
0.05107	39.25
0.06773	40.25
0.08440	39.28
0.10107	38.98
0.11773	39.01
0.13440	39.01
0.15107	39.01
0.16773	39.01
0.18440	39.01
0.20107	39.01
0.21773	39.01
0.23440	39.00
0.25107	39.00
0.26773	39.00
0.28440	39.00
0.30107	39.00
0.31773	39.00
0.33440	39.00
0.35107	39.00
0.36773	39.00
0.38440	39.00
0.40107	39.00
0.41773	39.00
0.43440	39.00
0.45107	39.00
0.46773	39.00
0.48440	39.00
0.50107	39.00
0.51773	39.00
0.53440	39.01
0.55107	39.01
0.56773	39.01
0.58440	39.00
0.60107	39.00
0.61773	39.00
0.63440	39.00
0.65107	39.00
0.66773	39.00
0.68440	39.00
0.70107	39.00
0.71773	39.00
0.73440	39.00
0.75107	39.00
0.76773	39.00
0.78440	39.00
0.80107	39.00
0.81773	39.00
0.83440	39.00
0.85107	39.00
0.86773	39.00
0.88440	39.00
0.90107	39.00
0.91773	39.00
0.93440	39.00
0.95107	39.00
0.96773	39.00
0.98440	39.00
1.00107	39.00
1.01773	39.00
1.03440	39.00
1.05107	39.00
1.06773	39.00
1.08440	39.00
1.10107	39.00
1.11773	39.00
1.13440	39.00
1.15107	39.01
1.16773	39.01
1.18440	39.00
1.20107	39.01
1.21773	39.00
1.23440	39.00
1.25107	39.00
1.26773	39.00
1.28440	39.00
1.30107	39.00
1.31773	39.00
1.33440	39.00
1.35107	39.00
1.36773	39.00
1.38440	39.00
1.40107	39.00
1.41773	39.00
1.43440	39.00
1.45107	39.00
1.46773	39.00
1.48440	39.00
1.50107	39.00
1.51773	39.00
1.53440	39.00
1.55107	39.00
1.56773	39.00
1.58440	39.00
1.60107	39.00
1.61773	38.99
1.63440	38.98
1.65107	38.96
1.66773	38.93
1.68440	38.90
1.70107	38.86
1.71773	38.82
1.73440	38.79
1.75107	38.76
1.76773	38.73
1.78440	38.70
1.80107	38.67
1.81773	38.63
1.83440	38.61
1.85107	38.58
1.86773	38.54
1.88440	38.51
1.90107	38.48
1.91773	38.45
1.93440	38.42
1.95107	38.39
1.96773	38.36
1.98440	38.33
2.00107	38.30
2.01773	38.27
2.03440	38.24
2.05107	38.21
2.06773	38.18
2.08440	38.15
2.10107	38.12
2.11773	38.09
2.13440	38.06
2.15107	38.03
2.16773	38.00
2.18440	37.97
2.20107	37.95
2.21773	37.91
2.23440	37.89
2.25107	37.86
2.26773	37.82
2.28440	37.80
2.30107	37.77
2.31773	37.73
2.33440	37.71
2.35107	37.68
2.36773	37.66
2.38440	37.65
2.40107	37.64
2.41773	37.64
2.43440	37.64
2.45107	37.64
2.46773	37.64
2.48440	37.64
2.50107	37.64
2.51773	37.63
2.53440	37.63
2.55107	37.64
2.56773	37.64
2.58440	37.64
2.60107	37.63
2.61773	37.63
2.63440	37.63
2.65107	37.63
2.66773	37.63
2.68440	37.63
2.70107	37.63
2.71773	37.63
2.73440	37.63
2.75107	37.63
2.76773	37.63
2.78440	37.63
2.80107	37.63
2.81773	37.63
2.83440	37.63
2.85107	37.63
2.86773	37.63
2.88440	37.62
2.90107	37.62
2.91773	37.62
2.93440	37.62
2.95107	37.62
2.96773	37.62
2.98440	37.62
3.00107	37.62
3.01773	37.62
3.03440	37.61
3.05107	37.61
3.06773	37.61
3.08440	37.61
3.10107	37.61
3.11773	37.61
3.13440	37.61
3.15107	37.61
3.16773	37.61
3.18440	37.61
3.20107	37.61
3.21773	37.61
3.23440	37.61
3.25107	37.61
3.26773	37.61
3.28440	37.61
3.30107	37.61
3.31773	37.61
3.33440	37.61
3.35107	37.61
3.36773	37.61
3.38440	37.61
3.40107	37.61
3.41773	37.61
3.43440	37.61
3.45107	37.61
3.46773	37.61
3.48440	37.61
3.50107	37.61
3.51773	37.61
3.53440	37.61
3.55107	37.61
3.56773	37.61
3.58440	37.61
3.60107	37.61
3.61773	37.61
3.63440	37.61
3.65107	37.61
3.66773	37.61
3.68440	37.61
3.70107	37.61
3.71773	37.61
3.73440	37.61
3.75107	37.61
3.76773	37.61
3.78440	37.61
3.80107	37.61
3.81773	37.61
3.83440	37.61
3.85107	37.61
3.86773	37.61
3.88440	37.61
3.90107	37.61
3.91773	37.61
3.93440	37.61
3.95107	37.61
3.96773	37.61
3.98440	37.61

