[Header]
Application Name	LabSolutions
Version	5.110
Data File Name	C:\Users\User\Desktop\GC Analyses\Jack\UIC Prairie Sampling\9.2.22\220902_027.gcd
Output Date	10/28/2022
Output Time	1:23:53 PM

[File Information]
Type	Data File
Generated	10/25/2022 2:10:10 PM
Generated by	System Administrator
Modified	10/25/2022 2:14:34 PM
Modified by	System Administrator

[Sample Information]
Operator Name	System Administrator
Acquired	10/25/2022 2:10:33 PM
Sample Type	1:Standard
Level	1
Sample Name	220902_UICPrairie
Sample ID	220902_UICPrairie
ISTD Amount1	1
ISTD Amount2	1
ISTD Amount3	1
ISTD Amount4	1
ISTD Amount5	1
ISTD Amount6	1
ISTD Amount7	1
ISTD Amount8	1
ISTD Amount9	1
ISTD Amount10	1
ISTD Amount11	1
ISTD Amount12	1
ISTD Amount13	1
ISTD Amount14	1
ISTD Amount15	1
ISTD Amount16	1
ISTD Amount17	1
ISTD Amount18	1
ISTD Amount19	1
ISTD Amount20	1
ISTD Amount21	1
ISTD Amount22	1
ISTD Amount23	1
ISTD Amount24	1
ISTD Amount25	1
ISTD Amount26	1
ISTD Amount27	1
ISTD Amount28	1
ISTD Amount29	1
ISTD Amount30	1
ISTD Amount31	1
ISTD Amount32	1
Sample Amount	1
Dilution Factor	1
Vial#	1
Injection Volume	1
Injection Count	1
Bar Code	

[Original Files]
Data File	C:\Users\User\Desktop\GC Analyses\Jack\UIC Prairie Sampling\9.2.22\220902_027.gcd
Method File	C:\LabSolutions\Data\GHG_4min_2022\ghg3_togas_w_acet_4 min_new_int.gcm
Batch File	
Report Format File	c:\LabSolutions\System\DEFAULT.lsr

[File Description]


[Configuration]
Instrument Name	C0B7VH3-Instrument1
Instrument #	1
Line #	1
# of Detectors	3
Detector ID	DET#1	DET#2	DET#3
Detector Name	FID	PTCD	ECD
# of Channels	1	1	1

[Peak Table(Ch1)]
# of Peaks	3
Peak#	R.Time	I.Time	F.Time	Area	Height	A/H	Conc.	Mark	ID#	Name	k'	Plate #	Plate Ht.	Tailing	Resolution	Sep.Factor	Area Ratio	Height Ratio	Conc. %	Norm Conc.
1	1.479	1.439	1.542	10354	5053	2.049	100.000	   	1	CO	0.000	9467	15.845	1.191	0.000	0.000	0	0	16.667	16.667
2	1.571	1.542	1.619	3874	2122	1.826	100.000	 V 	2	CH4	0.062	12600	11.905	1.175	1.570	0.000	0	0	16.667	16.667
3	2.000	1.956	2.326	1510729	791804	1.908	400.000	   	3	CO2	0.352	19687	7.619	1.283	7.593	5.680	0	0	66.667	66.667

[Peak Table(Ch2)]
# of Peaks	0

[Peak Table(Ch3)]
# of Peaks	3
Peak#	R.Time	I.Time	F.Time	Area	Height	A/H	Conc.	Mark	ID#	Name	k'	Plate #	Plate Ht.	Tailing	Resolution	Sep.Factor	Area Ratio	Height Ratio	Conc. %	Norm Conc.
1	2.458	2.286	2.649	3374	267	12.621	0.000	   			0.000	1718	87.330	1.066	0.000	0.000	0	0	0.000	0.000
2	2.799	2.667	2.810	814	138	5.905	0.047	   	1	N2O	0.139	1420	105.625	0.000	1.276	0.000	0	0	4.733	4.733
3	2.887	2.810	3.129	16382	4278	3.830	0.953	 V 	1	N2O	0.175	13936	10.763	1.548	0.446	1.258	0	0	95.267	95.267

[Compound Results(Ch1)]
# of IDs	6
ID#	Name	R.Time	Area	Height	Conc.	Curve	3rd	2nd	1st	Constant	Area Ratio	Height Ratio	Conc. %	Norm Conc.
1	CO	1.479	10354	5053	100.000	Linear	0.000000e+00	0.000000e+00	1.035388e+002	0.000000e+00	0	0	16.667	16.667
2	CH4	1.571	3874	2122	100.000	Linear	0.000000e+00	0.000000e+00	3.874483e+001	0.000000e+00	0	0	16.667	16.667
3	CO2	2.000	1510729	791804	400.000	Linear	0.000000e+00	0.000000e+00	3.776823e+003	0.000000e+00	0	0	66.667	66.667
4	Ethylene	0.000	0	0	0.000	Linear	0.000000e+00	0.000000e+00	0.000000e+00	0.000000e+00	0	0	0.000	0.000
5	Acetylene	0.000	0	0	0.000	Linear	0.000000e+00	0.000000e+00	0.000000e+00	0.000000e+00	0	0	0.000	0.000
6	Ethane	0.000	0	0	0.000	Linear	0.000000e+00	0.000000e+00	0.000000e+00	0.000000e+00	0	0	0.000	0.000

[Compound Results(Ch2)]
# of IDs	5
ID#	Name	R.Time	Area	Height	Conc.	Curve	3rd	2nd	1st	Constant	Area Ratio	Height Ratio	Conc. %	Norm Conc.
1	Hydrogen	0.000	0	0	0.000	Linear	0.000000e+00	0.000000e+00	0.000000e+00	0.000000e+00	0	0	0.000	0.000
2	Oxygen	0.000	0	0	0.000	Linear	0.000000e+00	0.000000e+00	0.000000e+00	0.000000e+00	0	0	0.000	0.000
3	Nitrogen	0.000	0	0	0.000	Linear	0.000000e+00	0.000000e+00	0.000000e+00	0.000000e+00	0	0	0.000	0.000
4	Methane	0.000	0	0	0.000	Linear	0.000000e+00	0.000000e+00	0.000000e+00	0.000000e+00	0	0	0.000	0.000
5	Carbon Monoxide	0.000	0	0	0.000	Linear	0.000000e+00	0.000000e+00	0.000000e+00	0.000000e+00	0	0	0.000	0.000

[Compound Results(Ch3)]
# of IDs	2
ID#	Name	R.Time	Area	Height	Conc.	Curve	3rd	2nd	1st	Constant	Area Ratio	Height Ratio	Conc. %	Norm Conc.
1	N2O	2.887	17196	4415	1.000	Linear	0.000000e+00	0.000000e+00	1.719578e+004	0.000000e+00	0	0	100.000	100.000
2	SF6	0.000	0	0	0.000	Linear	0.000000e+00	0.000000e+00	0.000000e+00	0.000000e+00	0	0	0.000	0.000

[Group Results(Ch1)]
# of Groups	0

[Group Results(Ch2)]
# of Groups	0

[Group Results(Ch3)]
# of Groups	0

[Chromatogram (Ch1)]
Interval(msec)	220
# of Points	1091
Start Time(min)	0.002
End Time(min)	3.998
R.Time (min)	Intensity
0.00167	19
0.00533	27
0.00900	33
0.01267	36
0.01633	36
0.02000	35
0.02367	34
0.02733	30
0.03100	23
0.03467	16
0.03833	11
0.04200	11
0.04567	13
0.04933	14
0.05300	17
0.05667	20
0.06033	21
0.06400	20
0.06767	18
0.07133	14
0.07500	8
0.07867	5
0.08233	3
0.08600	2
0.08967	4
0.09333	5
0.09700	1
0.10067	-4
0.10433	-7
0.10800	-12
0.11167	-16
0.11533	-19
0.11900	-17
0.12267	-10
0.12633	-5
0.13000	-3
0.13367	-0
0.13733	1
0.14100	-1
0.14467	-6
0.14833	-10
0.15200	-8
0.15567	-5
0.15933	1
0.16300	2
0.16667	-0
0.17033	-3
0.17400	-3
0.17767	-4
0.18133	-5
0.18500	-9
0.18867	-12
0.19233	-16
0.19600	-22
0.19967	-25
0.20333	-23
0.20700	-19
0.21067	-15
0.21433	-10
0.21800	-9
0.22167	-11
0.22533	-13
0.22900	-13
0.23267	-15
0.23633	-17
0.24000	-16
0.24367	-14
0.24733	-12
0.25100	-14
0.25467	-19
0.25833	-24
0.26200	-29
0.26567	-33
0.26933	-36
0.27300	-38
0.27667	-37
0.28033	-34
0.28400	-31
0.28767	-30
0.29133	-31
0.29500	-35
0.29867	-36
0.30233	-38
0.30600	-40
0.30967	-38
0.31333	-37
0.31700	-36
0.32067	-39
0.32433	-41
0.32800	-41
0.33167	-39
0.33533	-35
0.33900	-34
0.34267	-36
0.34633	-38
0.35000	-38
0.35367	-36
0.35733	-34
0.36100	-32
0.36467	-30
0.36833	-30
0.37200	-31
0.37567	-35
0.37933	-38
0.38300	-41
0.38667	-41
0.39033	-40
0.39400	-39
0.39767	-37
0.40133	-35
0.40500	-31
0.40867	-28
0.41233	-27
0.41600	-27
0.41967	-27
0.42333	-28
0.42700	-31
0.43067	-36
0.43433	-42
0.43800	-49
0.44167	-58
0.44533	-64
0.44900	-64
0.45267	-60
0.45633	-54
0.46000	-49
0.46367	-48
0.46733	-50
0.47100	-53
0.47467	-54
0.47833	-50
0.48200	-46
0.48567	-46
0.48933	-48
0.49300	-49
0.49667	-56
0.50033	-66
0.50400	-73
0.50767	-73
0.51133	-69
0.51500	-63
0.51867	-61
0.52233	-63
0.52600	-66
0.52967	-66
0.53333	-64
0.53700	-60
0.54067	-55
0.54433	-52
0.54800	-51
0.55167	-49
0.55533	-49
0.55900	-53
0.56267	-61
0.56633	-68
0.57000	-70
0.57367	-72
0.57733	-69
0.58100	-63
0.58467	-58
0.58833	-56
0.59200	-55
0.59567	-54
0.59933	-57
0.60300	-59
0.60667	-59
0.61033	-60
0.61400	-60
0.61767	-58
0.62133	-53
0.62500	-47
0.62867	-49
0.63233	-58
0.63600	-66
0.63967	-71
0.64333	-73
0.64700	-73
0.65067	-72
0.65433	-69
0.65800	-65
0.66167	-61
0.66533	-58
0.66900	-59
0.67267	-62
0.67633	-66
0.68000	-72
0.68367	-76
0.68733	-79
0.69100	-81
0.69467	-82
0.69833	-79
0.70200	-73
0.70567	-67
0.70933	-62
0.71300	-59
0.71667	-56
0.72033	-58
0.72400	-65
0.72767	-73
0.73133	-79
0.73500	-82
0.73867	-84
0.74233	-85
0.74600	-86
0.74967	-84
0.75333	-82
0.75700	-79
0.76067	-74
0.76433	-70
0.76800	-70
0.77167	-71
0.77533	-72
0.77900	-73
0.78267	-74
0.78633	-76
0.79000	-75
0.79367	-71
0.79733	-67
0.80100	-68
0.80467	-69
0.80833	-69
0.81200	-69
0.81567	-70
0.81933	-72
0.82300	-74
0.82667	-78
0.83033	-84
0.83400	-91
0.83767	-98
0.84133	-108
0.84500	-117
0.84867	-120
0.85233	-119
0.85600	-113
0.85967	-105
0.86333	-96
0.86700	-87
0.87067	-81
0.87433	-78
0.87800	-74
0.88167	-70
0.88533	-71
0.88900	-72
0.89267	-74
0.89633	-78
0.90000	-83
0.90367	-88
0.90733	-89
0.91100	-90
0.91467	-91
0.91833	-95
0.92200	-99
0.92567	-97
0.92933	-94
0.93300	-93
0.93667	-90
0.94033	-85
0.94400	-82
0.94767	-83
0.95133	-87
0.95500	-94
0.95867	-103
0.96233	-109
0.96600	-112
0.96967	-109
0.97333	-105
0.97700	-102
0.98067	-103
0.98433	-105
0.98800	-106
0.99167	-107
0.99533	-104
0.99900	-101
1.00267	-97
1.00633	-97
1.01000	-97
1.01367	-102
1.01733	-106
1.02100	-108
1.02467	-106
1.02833	-103
1.03200	-99
1.03567	-96
1.03933	-94
1.04300	-91
1.04667	-93
1.05033	-97
1.05400	-103
1.05767	-109
1.06133	-111
1.06500	-110
1.06867	-110
1.07233	-111
1.07600	-113
1.07967	-114
1.08333	-113
1.08700	-109
1.09067	-108
1.09433	-111
1.09800	-114
1.10167	-112
1.10533	-104
1.10900	-95
1.11267	-88
1.11633	-87
1.12000	-88
1.12367	-91
1.12733	-95
1.13100	-102
1.13467	-113
1.13833	-125
1.14200	-133
1.14567	-137
1.14933	-135
1.15300	-133
1.15667	-130
1.16033	-126
1.16400	-123
1.16767	-121
1.17133	-119
1.17500	-121
1.17867	-123
1.18233	-122
1.18600	-116
1.18967	-110
1.19333	-107
1.19700	-110
1.20067	-111
1.20433	-111
1.20800	-110
1.21167	-109
1.21533	-108
1.21900	-106
1.22267	-105
1.22633	-106
1.23000	-112
1.23367	-120
1.23733	-126
1.24100	-126
1.24467	-122
1.24833	-117
1.25200	-115
1.25567	-114
1.25933	-113
1.26300	-112
1.26667	-110
1.27033	-107
1.27400	-103
1.27767	-101
1.28133	-105
1.28500	-114
1.28867	-125
1.29233	-133
1.29600	-138
1.29967	-140
1.30333	-137
1.30700	-133
1.31067	-127
1.31433	-122
1.31800	-119
1.32167	-119
1.32533	-121
1.32900	-122
1.33267	-121
1.33633	-120
1.34000	-118
1.34367	-118
1.34733	-118
1.35100	-116
1.35467	-114
1.35833	-113
1.36200	-114
1.36567	-115
1.36933	-117
1.37300	-120
1.37667	-121
1.38033	-121
1.38400	-116
1.38767	-111
1.39133	-109
1.39500	-111
1.39867	-115
1.40233	-118
1.40600	-120
1.40967	-121
1.41333	-122
1.41700	-121
1.42067	-121
1.42433	-125
1.42800	-130
1.43167	-131
1.43533	-131
1.43900	-129
1.44267	-112
1.44633	-19
1.45000	208
1.45367	552
1.45733	1019
1.46100	1672
1.46467	2513
1.46833	3424
1.47200	4229
1.47567	4767
1.47933	4927
1.48300	4680
1.48667	4103
1.49033	3351
1.49400	2584
1.49767	1904
1.50133	1355
1.50500	936
1.50867	631
1.51233	417
1.51600	270
1.51967	169
1.52333	97
1.52700	42
1.53067	-0
1.53433	-32
1.53800	-55
1.54167	-59
1.54533	-16
1.54900	135
1.55267	433
1.55633	846
1.56000	1284
1.56367	1661
1.56733	1915
1.57100	2000
1.57467	1898
1.57833	1638
1.58200	1292
1.58567	939
1.58933	633
1.59300	397
1.59667	223
1.60033	100
1.60400	14
1.60767	-44
1.61133	-82
1.61500	-106
1.61867	-119
1.62233	-124
1.62600	-125
1.62967	-125
1.63333	-129
1.63700	-137
1.64067	-147
1.64433	-154
1.64800	-155
1.65167	-154
1.65533	-154
1.65900	-155
1.66267	-158
1.66633	-160
1.67000	-162
1.67367	-160
1.67733	-159
1.68100	-158
1.68467	-158
1.68833	-158
1.69200	-157
1.69567	-155
1.69933	-152
1.70300	-148
1.70667	-147
1.71033	-148
1.71400	-147
1.71767	-144
1.72133	-144
1.72500	-143
1.72867	-142
1.73233	-142
1.73600	-144
1.73967	-146
1.74333	-150
1.74700	-152
1.75067	-151
1.75433	-150
1.75800	-149
1.76167	-149
1.76533	-150
1.76900	-153
1.77267	-157
1.77633	-158
1.78000	-152
1.78367	-144
1.78733	-140
1.79100	-142
1.79467	-142
1.79833	-139
1.80200	-140
1.80567	-143
1.80933	-145
1.81300	-149
1.81667	-153
1.82033	-158
1.82400	-160
1.82767	-163
1.83133	-165
1.83500	-164
1.83867	-158
1.84233	-151
1.84600	-142
1.84967	-134
1.85333	-132
1.85700	-137
1.86067	-147
1.86433	-156
1.86800	-156
1.87167	-153
1.87533	-149
1.87900	-145
1.88267	-141
1.88633	-138
1.89000	-136
1.89367	-139
1.89733	-145
1.90100	-149
1.90467	-149
1.90833	-147
1.91200	-142
1.91567	-138
1.91933	-136
1.92300	-139
1.92667	-141
1.93033	-138
1.93400	-133
1.93767	-128
1.94133	-125
1.94500	-122
1.94867	-121
1.95233	-122
1.95600	-118
1.95967	-61
1.96333	314
1.96700	2204
1.97067	9576
1.97433	31661
1.97800	83144
1.98167	177603
1.98533	315595
1.98900	478075
1.99267	632119
1.99633	744176
2.00000	791711
2.00367	769048
2.00733	687848
2.01100	571593
2.01467	445951
2.01833	330577
2.02200	235715
2.02567	163566
2.02933	111622
2.03300	75604
2.03667	51238
2.04033	34999
2.04400	24255
2.04767	17151
2.05133	12430
2.05500	9257
2.05867	7087
2.06233	5573
2.06600	4494
2.06967	3707
2.07333	3117
2.07700	2663
2.08067	2306
2.08433	2024
2.08800	1796
2.09167	1609
2.09533	1454
2.09900	1326
2.10267	1220
2.10633	1128
2.11000	1043
2.11367	966
2.11733	896
2.12100	837
2.12467	786
2.12833	739
2.13200	695
2.13567	651
2.13933	611
2.14300	576
2.14667	545
2.15033	517
2.15400	493
2.15767	472
2.16133	451
2.16500	426
2.16867	397
2.17233	369
2.17600	346
2.17967	330
2.18333	320
2.18700	313
2.19067	307
2.19433	298
2.19800	286
2.20167	275
2.20533	266
2.20900	257
2.21267	249
2.21633	240
2.22000	228
2.22367	218
2.22733	211
2.23100	203
2.23467	195
2.23833	191
2.24200	191
2.24567	192
2.24933	191
2.25300	186
2.25667	178
2.26033	167
2.26400	157
2.26767	150
2.27133	145
2.27500	142
2.27867	137
2.28233	132
2.28600	127
2.28967	123
2.29333	121
2.29700	121
2.30067	123
2.30433	125
2.30800	126
2.31167	125
2.31533	120
2.31900	111
2.32267	103
2.32633	98
2.33000	96
2.33367	96
2.33733	95
2.34100	93
2.34467	89
2.34833	89
2.35200	93
2.35567	97
2.35933	99
2.36300	98
2.36667	94
2.37033	89
2.37400	86
2.37767	83
2.38133	83
2.38500	85
2.38867	86
2.39233	87
2.39600	84
2.39967	76
2.40333	70
2.40700	67
2.41067	67
2.41433	72
2.41800	76
2.42167	80
2.42533	82
2.42900	81
2.43267	78
2.43633	77
2.44000	78
2.44367	82
2.44733	84
2.45100	86
2.45467	87
2.45833	85
2.46200	80
2.46567	72
2.46933	65
2.47300	61
2.47667	59
2.48033	60
2.48400	62
2.48767	66
2.49133	70
2.49500	74
2.49867	80
2.50233	85
2.50600	86
2.50967	84
2.51333	78
2.51700	72
2.52067	69
2.52433	68
2.52800	69
2.53167	71
2.53533	73
2.53900	72
2.54267	73
2.54633	75
2.55000	71
2.55367	65
2.55733	61
2.56100	63
2.56467	66
2.56833	68
2.57200	65
2.57567	61
2.57933	59
2.58300	57
2.58667	55
2.59033	54
2.59400	54
2.59767	54
2.60133	54
2.60500	54
2.60867	55
2.61233	58
2.61600	60
2.61967	61
2.62333	61
2.62700	60
2.63067	57
2.63433	54
2.63800	50
2.64167	46
2.64533	42
2.64900	40
2.65267	38
2.65633	35
2.66000	35
2.66367	37
2.66733	40
2.67100	46
2.67467	54
2.67833	61
2.68200	64
2.68567	62
2.68933	60
2.69300	60
2.69667	59
2.70033	58
2.70400	57
2.70767	56
2.71133	55
2.71500	52
2.71867	49
2.72233	47
2.72600	48
2.72967	49
2.73333	48
2.73700	44
2.74067	43
2.74433	45
2.74800	50
2.75167	55
2.75533	59
2.75900	60
2.76267	58
2.76633	56
2.77000	50
2.77367	43
2.77733	36
2.78100	32
2.78467	32
2.78833	38
2.79200	48
2.79567	58
2.79933	63
2.80300	65
2.80667	64
2.81033	62
2.81400	60
2.81767	59
2.82133	57
2.82500	57
2.82867	59
2.83233	62
2.83600	65
2.83967	69
2.84333	69
2.84700	68
2.85067	64
2.85433	64
2.85800	62
2.86167	59
2.86533	59
2.86900	64
2.87267	71
2.87633	78
2.88000	81
2.88367	79
2.88733	73
2.89100	67
2.89467	64
2.89833	64
2.90200	64
2.90567	61
2.90933	57
2.91300	53
2.91667	52
2.92033	53
2.92400	57
2.92767	61
2.93133	61
2.93500	57
2.93867	52
2.94233	49
2.94600	48
2.94967	52
2.95333	59
2.95700	63
2.96067	60
2.96433	53
2.96800	48
2.97167	44
2.97533	41
2.97900	40
2.98267	42
2.98633	46
2.99000	51
2.99367	58
2.99733	62
3.00100	64
3.00467	65
3.00833	66
3.01200	71
3.01567	77
3.01933	84
3.02300	86
3.02667	81
3.03033	69
3.03400	59
3.03767	54
3.04133	52
3.04500	48
3.04867	43
3.05233	37
3.05600	34
3.05967	32
3.06333	32
3.06700	33
3.07067	36
3.07433	40
3.07800	42
3.08167	43
3.08533	41
3.08900	37
3.09267	36
3.09633	40
3.10000	46
3.10367	53
3.10733	60
3.11100	62
3.11467	61
3.11833	59
3.12200	57
3.12567	54
3.12933	51
3.13300	47
3.13667	43
3.14033	42
3.14400	43
3.14767	45
3.15133	47
3.15500	49
3.15867	49
3.16233	47
3.16600	42
3.16967	41
3.17333	43
3.17700	48
3.18067	53
3.18433	57
3.18800	57
3.19167	54
3.19533	48
3.19900	42
3.20267	37
3.20633	33
3.21000	29
3.21367	25
3.21733	22
3.22100	19
3.22467	17
3.22833	18
3.23200	23
3.23567	29
3.23933	35
3.24300	41
3.24667	46
3.25033	48
3.25400	47
3.25767	46
3.26133	44
3.26500	38
3.26867	31
3.27233	28
3.27600	28
3.27967	29
3.28333	32
3.28700	32
3.29067	31
3.29433	32
3.29800	33
3.30167	35
3.30533	37
3.30900	34
3.31267	29
3.31633	27
3.32000	26
3.32367	27
3.32733	28
3.33100	29
3.33467	25
3.33833	21
3.34200	21
3.34567	18
3.34933	16
3.35300	13
3.35667	12
3.36033	14
3.36400	15
3.36767	18
3.37133	23
3.37500	30
3.37867	35
3.38233	39
3.38600	41
3.38967	38
3.39333	32
3.39700	25
3.40067	20
3.40433	17
3.40800	13
3.41167	11
3.41533	9
3.41900	5
3.42267	4
3.42633	5
3.43000	5
3.43367	4
3.43733	3
3.44100	3
3.44467	2
3.44833	-0
3.45200	1
3.45567	4
3.45933	11
3.46300	20
3.46667	29
3.47033	29
3.47400	26
3.47767	21
3.48133	17
3.48500	13
3.48867	11
3.49233	9
3.49600	11
3.49967	14
3.50333	17
3.50700	19
3.51067	20
3.51433	22
3.51800	21
3.52167	19
3.52533	22
3.52900	30
3.53267	33
3.53633	27
3.54000	17
3.54367	6
3.54733	-1
3.55100	-4
3.55467	-3
3.55833	-1
3.56200	0
3.56567	0
3.56933	-3
3.57300	-6
3.57667	-6
3.58033	-1
3.58400	4
3.58767	6
3.59133	4
3.59500	1
3.59867	-3
3.60233	-5
3.60600	-6
3.60967	-7
3.61333	-6
3.61700	-4
3.62067	-3
3.62433	-3
3.62800	-5
3.63167	-7
3.63533	-7
3.63900	-8
3.64267	-10
3.64633	-10
3.65000	-9
3.65367	-7
3.65733	-8
3.66100	-13
3.66467	-18
3.66833	-22
3.67200	-23
3.67567	-21
3.67933	-18
3.68300	-14
3.68667	-7
3.69033	0
3.69400	2
3.69767	-0
3.70133	-5
3.70500	-11
3.70867	-17
3.71233	-23
3.71600	-30
3.71967	-32
3.72333	-29
3.72700	-24
3.73067	-20
3.73433	-17
3.73800	-18
3.74167	-17
3.74533	-14
3.74900	-12
3.75267	-10
3.75633	-9
3.76000	-9
3.76367	-12
3.76733	-15
3.77100	-15
3.77467	-15
3.77833	-19
3.78200	-24
3.78567	-29
3.78933	-29
3.79300	-23
3.79667	-14
3.80033	-9
3.80400	-8
3.80767	-13
3.81133	-22
3.81500	-30
3.81867	-33
3.82233	-27
3.82600	-17
3.82967	-7
3.83333	1
3.83700	6
3.84067	6
3.84433	-1
3.84800	-12
3.85167	-20
3.85533	-26
3.85900	-29
3.86267	-31
3.86633	-32
3.87000	-33
3.87367	-35
3.87733	-37
3.88100	-37
3.88467	-38
3.88833	-42
3.89200	-45
3.89567	-44
3.89933	-40
3.90300	-34
3.90667	-24
3.91033	-11
3.91400	-2
3.91767	-1
3.92133	-3
3.92500	-7
3.92867	-11
3.93233	-13
3.93600	-14
3.93967	-18
3.94333	-24
3.94700	-29
3.95067	-31
3.95433	-33
3.95800	-34
3.96167	-34
3.96533	-33
3.96900	-29
3.97267	-27
3.97633	-28
3.98000	-30
3.98367	-31
3.98733	-31
3.99100	-26
3.99467	-21
3.99833	-18

[Chromatogram (Ch2)]
Interval(msec)	220
# of Points	1091
Start Time(min)	0.002
End Time(min)	3.998
R.Time (min)	Intensity
0.00167	1
0.00533	1
0.00900	1
0.01267	2
0.01633	2
0.02000	3
0.02367	3
0.02733	4
0.03100	4
0.03467	5
0.03833	5
0.04200	5
0.04567	6
0.04933	6
0.05300	6
0.05667	6
0.06033	6
0.06400	6
0.06767	6
0.07133	6
0.07500	6
0.07867	6
0.08233	6
0.08600	6
0.08967	7
0.09333	7
0.09700	7
0.10067	7
0.10433	8
0.10800	8
0.11167	8
0.11533	8
0.11900	8
0.12267	7
0.12633	7
0.13000	7
0.13367	7
0.13733	7
0.14100	7
0.14467	7
0.14833	7
0.15200	7
0.15567	7
0.15933	7
0.16300	7
0.16667	7
0.17033	6
0.17400	6
0.17767	6
0.18133	6
0.18500	6
0.18867	6
0.19233	6
0.19600	6
0.19967	6
0.20333	6
0.20700	6
0.21067	6
0.21433	6
0.21800	5
0.22167	5
0.22533	5
0.22900	5
0.23267	4
0.23633	4
0.24000	4
0.24367	4
0.24733	4
0.25100	4
0.25467	4
0.25833	4
0.26200	4
0.26567	4
0.26933	4
0.27300	4
0.27667	4
0.28033	4
0.28400	4
0.28767	3
0.29133	3
0.29500	3
0.29867	3
0.30233	3
0.30600	3
0.30967	3
0.31333	2
0.31700	2
0.32067	2
0.32433	1
0.32800	1
0.33167	1
0.33533	0
0.33900	-0
0.34267	-1
0.34633	-1
0.35000	-1
0.35367	-1
0.35733	-1
0.36100	-1
0.36467	-0
0.36833	-0
0.37200	0
0.37567	1
0.37933	1
0.38300	1
0.38667	1
0.39033	2
0.39400	2
0.39767	2
0.40133	2
0.40500	2
0.40867	2
0.41233	2
0.41600	2
0.41967	2
0.42333	2
0.42700	2
0.43067	2
0.43433	2
0.43800	2
0.44167	2
0.44533	2
0.44900	2
0.45267	2
0.45633	2
0.46000	2
0.46367	2
0.46733	2
0.47100	2
0.47467	2
0.47833	2
0.48200	2
0.48567	2
0.48933	2
0.49300	2
0.49667	3
0.50033	3
0.50400	3
0.50767	3
0.51133	3
0.51500	4
0.51867	4
0.52233	4
0.52600	4
0.52967	4
0.53333	5
0.53700	5
0.54067	5
0.54433	5
0.54800	5
0.55167	5
0.55533	5
0.55900	5
0.56267	5
0.56633	5
0.57000	5
0.57367	4
0.57733	4
0.58100	4
0.58467	3
0.58833	3
0.59200	2
0.59567	1
0.59933	0
0.60300	-0
0.60667	-1
0.61033	-1
0.61400	-1
0.61767	-1
0.62133	-1
0.62500	-1
0.62867	-1
0.63233	-1
0.63600	-1
0.63967	-1
0.64333	-1
0.64700	-1
0.65067	-1
0.65433	-1
0.65800	-1
0.66167	-1
0.66533	-0
0.66900	0
0.67267	1
0.67633	1
0.68000	2
0.68367	2
0.68733	3
0.69100	3
0.69467	3
0.69833	4
0.70200	4
0.70567	5
0.70933	5
0.71300	5
0.71667	6
0.72033	6
0.72400	6
0.72767	6
0.73133	6
0.73500	5
0.73867	5
0.74233	5
0.74600	5
0.74967	4
0.75333	4
0.75700	4
0.76067	4
0.76433	4
0.76800	4
0.77167	4
0.77533	4
0.77900	4
0.78267	5
0.78633	5
0.79000	5
0.79367	5
0.79733	5
0.80100	5
0.80467	5
0.80833	5
0.81200	4
0.81567	4
0.81933	4
0.82300	4
0.82667	3
0.83033	3
0.83400	3
0.83767	2
0.84133	2
0.84500	2
0.84867	2
0.85233	2
0.85600	2
0.85967	1
0.86333	1
0.86700	1
0.87067	1
0.87433	0
0.87800	0
0.88167	1
0.88533	1
0.88900	1
0.89267	1
0.89633	2
0.90000	2
0.90367	2
0.90733	2
0.91100	1
0.91467	1
0.91833	1
0.92200	1
0.92567	1
0.92933	2
0.93300	2
0.93667	2
0.94033	2
0.94400	2
0.94767	2
0.95133	2
0.95500	2
0.95867	2
0.96233	2
0.96600	2
0.96967	2
0.97333	2
0.97700	2
0.98067	2
0.98433	2
0.98800	2
0.99167	2
0.99533	2
0.99900	2
1.00267	3
1.00633	3
1.01000	3
1.01367	3
1.01733	3
1.02100	3
1.02467	3
1.02833	2
1.03200	2
1.03567	2
1.03933	2
1.04300	1
1.04667	1
1.05033	1
1.05400	1
1.05767	0
1.06133	-0
1.06500	-0
1.06867	-1
1.07233	-1
1.07600	-1
1.07967	-1
1.08333	-0
1.08700	-0
1.09067	-0
1.09433	0
1.09800	0
1.10167	1
1.10533	1
1.10900	1
1.11267	1
1.11633	1
1.12000	1
1.12367	1
1.12733	1
1.13100	1
1.13467	1
1.13833	1
1.14200	1
1.14567	1
1.14933	1
1.15300	1
1.15667	1
1.16033	1
1.16400	1
1.16767	1
1.17133	1
1.17500	1
1.17867	1
1.18233	1
1.18600	1
1.18967	1
1.19333	1
1.19700	2
1.20067	2
1.20433	2
1.20800	2
1.21167	1
1.21533	1
1.21900	1
1.22267	1
1.22633	1
1.23000	1
1.23367	2
1.23733	2
1.24100	2
1.24467	2
1.24833	2
1.25200	2
1.25567	2
1.25933	2
1.26300	1
1.26667	1
1.27033	1
1.27400	1
1.27767	1
1.28133	1
1.28500	0
1.28867	0
1.29233	0
1.29600	0
1.29967	0
1.30333	0
1.30700	0
1.31067	1
1.31433	1
1.31800	1
1.32167	1
1.32533	1
1.32900	0
1.33267	0
1.33633	-0
1.34000	-0
1.34367	-0
1.34733	-1
1.35100	-1
1.35467	-1
1.35833	-0
1.36200	-0
1.36567	0
1.36933	0
1.37300	0
1.37667	0
1.38033	0
1.38400	1
1.38767	1
1.39133	1
1.39500	1
1.39867	1
1.40233	1
1.40600	1
1.40967	2
1.41333	2
1.41700	2
1.42067	2
1.42433	2
1.42800	2
1.43167	2
1.43533	2
1.43900	1
1.44267	1
1.44633	1
1.45000	1
1.45367	1
1.45733	1
1.46100	1
1.46467	2
1.46833	2
1.47200	2
1.47567	2
1.47933	2
1.48300	3
1.48667	3
1.49033	2
1.49400	2
1.49767	2
1.50133	1
1.50500	1
1.50867	1
1.51233	1
1.51600	0
1.51967	-0
1.52333	-1
1.52700	-1
1.53067	-1
1.53433	-1
1.53800	-2
1.54167	-2
1.54533	-2
1.54900	-3
1.55267	-3
1.55633	-3
1.56000	-4
1.56367	-4
1.56733	-4
1.57100	-4
1.57467	-3
1.57833	-3
1.58200	-3
1.58567	-3
1.58933	-3
1.59300	-3
1.59667	-4
1.60033	-4
1.60400	-5
1.60767	-6
1.61133	-7
1.61500	-9
1.61867	-11
1.62233	-13
1.62600	-15
1.62967	-18
1.63333	-22
1.63700	-25
1.64067	-28
1.64433	-31
1.64800	-35
1.65167	-38
1.65533	-42
1.65900	-45
1.66267	-49
1.66633	-53
1.67000	-57
1.67367	-62
1.67733	-67
1.68100	-72
1.68467	-77
1.68833	-82
1.69200	-87
1.69567	-90
1.69933	-94
1.70300	-97
1.70667	-100
1.71033	-102
1.71400	-103
1.71767	-105
1.72133	-106
1.72500	-107
1.72867	-107
1.73233	-109
1.73600	-110
1.73967	-111
1.74333	-112
1.74700	-112
1.75067	-112
1.75433	-113
1.75800	-112
1.76167	-112
1.76533	-112
1.76900	-111
1.77267	-110
1.77633	-110
1.78000	-109
1.78367	-109
1.78733	-109
1.79100	-110
1.79467	-110
1.79833	-111
1.80200	-112
1.80567	-114
1.80933	-115
1.81300	-115
1.81667	-116
1.82033	-116
1.82400	-117
1.82767	-117
1.83133	-118
1.83500	-118
1.83867	-118
1.84233	-118
1.84600	-118
1.84967	-118
1.85333	-118
1.85700	-118
1.86067	-118
1.86433	-118
1.86800	-118
1.87167	-118
1.87533	-117
1.87900	-117
1.88267	-117
1.88633	-117
1.89000	-117
1.89367	-117
1.89733	-117
1.90100	-118
1.90467	-118
1.90833	-118
1.91200	-117
1.91567	-117
1.91933	-117
1.92300	-117
1.92667	-116
1.93033	-116
1.93400	-115
1.93767	-115
1.94133	-115
1.94500	-115
1.94867	-115
1.95233	-115
1.95600	-115
1.95967	-115
1.96333	-115
1.96700	-115
1.97067	-114
1.97433	-114
1.97800	-113
1.98167	-113
1.98533	-113
1.98900	-113
1.99267	-113
1.99633	-113
2.00000	-113
2.00367	-113
2.00733	-113
2.01100	-112
2.01467	-112
2.01833	-111
2.02200	-110
2.02567	-109
2.02933	-109
2.03300	-108
2.03667	-108
2.04033	-108
2.04400	-108
2.04767	-108
2.05133	-108
2.05500	-107
2.05867	-106
2.06233	-106
2.06600	-106
2.06967	-105
2.07333	-105
2.07700	-105
2.08067	-105
2.08433	-104
2.08800	-103
2.09167	-102
2.09533	-102
2.09900	-101
2.10267	-101
2.10633	-101
2.11000	-100
2.11367	-100
2.11733	-100
2.12100	-100
2.12467	-100
2.12833	-99
2.13200	-99
2.13567	-99
2.13933	-99
2.14300	-98
2.14667	-98
2.15033	-97
2.15400	-97
2.15767	-97
2.16133	-98
2.16500	-98
2.16867	-98
2.17233	-97
2.17600	-97
2.17967	-97
2.18333	-96
2.18700	-96
2.19067	-96
2.19433	-95
2.19800	-95
2.20167	-94
2.20533	-93
2.20900	-92
2.21267	-92
2.21633	-91
2.22000	-90
2.22367	-90
2.22733	-90
2.23100	-90
2.23467	-90
2.23833	-89
2.24200	-89
2.24567	-88
2.24933	-88
2.25300	-89
2.25667	-89
2.26033	-89
2.26400	-90
2.26767	-90
2.27133	-90
2.27500	-89
2.27867	-89
2.28233	-88
2.28600	-88
2.28967	-88
2.29333	-87
2.29700	-87
2.30067	-87
2.30433	-87
2.30800	-87
2.31167	-87
2.31533	-87
2.31900	-87
2.32267	-86
2.32633	-86
2.33000	-86
2.33367	-85
2.33733	-84
2.34100	-83
2.34467	-82
2.34833	-81
2.35200	-80
2.35567	-80
2.35933	-79
2.36300	-79
2.36667	-78
2.37033	-77
2.37400	-76
2.37767	-75
2.38133	-73
2.38500	-71
2.38867	-68
2.39233	-64
2.39600	-60
2.39967	-56
2.40333	-51
2.40700	-46
2.41067	-41
2.41433	-37
2.41800	-32
2.42167	-29
2.42533	-26
2.42900	-23
2.43267	-21
2.43633	-19
2.44000	-17
2.44367	-14
2.44733	-12
2.45100	-10
2.45467	-8
2.45833	-6
2.46200	-4
2.46567	-2
2.46933	-1
2.47300	0
2.47667	1
2.48033	2
2.48400	4
2.48767	5
2.49133	5
2.49500	6
2.49867	6
2.50233	6
2.50600	7
2.50967	7
2.51333	8
2.51700	9
2.52067	9
2.52433	10
2.52800	11
2.53167	12
2.53533	13
2.53900	14
2.54267	15
2.54633	16
2.55000	16
2.55367	17
2.55733	18
2.56100	18
2.56467	18
2.56833	19
2.57200	19
2.57567	18
2.57933	18
2.58300	18
2.58667	17
2.59033	17
2.59400	17
2.59767	17
2.60133	18
2.60500	18
2.60867	18
2.61233	18
2.61600	18
2.61967	18
2.62333	18
2.62700	19
2.63067	19
2.63433	19
2.63800	19
2.64167	19
2.64533	20
2.64900	20
2.65267	20
2.65633	21
2.66000	21
2.66367	21
2.66733	21
2.67100	21
2.67467	22
2.67833	22
2.68200	22
2.68567	22
2.68933	23
2.69300	23
2.69667	23
2.70033	24
2.70400	24
2.70767	24
2.71133	24
2.71500	24
2.71867	24
2.72233	24
2.72600	24
2.72967	23
2.73333	23
2.73700	23
2.74067	23
2.74433	24
2.74800	24
2.75167	24
2.75533	24
2.75900	24
2.76267	24
2.76633	24
2.77000	24
2.77367	24
2.77733	24
2.78100	25
2.78467	25
2.78833	25
2.79200	25
2.79567	25
2.79933	25
2.80300	25
2.80667	25
2.81033	25
2.81400	25
2.81767	25
2.82133	25
2.82500	25
2.82867	25
2.83233	25
2.83600	25
2.83967	25
2.84333	25
2.84700	25
2.85067	25
2.85433	24
2.85800	21
2.86167	17
2.86533	11
2.86900	1
2.87267	-12
2.87633	-29
2.88000	-50
2.88367	-75
2.88733	-104
2.89100	-136
2.89467	-172
2.89833	-211
2.90200	-252
2.90567	-296
2.90933	-341
2.91300	-387
2.91667	-434
2.92033	-482
2.92400	-530
2.92767	-577
2.93133	-625
2.93500	-675
2.93867	-730
2.94233	-788
2.94600	-845
2.94967	-890
2.95333	-915
2.95700	-917
2.96067	-896
2.96433	-857
2.96800	-803
2.97167	-741
2.97533	-674
2.97900	-605
2.98267	-539
2.98633	-475
2.99000	-416
2.99367	-362
2.99733	-313
3.00100	-269
3.00467	-230
3.00833	-196
3.01200	-167
3.01567	-141
3.01933	-119
3.02300	-100
3.02667	-83
3.03033	-69
3.03400	-56
3.03767	-46
3.04133	-37
3.04500	-29
3.04867	-23
3.05233	-17
3.05600	-13
3.05967	-9
3.06333	-5
3.06700	-3
3.07067	0
3.07433	2
3.07800	4
3.08167	6
3.08533	8
3.08900	9
3.09267	10
3.09633	12
3.10000	13
3.10367	13
3.10733	14
3.11100	15
3.11467	15
3.11833	15
3.12200	16
3.12567	16
3.12933	16
3.13300	17
3.13667	17
3.14033	17
3.14400	18
3.14767	18
3.15133	19
3.15500	19
3.15867	19
3.16233	19
3.16600	19
3.16967	20
3.17333	20
3.17700	20
3.18067	20
3.18433	20
3.18800	20
3.19167	20
3.19533	21
3.19900	21
3.20267	21
3.20633	21
3.21000	21
3.21367	22
3.21733	22
3.22100	22
3.22467	23
3.22833	23
3.23200	23
3.23567	23
3.23933	23
3.24300	24
3.24667	24
3.25033	24
3.25400	24
3.25767	24
3.26133	25
3.26500	25
3.26867	25
3.27233	25
3.27600	25
3.27967	25
3.28333	25
3.28700	26
3.29067	26
3.29433	26
3.29800	26
3.30167	26
3.30533	27
3.30900	27
3.31267	27
3.31633	27
3.32000	27
3.32367	27
3.32733	26
3.33100	26
3.33467	26
3.33833	26
3.34200	26
3.34567	26
3.34933	26
3.35300	26
3.35667	26
3.36033	27
3.36400	27
3.36767	27
3.37133	27
3.37500	27
3.37867	27
3.38233	27
3.38600	27
3.38967	27
3.39333	27
3.39700	27
3.40067	27
3.40433	27
3.40800	27
3.41167	27
3.41533	27
3.41900	27
3.42267	27
3.42633	27
3.43000	27
3.43367	27
3.43733	27
3.44100	27
3.44467	27
3.44833	26
3.45200	26
3.45567	26
3.45933	26
3.46300	26
3.46667	26
3.47033	27
3.47400	27
3.47767	27
3.48133	27
3.48500	27
3.48867	27
3.49233	27
3.49600	27
3.49967	27
3.50333	27
3.50700	26
3.51067	26
3.51433	26
3.51800	26
3.52167	26
3.52533	26
3.52900	26
3.53267	26
3.53633	26
3.54000	27
3.54367	27
3.54733	27
3.55100	27
3.55467	27
3.55833	27
3.56200	27
3.56567	27
3.56933	27
3.57300	27
3.57667	27
3.58033	27
3.58400	28
3.58767	28
3.59133	27
3.59500	27
3.59867	27
3.60233	27
3.60600	27
3.60967	27
3.61333	27
3.61700	27
3.62067	27
3.62433	27
3.62800	27
3.63167	27
3.63533	27
3.63900	27
3.64267	27
3.64633	27
3.65000	27
3.65367	27
3.65733	27
3.66100	27
3.66467	27
3.66833	27
3.67200	27
3.67567	27
3.67933	27
3.68300	27
3.68667	27
3.69033	27
3.69400	27
3.69767	27
3.70133	27
3.70500	27
3.70867	27
3.71233	28
3.71600	28
3.71967	28
3.72333	28
3.72700	28
3.73067	28
3.73433	28
3.73800	28
3.74167	28
3.74533	27
3.74900	27
3.75267	27
3.75633	27
3.76000	26
3.76367	26
3.76733	26
3.77100	26
3.77467	26
3.77833	26
3.78200	27
3.78567	27
3.78933	27
3.79300	27
3.79667	28
3.80033	28
3.80400	28
3.80767	28
3.81133	28
3.81500	28
3.81867	28
3.82233	28
3.82600	28
3.82967	28
3.83333	28
3.83700	27
3.84067	27
3.84433	27
3.84800	27
3.85167	27
3.85533	27
3.85900	27
3.86267	27
3.86633	27
3.87000	26
3.87367	26
3.87733	26
3.88100	26
3.88467	26
3.88833	26
3.89200	26
3.89567	26
3.89933	27
3.90300	27
3.90667	27
3.91033	26
3.91400	26
3.91767	26
3.92133	26
3.92500	26
3.92867	26
3.93233	26
3.93600	27
3.93967	27
3.94333	27
3.94700	27
3.95067	27
3.95433	27
3.95800	27
3.96167	27
3.96533	27
3.96900	27
3.97267	27
3.97633	27
3.98000	27
3.98367	27
3.98733	28
3.99100	28
3.99467	28
3.99833	28

[Chromatogram (Ch3)]
Interval(msec)	220
# of Points	1091
Start Time(min)	0.002
End Time(min)	3.998
R.Time (min)	Intensity
0.00167	-0
0.00533	-2
0.00900	-5
0.01267	-7
0.01633	-7
0.02000	-7
0.02367	-5
0.02733	-3
0.03100	-5
0.03467	-6
0.03833	-6
0.04200	-3
0.04567	-2
0.04933	-2
0.05300	-1
0.05667	2
0.06033	6
0.06400	7
0.06767	7
0.07133	5
0.07500	1
0.07867	-1
0.08233	-2
0.08600	-3
0.08967	-2
0.09333	-2
0.09700	-4
0.10067	-4
0.10433	-4
0.10800	-1
0.11167	-2
0.11533	-2
0.11900	-2
0.12267	0
0.12633	3
0.13000	5
0.13367	5
0.13733	4
0.14100	2
0.14467	3
0.14833	2
0.15200	2
0.15567	2
0.15933	2
0.16300	-0
0.16667	-1
0.17033	0
0.17400	-1
0.17767	1
0.18133	3
0.18500	6
0.18867	9
0.19233	10
0.19600	10
0.19967	11
0.20333	9
0.20700	7
0.21067	4
0.21433	3
0.21800	3
0.22167	6
0.22533	10
0.22900	12
0.23267	11
0.23633	10
0.24000	10
0.24367	11
0.24733	9
0.25100	7
0.25467	6
0.25833	5
0.26200	4
0.26567	5
0.26933	7
0.27300	7
0.27667	8
0.28033	7
0.28400	8
0.28767	8
0.29133	8
0.29500	9
0.29867	10
0.30233	11
0.30600	11
0.30967	12
0.31333	11
0.31700	9
0.32067	6
0.32433	5
0.32800	8
0.33167	10
0.33533	11
0.33900	12
0.34267	12
0.34633	9
0.35000	7
0.35367	8
0.35733	10
0.36100	12
0.36467	14
0.36833	13
0.37200	14
0.37567	16
0.37933	17
0.38300	17
0.38667	17
0.39033	16
0.39400	16
0.39767	14
0.40133	14
0.40500	14
0.40867	13
0.41233	13
0.41600	16
0.41967	18
0.42333	19
0.42700	18
0.43067	13
0.43433	12
0.43800	14
0.44167	16
0.44533	19
0.44900	19
0.45267	18
0.45633	18
0.46000	17
0.46367	15
0.46733	14
0.47100	15
0.47467	17
0.47833	19
0.48200	20
0.48567	20
0.48933	18
0.49300	18
0.49667	20
0.50033	23
0.50400	22
0.50767	22
0.51133	20
0.51500	19
0.51867	20
0.52233	20
0.52600	20
0.52967	20
0.53333	22
0.53700	27
0.54067	31
0.54433	32
0.54800	31
0.55167	31
0.55533	30
0.55900	29
0.56267	27
0.56633	25
0.57000	26
0.57367	25
0.57733	25
0.58100	26
0.58467	27
0.58833	29
0.59200	30
0.59567	30
0.59933	28
0.60300	27
0.60667	27
0.61033	27
0.61400	27
0.61767	27
0.62133	27
0.62500	28
0.62867	28
0.63233	31
0.63600	32
0.63967	34
0.64333	35
0.64700	35
0.65067	34
0.65433	33
0.65800	34
0.66167	34
0.66533	32
0.66900	32
0.67267	34
0.67633	35
0.68000	36
0.68367	36
0.68733	39
0.69100	41
0.69467	41
0.69833	42
0.70200	39
0.70567	37
0.70933	34
0.71300	35
0.71667	37
0.72033	37
0.72400	36
0.72767	36
0.73133	38
0.73500	39
0.73867	40
0.74233	40
0.74600	39
0.74967	40
0.75333	40
0.75700	40
0.76067	39
0.76433	38
0.76800	37
0.77167	36
0.77533	37
0.77900	39
0.78267	40
0.78633	42
0.79000	43
0.79367	44
0.79733	44
0.80100	42
0.80467	40
0.80833	39
0.81200	40
0.81567	41
0.81933	41
0.82300	42
0.82667	43
0.83033	44
0.83400	45
0.83767	49
0.84133	51
0.84500	50
0.84867	47
0.85233	45
0.85600	46
0.85967	45
0.86333	46
0.86700	47
0.87067	47
0.87433	46
0.87800	46
0.88167	47
0.88533	50
0.88900	53
0.89267	54
0.89633	53
0.90000	52
0.90367	54
0.90733	56
0.91100	55
0.91467	54
0.91833	52
0.92200	51
0.92567	51
0.92933	51
0.93300	51
0.93667	52
0.94033	51
0.94400	50
0.94767	52
0.95133	55
0.95500	57
0.95867	56
0.96233	58
0.96600	60
0.96967	60
0.97333	61
0.97700	61
0.98067	57
0.98433	54
0.98800	52
0.99167	54
0.99533	55
0.99900	55
1.00267	55
1.00633	55
1.01000	57
1.01367	60
1.01733	60
1.02100	59
1.02467	59
1.02833	60
1.03200	60
1.03567	62
1.03933	64
1.04300	63
1.04667	62
1.05033	61
1.05400	63
1.05767	66
1.06133	64
1.06500	64
1.06867	65
1.07233	66
1.07600	66
1.07967	64
1.08333	62
1.08700	60
1.09067	60
1.09433	60
1.09800	58
1.10167	58
1.10533	58
1.10900	59
1.11267	61
1.11633	61
1.12000	62
1.12367	63
1.12733	66
1.13100	67
1.13467	67
1.13833	66
1.14200	67
1.14567	68
1.14933	66
1.15300	64
1.15667	63
1.16033	61
1.16400	61
1.16767	63
1.17133	63
1.17500	66
1.17867	68
1.18233	70
1.18600	71
1.18967	71
1.19333	72
1.19700	71
1.20067	69
1.20433	67
1.20800	66
1.21167	65
1.21533	64
1.21900	63
1.22267	63
1.22633	65
1.23000	63
1.23367	64
1.23733	66
1.24100	67
1.24467	67
1.24833	68
1.25200	68
1.25567	67
1.25933	67
1.26300	67
1.26667	65
1.27033	63
1.27400	59
1.27767	56
1.28133	59
1.28500	65
1.28867	68
1.29233	68
1.29600	70
1.29967	71
1.30333	72
1.30700	72
1.31067	70
1.31433	68
1.31800	66
1.32167	67
1.32533	67
1.32900	68
1.33267	69
1.33633	70
1.34000	69
1.34367	70
1.34733	71
1.35100	72
1.35467	72
1.35833	69
1.36200	68
1.36567	66
1.36933	64
1.37300	64
1.37667	65
1.38033	67
1.38400	69
1.38767	69
1.39133	68
1.39500	65
1.39867	64
1.40233	65
1.40600	66
1.40967	70
1.41333	71
1.41700	69
1.42067	69
1.42433	71
1.42800	71
1.43167	70
1.43533	69
1.43900	68
1.44267	68
1.44633	70
1.45000	70
1.45367	70
1.45733	70
1.46100	69
1.46467	68
1.46833	67
1.47200	67
1.47567	71
1.47933	74
1.48300	76
1.48667	76
1.49033	74
1.49400	72
1.49767	73
1.50133	73
1.50500	72
1.50867	71
1.51233	70
1.51600	69
1.51967	69
1.52333	70
1.52700	73
1.53067	73
1.53433	72
1.53800	73
1.54167	73
1.54533	72
1.54900	70
1.55267	71
1.55633	74
1.56000	74
1.56367	73
1.56733	71
1.57100	69
1.57467	67
1.57833	66
1.58200	67
1.58567	69
1.58933	70
1.59300	69
1.59667	70
1.60033	69
1.60400	68
1.60767	69
1.61133	70
1.61500	70
1.61867	71
1.62233	71
1.62600	71
1.62967	71
1.63333	73
1.63700	74
1.64067	74
1.64433	75
1.64800	76
1.65167	78
1.65533	78
1.65900	79
1.66267	81
1.66633	83
1.67000	84
1.67367	87
1.67733	88
1.68100	90
1.68467	92
1.68833	93
1.69200	92
1.69567	93
1.69933	94
1.70300	95
1.70667	95
1.71033	94
1.71400	95
1.71767	96
1.72133	96
1.72500	94
1.72867	90
1.73233	90
1.73600	94
1.73967	95
1.74333	94
1.74700	94
1.75067	96
1.75433	97
1.75800	98
1.76167	98
1.76533	99
1.76900	102
1.77267	103
1.77633	103
1.78000	106
1.78367	107
1.78733	109
1.79100	110
1.79467	111
1.79833	113
1.80200	115
1.80567	114
1.80933	113
1.81300	112
1.81667	112
1.82033	113
1.82400	113
1.82767	114
1.83133	116
1.83500	116
1.83867	117
1.84233	116
1.84600	115
1.84967	115
1.85333	117
1.85700	119
1.86067	120
1.86433	119
1.86800	116
1.87167	117
1.87533	117
1.87900	116
1.88267	115
1.88633	115
1.89000	115
1.89367	116
1.89733	117
1.90100	120
1.90467	121
1.90833	123
1.91200	123
1.91567	123
1.91933	123
1.92300	123
1.92667	123
1.93033	121
1.93400	121
1.93767	122
1.94133	123
1.94500	124
1.94867	125
1.95233	127
1.95600	128
1.95967	128
1.96333	128
1.96700	129
1.97067	133
1.97433	136
1.97800	139
1.98167	139
1.98533	139
1.98900	141
1.99267	143
1.99633	143
2.00000	143
2.00367	144
2.00733	145
2.01100	144
2.01467	145
2.01833	147
2.02200	150
2.02567	153
2.02933	153
2.03300	154
2.03667	154
2.04033	155
2.04400	156
2.04767	156
2.05133	157
2.05500	157
2.05867	158
2.06233	160
2.06600	161
2.06967	161
2.07333	161
2.07700	163
2.08067	164
2.08433	164
2.08800	164
2.09167	165
2.09533	166
2.09900	168
2.10267	167
2.10633	167
2.11000	170
2.11367	173
2.11733	174
2.12100	175
2.12467	177
2.12833	179
2.13200	179
2.13567	179
2.13933	181
2.14300	185
2.14667	187
2.15033	187
2.15400	189
2.15767	193
2.16133	196
2.16500	197
2.16867	197
2.17233	197
2.17600	198
2.17967	200
2.18333	200
2.18700	199
2.19067	199
2.19433	197
2.19800	198
2.20167	200
2.20533	201
2.20900	204
2.21267	206
2.21633	205
2.22000	204
2.22367	205
2.22733	206
2.23100	206
2.23467	206
2.23833	206
2.24200	208
2.24567	210
2.24933	214
2.25300	216
2.25667	216
2.26033	216
2.26400	215
2.26767	215
2.27133	214
2.27500	213
2.27867	213
2.28233	212
2.28600	211
2.28967	213
2.29333	217
2.29700	219
2.30067	219
2.30433	219
2.30800	218
2.31167	216
2.31533	218
2.31900	220
2.32267	222
2.32633	223
2.33000	223
2.33367	222
2.33733	222
2.34100	221
2.34467	224
2.34833	228
2.35200	230
2.35567	230
2.35933	230
2.36300	231
2.36667	233
2.37033	232
2.37400	232
2.37767	230
2.38133	227
2.38500	226
2.38867	228
2.39233	228
2.39600	230
2.39967	232
2.40333	232
2.40700	231
2.41067	232
2.41433	234
2.41800	233
2.42167	232
2.42533	232
2.42900	234
2.43267	237
2.43633	240
2.44000	243
2.44367	250
2.44733	270
2.45100	296
2.45467	316
2.45833	320
2.46200	314
2.46567	305
2.46933	297
2.47300	291
2.47667	286
2.48033	283
2.48400	275
2.48767	264
2.49133	254
2.49500	247
2.49867	238
2.50233	233
2.50600	231
2.50967	228
2.51333	225
2.51700	221
2.52067	218
2.52433	217
2.52800	216
2.53167	213
2.53533	209
2.53900	202
2.54267	197
2.54633	192
2.55000	186
2.55367	179
2.55733	174
2.56100	171
2.56467	168
2.56833	165
2.57200	161
2.57567	158
2.57933	156
2.58300	153
2.58667	152
2.59033	152
2.59400	150
2.59767	149
2.60133	147
2.60500	145
2.60867	143
2.61233	134
2.61600	117
2.61967	94
2.62333	65
2.62700	29
2.63067	-8
2.63433	-40
2.63800	-67
2.64167	-89
2.64533	-108
2.64900	-122
2.65267	-130
2.65633	-135
2.66000	-138
2.66367	-135
2.66733	-129
2.67100	-123
2.67467	-117
2.67833	-107
2.68200	-99
2.68567	-90
2.68933	-82
2.69300	-75
2.69667	-68
2.70033	-60
2.70400	-50
2.70767	-42
2.71133	-36
2.71500	-30
2.71867	-21
2.72233	-14
2.72600	-8
2.72967	-2
2.73333	4
2.73700	9
2.74067	14
2.74433	20
2.74800	26
2.75167	31
2.75533	34
2.75900	38
2.76267	42
2.76633	44
2.77000	45
2.77367	46
2.77733	48
2.78100	51
2.78467	51
2.78833	54
2.79200	56
2.79567	60
2.79933	62
2.80300	61
2.80667	58
2.81033	58
2.81400	62
2.81767	65
2.82133	66
2.82500	67
2.82867	69
2.83233	77
2.83600	93
2.83967	128
2.84333	199
2.84700	331
2.85067	546
2.85433	862
2.85800	1277
2.86167	1776
2.86533	2330
2.86900	2886
2.87267	3395
2.87633	3807
2.88000	4091
2.88367	4232
2.88733	4238
2.89100	4130
2.89467	3935
2.89833	3675
2.90200	3382
2.90567	3074
2.90933	2765
2.91300	2467
2.91667	2185
2.92033	1925
2.92400	1692
2.92767	1482
2.93133	1295
2.93500	1130
2.93867	987
2.94233	862
2.94600	751
2.94967	656
2.95333	574
2.95700	504
2.96067	444
2.96433	390
2.96800	345
2.97167	307
2.97533	275
2.97900	248
2.98267	223
2.98633	201
2.99000	183
2.99367	169
2.99733	157
3.00100	143
3.00467	131
3.00833	120
3.01200	113
3.01567	108
3.01933	103
3.02300	98
3.02667	95
3.03033	91
3.03400	88
3.03767	87
3.04133	86
3.04500	83
3.04867	79
3.05233	75
3.05600	72
3.05967	70
3.06333	69
3.06700	70
3.07067	70
3.07433	68
3.07800	68
3.08167	69
3.08533	68
3.08900	66
3.09267	63
3.09633	62
3.10000	63
3.10367	63
3.10733	63
3.11100	64
3.11467	64
3.11833	64
3.12200	63
3.12567	62
3.12933	58
3.13300	55
3.13667	53
3.14033	54
3.14400	56
3.14767	57
3.15133	57
3.15500	58
3.15867	59
3.16233	58
3.16600	55
3.16967	54
3.17333	51
3.17700	51
3.18067	54
3.18433	56
3.18800	56
3.19167	56
3.19533	55
3.19900	54
3.20267	53
3.20633	55
3.21000	56
3.21367	56
3.21733	58
3.22100	58
3.22467	57
3.22833	57
3.23200	58
3.23567	60
3.23933	60
3.24300	58
3.24667	55
3.25033	55
3.25400	56
3.25767	57
3.26133	55
3.26500	54
3.26867	55
3.27233	58
3.27600	60
3.27967	60
3.28333	58
3.28700	58
3.29067	60
3.29433	58
3.29800	56
3.30167	52
3.30533	49
3.30900	48
3.31267	49
3.31633	52
3.32000	53
3.32367	55
3.32733	56
3.33100	58
3.33467	57
3.33833	55
3.34200	53
3.34567	50
3.34933	49
3.35300	49
3.35667	48
3.36033	47
3.36400	45
3.36767	43
3.37133	40
3.37500	36
3.37867	35
3.38233	35
3.38600	37
3.38967	37
3.39333	37
3.39700	36
3.40067	35
3.40433	33
3.40800	35
3.41167	40
3.41533	41
3.41900	39
3.42267	37
3.42633	37
3.43000	36
3.43367	36
3.43733	34
3.44100	33
3.44467	33
3.44833	34
3.45200	36
3.45567	37
3.45933	37
3.46300	37
3.46667	38
3.47033	38
3.47400	39
3.47767	39
3.48133	39
3.48500	39
3.48867	40
3.49233	37
3.49600	35
3.49967	33
3.50333	32
3.50700	33
3.51067	33
3.51433	33
3.51800	33
3.52167	34
3.52533	34
3.52900	35
3.53267	35
3.53633	36
3.54000	38
3.54367	36
3.54733	35
3.55100	36
3.55467	38
3.55833	40
3.56200	42
3.56567	42
3.56933	40
3.57300	39
3.57667	39
3.58033	40
3.58400	40
3.58767	43
3.59133	43
3.59500	42
3.59867	41
3.60233	41
3.60600	45
3.60967	46
3.61333	45
3.61700	43
3.62067	44
3.62433	45
3.62800	46
3.63167	50
3.63533	55
3.63900	56
3.64267	56
3.64633	54
3.65000	51
3.65367	51
3.65733	51
3.66100	53
3.66467	54
3.66833	56
3.67200	57
3.67567	58
3.67933	60
3.68300	61
3.68667	63
3.69033	63
3.69400	63
3.69767	63
3.70133	65
3.70500	66
3.70867	67
3.71233	69
3.71600	71
3.71967	72
3.72333	71
3.72700	72
3.73067	72
3.73433	72
3.73800	72
3.74167	74
3.74533	75
3.74900	75
3.75267	76
3.75633	76
3.76000	77
3.76367	77
3.76733	75
3.77100	73
3.77467	74
3.77833	78
3.78200	81
3.78567	81
3.78933	79
3.79300	78
3.79667	80
3.80033	84
3.80400	87
3.80767	90
3.81133	90
3.81500	90
3.81867	91
3.82233	91
3.82600	89
3.82967	87
3.83333	85
3.83700	85
3.84067	85
3.84433	85
3.84800	87
3.85167	90
3.85533	92
3.85900	93
3.86267	94
3.86633	93
3.87000	91
3.87367	90
3.87733	90
3.88100	91
3.88467	92
3.88833	92
3.89200	94
3.89567	98
3.89933	100
3.90300	99
3.90667	99
3.91033	98
3.91400	99
3.91767	100
3.92133	100
3.92500	98
3.92867	95
3.93233	95
3.93600	98
3.93967	103
3.94333	104
3.94700	103
3.95067	103
3.95433	103
3.95800	104
3.96167	105
3.96533	106
3.96900	106
3.97267	108
3.97633	107
3.98000	107
3.98367	106
3.98733	106
3.99100	106
3.99467	106
3.99833	107

[Status Trace (Column Oven Temperature)]
Interval(msec)	1000
# of Points	239
Start Time(min)	0.015
End Time(min)	3.982
Intensity Units	
Intensity Multiplier	1
R.Time (min)	Intensity
0.01490	35.09
0.03157	35.07
0.04823	35.06
0.06490	35.04
0.08157	35.03
0.09823	35.01
0.11490	35.01
0.13157	34.99
0.14823	34.99
0.16490	34.98
0.18157	34.97
0.19823	34.97
0.21490	34.98
0.23157	34.98
0.24823	34.98
0.26490	34.97
0.28157	34.97
0.29823	34.98
0.31490	34.98
0.33157	35.00
0.34823	35.02
0.36490	35.02
0.38157	35.02
0.39823	35.01
0.41490	35.01
0.43157	35.01
0.44823	35.01
0.46490	35.00
0.48157	35.01
0.49823	35.00
0.51490	34.99
0.53157	34.99
0.54823	34.98
0.56490	34.98
0.58157	34.98
0.59823	35.01
0.61490	35.02
0.63157	35.03
0.64823	35.03
0.66490	35.02
0.68157	35.01
0.69823	34.99
0.71490	34.98
0.73157	34.98
0.74823	34.98
0.76490	34.97
0.78157	34.96
0.79823	34.96
0.81490	34.96
0.83157	34.95
0.84823	34.97
0.86490	34.97
0.88157	34.97
0.89823	34.97
0.91490	34.96
0.93157	34.96
0.94823	34.96
0.96490	34.95
0.98157	34.95
0.99823	34.95
1.01490	34.95
1.03157	34.95
1.04823	34.97
1.06490	34.98
1.08157	34.98
1.09823	34.98
1.11490	34.98
1.13157	34.97
1.14823	34.98
1.16490	34.98
1.18157	34.97
1.19823	34.97
1.21490	34.97
1.23157	34.96
1.24823	34.97
1.26490	34.98
1.28157	34.99
1.29823	34.99
1.31490	34.98
1.33157	35.00
1.34823	35.00
1.36490	35.00
1.38157	34.99
1.39823	34.98
1.41490	34.98
1.43157	34.97
1.44823	34.97
1.46490	34.96
1.48157	34.95
1.49823	34.94
1.51490	34.95
1.53157	34.97
1.54823	34.98
1.56490	34.99
1.58157	35.01
1.59823	35.04
1.61490	35.12
1.63157	35.27
1.64823	35.49
1.66490	35.76
1.68157	36.12
1.69823	36.48
1.71490	36.83
1.73157	37.18
1.74823	37.51
1.76490	37.82
1.78157	38.12
1.79823	38.46
1.81490	38.79
1.83157	39.13
1.84823	39.47
1.86490	39.80
1.88157	40.13
1.89823	40.46
1.91490	40.79
1.93157	41.12
1.94823	41.45
1.96490	41.78
1.98157	42.10
1.99823	42.45
2.01490	42.76
2.03157	43.08
2.04823	43.42
2.06490	43.76
2.08157	44.07
2.09823	44.39
2.11490	44.71
2.13157	45.04
2.14823	45.36
2.16490	45.68
2.18157	46.01
2.19823	46.33
2.21490	46.66
2.23157	46.99
2.24823	47.30
2.26490	47.65
2.28157	47.97
2.29823	48.29
2.31490	48.64
2.33157	48.97
2.34823	49.28
2.36490	49.55
2.38157	49.71
2.39823	49.74
2.41490	49.73
2.43157	49.77
2.44823	49.77
2.46490	49.79
2.48157	49.78
2.49823	49.81
2.51490	49.82
2.53157	49.81
2.54823	49.80
2.56490	49.80
2.58157	49.82
2.59823	49.82
2.61490	49.83
2.63157	49.84
2.64823	49.83
2.66490	49.85
2.68157	49.85
2.69823	49.85
2.71490	49.85
2.73157	49.87
2.74823	49.88
2.76490	49.88
2.78157	49.88
2.79823	49.89
2.81490	49.89
2.83157	49.89
2.84823	49.90
2.86490	49.92
2.88157	49.92
2.89823	49.94
2.91490	49.95
2.93157	49.96
2.94823	49.97
2.96490	49.98
2.98157	49.99
2.99823	50.00
3.01490	50.01
3.03157	50.02
3.04823	50.04
3.06490	50.06
3.08157	50.06
3.09823	50.07
3.11490	50.07
3.13157	50.08
3.14823	50.08
3.16490	50.09
3.18157	50.10
3.19823	50.10
3.21490	50.10
3.23157	50.09
3.24823	50.08
3.26490	50.08
3.28157	50.08
3.29823	50.07
3.31490	50.07
3.33157	50.07
3.34823	50.07
3.36490	50.07
3.38157	50.07
3.39823	50.07
3.41490	50.07
3.43157	50.07
3.44823	50.07
3.46490	50.06
3.48157	50.06
3.49823	50.06
3.51490	50.07
3.53157	50.07
3.54823	50.08
3.56490	50.07
3.58157	50.07
3.59823	50.08
3.61490	50.08
3.63157	50.08
3.64823	50.08
3.66490	50.08
3.68157	50.08
3.69823	50.08
3.71490	50.08
3.73157	50.08
3.74823	50.09
3.76490	50.09
3.78157	50.08
3.79823	50.07
3.81490	50.07
3.83157	50.07
3.84823	50.07
3.86490	50.08
3.88157	50.08
3.89823	50.08
3.91490	50.08
3.93157	50.08
3.94823	50.08
3.96490	50.08
3.98157	50.08

[Status Trace (Injection Unit Temperature)]
Interval(msec)	1000
# of Points	239
Start Time(min)	0.015
End Time(min)	3.982
Intensity Units	
Intensity Multiplier	1
R.Time (min)	Intensity
0.01490	99.98
0.03157	99.98
0.04823	99.98
0.06490	99.98
0.08157	99.98
0.09823	99.98
0.11490	99.98
0.13157	99.99
0.14823	99.98
0.16490	99.99
0.18157	99.98
0.19823	99.99
0.21490	99.99
0.23157	99.99
0.24823	99.98
0.26490	99.98
0.28157	99.99
0.29823	99.98
0.31490	99.99
0.33157	99.99
0.34823	99.98
0.36490	99.98
0.38157	99.99
0.39823	99.99
0.41490	99.99
0.43157	99.98
0.44823	99.98
0.46490	99.99
0.48157	99.98
0.49823	99.99
0.51490	99.98
0.53157	99.98
0.54823	99.98
0.56490	99.99
0.58157	99.98
0.59823	99.99
0.61490	99.99
0.63157	99.99
0.64823	99.99
0.66490	99.98
0.68157	99.98
0.69823	99.98
0.71490	99.99
0.73157	99.98
0.74823	99.99
0.76490	99.99
0.78157	99.98
0.79823	99.99
0.81490	99.98
0.83157	99.99
0.84823	99.98
0.86490	99.98
0.88157	99.98
0.89823	99.98
0.91490	99.99
0.93157	99.98
0.94823	99.98
0.96490	99.98
0.98157	99.98
0.99823	99.98
1.01490	99.99
1.03157	99.98
1.04823	99.98
1.06490	99.98
1.08157	99.98
1.09823	99.98
1.11490	99.99
1.13157	99.98
1.14823	99.98
1.16490	99.98
1.18157	99.98
1.19823	99.98
1.21490	99.98
1.23157	99.98
1.24823	99.99
1.26490	99.98
1.28157	99.98
1.29823	99.98
1.31490	99.98
1.33157	99.98
1.34823	99.98
1.36490	99.98
1.38157	99.98
1.39823	99.98
1.41490	99.99
1.43157	99.98
1.44823	99.98
1.46490	99.98
1.48157	99.99
1.49823	99.98
1.51490	99.98
1.53157	99.98
1.54823	99.98
1.56490	99.99
1.58157	99.99
1.59823	99.99
1.61490	99.98
1.63157	99.98
1.64823	99.98
1.66490	99.99
1.68157	99.98
1.69823	99.99
1.71490	99.98
1.73157	99.98
1.74823	99.99
1.76490	99.99
1.78157	99.99
1.79823	99.98
1.81490	99.99
1.83157	99.99
1.84823	99.98
1.86490	99.99
1.88157	99.98
1.89823	99.98
1.91490	99.98
1.93157	99.98
1.94823	99.98
1.96490	99.98
1.98157	99.98
1.99823	99.98
2.01490	99.98
2.03157	99.98
2.04823	99.98
2.06490	99.98
2.08157	99.97
2.09823	99.98
2.11490	99.98
2.13157	99.97
2.14823	99.98
2.16490	99.98
2.18157	99.97
2.19823	99.97
2.21490	99.97
2.23157	99.97
2.24823	99.97
2.26490	99.97
2.28157	99.97
2.29823	99.96
2.31490	99.97
2.33157	99.97
2.34823	99.97
2.36490	99.97
2.38157	99.97
2.39823	99.97
2.41490	99.97
2.43157	99.97
2.44823	99.97
2.46490	99.97
2.48157	99.97
2.49823	99.97
2.51490	99.97
2.53157	99.97
2.54823	99.97
2.56490	99.97
2.58157	99.97
2.59823	99.97
2.61490	99.97
2.63157	99.97
2.64823	99.97
2.66490	99.97
2.68157	99.98
2.69823	99.98
2.71490	99.98
2.73157	99.98
2.74823	99.99
2.76490	99.98
2.78157	99.99
2.79823	99.99
2.81490	99.99
2.83157	99.99
2.84823	99.99
2.86490	100.00
2.88157	100.00
2.89823	100.00
2.91490	100.00
2.93157	100.00
2.94823	100.00
2.96490	100.00
2.98157	100.01
2.99823	100.01
3.01490	100.01
3.03157	100.02
3.04823	100.01
3.06490	100.02
3.08157	100.02
3.09823	100.02
3.11490	100.02
3.13157	100.02
3.14823	100.03
3.16490	100.03
3.18157	100.03
3.19823	100.03
3.21490	100.03
3.23157	100.03
3.24823	100.03
3.26490	100.03
3.28157	100.03
3.29823	100.04
3.31490	100.04
3.33157	100.04
3.34823	100.04
3.36490	100.04
3.38157	100.04
3.39823	100.04
3.41490	100.04
3.43157	100.04
3.44823	100.05
3.46490	100.04
3.48157	100.04
3.49823	100.05
3.51490	100.05
3.53157	100.05
3.54823	100.05
3.56490	100.05
3.58157	100.05
3.59823	100.05
3.61490	100.05
3.63157	100.05
3.64823	100.04
3.66490	100.05
3.68157	100.05
3.69823	100.05
3.71490	100.05
3.73157	100.05
3.74823	100.05
3.76490	100.06
3.78157	100.05
3.79823	100.05
3.81490	100.05
3.83157	100.05
3.84823	100.05
3.86490	100.05
3.88157	100.05
3.89823	100.05
3.91490	100.05
3.93157	100.05
3.94823	100.05
3.96490	100.05
3.98157	100.05

[Status Trace (Carrier Gas Pressure)]
Interval(msec)	1000
# of Points	239
Start Time(min)	0.015
End Time(min)	3.982
Intensity Units	
Intensity Multiplier	1
R.Time (min)	Intensity
0.01490	57.13
0.03157	55.54
0.04823	58.01
0.06490	59.88
0.08157	58.70
0.09823	57.97
0.11490	58.00
0.13157	58.01
0.14823	58.01
0.16490	58.00
0.18157	58.00
0.19823	58.00
0.21490	58.00
0.23157	58.00
0.24823	58.00
0.26490	58.00
0.28157	58.00
0.29823	58.00
0.31490	58.00
0.33157	58.00
0.34823	58.00
0.36490	58.00
0.38157	58.00
0.39823	58.00
0.41490	58.00
0.43157	58.00
0.44823	58.00
0.46490	58.00
0.48157	58.00
0.49823	58.00
0.51490	58.00
0.53157	58.00
0.54823	58.00
0.56490	58.00
0.58157	58.00
0.59823	58.00
0.61490	58.00
0.63157	58.00
0.64823	58.00
0.66490	58.00
0.68157	58.00
0.69823	58.00
0.71490	58.00
0.73157	58.00
0.74823	58.00
0.76490	58.00
0.78157	58.00
0.79823	58.00
0.81490	58.00
0.83157	58.00
0.84823	58.00
0.86490	58.00
0.88157	58.00
0.89823	58.00
0.91490	58.00
0.93157	58.00
0.94823	58.00
0.96490	58.00
0.98157	58.00
0.99823	58.00
1.01490	58.00
1.03157	58.00
1.04823	58.00
1.06490	58.00
1.08157	58.00
1.09823	58.00
1.11490	58.00
1.13157	58.00
1.14823	58.00
1.16490	58.00
1.18157	58.00
1.19823	58.00
1.21490	58.00
1.23157	58.00
1.24823	58.00
1.26490	58.00
1.28157	58.00
1.29823	58.00
1.31490	58.00
1.33157	58.00
1.34823	58.00
1.36490	58.00
1.38157	58.00
1.39823	58.00
1.41490	58.00
1.43157	58.00
1.44823	58.00
1.46490	58.00
1.48157	58.00
1.49823	58.00
1.51490	58.00
1.53157	58.00
1.54823	58.00
1.56490	58.00
1.58157	58.00
1.59823	58.00
1.61490	58.00
1.63157	58.00
1.64823	58.01
1.66490	58.00
1.68157	58.01
1.69823	58.00
1.71490	58.00
1.73157	58.00
1.74823	58.00
1.76490	58.00
1.78157	58.00
1.79823	58.00
1.81490	58.00
1.83157	58.00
1.84823	58.00
1.86490	58.00
1.88157	58.00
1.89823	58.00
1.91490	58.00
1.93157	58.00
1.94823	58.00
1.96490	58.00
1.98157	58.00
1.99823	58.00
2.01490	58.00
2.03157	58.00
2.04823	58.00
2.06490	58.00
2.08157	58.00
2.09823	58.00
2.11490	58.00
2.13157	58.00
2.14823	58.00
2.16490	58.00
2.18157	58.00
2.19823	58.00
2.21490	58.00
2.23157	58.00
2.24823	58.00
2.26490	58.00
2.28157	58.00
2.29823	58.00
2.31490	58.00
2.33157	58.00
2.34823	58.00
2.36490	58.00
2.38157	58.00
2.39823	57.99
2.41490	58.00
2.43157	58.00
2.44823	58.00
2.46490	58.00
2.48157	58.00
2.49823	58.00
2.51490	57.99
2.53157	57.99
2.54823	58.00
2.56490	58.00
2.58157	58.00
2.59823	58.00
2.61490	58.00
2.63157	58.00
2.64823	58.00
2.66490	58.00
2.68157	58.00
2.69823	58.00
2.71490	58.00
2.73157	58.00
2.74823	58.00
2.76490	58.00
2.78157	58.00
2.79823	58.00
2.81490	58.00
2.83157	58.00
2.84823	58.00
2.86490	58.00
2.88157	58.00
2.89823	58.00
2.91490	58.00
2.93157	58.00
2.94823	58.00
2.96490	58.00
2.98157	58.00
2.99823	58.00
3.01490	58.00
3.03157	58.00
3.04823	58.00
3.06490	58.00
3.08157	58.00
3.09823	58.00
3.11490	58.00
3.13157	58.00
3.14823	58.00
3.16490	58.00
3.18157	58.00
3.19823	58.00
3.21490	58.00
3.23157	58.00
3.24823	58.00
3.26490	58.00
3.28157	58.00
3.29823	58.00
3.31490	58.00
3.33157	58.00
3.34823	58.00
3.36490	58.00
3.38157	58.00
3.39823	58.00
3.41490	58.00
3.43157	58.00
3.44823	58.00
3.46490	58.00
3.48157	58.00
3.49823	58.00
3.51490	58.00
3.53157	58.00
3.54823	58.00
3.56490	58.00
3.58157	58.00
3.59823	58.00
3.61490	58.00
3.63157	58.00
3.64823	58.00
3.66490	58.00
3.68157	58.00
3.69823	58.00
3.71490	58.00
3.73157	58.00
3.74823	58.00
3.76490	58.00
3.78157	58.00
3.79823	58.00
3.81490	58.00
3.83157	58.00
3.84823	58.00
3.86490	58.00
3.88157	58.00
3.89823	58.00
3.91490	58.00
3.93157	58.00
3.94823	58.00
3.96490	58.00
3.98157	58.00

[Status Trace (Carrier Gas Flow)]
Interval(msec)	1000
# of Points	239
Start Time(min)	0.015
End Time(min)	3.982
Intensity Units	
Intensity Multiplier	1
R.Time (min)	Intensity
0.01490	33.87
0.03157	34.54
0.04823	34.55
0.06490	34.52
0.08157	34.50
0.09823	34.52
0.11490	34.52
0.13157	34.52
0.14823	34.52
0.16490	34.52
0.18157	34.52
0.19823	34.52
0.21490	34.52
0.23157	34.52
0.24823	34.52
0.26490	34.52
0.28157	34.52
0.29823	34.52
0.31490	34.52
0.33157	34.52
0.34823	34.52
0.36490	34.52
0.38157	34.52
0.39823	34.53
0.41490	34.53
0.43157	34.51
0.44823	34.51
0.46490	34.51
0.48157	34.51
0.49823	34.52
0.51490	34.51
0.53157	34.52
0.54823	34.53
0.56490	34.51
0.58157	34.52
0.59823	34.52
0.61490	34.52
0.63157	34.52
0.64823	34.52
0.66490	34.52
0.68157	34.52
0.69823	34.52
0.71490	34.52
0.73157	34.52
0.74823	34.52
0.76490	34.52
0.78157	34.52
0.79823	34.52
0.81490	34.52
0.83157	34.52
0.84823	34.52
0.86490	34.52
0.88157	34.52
0.89823	34.52
0.91490	34.52
0.93157	34.52
0.94823	34.52
0.96490	34.52
0.98157	34.52
0.99823	34.52
1.01490	34.52
1.03157	34.52
1.04823	34.52
1.06490	34.52
1.08157	34.52
1.09823	34.52
1.11490	34.52
1.13157	34.52
1.14823	34.52
1.16490	34.52
1.18157	34.52
1.19823	34.52
1.21490	34.52
1.23157	34.52
1.24823	34.52
1.26490	34.52
1.28157	34.52
1.29823	34.52
1.31490	34.52
1.33157	34.52
1.34823	34.52
1.36490	34.52
1.38157	34.52
1.39823	34.52
1.41490	34.52
1.43157	34.52
1.44823	34.52
1.46490	34.52
1.48157	34.52
1.49823	34.52
1.51490	34.52
1.53157	34.52
1.54823	34.52
1.56490	34.52
1.58157	34.52
1.59823	34.52
1.61490	34.52
1.63157	34.52
1.64823	34.52
1.66490	34.52
1.68157	34.52
1.69823	34.52
1.71490	34.52
1.73157	34.52
1.74823	34.52
1.76490	34.52
1.78157	34.52
1.79823	34.52
1.81490	34.52
1.83157	34.52
1.84823	34.52
1.86490	34.52
1.88157	34.52
1.89823	34.52
1.91490	34.52
1.93157	34.52
1.94823	34.52
1.96490	34.52
1.98157	34.52
1.99823	34.52
2.01490	34.52
2.03157	34.52
2.04823	34.52
2.06490	34.52
2.08157	34.52
2.09823	34.52
2.11490	34.52
2.13157	34.52
2.14823	34.52
2.16490	34.52
2.18157	34.52
2.19823	34.52
2.21490	34.52
2.23157	34.52
2.24823	34.52
2.26490	34.52
2.28157	34.52
2.29823	34.52
2.31490	34.52
2.33157	34.52
2.34823	34.52
2.36490	34.52
2.38157	34.52
2.39823	34.52
2.41490	34.52
2.43157	34.52
2.44823	34.52
2.46490	34.52
2.48157	34.52
2.49823	34.52
2.51490	34.52
2.53157	34.52
2.54823	34.52
2.56490	34.52
2.58157	34.52
2.59823	34.52
2.61490	34.52
2.63157	34.52
2.64823	34.52
2.66490	34.52
2.68157	34.52
2.69823	34.52
2.71490	34.52
2.73157	34.52
2.74823	34.52
2.76490	34.52
2.78157	34.52
2.79823	34.52
2.81490	34.52
2.83157	34.52
2.84823	34.52
2.86490	34.52
2.88157	34.52
2.89823	34.52
2.91490	34.52
2.93157	34.52
2.94823	34.52
2.96490	34.52
2.98157	34.52
2.99823	34.52
3.01490	34.51
3.03157	34.51
3.04823	34.51
3.06490	34.52
3.08157	34.52
3.09823	34.52
3.11490	34.50
3.13157	34.52
3.14823	34.52
3.16490	34.53
3.18157	34.52
3.19823	34.52
3.21490	34.52
3.23157	34.52
3.24823	34.51
3.26490	34.52
3.28157	34.52
3.29823	34.52
3.31490	34.52
3.33157	34.52
3.34823	34.52
3.36490	34.52
3.38157	34.52
3.39823	34.52
3.41490	34.52
3.43157	34.54
3.44823	34.52
3.46490	34.53
3.48157	34.52
3.49823	34.52
3.51490	34.51
3.53157	34.53
3.54823	34.52
3.56490	34.52
3.58157	34.52
3.59823	34.52
3.61490	34.52
3.63157	34.52
3.64823	34.52
3.66490	34.52
3.68157	34.52
3.69823	34.52
3.71490	34.52
3.73157	34.52
3.74823	34.52
3.76490	34.52
3.78157	34.52
3.79823	34.52
3.81490	34.52
3.83157	34.52
3.84823	34.52
3.86490	34.52
3.88157	34.52
3.89823	34.52
3.91490	34.52
3.93157	34.52
3.94823	34.52
3.96490	34.52
3.98157	34.52

[Status Trace (Column Flow)]
Interval(msec)	1000
# of Points	239
Start Time(min)	0.015
End Time(min)	3.982
Intensity Units	
Intensity Multiplier	1
R.Time (min)	Intensity
0.01490	5.35
0.03157	5.17
0.04823	5.45
0.06490	5.67
0.08157	5.53
0.09823	5.45
0.11490	5.45
0.13157	5.46
0.14823	5.45
0.16490	5.45
0.18157	5.45
0.19823	5.45
0.21490	5.45
0.23157	5.45
0.24823	5.45
0.26490	5.45
0.28157	5.45
0.29823	5.45
0.31490	5.45
0.33157	5.45
0.34823	5.45
0.36490	5.45
0.38157	5.45
0.39823	5.45
0.41490	5.45
0.43157	5.45
0.44823	5.45
0.46490	5.45
0.48157	5.45
0.49823	5.45
0.51490	5.45
0.53157	5.45
0.54823	5.45
0.56490	5.45
0.58157	5.45
0.59823	5.45
0.61490	5.45
0.63157	5.45
0.64823	5.45
0.66490	5.45
0.68157	5.45
0.69823	5.45
0.71490	5.45
0.73157	5.45
0.74823	5.45
0.76490	5.45
0.78157	5.45
0.79823	5.45
0.81490	5.45
0.83157	5.46
0.84823	5.45
0.86490	5.45
0.88157	5.45
0.89823	5.45
0.91490	5.45
0.93157	5.45
0.94823	5.45
0.96490	5.46
0.98157	5.46
0.99823	5.46
1.01490	5.46
1.03157	5.46
1.04823	5.45
1.06490	5.45
1.08157	5.45
1.09823	5.45
1.11490	5.45
1.13157	5.45
1.14823	5.45
1.16490	5.45
1.18157	5.45
1.19823	5.45
1.21490	5.45
1.23157	5.45
1.24823	5.45
1.26490	5.45
1.28157	5.45
1.29823	5.45
1.31490	5.45
1.33157	5.45
1.34823	5.45
1.36490	5.45
1.38157	5.45
1.39823	5.45
1.41490	5.45
1.43157	5.45
1.44823	5.45
1.46490	5.46
1.48157	5.46
1.49823	5.46
1.51490	5.46
1.53157	5.45
1.54823	5.45
1.56490	5.45
1.58157	5.45
1.59823	5.45
1.61490	5.45
1.63157	5.45
1.64823	5.44
1.66490	5.43
1.68157	5.42
1.69823	5.41
1.71490	5.40
1.73157	5.39
1.74823	5.38
1.76490	5.37
1.78157	5.36
1.79823	5.35
1.81490	5.34
1.83157	5.33
1.84823	5.32
1.86490	5.31
1.88157	5.30
1.89823	5.29
1.91490	5.28
1.93157	5.27
1.94823	5.26
1.96490	5.25
1.98157	5.24
1.99823	5.23
2.01490	5.22
2.03157	5.21
2.04823	5.20
2.06490	5.19
2.08157	5.18
2.09823	5.17
2.11490	5.16
2.13157	5.16
2.14823	5.15
2.16490	5.14
2.18157	5.13
2.19823	5.12
2.21490	5.11
2.23157	5.10
2.24823	5.09
2.26490	5.08
2.28157	5.07
2.29823	5.06
2.31490	5.05
2.33157	5.04
2.34823	5.04
2.36490	5.03
2.38157	5.02
2.39823	5.02
2.41490	5.02
2.43157	5.02
2.44823	5.02
2.46490	5.02
2.48157	5.02
2.49823	5.02
2.51490	5.02
2.53157	5.02
2.54823	5.02
2.56490	5.02
2.58157	5.02
2.59823	5.02
2.61490	5.02
2.63157	5.02
2.64823	5.02
2.66490	5.02
2.68157	5.02
2.69823	5.02
2.71490	5.02
2.73157	5.02
2.74823	5.02
2.76490	5.02
2.78157	5.02
2.79823	5.02
2.81490	5.02
2.83157	5.02
2.84823	5.02
2.86490	5.02
2.88157	5.02
2.89823	5.02
2.91490	5.02
2.93157	5.02
2.94823	5.02
2.96490	5.02
2.98157	5.02
2.99823	5.02
3.01490	5.02
3.03157	5.02
3.04823	5.01
3.06490	5.01
3.08157	5.01
3.09823	5.01
3.11490	5.01
3.13157	5.01
3.14823	5.01
3.16490	5.01
3.18157	5.01
3.19823	5.01
3.21490	5.01
3.23157	5.01
3.24823	5.01
3.26490	5.01
3.28157	5.01
3.29823	5.01
3.31490	5.01
3.33157	5.01
3.34823	5.01
3.36490	5.01
3.38157	5.01
3.39823	5.01
3.41490	5.01
3.43157	5.01
3.44823	5.01
3.46490	5.01
3.48157	5.01
3.49823	5.01
3.51490	5.01
3.53157	5.01
3.54823	5.01
3.56490	5.01
3.58157	5.01
3.59823	5.01
3.61490	5.01
3.63157	5.01
3.64823	5.01
3.66490	5.01
3.68157	5.01
3.69823	5.01
3.71490	5.01
3.73157	5.01
3.74823	5.01
3.76490	5.01
3.78157	5.01
3.79823	5.01
3.81490	5.01
3.83157	5.01
3.84823	5.01
3.86490	5.01
3.88157	5.01
3.89823	5.01
3.91490	5.01
3.93157	5.01
3.94823	5.01
3.96490	5.01
3.98157	5.01

[Status Trace (Linear Velocity)]
Interval(msec)	1000
# of Points	239
Start Time(min)	0.015
End Time(min)	3.982
Intensity Units	
Intensity Multiplier	1
R.Time (min)	Intensity
0.01490	38.42
0.03157	37.38
0.04823	39.00
0.06490	40.22
0.08157	39.45
0.09823	38.98
0.11490	39.00
0.13157	39.01
0.14823	39.01
0.16490	39.01
0.18157	39.01
0.19823	39.01
0.21490	39.00
0.23157	39.00
0.24823	39.00
0.26490	39.00
0.28157	39.00
0.29823	39.00
0.31490	39.00
0.33157	39.00
0.34823	39.00
0.36490	39.00
0.38157	39.00
0.39823	39.00
0.41490	39.00
0.43157	39.00
0.44823	39.00
0.46490	39.00
0.48157	39.00
0.49823	39.00
0.51490	39.00
0.53157	39.00
0.54823	39.00
0.56490	39.00
0.58157	39.00
0.59823	39.00
0.61490	39.00
0.63157	39.00
0.64823	39.00
0.66490	39.00
0.68157	39.00
0.69823	39.00
0.71490	39.00
0.73157	39.00
0.74823	39.00
0.76490	39.00
0.78157	39.00
0.79823	39.00
0.81490	39.00
0.83157	39.01
0.84823	39.00
0.86490	39.00
0.88157	39.00
0.89823	39.00
0.91490	39.00
0.93157	39.00
0.94823	39.00
0.96490	39.01
0.98157	39.01
0.99823	39.01
1.01490	39.01
1.03157	39.01
1.04823	39.00
1.06490	39.00
1.08157	39.00
1.09823	39.00
1.11490	39.00
1.13157	39.00
1.14823	39.00
1.16490	39.00
1.18157	39.00
1.19823	39.00
1.21490	39.00
1.23157	39.00
1.24823	39.00
1.26490	39.00
1.28157	39.00
1.29823	39.00
1.31490	39.00
1.33157	39.00
1.34823	39.00
1.36490	39.00
1.38157	39.00
1.39823	39.00
1.41490	39.00
1.43157	39.00
1.44823	39.00
1.46490	39.00
1.48157	39.01
1.49823	39.01
1.51490	39.01
1.53157	39.00
1.54823	39.00
1.56490	39.00
1.58157	39.00
1.59823	39.00
1.61490	38.99
1.63157	38.98
1.64823	38.96
1.66490	38.93
1.68157	38.90
1.69823	38.86
1.71490	38.82
1.73157	38.80
1.74823	38.76
1.76490	38.73
1.78157	38.71
1.79823	38.68
1.81490	38.64
1.83157	38.61
1.84823	38.58
1.86490	38.54
1.88157	38.52
1.89823	38.49
1.91490	38.45
1.93157	38.42
1.94823	38.39
1.96490	38.36
1.98157	38.33
1.99823	38.30
2.01490	38.27
2.03157	38.24
2.04823	38.21
2.06490	38.18
2.08157	38.15
2.09823	38.12
2.11490	38.09
2.13157	38.06
2.14823	38.03
2.16490	38.00
2.18157	37.98
2.19823	37.95
2.21490	37.91
2.23157	37.89
2.24823	37.86
2.26490	37.83
2.28157	37.80
2.29823	37.77
2.31490	37.74
2.33157	37.71
2.34823	37.68
2.36490	37.66
2.38157	37.64
2.39823	37.63
2.41490	37.64
2.43157	37.64
2.44823	37.64
2.46490	37.63
2.48157	37.64
2.49823	37.63
2.51490	37.63
2.53157	37.63
2.54823	37.63
2.56490	37.64
2.58157	37.63
2.59823	37.63
2.61490	37.63
2.63157	37.63
2.64823	37.63
2.66490	37.63
2.68157	37.63
2.69823	37.63
2.71490	37.63
2.73157	37.63
2.74823	37.63
2.76490	37.63
2.78157	37.63
2.79823	37.63
2.81490	37.63
2.83157	37.63
2.84823	37.63
2.86490	37.62
2.88157	37.62
2.89823	37.62
2.91490	37.62
2.93157	37.62
2.94823	37.62
2.96490	37.62
2.98157	37.62
2.99823	37.62
3.01490	37.62
3.03157	37.61
3.04823	37.61
3.06490	37.61
3.08157	37.61
3.09823	37.61
3.11490	37.61
3.13157	37.61
3.14823	37.61
3.16490	37.61
3.18157	37.61
3.19823	37.61
3.21490	37.61
3.23157	37.61
3.24823	37.61
3.26490	37.61
3.28157	37.61
3.29823	37.61
3.31490	37.61
3.33157	37.61
3.34823	37.61
3.36490	37.61
3.38157	37.61
3.39823	37.61
3.41490	37.61
3.43157	37.61
3.44823	37.61
3.46490	37.61
3.48157	37.61
3.49823	37.61
3.51490	37.61
3.53157	37.61
3.54823	37.61
3.56490	37.61
3.58157	37.61
3.59823	37.61
3.61490	37.61
3.63157	37.61
3.64823	37.61
3.66490	37.61
3.68157	37.61
3.69823	37.61
3.71490	37.61
3.73157	37.61
3.74823	37.61
3.76490	37.61
3.78157	37.61
3.79823	37.61
3.81490	37.61
3.83157	37.61
3.84823	37.61
3.86490	37.61
3.88157	37.61
3.89823	37.61
3.91490	37.61
3.93157	37.61
3.94823	37.61
3.96490	37.61
3.98157	37.61

